"","pos","TotalReads","TotalReads_indels","MajNt","ref","transition.maj","transition.ref","freq.Ts","freq.Ts.ref","freq.transv","freq.transv.ref","freq.transv1","freq.transv2","freq.transv1.ref","freq.transv2.ref","freq.mutations","freq.mutations.ref","freq.mutations.indels","freq.mutations.indels.ref","Type","Type.tv1","Type.tv2","TSmutrate","TVSmutrate.tv1","TVSmutrate.tv2","TVSmutrate.tvs","EstSelCoeff","EstSelCoeff_transv","EstSelCoeff_trans1","EstSelCoeff_trans2","MajAA","WTAA","MUTAA","TVS1_AA","TVS2_AA","bigAAChange","bigAAChange.tv1","bigAAChange.tv2","makesCpG","makesCpG.tvs","makesCpG.tv1","makesCpG.tv2"
"1",264,13792,13793,"g","t","a","c",0.000217517401392111,0.00145011600928074,0.00159512761020882,0.998404872389791,0.00145011600928074,0.000145011600928074,0.000217517401392111,0.998187354988399,0.00181264501160093,0.999854988399072,0.00181251359385195,0.999782498368738,"syn","nonsyn","nonsyn",1.7e-05,1.07e-06,1.21e-06,1.21e-06,"0.0117232","1.21193318809005e-06","0.00491914666666667","1.21219728335876e-06","V","L","L","M","V",0,0,0,0,0,0,0
"2",265,14405,14405,"t","t","c","c",0.000277681360638667,0.000277681360638667,0.00610898993405068,0.00610898993405068,0.00215203054494967,0.00395695938910101,0.00215203054494967,0.00395695938910101,0.00638667129468934,0.00638667129468934,0.00638667129468934,0.00638667129468934,"nonsyn","stop","nonsyn",1.7e-05,1.07e-06,1.21e-06,1.21e-06,"0.06122125","0.00019806875","0.000497204838709677","0.000305790350877193","V","L","S","*","W",1,1,0,1,0,0,0
"3",266,16999,16999,"g","g","a","a",0.000352961938937585,0.000352961938937585,5.88269898229308e-05,5.88269898229308e-05,0,5.88269898229308e-05,0,5.88269898229308e-05,0.000411788928760515,0.000411788928760515,0.000411788928760515,0.000411788928760515,"syn","nonsyn","nonsyn",4.2e-06,5.36e-07,1.17e-06,1.17e-06,"0.0118993","0.01988883","1","0.01988883","V","L","L","F","F",0,0,0,0,1,1,0
"4",267,17558,17558,"g","g","a","a",0.000455632759995444,0.000455632759995444,5.69540949994305e-05,5.69540949994305e-05,5.69540949994305e-05,0,5.69540949994305e-05,0,0.000512586854994874,0.000512586854994874,0.000512586854994874,0.000512586854994874,"nonsyn","nonsyn","nonsyn",4.2e-06,5.36e-07,1.17e-06,1.17e-06,"0.00921794999999999","0.02054286","0.00941108799999999","1","G","G","S","R","C",1,1,0,0,1,1,0
"5",268,18000,18000,"g","g","a","a",0.000444444444444444,0.000444444444444444,0,0,0,0,0,0,0.000444444444444444,0.000444444444444444,0.000444444444444444,0.000444444444444444,"nonsyn","nonsyn","nonsyn",4.2e-06,5.36e-07,1.17e-06,1.17e-06,"0.00945000000000001","1","1","1","G","G","D","A","V",1,1,1,0,0,0,0
"6",269,18241,18241,"t","t","c","c",0.00153500356340113,0.00153500356340113,5.48215558357546e-05,5.48215558357546e-05,0,5.48215558357546e-05,0,5.48215558357546e-05,0.00158982511923688,0.00158982511923688,0.00158982511923688,0.00158982511923688,"syn","syn","syn",1.7e-05,1.07e-06,1.21e-06,1.21e-06,"0.0110748928571429","0.02207161","1","0.02207161","G","G","G","G","G",0,0,0,0,0,0,0
"7",270,18748,18748,"c","c","t","t",0.000800085342436527,0.000800085342436527,0.000480051205461916,0.000480051205461916,0.000480051205461916,0,0.000480051205461916,0,0.00128013654789844,0.00128013654789844,0.00128013654789844,0.00128013654789844,"nonsyn","nonsyn","nonsyn",4.58e-06,8.37e-07,4.33e-07,4.33e-07,"0.00572438933333333","0.000901987111111111","0.001743564","1","R","R","C","S","G",1,1,1,0,0,0,0
"8",271,19030,19031,"g","g","a","a",0.00189174986862848,0.00189174986862848,0.000578034682080925,0.000578034682080925,0.000420388859695218,0.000157645822385707,0.000420388859695218,0.000157645822385707,0.00246978455070941,0.00246978455070941,0.00246965477379013,0.00246965477379013,"nonsyn","nonsyn","nonsyn",4.2e-06,5.36e-07,1.17e-06,1.17e-06,"0.00222016666666667","0.0020241","0.00127501","0.00742169999999999","R","R","H","P","L",0,1,1,0,0,0,0
"9",272,19237,19239,"c","c","t","t",0.000935696834225711,0.000935696834225711,0.000155949472370952,0.000155949472370952,0.000103966314913968,5.19831574569839e-05,0.000103966314913968,5.19831574569839e-05,0.00109164630659666,0.00109164630659666,0.00109153282395135,0.00109153282395135,"syn","syn","syn",4.58e-06,8.37e-07,4.33e-07,4.33e-07,"0.00489474777777778","0.00277654033333333","0.00805068449999999","0.00832962100000001","R","R","R","R","R",0,0,0,0,0,0,0
"10",273,19719,19722,"g","g","a","a",0.000963537704751762,0.000963537704751762,0.00035498757543486,0.00035498757543486,5.07125107764085e-05,0.000304275064658451,5.07125107764085e-05,0.000304275064658451,0.00131852528018662,0.00131852528018662,0.0013183247135179,0.0013183247135179,"nonsyn","nonsyn","stop",4.2e-06,5.36e-07,1.17e-06,1.17e-06,"0.00435893684210526","0.00329589","0.010569384","0.003845205","E","E","K","Q","*",1,1,1,0,0,0,0
"11",274,19819,19824,"a","a","g","g",0.00121095918058429,0.00121095918058429,0.000605479590292144,0.000605479590292144,0.000252283162621727,0.000353196427670417,0.000252283162621727,0.000353196427670417,0.00181643877087643,0.00181643877087643,0.00181598062953995,0.00181598062953995,"nonsyn","nonsyn","nonsyn",1.77e-05,1.76e-06,1.7e-06,1.7e-06,"0.0146165125","0.00280769166666667","0.00697628799999999","0.00481318571428572","E","E","G","A","V",1,1,1,0,0,0,0
"12",275,20112,20112,"a","a","g","g",0.00169053301511535,0.00169053301511535,0.000149164677804296,0.000149164677804296,0,0.000149164677804296,0,0.000149164677804296,0.00183969769291965,0.00183969769291965,0.00183969769291965,0.00183969769291965,"syn","nonsyn","nonsyn",1.77e-05,1.76e-06,1.7e-06,1.7e-06,"0.0104700705882353","0.0113968","1","0.0113968","E","E","E","D","D",0,0,0,0,0,0,0
"13",276,20363,20363,"a","a","g","g",0.00211167313264254,0.00211167313264254,0.000392869420026519,0.000392869420026519,0.000147326032509945,0.000245543387516574,0.000147326032509945,0.000245543387516574,0.00250454255266906,0.00250454255266906,0.00250454255266906,0.00250454255266906,"nonsyn","syn","nonsyn",1.77e-05,1.76e-06,1.7e-06,1.7e-06,"0.00838197906976743","0.0043271375","0.0119462933333333","0.00692342000000001","R","R","G","R","W",1,0,1,0,1,1,0
"14",277,20541,20544,"g","g","a","a",0.000486831215617545,0.000486831215617545,9.73662431235091e-05,9.73662431235091e-05,0,9.73662431235091e-05,0,9.73662431235091e-05,0.000584197458741054,0.000584197458741054,0.00058411214953271,0.00058411214953271,"nonsyn","nonsyn","nonsyn",4.2e-06,5.36e-07,1.17e-06,1.17e-06,"0.00862722000000001","0.012016485","1","0.012016485","R","R","K","T","M",0,1,1,0,1,1,0
"15",278,20962,20962,"g","g","a","a",0.000810991317622364,0.000810991317622364,4.7705371624845e-05,4.7705371624845e-05,0,4.7705371624845e-05,0,4.7705371624845e-05,0.000858696689247209,0.000858696689247209,0.000858696689247209,0.000858696689247209,"syn","nonsyn","nonsyn",4.2e-06,5.36e-07,1.17e-06,1.17e-06,"0.00517884705882353","0.02452554","1","0.02452554","R","R","R","S","S",0,1,1,0,0,0,0
"16",279,21081,21083,"c","c","t","t",0.00128077415682368,0.00128077415682368,0.000237180399411793,0.000237180399411793,0.000237180399411793,0,0.000237180399411793,0,0.00151795455623547,0.00151795455623547,0.0015178105582697,0.0015178105582697,"nonsyn","nonsyn","nonsyn",4.58e-06,8.37e-07,4.33e-07,4.33e-07,"0.00357596222222222","0.0018256146","0.00352895939999999","1","P","P","S","T","A",1,1,1,0,0,0,0
"17",280,21853,21853,"c","c","t","t",0.000915206150185329,0.000915206150185329,0.000137280922527799,0.000137280922527799,9.15206150185329e-05,4.57603075092665e-05,9.15206150185329e-05,4.57603075092665e-05,0.00105248707271313,0.00105248707271313,0.00105248707271313,0.00105248707271313,"nonsyn","nonsyn","nonsyn",4.58e-06,8.37e-07,4.33e-07,4.33e-07,"0.005004337","0.00315411633333334","0.0091454805","0.00946234899999999","P","P","L","H","R",1,1,1,0,1,0,1
"18",281,23185,23188,"t","t","c","c",0.00120767737761484,0.00120767737761484,0.000431313349148156,0.000431313349148156,0.000301919344403709,0.000129394004744447,0.000301919344403709,0.000129394004744447,0.00163899072676299,0.00163899072676299,0.00163877867862688,0.00163877867862688,"syn","syn","syn",1.7e-05,1.07e-06,1.21e-06,1.21e-06,"0.0140766071428571","0.002805385","0.00354399285714286","0.00935128333333332","P","P","P","P","P",0,0,0,0,1,0,1
"19",282,23653,23654,"t","t","c","c",0.00202934088699108,0.00202934088699108,0.000295945546019532,0.000295945546019532,0.000126833805436942,0.00016911174058259,0.000126833805436942,0.00016911174058259,0.00232528643301061,0.00232528643301061,0.0023251881288577,0.0023251881288577,"nonsyn","nonsyn","nonsyn",1.7e-05,1.07e-06,1.21e-06,1.21e-06,"0.00837710416666666","0.00408859000000001","0.0084362366666667","0.0071550325","C","C","R","S","G",1,1,0,1,0,0,0
"20",283,24402,24404,"g","g","a","a",0.00073764445537251,0.00073764445537251,0.00155724940578641,0.00155724940578641,4.0980247520695e-05,0.00151626915826572,4.0980247520695e-05,0.00151626915826572,0.00229489386115892,0.00229489386115892,0.00229470578593673,0.00229470578593673,"nonsyn","nonsyn","nonsyn",4.2e-06,5.36e-07,1.17e-06,1.17e-06,"0.0056938","0.000751324736842106","0.013079472","0.000771630810810809","C","C","Y","S","F",1,1,1,0,0,0,0
"21",284,24571,24575,"t","t","c","c",0.00126164991249847,0.00126164991249847,0.00028488868991901,0.00028488868991901,0.000203491921370722,8.13967685482886e-05,0.000203491921370722,8.13967685482886e-05,0.00154653860241748,0.00154653860241748,0.00154628687690743,0.00154628687690743,"syn","stop","nonsyn",1.7e-05,1.07e-06,1.21e-06,1.21e-06,"0.0134744193548388","0.00424727285714286","0.00525819399999999","0.014865455","C","C","C","*","W",0,1,1,1,0,0,0
"22",285,24861,25116,"g","g","a","a",0.0423554965608785,0.0423554965608785,0.00667712481396565,0.00667712481396565,0.000764249225694863,0.00591287558827079,0.000764249225694863,0.00591287558827079,0.0490326213748441,0.0490326213748441,0.0485347985347985,0.0485347985347985,"nonsyn","nonsyn","nonsyn",4.2e-06,5.36e-07,1.17e-06,1.17e-06,"9.91606837606837e-05","0.000175225120481928","0.000701341894736843","0.000197873265306122","G","G","S","R","C",1,1,0,0,1,1,0
"23",286,27398,27399,"g","g","a","a",0.00109497043579823,0.00109497043579823,0.000145996058106431,0.000145996058106431,0,0.000145996058106431,0,0.000145996058106431,0.00124096649390466,0.00124096649390466,0.0012409212015037,0.0012409212015037,"nonsyn","nonsyn","nonsyn",4.2e-06,5.36e-07,1.17e-06,1.17e-06,"0.00383572000000001","0.00801391500000001","1","0.00801391500000001","G","G","D","A","V",1,1,1,0,0,0,0
"24",287,28778,28780,"t","t","c","c",0.00097296545972618,0.00097296545972618,0.000521231496281882,0.000521231496281882,0.000208492598512753,0.000312738897769129,0.000208492598512753,0.000312738897769129,0.00149419695600806,0.00149419695600806,0.00149409312022238,0.00149409312022238,"syn","syn","syn",1.7e-05,1.07e-06,1.21e-06,1.21e-06,"0.0174723571428571","0.00232142533333333","0.00513207666666666","0.00386904222222222","G","G","G","G","G",0,0,0,0,0,0,0
"25",288,29701,29702,"a","a","g","g",0.000740715800814787,0.000740715800814787,0.000168344500185179,0.000168344500185179,0,0.000168344500185179,0,0.000168344500185179,0.000909060300999966,0.000909060300999966,0.000909029694970036,0.000909029694970036,"nonsyn","nonsyn","nonsyn",1.77e-05,1.76e-06,1.7e-06,1.7e-06,"0.0238958045454546","0.01009834","1","0.01009834","T","T","A","P","S",1,1,0,0,0,0,0
"26",289,30162,30163,"c","c","t","t",0.000364697301239971,0.000364697301239971,0.000397851601352695,0.000397851601352695,0.000397851601352695,0,0.000397851601352695,0,0.000762548902592666,0.000762548902592666,0.000762523621655671,0.000762523621655671,"nonsyn","nonsyn","nonsyn",4.58e-06,8.37e-07,4.33e-07,4.33e-07,"0.01255836","0.0010883455","0.0021037995","1","T","T","I","N","S",1,0,0,0,0,0,0
"27",290,30573,30581,"t","t","c","c",0.000850423576358225,0.000850423576358225,0.000327085990907009,0.000327085990907009,0.000196251594544206,0.000130834396362804,0.000196251594544206,0.000130834396362804,0.00117750956726523,0.00117750956726523,0.00117720153036199,0.00117720153036199,"syn","syn","syn",1.7e-05,1.07e-06,1.21e-06,1.21e-06,"0.0199900384615385","0.00369933300000001","0.00545218499999999","0.00924833249999999","T","T","T","T","T",0,0,0,1,1,0,1
"28",291,31538,31543,"g","g","a","a",0.000824402308326463,0.000824402308326463,0.000253662248715835,0.000253662248715835,0.000126831124357917,0.000126831124357917,0.000126831124357917,0.000126831124357917,0.0010780645570423,0.0010780645570423,0.00107789366895983,0.00107789366895983,"nonsyn","nonsyn","nonsyn",4.2e-06,5.36e-07,1.17e-06,1.17e-06,"0.0050946","0.0046124325","0.00422609200000001","0.00922486500000003","A","A","T","P","S",1,1,1,0,0,0,0
"29",292,31612,31639,"c","c","t","t",0.00158167784385676,0.00158167784385676,0.000221434898139947,0.000221434898139947,0.000189801341262812,3.16335568771353e-05,0.000189801341262812,3.16335568771353e-05,0.00180311274199671,0.00180311274199671,0.0018015740067638,0.0018015740067638,"nonsyn","nonsyn","nonsyn",4.58e-06,8.37e-07,4.33e-07,4.33e-07,"0.00289565920000001","0.001955428","0.00440987399999999","0.013687996","A","A","V","D","G",0,1,1,0,0,0,0
"30",293,31684,31685,"c","c","t","t",0.00085216513066532,0.00085216513066532,0.000599671758616336,0.000599671758616336,0.000410301729579599,0.000189370029036738,0.000410301729579599,0.000189370029036738,0.00145183688928166,0.00145183688928166,0.00145179106832886,0.00145179106832886,"syn","syn","syn",4.58e-06,8.37e-07,4.33e-07,4.33e-07,"0.00537454518518519","0.000722061684210527","0.00203996215384615","0.00228652866666666","A","A","A","A","A",0,0,0,0,1,0,1
"31",294,30620,30636,"t","t","c","c",0.0023514043109079,0.0023514043109079,0.00186152841280209,0.00186152841280209,0.000914435009797518,0.000947093403004572,0.000914435009797518,0.000947093403004572,0.00421293272370999,0.00421293272370999,0.00421073247160204,0.00421073247160204,"nonsyn","nonsyn","nonsyn",1.7e-05,1.07e-06,1.21e-06,1.21e-06,"0.00722972222222223","0.00065000350877193","0.00117012142857143","0.00127759310344828","*","*","R","R","G",1,1,1,1,1,0,1
"32",295,29793,29803,"g","g","a","a",0.000839123283992884,0.000839123283992884,0.000167824656798577,0.000167824656798577,0,0.000167824656798577,0,0.000167824656798577,0.00100694794079146,0.00100694794079146,0.00100661007281146,0.00100661007281146,"syn","nonsyn","nonsyn",4.2e-06,5.36e-07,1.17e-06,1.17e-06,"0.005005224","0.00697156199999999","1","0.00697156199999999","*","*","*","S","L",0,1,1,0,0,0,0
"33",296,29279,29306,"a","a","g","g",0.000990470986030944,0.000990470986030944,0.000204925031592609,0.000204925031592609,0,0.000204925031592609,0,0.000204925031592609,0.00119539601762355,0.00119539601762355,0.00119429468368252,0.00119429468368252,"nonsyn","nonsyn","nonsyn",1.77e-05,1.76e-06,1.7e-06,1.7e-06,"0.0178702862068965","0.00829571666666667","1","0.00829571666666667","*","*","W","C","C",1,1,1,0,0,0,0
"34",297,28485,28497,"t","t","c","c",0.00115850447604002,0.00115850447604002,0.000315955766192733,0.000315955766192733,0.000140424784974548,0.000175530981218185,0.000140424784974548,0.000175530981218185,0.00147446024223275,0.00147446024223275,0.00147383935151069,0.00147383935151069,"nonsyn","nonsyn","nonsyn",1.7e-05,1.07e-06,1.21e-06,1.21e-06,"0.0146740909090909","0.00382965","0.0076197375","0.00689337","*","*","Q","K","E",1,1,1,0,0,0,0
"35",298,27621,27637,"a","a","g","g",0.00065167807103291,0.00065167807103291,0.00018102168639803,0.00018102168639803,0,0.00018102168639803,0,0.00018102168639803,0.00083269975743094,0.00083269975743094,0.000832217679198176,0.000832217679198176,"nonsyn","nonsyn","nonsyn",1.77e-05,1.76e-06,1.7e-06,1.7e-06,"0.02716065","0.00939114000000003","1","0.00939114000000003","*","*","W","S","L",1,1,1,0,1,1,0
"36",299,27448,27491,"g","g","a","a",0.00229524919848441,0.00229524919848441,0.00105654328184203,0.00105654328184203,0.00014573010784028,0.000910813174001749,0.00014573010784028,0.000910813174001749,0.00335179248032644,0.00335179248032644,0.00334654977992798,0.00334654977992798,"syn","nonsyn","nonsyn",4.2e-06,5.36e-07,1.17e-06,1.17e-06,"0.00182986666666666","0.00110738482758621","0.003678032","0.0012845664","*","*","*","Y","Y",0,1,1,0,1,1,0
"37",300,26895,26896,"g","g","a","a",0.000743632645473136,0.000743632645473136,0.000780814277746793,0.000780814277746793,0.000223089793641941,0.000557724484104852,0.000223089793641941,0.000557724484104852,0.00152444692321993,0.00152444692321993,0.00152439024390244,0.00152439024390244,"nonsyn","nonsyn","nonsyn",4.2e-06,5.36e-07,1.17e-06,1.17e-06,"0.00564795","0.00149843571428571","0.00240262","0.00209781","G","G","S","R","C",1,1,0,0,1,1,0
"38",301,26686,26689,"g","g","a","a",0.00116165779809638,0.00116165779809638,0.000262309825376602,0.000262309825376602,0,0.000262309825376602,0,0.000262309825376602,0.00142396762347298,0.00142396762347298,0.00142380756116752,0.00142380756116752,"nonsyn","nonsyn","nonsyn",4.2e-06,5.36e-07,1.17e-06,1.17e-06,"0.00361552258064516","0.00446037428571429","1","0.00446037428571429","G","G","D","A","V",1,1,1,0,0,0,0
"39",302,25846,25859,"t","t","c","c",0.00119941190126132,0.00119941190126132,0.000193453532461503,0.000193453532461503,7.73814129846011e-05,0.000116072119476902,7.73814129846011e-05,0.000116072119476902,0.00139286543372282,0.00139286543372282,0.00139216520360416,0.00139216520360416,"syn","syn","syn",1.7e-05,1.07e-06,1.21e-06,1.21e-06,"0.0141736129032258","0.00625473199999999","0.01382761","0.0104245533333333","G","G","G","G","G",0,0,0,1,0,0,0
"40",303,25148,25164,"g","g","a","a",0.00131223158899316,0.00131223158899316,7.95291872117067e-05,7.95291872117067e-05,7.95291872117067e-05,0,7.95291872117067e-05,0,0.00139176077620487,0.00139176077620487,0.00139087585439517,0.00139087585439517,"nonsyn","nonsyn","nonsyn",4.2e-06,5.36e-07,1.17e-06,1.17e-06,"0.00320065454545455","0.01471158","0.006739664","1","A","A","T","P","S",1,1,1,0,0,0,0
"41",304,24932,24953,"c","c","t","t",0.000681854644633403,0.000681854644633403,0.000641745547890261,0.000641745547890261,0.00060163645114712,4.01090967431413e-05,0.00060163645114712,4.01090967431413e-05,0.00132360019252366,0.00132360019252366,0.00132248627419549,0.00132248627419549,"nonsyn","nonsyn","nonsyn",4.58e-06,8.37e-07,4.33e-07,4.33e-07,"0.00671697411764706","0.000674722250000001","0.0013912056","0.010795556","A","A","V","D","G",0,1,1,0,0,0,0
"42",305,24438,24479,"t","t","c","c",0.0011866764874376,0.0011866764874376,0.00028643915214011,0.00028643915214011,0.000122759636631476,0.000163679515508634,0.000122759636631476,0.000163679515508634,0.00147311563957771,0.00147311563957771,0.00147064831079701,0.00147064831079701,"syn","syn","syn",1.7e-05,1.07e-06,1.21e-06,1.21e-06,"0.014325724137931","0.00422428285714285","0.00871621999999997","0.007392495","A","A","A","A","A",0,0,0,0,1,0,1
"43",306,24351,24360,"t","t","c","c",0.00172477516323765,0.00172477516323765,0.000451726828467003,0.000451726828467003,0.000369594677836639,8.21321506303643e-05,0.000369594677836639,8.21321506303643e-05,0.00217650199170465,0.00217650199170465,0.00217569786535304,0.00217569786535304,"nonsyn","nonsyn","nonsyn",1.7e-05,1.07e-06,1.21e-06,1.21e-06,"0.00985635714285714","0.00267861","0.00289506333333333","0.014732355","C","C","R","S","G",1,1,0,1,0,0,0
"44",307,24279,24290,"g","g","a","a",0.00127682359240496,0.00127682359240496,0.000164751431278059,0.000164751431278059,0,0.000164751431278059,0,0.000164751431278059,0.00144157502368302,0.00144157502368302,0.00144092219020173,0.00144092219020173,"nonsyn","nonsyn","nonsyn",4.2e-06,5.36e-07,1.17e-06,1.17e-06,"0.0032894129032258","0.00710160750000001","1","0.00710160750000001","C","C","Y","S","F",1,1,1,0,0,0,0
"45",308,24182,24193,"c","c","t","t",0.00111653295839881,0.00111653295839881,0.000496236870399471,0.000496236870399471,0.000496236870399471,0,0.000496236870399471,0,0.00161276982879828,0.00161276982879828,0.0016120365394949,0.0016120365394949,"syn","stop","nonsyn",4.58e-06,8.37e-07,4.33e-07,4.33e-07,"0.0041019837037037","0.000872567166666666","0.0016866945","1","C","C","C","*","W",0,1,1,0,0,0,0
"46",309,24057,24115,"g","g","a","a",0.000956062684457746,0.000956062684457746,0.000207839714012554,0.000207839714012554,4.15679428025107e-05,0.000166271771210043,4.15679428025107e-05,0.000166271771210043,0.0011639023984703,0.0011639023984703,0.0011611030478955,0.0011611030478955,"nonsyn","nonsyn","stop",4.2e-06,5.36e-07,1.17e-06,1.17e-06,"0.00439301739130435","0.00562933799999999","0.012894552","0.00703667249999999","E","E","K","Q","*",1,1,1,0,0,0,0
"47",310,23676,23686,"a","a","g","g",0.00346342287548572,0.00346342287548572,0.000337894914681534,0.000337894914681534,4.22368643351918e-05,0.000295658050346342,4.22368643351918e-05,0.000295658050346342,0.00380131779016726,0.00380131779016726,0.00379971291058009,0.00379971291058009,"nonsyn","nonsyn","nonsyn",1.77e-05,1.76e-06,1.7e-06,1.7e-06,"0.0051105512195122","0.00503115","0.04166976","0.00574988571428572","E","E","G","A","V",1,1,1,0,1,1,0
"48",311,22977,22990,"g","g","a","a",0.000957479218348784,0.000957479218348784,0.000130565347956652,0.000130565347956652,0,0.000130565347956652,0,0.000130565347956652,0.00108804456630544,0.00108804456630544,0.00108742931709439,0.00108742931709439,"syn","nonsyn","nonsyn",4.2e-06,5.36e-07,1.17e-06,1.17e-06,"0.00438651818181818","0.00896103000000002","1","0.00896103000000002","E","E","E","D","D",0,0,0,0,0,0,0
"49",312,22115,22121,"t","t","c","c",0.000813927198733891,0.000813927198733891,0.000859145376441329,0.000859145376441329,0.000226090888537192,0.000633054487904137,0.000226090888537192,0.000633054487904137,0.00167307257517522,0.00167307257517522,0.00167261877853623,0.00167261877853623,"nonsyn","nonsyn","nonsyn",1.7e-05,1.07e-06,1.21e-06,1.21e-06,"0.0208863888888889","0.00140837631578947","0.00473261","0.00191136785714286","C","C","R","S","G",1,1,0,1,0,0,0
"50",313,21506,21510,"g","g","a","a",0.00130196224309495,0.00130196224309495,0.0107876871570724,0.0107876871570724,0.0104621965962987,0.000325490560773738,0.0104621965962987,0.000325490560773738,0.0120896494001674,0.0120896494001674,0.0120874012087401,0.0120874012087401,"nonsyn","nonsyn","nonsyn",4.2e-06,5.36e-07,1.17e-06,1.17e-06,"0.0032259","0.000108456982758621","5.12320711111112e-05","0.00359457428571428","C","C","Y","S","F",1,1,1,0,0,0,0
"51",314,20214,20218,"c","c","t","t",0.000643118630652023,0.000643118630652023,0.00168200257247452,0.00168200257247452,4.94706638963095e-05,0.00163253190857821,4.94706638963095e-05,0.00163253190857821,0.00232512120312655,0.00232512120312655,0.00232466119299634,0.00232466119299634,"syn","stop","nonsyn",4.58e-06,8.37e-07,4.33e-07,4.33e-07,"0.0071215476923077","0.000257431235294118","0.016919118","0.000265232181818182","C","C","C","*","W",0,1,1,0,0,0,0
"52",315,19902,19902,"c","c","t","t",0.000954677921816903,0.000954677921816903,0.000150738619234248,0.000150738619234248,0.000150738619234248,0,0.000150738619234248,0,0.00110541654105115,0.00110541654105115,0.00110541654105115,0.00110541654105115,"nonsyn","nonsyn","nonsyn",4.58e-06,8.37e-07,4.33e-07,4.33e-07,"0.00479742947368421","0.002872522","0.00555265799999999","1","P","P","S","T","A",1,1,1,0,1,0,1
"53",316,18812,18812,"c","c","t","t",0.00510312566446949,0.00510312566446949,0.000797363385073357,0.000797363385073357,0.000425260472039124,0.000372102913034233,0.000425260472039124,0.000372102913034233,0.00590048904954284,0.00590048904954284,0.00590048904954284,0.00590048904954284,"nonsyn","nonsyn","nonsyn",4.58e-06,8.37e-07,4.33e-07,4.33e-07,"0.000897489166666666","0.000543039733333334","0.0019682055","0.00116365657142857","P","P","L","H","R",1,1,1,0,1,0,1
"54",317,18085,18085,"c","c","t","t",0.002267072159248,0.002267072159248,0.000663533314901852,0.000663533314901852,0.000608238871993365,5.52944429084877e-05,0.000608238871993365,5.52944429084877e-05,0.00293060547414985,0.00293060547414985,0.00293060547414985,0.00293060547414985,"syn","syn","syn",4.58e-06,8.37e-07,4.33e-07,4.33e-07,"0.00202022682926829","0.000652567083333334","0.00137610409090909","0.007830805","P","P","P","P","P",0,0,0,0,1,0,1
"55",318,17914,17918,"g","g","a","a",0.00156302333370548,0.00156302333370548,0.000446578095344423,0.000446578095344423,5.58222619180529e-05,0.00039075583342637,5.58222619180529e-05,0.00039075583342637,0.00200960142904991,0.00200960142904991,0.00200915280723295,0.00200915280723295,"nonsyn","nonsyn","nonsyn",4.2e-06,5.36e-07,1.17e-06,1.17e-06,"0.0026871","0.0026199225","0.009601904","0.00299419714285715","G","G","R","R","W",1,1,1,0,1,1,0
"56",319,17768,17768,"g","g","a","a",0.000562809545249887,0.000562809545249887,0.000112561909049977,0.000112561909049977,0,0.000112561909049977,0,0.000112561909049977,0.000675371454299865,0.000675371454299865,0.000675371454299865,0.000675371454299865,"nonsyn","nonsyn","nonsyn",4.2e-06,5.36e-07,1.17e-06,1.17e-06,"0.00746256000000001","0.01039428","1","0.01039428","G","G","E","A","V",1,1,1,0,1,1,0
"57",320,17421,17421,"g","g","a","a",0.000229607944434877,0.000229607944434877,0.000172205958326158,0.000172205958326158,0,0.000172205958326158,0,0.000172205958326158,0.000401813902761036,0.000401813902761036,0.000401813902761036,0.000401813902761036,"syn","syn","syn",4.2e-06,5.36e-07,1.17e-06,1.17e-06,"0.01829205","0.00679419","1","0.00679419","G","G","G","G","G",0,0,0,0,0,0,0
"58",321,16139,16144,"a","a","g","g",0.00545263027449037,0.00545263027449037,6.19617076646632e-05,6.19617076646632e-05,0,6.19617076646632e-05,0,6.19617076646632e-05,0.00551459198215503,0.00551459198215503,0.00551288404360753,0.00551288404360753,"nonsyn","syn","nonsyn",1.77e-05,1.76e-06,1.7e-06,1.7e-06,"0.00324613977272727","0.0274363","1","0.0274363","R","R","G","R","W",1,0,1,0,1,1,0
"59",322,15593,15593,"g","g","a","a",0.00019239402295902,0.00019239402295902,0,0,0,0,0,0,0.00019239402295902,0.00019239402295902,0.00019239402295902,0.00019239402295902,"nonsyn","nonsyn","nonsyn",4.2e-06,5.36e-07,1.17e-06,1.17e-06,"0.0218302","1","1","1","R","R","K","T","M",0,1,1,0,1,1,0
"60",323,15196,15196,"g","g","a","a",0.000197420373782574,0.000197420373782574,0.000329033956304291,0.000329033956304291,0,0.000329033956304291,0,0.000329033956304291,0.000526454330086865,0.000526454330086865,0.000526454330086865,0.000526454330086865,"syn","nonsyn","nonsyn",4.2e-06,5.36e-07,1.17e-06,1.17e-06,"0.0212744","0.003555864","1","0.003555864","R","R","R","S","S",0,1,1,0,0,0,0
"61",324,13733,13733,"t","t","c","c",0.00131071142503459,0.00131071142503459,0.00196606713755188,0.00196606713755188,0.000218451904172431,0.00174761523337945,0.000218451904172431,0.00174761523337945,0.00327677856258647,0.00327677856258647,0.00327677856258647,0.00327677856258647,"nonsyn","nonsyn","nonsyn",1.7e-05,1.07e-06,1.21e-06,1.21e-06,"0.0129700555555555","0.000615441851851853","0.00489810333333334","0.000692372083333334","S","S","P","T","A",1,0,1,0,0,0,0
"62",325,1375,1375,"c","c","t","t",0.000727272727272727,0.000727272727272727,0.0952727272727273,0.0952727272727273,0.000727272727272727,0.0945454545454545,0.000727272727272727,0.0945454545454545,0.096,0.096,0.096,0.096,"nonsyn","nonsyn","nonsyn",4.58e-06,8.37e-07,4.33e-07,4.33e-07,"0.0062975","4.54484732824427e-06","0.001150875","4.5798076923077e-06","S","S","F","Y","C",1,1,1,0,0,0,0
"63",326,1268,1268,"t","t","c","c",0.00236593059936909,0.00236593059936909,0.00236593059936909,0.00236593059936909,0,0.00236593059936909,0,0.00236593059936909,0.00473186119873817,0.00473186119873817,0.00473186119873817,0.00473186119873817,"syn","syn","syn",1.7e-05,1.07e-06,1.21e-06,1.21e-06,"0.00718533333333332","0.000511426666666666","1","0.000511426666666666","S","S","S","S","S",0,0,0,0,1,0,1
"64",327,1274,1274,"c","c","t","t",0.00156985871271586,0.00156985871271586,0,0,0,0,0,0,0.00156985871271586,0.00156985871271586,0.00156985871271586,0.00156985871271586,"nonsyn","nonsyn","nonsyn",4.58e-06,8.37e-07,4.33e-07,4.33e-07,"0.00291745999999999","1","1","1","R","R","C","S","G",1,1,1,0,0,0,0
"65",328,1284,1284,"g","g","a","a",0.00623052959501558,0.00623052959501558,0,0,0,0,0,0,0.00623052959501558,0.00623052959501558,0.00623052959501558,0.00623052959501558,"nonsyn","nonsyn","nonsyn",4.2e-06,5.36e-07,1.17e-06,1.17e-06,"0.0006741","1","1","1","R","R","H","P","L",0,1,1,0,0,0,0
"66",329,1280,1280,"t","t","c","c",0,0,0,0,0,0,0,0,0,0,0,0,"syn","syn","syn",1.7e-05,1.07e-06,1.21e-06,1.21e-06,"1","1","1","1","R","R","R","R","R",0,0,0,0,0,0,0
"67",330,1254,1254,"a","a","g","g",0.00558213716108453,0.00558213716108453,0.000797448165869219,0.000797448165869219,0,0.000797448165869219,0,0.000797448165869219,0.00637958532695375,0.00637958532695375,0.00637958532695375,0.00637958532695375,"nonsyn","syn","stop",1.77e-05,1.76e-06,1.7e-06,1.7e-06,"0.00317082857142857","0.0021318","1","0.0021318","R","R","G","R","*",1,0,1,0,1,1,0
"68",331,1254,1254,"g","g","a","a",0.00159489633173844,0.00159489633173844,0.000797448165869219,0.000797448165869219,0,0.000797448165869219,0,0.000797448165869219,0.00239234449760766,0.00239234449760766,0.00239234449760766,0.00239234449760766,"nonsyn","nonsyn","nonsyn",4.2e-06,5.36e-07,1.17e-06,1.17e-06,"0.00263339999999999","0.00146718","1","0.00146718","R","R","K","T","I",0,1,1,0,0,0,0
"69",332,1258,1258,"a","a","g","g",0.00715421303656598,0.00715421303656598,0,0,0,0,0,0,0.00715421303656598,0.00715421303656598,0.00715421303656598,0.00715421303656598,"syn","nonsyn","nonsyn",1.77e-05,1.76e-06,1.7e-06,1.7e-06,"0.00247406666666667","1","1","1","R","R","R","S","S",0,1,1,0,0,0,0
"70",333,1744,1744,"c","c","t","t",0.000573394495412844,0.000573394495412844,0,0,0,0,0,0,0.000573394495412844,0.000573394495412844,0.000573394495412844,0.000573394495412844,"nonsyn","nonsyn","nonsyn",4.58e-06,8.37e-07,4.33e-07,4.33e-07,"0.00798752","1","1","1","P","P","S","T","A",1,1,1,0,0,0,0
"71",334,1736,1736,"c","c","t","t",0.00806451612903226,0.00806451612903226,0,0,0,0,0,0,0.00806451612903226,0.00806451612903226,0.00806451612903226,0.00806451612903226,"nonsyn","nonsyn","nonsyn",4.58e-06,8.37e-07,4.33e-07,4.33e-07,"0.00056792","1","1","1","P","P","L","Q","R",1,1,1,0,1,0,1
"72",335,1742,1742,"g","g","a","a",0.00401836969001148,0.00401836969001148,0,0,0,0,0,0,0.00401836969001148,0.00401836969001148,0.00401836969001148,0.00401836969001148,"syn","syn","syn",4.2e-06,5.36e-07,1.17e-06,1.17e-06,"0.0010452","1","1","1","P","P","P","P","P",0,0,0,0,0,0,0
"73",336,1749,1749,"t","t","c","c",0.00400228702115495,0.00400228702115495,0.00114351057747284,0.00114351057747284,0.00114351057747284,0,0.00114351057747284,0,0.00514579759862779,0.00514579759862779,0.00514579759862779,0.00514579759862779,"nonsyn","nonsyn","nonsyn",1.7e-05,1.07e-06,1.21e-06,1.21e-06,"0.00424757142857142","0.001058145","0.000935715000000001","1","C","C","R","S","G",1,1,0,1,0,0,0
"74",337,2175,2175,"g","g","a","a",0.00275862068965517,0.00275862068965517,0,0,0,0,0,0,0.00275862068965517,0.00275862068965517,0.00275862068965517,0.00275862068965517,"nonsyn","nonsyn","nonsyn",4.2e-06,5.36e-07,1.17e-06,1.17e-06,"0.0015225","1","1","1","C","C","Y","S","F",1,1,1,0,0,0,0
"75",338,2202,2202,"c","c","t","t",0.0036330608537693,0.0036330608537693,0,0,0,0,0,0,0.0036330608537693,0.0036330608537693,0.0036330608537693,0.0036330608537693,"syn","stop","nonsyn",4.58e-06,8.37e-07,4.33e-07,4.33e-07,"0.001260645","1","1","1","C","C","C","*","W",0,1,1,0,0,0,0
"76",339,2228,2228,"a","a","g","g",0.00224416517055655,0.00224416517055655,0.000448833034111311,0.000448833034111311,0,0.000448833034111311,0,0.000448833034111311,0.00269299820466786,0.00269299820466786,0.00269299820466786,0.00269299820466786,"nonsyn","nonsyn","nonsyn",1.77e-05,1.76e-06,1.7e-06,1.7e-06,"0.00788712000000001","0.0037876","1","0.0037876","T","T","A","P","S",1,1,0,1,0,0,0
"77",340,2437,2437,"c","c","t","t",0.00410340582683627,0.00410340582683627,0,0,0,0,0,0,0.00410340582683627,0.00410340582683627,0.00410340582683627,0.00410340582683627,"nonsyn","nonsyn","nonsyn",4.58e-06,8.37e-07,4.33e-07,4.33e-07,"0.001116146","1","1","1","T","T","I","N","S",1,0,0,0,0,0,0
"78",341,2457,2457,"c","c","t","t",0.00203500203500203,0.00203500203500203,0,0,0,0,0,0,0.00203500203500203,0.00203500203500203,0.00203500203500203,0.00203500203500203,"syn","syn","syn",4.58e-06,8.37e-07,4.33e-07,4.33e-07,"0.00225061200000001","1","1","1","T","T","T","T","T",0,0,0,0,1,0,1
"79",342,2430,2430,"a","a","g","g",0.0065843621399177,0.0065843621399177,0.000411522633744856,0.000411522633744856,0,0.000411522633744856,0,0.000411522633744856,0.00699588477366255,0.00699588477366255,0.00699588477366255,0.00699588477366255,"nonsyn","nonsyn","nonsyn",1.77e-05,1.76e-06,1.7e-06,1.7e-06,"0.0026881875","0.004131","1","0.004131","M","M","V","L","L",0,0,0,1,0,0,0
"80",343,2457,2457,"t","t","c","c",0.00529100529100529,0.00529100529100529,0,0,0,0,0,0,0.00529100529100529,0.00529100529100529,0.00529100529100529,0.00529100529100529,"nonsyn","nonsyn","nonsyn",1.7e-05,1.07e-06,1.21e-06,1.21e-06,"0.003213","1","1","1","M","M","T","K","R",1,1,1,1,0,0,0
"81",344,2452,2452,"g","g","a","a",0.00122349102773246,0.00122349102773246,0.000815660685154976,0.000815660685154976,0,0.000815660685154976,0,0.000815660685154976,0.00203915171288744,0.00203915171288744,0.00203915171288744,0.00203915171288744,"nonsyn","nonsyn","nonsyn",4.2e-06,5.36e-07,1.17e-06,1.17e-06,"0.00343280000000001","0.00143442","1","0.00143442","M","M","I","I","I",0,0,0,0,0,0,0
"82",345,2516,2516,"a","a","g","g",0.00556438791732909,0.00556438791732909,0.000794912559618442,0.000794912559618442,0,0.000794912559618442,0,0.000794912559618442,0.00635930047694754,0.00635930047694754,0.00635930047694754,0.00635930047694754,"nonsyn","nonsyn","nonsyn",1.77e-05,1.76e-06,1.7e-06,1.7e-06,"0.00318094285714286","0.0021386","1","0.0021386","S","S","G","R","C",1,1,1,0,1,1,0
"83",346,2521,2521,"g","g","a","a",0.00119000396667989,0.00119000396667989,0.000396667988893296,0.000396667988893296,0,0.000396667988893296,0,0.000396667988893296,0.00158667195557319,0.00158667195557319,0.00158667195557319,0.00158667195557319,"nonsyn","nonsyn","nonsyn",4.2e-06,5.36e-07,1.17e-06,1.17e-06,"0.0035294","0.00294957","1","0.00294957","S","S","N","T","I",0,0,1,0,0,0,0
"84",347,2528,2528,"c","c","t","t",0.00276898734177215,0.00276898734177215,0,0,0,0,0,0,0.00276898734177215,0.00276898734177215,0.00276898734177215,0.00276898734177215,"syn","nonsyn","nonsyn",4.58e-06,8.37e-07,4.33e-07,4.33e-07,"0.00165403428571429","1","1","1","S","S","S","R","R",0,1,1,0,0,0,0
"85",348,2532,2532,"a","a","g","g",0.004739336492891,0.004739336492891,0.00118483412322275,0.00118483412322275,0,0.00118483412322275,0,0.00118483412322275,0.00592417061611374,0.00592417061611374,0.00592417061611374,0.00592417061611374,"nonsyn","nonsyn","nonsyn",1.77e-05,1.76e-06,1.7e-06,1.7e-06,"0.0037347","0.0014348","1","0.0014348","T","T","A","P","S",1,1,0,1,0,0,0
"86",349,2535,2535,"c","c","t","t",0.00552268244575937,0.00552268244575937,0,0,0,0,0,0,0.00552268244575937,0.00552268244575937,0.00552268244575937,0.00552268244575937,"nonsyn","nonsyn","nonsyn",4.58e-06,8.37e-07,4.33e-07,4.33e-07,"0.000829307142857143","1","1","1","T","T","M","K","R",1,1,1,0,0,0,0
"87",350,2540,2540,"g","g","a","a",0.0015748031496063,0.0015748031496063,0,0,0,0,0,0,0.0015748031496063,0.0015748031496063,0.0015748031496063,0.0015748031496063,"syn","syn","syn",4.2e-06,5.36e-07,1.17e-06,1.17e-06,"0.002667","1","1","1","T","T","T","T","T",0,0,0,0,0,0,0
"88",351,2543,2543,"a","a","g","g",0.00353912701533622,0.00353912701533622,0.000393236335037357,0.000393236335037357,0,0.000393236335037357,0,0.000393236335037357,0.00393236335037357,0.00393236335037357,0.00393236335037357,0.00393236335037357,"nonsyn","nonsyn","nonsyn",1.77e-05,1.76e-06,1.7e-06,1.7e-06,"0.00500123333333333","0.00432310000000001","1","0.00432310000000001","N","N","D","H","Y",1,1,1,0,0,0,0
"89",352,2555,2555,"a","a","g","g",0.0050880626223092,0.0050880626223092,0.000782778864970646,0.000782778864970646,0.000782778864970646,0,0.000782778864970646,0,0.00587084148727984,0.00587084148727984,0.00587084148727984,0.00587084148727984,"nonsyn","nonsyn","nonsyn",1.77e-05,1.76e-06,1.7e-06,1.7e-06,"0.00347873076923077","0.00217175","0.0022484","1","N","N","S","T","I",0,0,1,0,0,0,0
"90",353,2569,2569,"t","t","c","c",0.00506033476060724,0.00506033476060724,0.00116776956014013,0.00116776956014013,0.000778513040093422,0.000389256520046711,0.000778513040093422,0.000389256520046711,0.00622810432074737,0.00622810432074737,0.00622810432074737,0.00622810432074737,"syn","nonsyn","nonsyn",1.7e-05,1.07e-06,1.21e-06,1.21e-06,"0.00335946153846154","0.00103616333333334","0.001374415","0.00310849","N","N","N","K","K",0,1,1,0,0,0,0
"91",354,2576,2576,"c","c","t","t",0.00077639751552795,0.00077639751552795,0,0,0,0,0,0,0.00077639751552795,0.00077639751552795,0.00077639751552795,0.00077639751552795,"nonsyn","nonsyn","nonsyn",4.58e-06,8.37e-07,4.33e-07,4.33e-07,"0.00589904","1","1","1","P","P","S","T","A",1,1,1,0,0,0,0
"92",355,2621,2621,"c","c","t","t",0.0011446012972148,0.0011446012972148,0.000763067531476536,0.000763067531476536,0.000763067531476536,0,0.000763067531476536,0,0.00190766882869134,0.00190766882869134,0.00190766882869134,0.00190766882869134,"nonsyn","nonsyn","nonsyn",4.58e-06,8.37e-07,4.33e-07,4.33e-07,"0.00400139333333335","0.0005674465","0.0010968885","1","P","P","L","H","R",1,1,1,0,1,0,1
"93",356,2630,2630,"t","t","c","c",0.00342205323193916,0.00342205323193916,0.000760456273764259,0.000760456273764259,0.000760456273764259,0,0.000760456273764259,0,0.00418250950570342,0.00418250950570342,0.00418250950570342,0.00418250950570342,"syn","syn","syn",1.7e-05,1.07e-06,1.21e-06,1.21e-06,"0.00496777777777778","0.00159115","0.00140705","1","P","P","P","P","P",0,0,0,0,1,0,1
"94",357,2679,2682,"a","a","g","g",0.00223964165733483,0.00223964165733483,0.000746547219111609,0.000746547219111609,0.000746547219111609,0,0.000746547219111609,0,0.00298618887644644,0.00298618887644644,0.00298284862043251,0.00298284862043251,"nonsyn","nonsyn","stop",1.77e-05,1.76e-06,1.7e-06,1.7e-06,"0.00790304999999999","0.00227715","0.00235752","1","K","K","E","Q","*",1,1,1,0,0,0,0
"95",358,2736,2736,"a","a","g","g",0.00475146198830409,0.00475146198830409,0.000365497076023392,0.000365497076023392,0,0.000365497076023392,0,0.000365497076023392,0.00511695906432749,0.00511695906432749,0.00511695906432749,0.00511695906432749,"nonsyn","nonsyn","nonsyn",1.77e-05,1.76e-06,1.7e-06,1.7e-06,"0.00372516923076923","0.0046512","1","0.0046512","K","K","R","T","I",0,1,1,0,0,0,0
"96",359,2746,2746,"a","a","g","g",0.00436999271667881,0.00436999271667881,0.000364166059723234,0.000364166059723234,0.000364166059723234,0,0.000364166059723234,0,0.00473415877640204,0.00473415877640204,0.00473415877640204,0.00473415877640204,"syn","nonsyn","nonsyn",1.77e-05,1.76e-06,1.7e-06,1.7e-06,"0.00405035","0.0046682","0.00483296","1","K","K","K","N","N",0,1,1,0,0,0,0
"97",360,2762,2762,"c","c","t","t",0.00144822592324403,0.00144822592324403,0,0,0,0,0,0,0.00144822592324403,0.00144822592324403,0.00144822592324403,0.00144822592324403,"nonsyn","nonsyn","nonsyn",4.58e-06,8.37e-07,4.33e-07,4.33e-07,"0.00316248999999999","1","1","1","P","P","S","T","A",1,1,1,0,0,0,0
"98",361,2772,2772,"c","c","t","t",0.000360750360750361,0.000360750360750361,0.000360750360750361,0.000360750360750361,0.000360750360750361,0,0.000360750360750361,0,0.000721500721500722,0.000721500721500722,0.000721500721500722,0.000721500721500722,"nonsyn","nonsyn","nonsyn",4.58e-06,8.37e-07,4.33e-07,4.33e-07,"0.01269576","0.001200276","0.002320164","1","P","P","L","H","R",1,1,1,0,1,0,1
"99",362,2765,2765,"t","t","c","c",0.00687160940325497,0.00687160940325497,0.00216998191681736,0.00216998191681736,0.00216998191681736,0,0.00216998191681736,0,0.00904159132007233,0.00904159132007233,0.00904159132007233,0.00904159132007233,"syn","syn","syn",1.7e-05,1.07e-06,1.21e-06,1.21e-06,"0.00247394736842105","0.000557608333333333","0.000493091666666667","1","P","P","P","P","P",0,0,0,0,1,0,1
"100",363,2777,2777,"c","c","t","t",0.00072020165646381,0.00072020165646381,0.00072020165646381,0.00072020165646381,0.00072020165646381,0,0.00072020165646381,0,0.00144040331292762,0.00144040331292762,0.00144040331292762,0.00144040331292762,"stop","nonsyn","nonsyn",4.58e-06,8.37e-07,4.33e-07,4.33e-07,"0.00635933","0.0006012205","0.0011621745","1","Q","Q","*","K","E",1,1,1,0,0,0,0
"101",364,2779,2780,"a","a","g","g",0.00215905001799208,0.00215905001799208,0.00107952500899604,0.00107952500899604,0.000359841669665347,0.000719683339330694,0.000359841669665347,0.000719683339330694,0.00323857502698813,0.00323857502698813,0.00323741007194245,0.00323741007194245,"nonsyn","nonsyn","nonsyn",1.77e-05,1.76e-06,1.7e-06,1.7e-06,"0.00819805000000001","0.00157476666666667","0.00489104","0.00236215","Q","Q","R","P","L",1,1,1,1,0,0,0
"102",365,2791,2791,"a","a","g","g",0.00214976710856324,0.00214976710856324,0,0,0,0,0,0,0.00214976710856324,0.00214976710856324,0.00214976710856324,0.00214976710856324,"syn","nonsyn","nonsyn",1.77e-05,1.76e-06,1.7e-06,1.7e-06,"0.00823345","1","1","1","Q","Q","Q","H","H",0,1,1,0,0,0,0
"103",366,2795,2795,"a","a","g","g",0.0075134168157424,0.0075134168157424,0.000715563506261181,0.000715563506261181,0.00035778175313059,0.00035778175313059,0.00035778175313059,0.00035778175313059,0.00822898032200358,0.00822898032200358,0.00822898032200358,0.00822898032200358,"nonsyn","syn","stop",1.77e-05,1.76e-06,1.7e-06,1.7e-06,"0.00235578571428571","0.00237575","0.0049192","0.0047515","R","R","G","R","*",1,0,1,0,1,1,0
"104",367,2803,2804,"g","g","a","a",0,0,0,0,0,0,0,0,0,0,0,0,"nonsyn","nonsyn","nonsyn",4.2e-06,5.36e-07,1.17e-06,1.17e-06,"1","1","1","1","R","R","K","T","I",0,1,1,0,0,0,0
"105",368,2778,2786,"a","a","g","g",0.00287976961843053,0.00287976961843053,0.000359971202303816,0.000359971202303816,0.000359971202303816,0,0.000359971202303816,0,0.00323974082073434,0.00323974082073434,0.00323043790380474,0.00323043790380474,"syn","nonsyn","nonsyn",1.77e-05,1.76e-06,1.7e-06,1.7e-06,"0.00614632499999999","0.0047226","0.00488928","1","R","R","R","S","S",0,1,1,0,0,0,0
"106",369,2790,2790,"a","a","g","g",0.0028673835125448,0.0028673835125448,0,0,0,0,0,0,0.0028673835125448,0.0028673835125448,0.0028673835125448,0.0028673835125448,"nonsyn","nonsyn","stop",1.77e-05,1.76e-06,1.7e-06,1.7e-06,"0.00617287500000001","1","1","1","K","K","E","Q","*",1,1,1,0,0,0,0
"107",370,2786,2786,"a","a","g","g",0.0050251256281407,0.0050251256281407,0.000358937544867193,0.000358937544867193,0,0.000358937544867193,0,0.000358937544867193,0.0053840631730079,0.0053840631730079,0.0053840631730079,0.0053840631730079,"nonsyn","nonsyn","nonsyn",1.77e-05,1.76e-06,1.7e-06,1.7e-06,"0.0035223","0.0047362","1","0.0047362","K","K","R","T","I",0,1,1,0,0,0,0
"108",371,2791,2791,"a","a","g","g",0.00573271228950197,0.00573271228950197,0.00179147259046937,0.00179147259046937,0.000358294518093873,0.00143317807237549,0.000358294518093873,0.00143317807237549,0.00752418487997134,0.00752418487997134,0.00752418487997134,0.00752418487997134,"syn","nonsyn","nonsyn",1.77e-05,1.76e-06,1.7e-06,1.7e-06,"0.00308754375","0.000948939999999998","0.00491216","0.001186175","K","K","K","N","N",0,1,1,0,0,0,0
"109",372,2775,2775,"a","a","g","g",0.0036036036036036,0.0036036036036036,0.00108108108108108,0.00108108108108108,0.00036036036036036,0.000720720720720721,0.00036036036036036,0.000720720720720721,0.00468468468468468,0.00468468468468468,0.00468468468468468,0.00468468468468468,"nonsyn","nonsyn","nonsyn",1.77e-05,1.76e-06,1.7e-06,1.7e-06,"0.00491175","0.0015725","0.00488400000000001","0.00235875","T","T","A","P","S",1,1,0,0,0,0,0
"110",373,2777,2777,"c","c","t","t",0.0194454447245229,0.0194454447245229,0,0,0,0,0,0,0.0194454447245229,0.0194454447245229,0.0194454447245229,0.0194454447245229,"nonsyn","nonsyn","nonsyn",4.58e-06,8.37e-07,4.33e-07,4.33e-07,"0.00023553074074074","1","1","1","T","T","I","N","S",1,0,0,0,0,0,0
"111",374,2711,2711,"c","c","t","t",0.00295094061232018,0.00295094061232018,0,0,0,0,0,0,0.00295094061232018,0.00295094061232018,0.00295094061232018,0.00295094061232018,"syn","syn","syn",4.58e-06,8.37e-07,4.33e-07,4.33e-07,"0.0015520475","1","1","1","T","T","T","T","T",0,0,0,0,1,0,1
"112",375,2710,2710,"a","a","g","g",0.0025830258302583,0.0025830258302583,0.0003690036900369,0.0003690036900369,0,0.0003690036900369,0,0.0003690036900369,0.0029520295202952,0.0029520295202952,0.0029520295202952,0.0029520295202952,"nonsyn","nonsyn","stop",1.77e-05,1.76e-06,1.7e-06,1.7e-06,"0.00685242857142858","0.00460700000000001","1","0.00460700000000001","N","K","E","Q","*",1,1,1,1,0,0,0
"113",376,2703,2703,"a","a","g","g",0.00887902330743618,0.00887902330743618,0.000369959304476508,0.000369959304476508,0,0.000369959304476508,0,0.000369959304476508,0.00924898261191269,0.00924898261191269,0.00924898261191269,0.00924898261191269,"nonsyn","nonsyn","nonsyn",1.77e-05,1.76e-06,1.7e-06,1.7e-06,"0.0019934625","0.00459509999999999","1","0.00459509999999999","N","K","R","T","I",0,1,1,0,0,0,0
"114",377,2722,2722,"c","a","t","g",0.0848640705363703,0,0,1,0,0,0.91513592946363,0.0848640705363703,0.0848640705363703,1,0.0848640705363703,1,"syn","nonsyn","nonsyn",1.77e-05,1.76e-06,1.7e-06,1.7e-06,"1","1.7e-06","1.92321156162184e-06","2.00320346320346e-05","N","K","K","N","N",0,1,1,0,0,0,0
"115",378,2712,2712,"c","c","t","t",0.00110619469026549,0.00110619469026549,0,0,0,0,0,0,0.00110619469026549,0.00110619469026549,0.00110619469026549,0.00110619469026549,"nonsyn","nonsyn","nonsyn",4.58e-06,8.37e-07,4.33e-07,4.33e-07,"0.00414031999999999","1","1","1","R","R","C","S","G",1,1,1,0,0,0,0
"116",379,2722,2722,"g","g","a","a",0.00330639235855988,0.00330639235855988,0,0,0,0,0,0,0.00330639235855988,0.00330639235855988,0.00330639235855988,0.00330639235855988,"nonsyn","nonsyn","nonsyn",4.2e-06,5.36e-07,1.17e-06,1.17e-06,"0.00127026666666667","1","1","1","R","R","H","P","L",0,1,1,0,0,0,0
"117",380,2707,2707,"t","t","c","c",0.0036941263391208,0.0036941263391208,0.00073882526782416,0.00073882526782416,0.00036941263391208,0.00036941263391208,0.00036941263391208,0.00036941263391208,0.00443295160694496,0.00443295160694496,0.00443295160694496,0.00443295160694496,"syn","syn","syn",1.7e-05,1.07e-06,1.21e-06,1.21e-06,"0.0046019","0.001637735","0.00289649","0.00327547","R","R","R","R","R",0,0,0,0,0,0,0
"118",381,2683,2683,"a","a","g","g",0.00409988818486769,0.00409988818486769,0.000372717107715244,0.000372717107715244,0.000372717107715244,0,0.000372717107715244,0,0.00447260529258293,0.00447260529258293,0.00447260529258293,0.00447260529258293,"nonsyn","nonsyn","nonsyn",1.77e-05,1.76e-06,1.7e-06,1.7e-06,"0.0043171909090909","0.0045611","0.00472208","1","N","N","D","H","Y",1,1,1,0,0,0,0
"119",382,2673,2673,"a","a","g","g",0.00336700336700337,0.00336700336700337,0.00112233445566779,0.00112233445566779,0,0.00112233445566779,0,0.00112233445566779,0.00448933782267116,0.00448933782267116,0.00448933782267116,0.00448933782267116,"nonsyn","nonsyn","nonsyn",1.77e-05,1.76e-06,1.7e-06,1.7e-06,"0.0052569","0.0015147","1","0.0015147","N","N","S","T","I",0,0,1,0,0,0,0
"120",383,2674,2674,"c","c","t","t",0.00074794315632012,0.00074794315632012,0.00037397157816006,0.00037397157816006,0.00037397157816006,0,0.00037397157816006,0,0.00112191473448018,0.00112191473448018,0.00112191473448018,0.00112191473448018,"syn","nonsyn","nonsyn",4.58e-06,8.37e-07,4.33e-07,4.33e-07,"0.00612346","0.001157842","0.002238138","1","N","N","N","K","K",0,1,1,0,0,0,0
"121",384,2692,2692,"a","a","g","g",0.00334323922734027,0.00334323922734027,0.00037147102526003,0.00037147102526003,0.00037147102526003,0,0.00037147102526003,0,0.0037147102526003,0.0037147102526003,0.0037147102526003,0.0037147102526003,"nonsyn","nonsyn","nonsyn",1.77e-05,1.76e-06,1.7e-06,1.7e-06,"0.00529426666666666","0.0045764","0.00473792","1","T","T","A","P","S",1,1,0,1,0,0,0
"122",385,2702,2702,"c","c","t","t",0.000370096225018505,0.000370096225018505,0,0,0,0,0,0,0.000370096225018505,0.000370096225018505,0.000370096225018505,0.000370096225018505,"nonsyn","nonsyn","nonsyn",4.58e-06,8.37e-07,4.33e-07,4.33e-07,"0.01237516","1","1","1","T","T","I","N","S",1,0,0,0,0,0,0
"123",386,2692,2692,"c","c","t","t",0.000742942050520059,0.000742942050520059,0.000742942050520059,0.000742942050520059,0.000742942050520059,0,0.000742942050520059,0,0.00148588410104012,0.00148588410104012,0.00148588410104012,0.00148588410104012,"syn","syn","syn",4.58e-06,8.37e-07,4.33e-07,4.33e-07,"0.00616468","0.000582818","0.001126602","1","T","T","T","T","T",0,0,0,0,1,0,1
"124",387,2695,2695,"a","a","g","g",0.00296846011131725,0.00296846011131725,0.00111317254174397,0.00111317254174397,0.000371057513914657,0.000742115027829314,0.000371057513914657,0.000742115027829314,0.00408163265306122,0.00408163265306122,0.00408163265306122,0.00408163265306122,"nonsyn","nonsyn","nonsyn",1.77e-05,1.76e-06,1.7e-06,1.7e-06,"0.00596268750000001","0.00152716666666667","0.0047432","0.00229075","N","N","D","H","Y",1,1,1,1,0,0,0
"125",388,2690,2690,"a","a","g","g",0.00185873605947955,0.00185873605947955,0,0,0,0,0,0,0.00185873605947955,0.00185873605947955,0.00185873605947955,0.00185873605947955,"nonsyn","nonsyn","nonsyn",1.77e-05,1.76e-06,1.7e-06,1.7e-06,"0.00952260000000002","1","1","1","N","N","S","T","I",0,0,1,0,0,0,0
"126",389,2775,2775,"c","c","t","t",0.00144144144144144,0.00144144144144144,0,0,0,0,0,0,0.00144144144144144,0.00144144144144144,0.00144144144144144,0.00144144144144144,"syn","nonsyn","nonsyn",4.58e-06,8.37e-07,4.33e-07,4.33e-07,"0.003177375","1","1","1","N","N","N","K","K",0,1,1,0,0,0,0
"127",390,2765,2765,"c","c","t","t",0.00216998191681736,0.00216998191681736,0,0,0,0,0,0,0.00216998191681736,0.00216998191681736,0.00216998191681736,0.00216998191681736,"nonsyn","nonsyn","nonsyn",4.58e-06,8.37e-07,4.33e-07,4.33e-07,"0.00211061666666667","1","1","1","R","R","C","S","G",1,1,1,0,1,0,1
"128",391,2724,2724,"g","g","a","a",0.00183553597650514,0.00183553597650514,0,0,0,0,0,0,0.00183553597650514,0.00183553597650514,0.00183553597650514,0.00183553597650514,"nonsyn","nonsyn","nonsyn",4.2e-06,5.36e-07,1.17e-06,1.17e-06,"0.00228816","1","1","1","R","R","H","P","L",0,1,1,0,0,0,0
"129",392,2716,2716,"c","t","t","c",0.000736377025036819,0.999263622974963,0,0,0,0,0,0,0.000736377025036819,0.999263622974963,0.000736377025036819,0.999263622974963,"syn","syn","syn",1.7e-05,1.07e-06,1.21e-06,1.21e-06,"1.70125276344878e-05","1","1","1","R","R","R","R","R",0,0,0,0,0,0,0
"130",393,2700,2700,"c","c","t","t",0.00185185185185185,0.00185185185185185,0.00037037037037037,0.00037037037037037,0.00037037037037037,0,0.00037037037037037,0,0.00222222222222222,0.00222222222222222,0.00222222222222222,0.00222222222222222,"nonsyn","nonsyn","nonsyn",4.58e-06,8.37e-07,4.33e-07,4.33e-07,"0.0024732","0.0011691","0.0022599","1","R","R","C","S","G",1,1,1,0,0,0,0
"131",394,2711,2711,"g","g","a","a",0.00295094061232018,0.00295094061232018,0.000737735153080044,0.000737735153080044,0,0.000737735153080044,0,0.000737735153080044,0.00368867576540022,0.00368867576540022,0.00368867576540022,0.00368867576540022,"nonsyn","nonsyn","nonsyn",4.2e-06,5.36e-07,1.17e-06,1.17e-06,"0.001423275","0.001585935","1","0.001585935","R","R","H","P","L",0,1,1,0,0,0,0
"132",395,2732,2732,"c","c","t","t",0.00183016105417277,0.00183016105417277,0.000366032210834553,0.000366032210834553,0.000366032210834553,0,0.000366032210834553,0,0.00219619326500732,0.00219619326500732,0.00219619326500732,0.00219619326500732,"syn","syn","syn",4.58e-06,8.37e-07,4.33e-07,4.33e-07,"0.002502512","0.001182956","0.002286684","1","R","R","R","R","R",0,0,0,0,0,0,0
"133",396,2747,2747,"c","c","t","t",0.00109210047324354,0.00109210047324354,0,0,0,0,0,0,0.00109210047324354,0.00109210047324354,0.00109210047324354,0.00109210047324354,"nonsyn","nonsyn","nonsyn",4.58e-06,8.37e-07,4.33e-07,4.33e-07,"0.00419375333333333","1","1","1","P","P","S","T","A",1,1,1,0,1,0,1
"134",397,2752,2752,"c","c","t","t",0.00109011627906977,0.00109011627906977,0.00109011627906977,0.00109011627906977,0.000726744186046512,0.000363372093023256,0.000726744186046512,0.000363372093023256,0.00218023255813953,0.00218023255813953,0.00218023255813953,0.00218023255813953,"nonsyn","nonsyn","nonsyn",4.58e-06,8.37e-07,4.33e-07,4.33e-07,"0.00420138666666666","0.000397205333333332","0.001151712","0.001191616","P","P","L","Q","R",1,1,1,0,1,0,1
"135",398,2753,2753,"a","a","g","g",0.00544860152560843,0.00544860152560843,0.00108972030512169,0.00108972030512169,0.000363240101707228,0.000726480203414457,0.000363240101707228,0.000726480203414457,0.00653832183073011,0.00653832183073011,0.00653832183073011,0.00653832183073011,"syn","syn","syn",1.77e-05,1.76e-06,1.7e-06,1.7e-06,"0.00324854","0.00156003333333333","0.00484528000000001","0.00234005","P","P","P","P","P",0,0,0,1,0,0,0
"136",399,2762,2762,"c","c","t","t",0.00144822592324403,0.00144822592324403,0.000362056480811006,0.000362056480811006,0,0.000362056480811006,0,0.000362056480811006,0.00181028240405503,0.00181028240405503,0.00181028240405503,0.00181028240405503,"stop","nonsyn","nonsyn",4.58e-06,8.37e-07,4.33e-07,4.33e-07,"0.00316248999999999","0.001195946","1","0.001195946","Q","Q","*","K","E",1,1,1,0,0,0,0
"137",400,2724,2724,"a","a","g","g",0.0154185022026432,0.0154185022026432,0.00110132158590308,0.00110132158590308,0,0.00110132158590308,0,0.00110132158590308,0.0165198237885463,0.0165198237885463,0.0165198237885463,0.0165198237885463,"nonsyn","nonsyn","nonsyn",1.77e-05,1.76e-06,1.7e-06,1.7e-06,"0.00114797142857143","0.00154360000000001","1","0.00154360000000001","Q","Q","R","P","L",1,1,1,1,1,1,0
"138",401,2750,2750,"g","g","a","a",0.00145454545454545,0.00145454545454545,0.000363636363636364,0.000363636363636364,0,0.000363636363636364,0,0.000363636363636364,0.00181818181818182,0.00181818181818182,0.00181818181818182,0.00181818181818182,"syn","nonsyn","nonsyn",4.2e-06,5.36e-07,1.17e-06,1.17e-06,"0.00288750000000001","0.0032175","1","0.0032175","Q","Q","Q","H","H",0,1,1,0,1,1,0
"139",402,2746,2746,"g","g","a","a",0.00182083029861617,0.00182083029861617,0,0,0,0,0,0,0.00182083029861617,0.00182083029861617,0.00182083029861617,0.00182083029861617,"nonsyn","nonsyn","nonsyn",4.2e-06,5.36e-07,1.17e-06,1.17e-06,"0.00230664","1","1","1","D","D","N","H","Y",1,1,1,0,0,0,0
"140",403,2739,2739,"a","a","g","g",0.00584154801022271,0.00584154801022271,0.000365096750638919,0.000365096750638919,0.000365096750638919,0,0.000365096750638919,0,0.00620664476086163,0.00620664476086163,0.00620664476086163,0.00620664476086163,"nonsyn","nonsyn","nonsyn",1.77e-05,1.76e-06,1.7e-06,1.7e-06,"0.00303001875","0.0046563","0.00482064","1","D","D","G","A","V",1,1,1,0,0,0,0
"141",404,2744,2744,"c","c","t","t",0.0010932944606414,0.0010932944606414,0,0,0,0,0,0,0.0010932944606414,0.0010932944606414,0.0010932944606414,0.0010932944606414,"syn","nonsyn","nonsyn",4.58e-06,8.37e-07,4.33e-07,4.33e-07,"0.00418917333333333","1","1","1","D","D","D","E","E",0,0,0,0,0,0,0
"142",405,2741,2741,"g","g","a","a",0.00474279460051076,0.00474279460051076,0,0,0,0,0,0,0.00474279460051076,0.00474279460051076,0.00474279460051076,0.00474279460051076,"nonsyn","nonsyn","nonsyn",4.2e-06,5.36e-07,1.17e-06,1.17e-06,"0.000885553846153847","1","1","1","V","V","I","L","F",0,0,0,0,0,0,0
"143",406,2756,2756,"t","t","c","c",0.00616835994194485,0.00616835994194485,0.00145137880986938,0.00145137880986938,0.00145137880986938,0,0.00145137880986938,0,0.00761973875181422,0.00761973875181422,0.00761973875181422,0.00761973875181422,"nonsyn","nonsyn","nonsyn",1.7e-05,1.07e-06,1.21e-06,1.21e-06,"0.002756","0.000833689999999998","0.000737229999999998","1","V","V","A","D","G",0,1,1,0,0,0,0
"144",407,2765,2765,"c","c","t","t",0.000723327305605787,0.000723327305605787,0.000361663652802893,0.000361663652802893,0.000361663652802893,0,0.000361663652802893,0,0.00108499095840868,0.00108499095840868,0.00108499095840868,0.00108499095840868,"syn","syn","syn",4.58e-06,8.37e-07,4.33e-07,4.33e-07,"0.00633185","0.001197245","0.002314305","1","V","V","V","V","V",0,0,0,0,0,0,0
"145",408,2786,2786,"a","a","g","g",0.00861450107681263,0.00861450107681263,0.00287150035893754,0.00287150035893754,0,0.00287150035893754,0,0.00287150035893754,0.0114860014357502,0.0114860014357502,0.0114860014357502,0.0114860014357502,"nonsyn","nonsyn","stop",1.77e-05,1.76e-06,1.7e-06,1.7e-06,"0.002054675","0.000592025000000001","1","0.000592025000000001","K","K","E","Q","*",1,1,1,1,0,0,0
"146",409,2783,2783,"a","a","g","g",0.00395256916996047,0.00395256916996047,0.00107797340998922,0.00107797340998922,0.000359324469996407,0.000718648939992814,0.000359324469996407,0.000718648939992814,0.00503054257994969,0.00503054257994969,0.00503054257994969,0.00503054257994969,"nonsyn","nonsyn","nonsyn",1.77e-05,1.76e-06,1.7e-06,1.7e-06,"0.0044781","0.00157703333333333","0.00489808","0.00236555","K","K","R","T","M",0,1,1,0,1,1,0
"147",410,2824,2825,"g","g","a","a",0.0148725212464589,0.0148725212464589,0,0,0,0,0,0,0.0148725212464589,0.0148725212464589,0.0148672566371681,0.0148672566371681,"syn","nonsyn","nonsyn",4.2e-06,5.36e-07,1.17e-06,1.17e-06,"0.0002824","1","1","1","K","K","K","N","N",0,1,1,0,0,0,0
"148",411,2832,2832,"t","t","c","c",0.00141242937853107,0.00141242937853107,0,0,0,0,0,0,0.00141242937853107,0.00141242937853107,0.00141242937853107,0.00141242937853107,"nonsyn","nonsyn","nonsyn",1.7e-05,1.07e-06,1.21e-06,1.21e-06,"0.012036","1","1","1","F","F","L","I","V",0,0,0,0,0,0,0
"149",412,2825,2825,"t","t","c","c",0.00460176991150442,0.00460176991150442,0.000353982300884956,0.000353982300884956,0.000353982300884956,0,0.000353982300884956,0,0.00495575221238938,0.00495575221238938,0.00495575221238938,0.00495575221238938,"nonsyn","nonsyn","nonsyn",1.7e-05,1.07e-06,1.21e-06,1.21e-06,"0.00369423076923077","0.00341825","0.00302275","1","F","F","S","Y","C",1,0,1,0,0,0,0
"150",413,2832,2832,"c","c","t","t",0.00105932203389831,0.00105932203389831,0.000353107344632768,0.000353107344632768,0.000353107344632768,0,0.000353107344632768,0,0.00141242937853107,0.00141242937853107,0.00141242937853107,0.00141242937853107,"syn","nonsyn","nonsyn",4.58e-06,8.37e-07,4.33e-07,4.33e-07,"0.00432351999999998","0.001226256","0.002370384","1","F","F","F","L","L",0,0,0,0,0,0,0
"151",414,2826,2826,"c","c","t","t",0.00141542816702052,0.00141542816702052,0.000707714083510262,0.000707714083510262,0.000707714083510262,0,0.000707714083510262,0,0.00212314225053079,0.00212314225053079,0.00212314225053079,0.00212314225053079,"nonsyn","nonsyn","nonsyn",4.58e-06,8.37e-07,4.33e-07,4.33e-07,"0.00323577000000001","0.000611829","0.001182681","1","P","P","S","T","A",1,1,1,0,1,0,1
"152",415,2790,2790,"c","c","t","t",0.0021505376344086,0.0021505376344086,0.0010752688172043,0.0010752688172043,0.0010752688172043,0,0.0010752688172043,0,0.0032258064516129,0.0032258064516129,0.0032258064516129,0.0032258064516129,"nonsyn","nonsyn","nonsyn",4.58e-06,8.37e-07,4.33e-07,4.33e-07,"0.0021297","0.00040269","0.000778410000000001","1","P","P","L","Q","R",1,1,1,0,1,0,1
"153",416,2796,2797,"g","g","a","a",0.00286123032904149,0.00286123032904149,0.000357653791130186,0.000357653791130186,0,0.000357653791130186,0,0.000357653791130186,0.00321888412017167,0.00321888412017167,0.00321773328566321,0.00321773328566321,"syn","syn","syn",4.2e-06,5.36e-07,1.17e-06,1.17e-06,"0.0014679","0.00327132","1","0.00327132","P","P","P","P","P",0,0,0,0,1,1,0
"154",417,2774,2774,"g","g","a","a",0.00108147080028839,0.00108147080028839,0.000720980533525595,0.000720980533525595,0,0.000720980533525595,0,0.000720980533525595,0.00180245133381399,0.00180245133381399,0.00180245133381399,0.00180245133381399,"nonsyn","nonsyn","nonsyn",4.2e-06,5.36e-07,1.17e-06,1.17e-06,"0.00388360000000001","0.00162279","1","0.00162279","G","G","S","R","C",1,1,0,0,1,1,0
"155",418,2755,2755,"g","g","a","a",0.00181488203266788,0.00181488203266788,0.000362976406533575,0.000362976406533575,0,0.000362976406533575,0,0.000362976406533575,0.00217785843920145,0.00217785843920145,0.00217785843920145,0.00217785843920145,"nonsyn","nonsyn","nonsyn",4.2e-06,5.36e-07,1.17e-06,1.17e-06,"0.0023142","0.00322335","1","0.00322335","G","G","D","A","V",1,1,1,0,0,0,0
"156",419,2677,2677,"t","t","c","c",0.00298841987299216,0.00298841987299216,0.000373552484124019,0.000373552484124019,0.000373552484124019,0,0.000373552484124019,0,0.00336197235711617,0.00336197235711617,0.00336197235711617,0.00336197235711617,"syn","syn","syn",1.7e-05,1.07e-06,1.21e-06,1.21e-06,"0.00568862499999999","0.00323917","0.00286439","1","G","G","G","G","G",0,0,0,1,0,0,0
"157",420,2681,2681,"g","g","a","a",0.000372995151063036,0.000372995151063036,0.000745990302126072,0.000745990302126072,0,0.000745990302126072,0,0.000745990302126072,0.00111898545318911,0.00111898545318911,0.00111898545318911,0.00111898545318911,"nonsyn","nonsyn","nonsyn",4.2e-06,5.36e-07,1.17e-06,1.17e-06,"0.0112602","0.001568385","1","0.001568385","G","G","S","R","C",1,1,0,0,1,1,0
"158",421,2693,2693,"g","g","a","a",0.00185666542888971,0.00185666542888971,0,0,0,0,0,0,0.00185666542888971,0.00185666542888971,0.00185666542888971,0.00185666542888971,"nonsyn","nonsyn","nonsyn",4.2e-06,5.36e-07,1.17e-06,1.17e-06,"0.00226212","1","1","1","G","G","D","A","V",1,1,1,0,0,0,0
"159",422,2726,2726,"t","c","c","t",0.0033015407190022,0.996698459280998,0,0,0,0,0,0,0.0033015407190022,0.996698459280998,0.0033015407190022,0.996698459280998,"syn","syn","syn",4.58e-06,8.37e-07,4.33e-07,4.33e-07,"4.59517114464483e-06","1","1","1","G","G","G","G","G",0,0,0,0,0,0,0
"160",423,2776,2778,"g","g","a","a",0.00288184438040346,0.00288184438040346,0.000360230547550432,0.000360230547550432,0,0.000360230547550432,0,0.000360230547550432,0.00324207492795389,0.00324207492795389,0.00323974082073434,0.00323974082073434,"nonsyn","nonsyn","nonsyn",4.2e-06,5.36e-07,1.17e-06,1.17e-06,"0.0014574","0.00324792","1","0.00324792","G","G","S","R","C",1,1,0,0,1,1,0
"161",424,2795,2795,"g","g","a","a",0.000715563506261181,0.000715563506261181,0,0,0,0,0,0,0.000715563506261181,0.000715563506261181,0.000715563506261181,0.000715563506261181,"nonsyn","nonsyn","nonsyn",4.2e-06,5.36e-07,1.17e-06,1.17e-06,"0.0058695","1","1","1","G","G","D","A","V",1,1,1,0,0,0,0
"162",425,2812,2812,"t","t","c","c",0.0042674253200569,0.0042674253200569,0.000355618776671408,0.000355618776671408,0.000355618776671408,0,0.000355618776671408,0,0.00462304409672831,0.00462304409672831,0.00462304409672831,0.00462304409672831,"syn","syn","syn",1.7e-05,1.07e-06,1.21e-06,1.21e-06,"0.00398366666666667","0.00340252","0.00300884","1","G","G","G","G","G",0,0,0,0,0,0,0
"163",426,2897,2897,"c","c","t","t",0.00138073869520193,0.00138073869520193,0.000345184673800483,0.000345184673800483,0,0.000345184673800483,0,0.000345184673800483,0.00172592336900242,0.00172592336900242,0.00172592336900242,0.00172592336900242,"stop","nonsyn","nonsyn",4.58e-06,8.37e-07,4.33e-07,4.33e-07,"0.00331706500000001","0.001254401","1","0.001254401","Q","Q","*","K","E",1,1,1,0,0,0,0
"164",427,2887,2887,"a","a","g","g",0.00519570488396259,0.00519570488396259,0.00103914097679252,0.00103914097679252,0,0.00103914097679252,0,0.00103914097679252,0.00623484586075511,0.00623484586075511,0.00623484586075511,0.00623484586075511,"nonsyn","nonsyn","nonsyn",1.77e-05,1.76e-06,1.7e-06,1.7e-06,"0.00340666","0.00163596666666666","1","0.00163596666666666","Q","Q","R","P","L",1,1,1,1,1,1,0
"165",428,2872,2872,"g","g","a","a",0.00174094707520891,0.00174094707520891,0.000696378830083565,0.000696378830083565,0.000348189415041783,0.000348189415041783,0.000348189415041783,0.000348189415041783,0.00243732590529248,0.00243732590529248,0.00243732590529248,0.00243732590529248,"syn","nonsyn","nonsyn",4.2e-06,5.36e-07,1.17e-06,1.17e-06,"0.00241248000000001","0.00168012","0.001539392","0.00336024","Q","Q","Q","H","H",0,1,1,0,0,0,0
"166",429,2883,2883,"a","a","g","g",0.0117932708983698,0.0117932708983698,0,0,0,0,0,0,0.0117932708983698,0.0117932708983698,0.0117932708983698,0.0117932708983698,"nonsyn","nonsyn","nonsyn",1.77e-05,1.76e-06,1.7e-06,1.7e-06,"0.00150085588235294","1","1","1","I","I","V","L","F",0,0,0,0,0,0,0
"167",430,2866,2866,"t","t","c","c",0.000697836706210747,0.000697836706210747,0,0,0,0,0,0,0.000697836706210747,0.000697836706210747,0.000697836706210747,0.000697836706210747,"nonsyn","nonsyn","nonsyn",1.7e-05,1.07e-06,1.21e-06,1.21e-06,"0.024361","1","1","1","I","I","T","N","S",1,1,1,0,0,0,0
"168",431,2880,2880,"c","c","t","t",0.00104166666666667,0.00104166666666667,0.00104166666666667,0.00104166666666667,0.00104166666666667,0,0.00104166666666667,0,0.00208333333333333,0.00208333333333333,0.00208333333333333,0.00208333333333333,"syn","syn","nonsyn",4.58e-06,8.37e-07,4.33e-07,4.33e-07,"0.00439679999999999","0.000415679999999999","0.000803519999999997","1","I","I","I","I","M",0,0,0,0,0,0,0
"169",432,2880,2880,"g","g","a","a",0.000694444444444444,0.000694444444444444,0,0,0,0,0,0,0.000694444444444444,0.000694444444444444,0.000694444444444444,0.000694444444444444,"nonsyn","nonsyn","nonsyn",4.2e-06,5.36e-07,1.17e-06,1.17e-06,"0.006048","1","1","1","V","V","I","L","F",0,0,0,0,0,0,0
"170",433,2886,2886,"t","t","c","c",0.00138600138600139,0.00138600138600139,0.000346500346500347,0.000346500346500347,0.000346500346500347,0,0.000346500346500347,0,0.00173250173250173,0.00173250173250173,0.00173250173250173,0.00173250173250173,"nonsyn","nonsyn","nonsyn",1.7e-05,1.07e-06,1.21e-06,1.21e-06,"0.0122655","0.00349206","0.00308802","1","V","V","A","D","G",0,1,1,0,0,0,0
"171",434,2899,2899,"t","t","c","c",0.0137978613314936,0.0137978613314936,0.000689893066574681,0.000689893066574681,0.00034494653328734,0.00034494653328734,0.00034494653328734,0.00034494653328734,0.0144877543980683,0.0144877543980683,0.0144877543980683,0.0144877543980683,"syn","syn","syn",1.7e-05,1.07e-06,1.21e-06,1.21e-06,"0.001232075","0.001753895","0.00310193","0.00350779","V","V","V","V","V",0,0,0,1,0,0,0
"172",435,2917,2918,"g","g","a","a",0.00102845389098389,0.00102845389098389,0.000342817963661296,0.000342817963661296,0,0.000342817963661296,0,0.000342817963661296,0.00137127185464518,0.00137127185464518,0.00137080191912269,0.00137080191912269,"nonsyn","nonsyn","nonsyn",4.2e-06,5.36e-07,1.17e-06,1.17e-06,"0.00408379999999999","0.00341289","1","0.00341289","G","G","S","R","C",1,1,0,0,1,1,0
"173",436,2920,2920,"g","g","a","a",0.00171232876712329,0.00171232876712329,0,0,0,0,0,0,0.00171232876712329,0.00171232876712329,0.00171232876712329,0.00171232876712329,"nonsyn","nonsyn","nonsyn",4.2e-06,5.36e-07,1.17e-06,1.17e-06,"0.0024528","1","1","1","G","G","D","A","V",1,1,1,0,0,0,0
"174",437,2906,2906,"t","t","c","c",0.00447350309704061,0.00447350309704061,0.000344115622849277,0.000344115622849277,0,0.000344115622849277,0,0.000344115622849277,0.00481761871988988,0.00481761871988988,0.00481761871988988,0.00481761871988988,"syn","syn","syn",1.7e-05,1.07e-06,1.21e-06,1.21e-06,"0.00380015384615384","0.00351626","1","0.00351626","G","G","G","G","G",0,0,0,1,0,0,0
"175",438,2922,2923,"g","g","a","a",0.00102669404517454,0.00102669404517454,0.000684462696783025,0.000684462696783025,0,0.000684462696783025,0,0.000684462696783025,0.00171115674195756,0.00171115674195756,0.0017105713308245,0.0017105713308245,"nonsyn","nonsyn","stop",4.2e-06,5.36e-07,1.17e-06,1.17e-06,"0.00409079999999999","0.00170937","1","0.00170937","G","G","R","R","*",1,1,1,0,1,1,0
"176",439,2928,2928,"g","g","a","a",0.00170765027322404,0.00170765027322404,0.000341530054644809,0.000341530054644809,0,0.000341530054644809,0,0.000341530054644809,0.00204918032786885,0.00204918032786885,0.00204918032786885,0.00204918032786885,"nonsyn","nonsyn","nonsyn",4.2e-06,5.36e-07,1.17e-06,1.17e-06,"0.00245952","0.00342576","1","0.00342576","G","G","E","A","V",1,1,1,0,0,0,0
"177",440,2943,2943,"a","a","g","g",0.00305810397553517,0.00305810397553517,0.000679578661230037,0.000679578661230037,0,0.000679578661230037,0,0.000679578661230037,0.00373768263676521,0.00373768263676521,0.00373768263676521,0.00373768263676521,"syn","syn","syn",1.77e-05,1.76e-06,1.7e-06,1.7e-06,"0.0057879","0.00250155","1","0.00250155","G","G","G","G","G",0,0,0,0,1,1,0
"178",441,2981,2981,"g","g","a","a",0.000335457900033546,0.000335457900033546,0,0,0,0,0,0,0.000335457900033546,0.000335457900033546,0.000335457900033546,0.000335457900033546,"nonsyn","nonsyn","nonsyn",4.2e-06,5.36e-07,1.17e-06,1.17e-06,"0.0125202","1","1","1","V","V","I","L","F",0,0,0,0,0,0,0
"179",442,3056,3056,"t","t","c","c",0.00392670157068063,0.00392670157068063,0.00163612565445026,0.00163612565445026,0,0.00163612565445026,0,0.00163612565445026,0.00556282722513089,0.00556282722513089,0.00556282722513089,0.00556282722513089,"nonsyn","nonsyn","nonsyn",1.7e-05,1.07e-06,1.21e-06,1.21e-06,"0.00432933333333333","0.000739552000000001","1","0.000739552000000001","V","V","A","D","G",0,1,1,0,0,0,0
"180",443,3062,3062,"t","t","c","c",0.00489875898105813,0.00489875898105813,0.000326583932070542,0.000326583932070542,0.000326583932070542,0,0.000326583932070542,0,0.00522534291312867,0.00522534291312867,0.00522534291312867,0.00522534291312867,"syn","syn","syn",1.7e-05,1.07e-06,1.21e-06,1.21e-06,"0.00347026666666667","0.00370502","0.00327634","1","V","V","V","V","V",0,0,0,0,0,0,0
"181",444,3081,3081,"t","t","c","c",0.00259655955858487,0.00259655955858487,0,0,0,0,0,0,0.00259655955858487,0.00259655955858487,0.00259655955858487,0.00259655955858487,"nonsyn","nonsyn","nonsyn",1.7e-05,1.07e-06,1.21e-06,1.21e-06,"0.00654712500000001","1","1","1","Y","Y","H","N","D",1,1,1,0,0,0,0
"182",445,3041,3041,"a","a","g","g",0.00197303518579415,0.00197303518579415,0,0,0,0,0,0,0.00197303518579415,0.00197303518579415,0.00197303518579415,0.00197303518579415,"nonsyn","nonsyn","nonsyn",1.77e-05,1.76e-06,1.7e-06,1.7e-06,"0.00897094999999998","1","1","1","Y","Y","C","S","F",1,1,0,0,0,0,0
"183",446,3080,3080,"c","c","t","t",0.000324675324675325,0.000324675324675325,0,0,0,0,0,0,0.000324675324675325,0.000324675324675325,0.000324675324675325,0.000324675324675325,"syn","stop","stop",4.58e-06,8.37e-07,4.33e-07,4.33e-07,"0.0141064","1","1","1","Y","Y","Y","*","*",0,1,1,0,0,0,0
"184",447,3064,3064,"t","t","c","c",0.00424281984334204,0.00424281984334204,0.00130548302872063,0.00130548302872063,0.00097911227154047,0.000326370757180157,0.00097911227154047,0.000326370757180157,0.00554830287206266,0.00554830287206266,0.00554830287206266,0.00554830287206266,"syn","nonsyn","nonsyn",1.7e-05,1.07e-06,1.21e-06,1.21e-06,"0.00400676923076923","0.000926859999999998","0.00109282666666667","0.00370744","L","L","L","M","V",0,0,0,0,1,0,1
"185",448,3071,3071,"t","t","c","c",0.0058612829697167,0.0058612829697167,0.0022793878215565,0.0022793878215565,0.0022793878215565,0,0.0022793878215565,0,0.0081406707912732,0.0081406707912732,0.0081406707912732,0.0081406707912732,"nonsyn","stop","nonsyn",1.7e-05,1.07e-06,1.21e-06,1.21e-06,"0.00290038888888889","0.000530844285714285","0.000469424285714285","1","L","L","S","*","W",1,1,0,1,0,0,0
"186",449,3038,3038,"g","g","a","a",0.00032916392363397,0.00032916392363397,0,0,0,0,0,0,0.00032916392363397,0.00032916392363397,0.00032916392363397,0.00032916392363397,"syn","nonsyn","nonsyn",4.2e-06,5.36e-07,1.17e-06,1.17e-06,"0.0127596","1","1","1","L","L","L","F","F",0,0,0,0,0,0,0
"187",450,3042,3042,"t","t","c","c",0.0029585798816568,0.0029585798816568,0.000657462195923734,0.000657462195923734,0,0.000657462195923734,0,0.000657462195923734,0.00361604207758054,0.00361604207758054,0.00361604207758054,0.00361604207758054,"syn","nonsyn","nonsyn",1.7e-05,1.07e-06,1.21e-06,1.21e-06,"0.00574600000000001","0.00184041","1","0.00184041","L","L","L","M","V",0,0,0,0,0,0,0
"188",451,3045,3045,"t","t","c","c",0.00229885057471264,0.00229885057471264,0,0,0,0,0,0,0.00229885057471264,0.00229885057471264,0.00229885057471264,0.00229885057471264,"nonsyn","stop","nonsyn",1.7e-05,1.07e-06,1.21e-06,1.21e-06,"0.00739500000000001","1","1","1","L","L","S","*","W",1,1,0,1,0,0,0
"189",452,3026,3026,"g","g","a","a",0.00727032385988103,0.00727032385988103,0.000330469266358229,0.000330469266358229,0,0.000330469266358229,0,0.000330469266358229,0.00760079312623926,0.00760079312623926,0.00760079312623926,0.00760079312623926,"syn","nonsyn","nonsyn",4.2e-06,5.36e-07,1.17e-06,1.17e-06,"0.000577690909090909","0.00354042","1","0.00354042","L","L","L","F","F",0,0,0,0,0,0,0
"190",453,3026,3026,"c","c","t","t",0.00165234633179114,0.00165234633179114,0.000330469266358229,0.000330469266358229,0.000330469266358229,0,0.000330469266358229,0,0.00198281559814937,0.00198281559814937,0.00198281559814937,0.00198281559814937,"nonsyn","nonsyn","nonsyn",4.58e-06,8.37e-07,4.33e-07,4.33e-07,"0.00277181600000001","0.001310258","0.002532762","1","P","P","S","T","A",1,1,1,0,0,0,0
"191",454,3028,3028,"c","c","t","t",0.00297225891677675,0.00297225891677675,0,0,0,0,0,0,0.00297225891677675,0.00297225891677675,0.00297225891677675,0.00297225891677675,"nonsyn","nonsyn","nonsyn",4.58e-06,8.37e-07,4.33e-07,4.33e-07,"0.00154091555555556","1","1","1","P","P","L","Q","R",1,1,1,0,1,0,1
"192",455,3018,3018,"g","g","a","a",0.00198807157057654,0.00198807157057654,0,0,0,0,0,0,0.00198807157057654,0.00198807157057654,0.00198807157057654,0.00198807157057654,"syn","syn","syn",4.2e-06,5.36e-07,1.17e-06,1.17e-06,"0.0021126","1","1","1","P","P","P","P","P",0,0,0,0,0,0,0
"193",456,3019,3019,"c","c","t","t",0.00231864855912554,0.00231864855912554,0.000331235508446505,0.000331235508446505,0.000331235508446505,0,0.000331235508446505,0,0.00264988406757204,0.00264988406757204,0.00264988406757204,0.00264988406757204,"nonsyn","nonsyn","nonsyn",4.58e-06,8.37e-07,4.33e-07,4.33e-07,"0.00197528857142857","0.001307227","0.002526903","1","R","R","C","S","G",1,1,1,0,0,0,0
"194",457,3017,3017,"g","g","a","a",0.00132582035134239,0.00132582035134239,0,0,0,0,0,0,0.00132582035134239,0.00132582035134239,0.00132582035134239,0.00132582035134239,"nonsyn","nonsyn","nonsyn",4.2e-06,5.36e-07,1.17e-06,1.17e-06,"0.00316785000000001","1","1","1","R","R","H","P","L",0,1,1,0,0,0,0
"195",458,3001,3001,"c","c","t","t",0.00199933355548151,0.00199933355548151,0.000333222259246918,0.000333222259246918,0.000333222259246918,0,0.000333222259246918,0,0.00233255581472842,0.00233255581472842,0.00233255581472842,0.00233255581472842,"syn","syn","syn",4.58e-06,8.37e-07,4.33e-07,4.33e-07,"0.00229076333333333","0.001299433","0.002511837","1","R","R","R","R","R",0,0,0,0,0,0,0
"196",459,2980,2980,"a","a","g","g",0.00369127516778523,0.00369127516778523,0.000671140939597315,0.000671140939597315,0,0.000671140939597315,0,0.000671140939597315,0.00436241610738255,0.00436241610738255,0.00436241610738255,0.00436241610738255,"nonsyn","syn","nonsyn",1.77e-05,1.76e-06,1.7e-06,1.7e-06,"0.00479509090909092","0.002533","1","0.002533","R","R","G","R","W",1,0,1,1,1,1,0
"197",460,2861,2867,"g","g","a","a",0.00139811254806012,0.00139811254806012,0.00104858441104509,0.00104858441104509,0,0.00104858441104509,0,0.00104858441104509,0.00244669695910521,0.00244669695910521,0.00244157656086502,0.00244157656086502,"nonsyn","nonsyn","nonsyn",4.2e-06,5.36e-07,1.17e-06,1.17e-06,"0.00300405","0.00111579","1","0.00111579","R","R","K","T","M",0,1,1,0,1,1,0
"198",461,2863,2863,"g","g","a","a",0.00104785190359762,0.00104785190359762,0,0,0,0,0,0,0.00104785190359762,0.00104785190359762,0.00104785190359762,0.00104785190359762,"syn","nonsyn","nonsyn",4.2e-06,5.36e-07,1.17e-06,1.17e-06,"0.00400820000000002","1","1","1","R","R","R","S","S",0,1,1,0,1,1,0
"199",462,2870,2870,"g","g","a","a",0.00174216027874564,0.00174216027874564,0,0,0,0,0,0,0.00174216027874564,0.00174216027874564,0.00174216027874564,0.00174216027874564,"nonsyn","nonsyn","nonsyn",4.2e-06,5.36e-07,1.17e-06,1.17e-06,"0.00241080000000001","1","1","1","G","G","S","R","C",1,1,0,0,1,1,0
"200",463,2881,2881,"g","g","a","a",0.00208261020479,0.00208261020479,0,0,0,0,0,0,0.00208261020479,0.00208261020479,0.00208261020479,0.00208261020479,"nonsyn","nonsyn","nonsyn",4.2e-06,5.36e-07,1.17e-06,1.17e-06,"0.0020167","1","1","1","G","G","D","A","V",1,1,1,0,0,0,0
"201",464,2883,2884,"c","c","t","t",0.00208116545265349,0.00208116545265349,0.00104058272632674,0.00104058272632674,0.000693721817551162,0.000346860908775581,0.000693721817551162,0.000346860908775581,0.00312174817898023,0.00312174817898023,0.00312066574202497,0.00312066574202497,"syn","syn","syn",4.58e-06,8.37e-07,4.33e-07,4.33e-07,"0.00220069","0.000416113000000001","0.0012065355","0.001248339","G","G","G","G","G",0,0,0,0,0,0,0
"202",465,2879,2879,"c","c","t","t",0.00312608544633553,0.00312608544633553,0,0,0,0,0,0,0.00312608544633553,0.00312608544633553,0.00312608544633553,0.00312608544633553,"nonsyn","nonsyn","nonsyn",4.58e-06,8.37e-07,4.33e-07,4.33e-07,"0.00146509111111111","1","1","1","P","P","S","T","A",1,1,1,0,1,0,1
"203",466,2884,2884,"c","c","t","t",0.0013869625520111,0.0013869625520111,0.000693481276005548,0.000693481276005548,0.000693481276005548,0,0.000693481276005548,0,0.00208044382801664,0.00208044382801664,0.00208044382801664,0.00208044382801664,"nonsyn","nonsyn","nonsyn",4.58e-06,8.37e-07,4.33e-07,4.33e-07,"0.00330217999999999","0.000624386","0.001206954","1","P","P","L","H","R",1,1,1,0,1,0,1
"204",467,2820,2820,"t","t","c","c",0.00106382978723404,0.00106382978723404,0.000354609929078014,0.000354609929078014,0.000354609929078014,0,0.000354609929078014,0,0.00141843971631206,0.00141843971631206,0.00141843971631206,0.00141843971631206,"syn","syn","syn",1.7e-05,1.07e-06,1.21e-06,1.21e-06,"0.01598","0.0034122","0.0030174","1","P","P","P","P","P",0,0,0,0,1,0,1
"205",468,2916,2916,"a","a","g","g",0.00308641975308642,0.00308641975308642,0,0,0,0,0,0,0.00308641975308642,0.00308641975308642,0.00308641975308642,0.00308641975308642,"nonsyn","syn","stop",1.77e-05,1.76e-06,1.7e-06,1.7e-06,"0.0057348","1","1","1","R","R","G","R","*",1,0,1,0,1,1,0
"206",469,2932,2932,"g","g","a","a",0.00034106412005457,0.00034106412005457,0.00136425648021828,0.00136425648021828,0.00034106412005457,0.00102319236016371,0.00034106412005457,0.00102319236016371,0.00170532060027285,0.00170532060027285,0.00170532060027285,0.00170532060027285,"nonsyn","nonsyn","nonsyn",4.2e-06,5.36e-07,1.17e-06,1.17e-06,"0.0123144","0.000857610000000001","0.001571552","0.00114348","R","R","K","T","I",0,1,1,0,0,0,0
"207",470,2926,2926,"a","a","g","g",0.00136705399863295,0.00136705399863295,0.000341763499658237,0.000341763499658237,0,0.000341763499658237,0,0.000341763499658237,0.00170881749829118,0.00170881749829118,0.00170881749829118,0.00170881749829118,"syn","nonsyn","nonsyn",1.77e-05,1.76e-06,1.7e-06,1.7e-06,"0.01294755","0.00497419999999999","1","0.00497419999999999","R","R","R","S","S",0,1,1,0,0,0,0
"208",471,2732,2732,"t","t","c","c",0.00402635431918009,0.00402635431918009,0.000732064421669107,0.000732064421669107,0.000732064421669107,0,0.000732064421669107,0,0.00475841874084919,0.00475841874084919,0.00475841874084919,0.00475841874084919,"syn","nonsyn","nonsyn",1.7e-05,1.07e-06,1.21e-06,1.21e-06,"0.00422218181818182","0.00165286","0.00146162","1","L","L","L","M","V",0,0,0,0,0,0,0
"209",472,2710,2710,"t","t","c","c",0.0044280442804428,0.0044280442804428,0.000738007380073801,0.000738007380073801,0.000738007380073801,0,0.000738007380073801,0,0.00516605166051661,0.00516605166051661,0.00516605166051661,0.00516605166051661,"nonsyn","stop","nonsyn",1.7e-05,1.07e-06,1.21e-06,1.21e-06,"0.00383916666666667","0.00163955","0.00144985","1","L","L","S","*","W",1,1,0,1,0,0,0
"210",473,2717,2717,"g","g","a","a",0.00331247699668752,0.00331247699668752,0,0,0,0,0,0,0.00331247699668752,0.00331247699668752,0.00331247699668752,0.00331247699668752,"syn","nonsyn","nonsyn",4.2e-06,5.36e-07,1.17e-06,1.17e-06,"0.00126793333333333","1","1","1","L","L","L","F","F",0,0,0,0,1,1,0
"211",474,2724,2725,"g","g","a","a",0.00477239353891336,0.00477239353891336,0.00110132158590308,0.00110132158590308,0,0.00110132158590308,0,0.00110132158590308,0.00587371512481645,0.00587371512481645,0.00587155963302752,0.00587155963302752,"nonsyn","nonsyn","nonsyn",4.2e-06,5.36e-07,1.17e-06,1.17e-06,"0.000880061538461539","0.00106236","1","0.00106236","G","G","S","R","C",1,1,0,0,1,1,0
"212",475,2722,2722,"g","g","a","a",0.00220426157237326,0.00220426157237326,0,0,0,0,0,0,0.00220426157237326,0.00220426157237326,0.00220426157237326,0.00220426157237326,"nonsyn","nonsyn","nonsyn",4.2e-06,5.36e-07,1.17e-06,1.17e-06,"0.0019054","1","1","1","G","G","D","A","V",1,1,1,0,0,0,0
"213",476,2677,2677,"t","t","c","c",0.00224131490474412,0.00224131490474412,0.00149420993649608,0.00149420993649608,0.000747104968248039,0.000747104968248039,0.000747104968248039,0.000747104968248039,0.00373552484124019,0.00373552484124019,0.00373552484124019,0.00373552484124019,"syn","syn","syn",1.7e-05,1.07e-06,1.21e-06,1.21e-06,"0.00758483333333332","0.000809792499999999","0.001432195","0.001619585","G","G","G","G","G",0,0,0,1,0,0,0
"214",477,2679,2679,"g","g","a","a",0.00298618887644644,0.00298618887644644,0.000373273609555804,0.000373273609555804,0,0.000373273609555804,0,0.000373273609555804,0.00335946248600224,0.00335946248600224,0.00335946248600224,0.00335946248600224,"nonsyn","nonsyn","nonsyn",4.2e-06,5.36e-07,1.17e-06,1.17e-06,"0.001406475","0.00313443","1","0.00313443","V","V","M","L","L",0,0,0,0,0,0,0
"215",478,2690,2690,"t","t","c","c",0.00223048327137546,0.00223048327137546,0.000371747211895911,0.000371747211895911,0.000371747211895911,0,0.000371747211895911,0,0.00260223048327138,0.00260223048327138,0.00260223048327138,0.00260223048327138,"nonsyn","nonsyn","nonsyn",1.7e-05,1.07e-06,1.21e-06,1.21e-06,"0.00762166666666668","0.0032549","0.0028783","1","V","V","A","E","G",0,1,1,1,0,0,0
"216",479,2698,2698,"g","g","a","a",0.00259451445515196,0.00259451445515196,0,0,0,0,0,0,0.00259451445515196,0.00259451445515196,0.00259451445515196,0.00259451445515196,"syn","syn","syn",4.2e-06,5.36e-07,1.17e-06,1.17e-06,"0.0016188","1","1","1","V","V","V","V","V",0,0,0,0,0,0,0
"217",480,2840,2840,"c","c","t","t",0.00246478873239437,0.00246478873239437,0.000352112676056338,0.000352112676056338,0.000352112676056338,0,0.000352112676056338,0,0.0028169014084507,0.0028169014084507,0.0028169014084507,0.0028169014084507,"nonsyn","nonsyn","nonsyn",4.58e-06,8.37e-07,4.33e-07,4.33e-07,"0.00185817142857143","0.00122972","0.00237708","1","R","R","C","S","G",1,1,1,0,0,0,0
"218",481,2832,2832,"g","g","a","a",0.00317796610169492,0.00317796610169492,0.000353107344632768,0.000353107344632768,0,0.000353107344632768,0,0.000353107344632768,0.00353107344632768,0.00353107344632768,0.00353107344632768,0.00353107344632768,"nonsyn","nonsyn","nonsyn",4.2e-06,5.36e-07,1.17e-06,1.17e-06,"0.0013216","0.00331344","1","0.00331344","R","R","H","P","L",0,1,1,0,0,0,0
"219",482,2832,2832,"c","c","t","t",0.00388418079096045,0.00388418079096045,0,0,0,0,0,0,0.00388418079096045,0.00388418079096045,0.00388418079096045,0.00388418079096045,"syn","syn","syn",4.58e-06,8.37e-07,4.33e-07,4.33e-07,"0.00117914181818182","1","1","1","R","R","R","R","R",0,0,0,0,0,0,0
"220",483,2821,2821,"g","g","a","a",0.00425381070542361,0.00425381070542361,0.000708968450903935,0.000708968450903935,0,0.000708968450903935,0,0.000708968450903935,0.00496277915632754,0.00496277915632754,0.00496277915632754,0.00496277915632754,"nonsyn","nonsyn","nonsyn",4.2e-06,5.36e-07,1.17e-06,1.17e-06,"0.000987349999999999","0.001650285","1","0.001650285","A","A","T","P","S",1,1,1,0,0,0,0
"221",484,2814,2814,"c","c","t","t",0.00177683013503909,0.00177683013503909,0.000355366027007818,0.000355366027007818,0.000355366027007818,0,0.000355366027007818,0,0.00213219616204691,0.00213219616204691,0.00213219616204691,0.00213219616204691,"nonsyn","nonsyn","nonsyn",4.58e-06,8.37e-07,4.33e-07,4.33e-07,"0.002577624","0.001218462","0.002355318","1","A","A","V","E","G",0,1,1,0,0,0,0
"222",485,2827,2827,"g","g","a","a",0.0010611956137248,0.0010611956137248,0.000353731871241599,0.000353731871241599,0,0.000353731871241599,0,0.000353731871241599,0.0014149274849664,0.0014149274849664,0.0014149274849664,0.0014149274849664,"syn","syn","syn",4.2e-06,5.36e-07,1.17e-06,1.17e-06,"0.00395779999999999","0.00330759","1","0.00330759","A","A","A","A","A",0,0,0,0,0,0,0
"223",486,2825,2825,"a","a","g","g",0.0031858407079646,0.0031858407079646,0,0,0,0,0,0,0.0031858407079646,0.0031858407079646,0.0031858407079646,0.0031858407079646,"nonsyn","nonsyn","nonsyn",1.77e-05,1.76e-06,1.7e-06,1.7e-06,"0.00555583333333334","1","1","1","T","T","A","P","S",1,1,0,0,0,0,0
"224",487,2832,2832,"c","c","t","t",0.00247175141242938,0.00247175141242938,0.000353107344632768,0.000353107344632768,0,0.000353107344632768,0,0.000353107344632768,0.00282485875706215,0.00282485875706215,0.00282485875706215,0.00282485875706215,"nonsyn","nonsyn","nonsyn",4.58e-06,8.37e-07,4.33e-07,4.33e-07,"0.00185293714285714","0.001226256","1","0.001226256","T","T","M","K","R",1,1,1,0,0,0,0
"225",488,2830,2830,"g","g","a","a",0.00247349823321555,0.00247349823321555,0.00106007067137809,0.00106007067137809,0,0.00106007067137809,0,0.00106007067137809,0.00353356890459364,0.00353356890459364,0.00353356890459364,0.00353356890459364,"syn","syn","syn",4.2e-06,5.36e-07,1.17e-06,1.17e-06,"0.001698","0.0011037","1","0.0011037","T","T","T","T","T",0,0,0,0,0,0,0
"226",489,2826,2826,"a","a","g","g",0.00247699929228592,0.00247699929228592,0.000353857041755131,0.000353857041755131,0.000353857041755131,0,0.000353857041755131,0,0.00283085633404105,0.00283085633404105,0.00283085633404105,0.00283085633404105,"nonsyn","syn","nonsyn",1.77e-05,1.76e-06,1.7e-06,1.7e-06,"0.00714574285714285","0.0048042","0.00497376","1","R","R","G","R","W",1,0,1,0,1,1,0
"227",490,2829,2829,"g","g","a","a",0,0,0.00106044538706257,0.00106044538706257,0.000353481795687522,0.000706963591375044,0.000353481795687522,0.000706963591375044,0.00106044538706257,0.00106044538706257,0.00106044538706257,0.00106044538706257,"nonsyn","nonsyn","nonsyn",4.2e-06,5.36e-07,1.17e-06,1.17e-06,"1","0.00110331","0.001516344","0.001654965","R","R","K","T","M",0,1,1,0,1,1,0
"228",491,2829,2829,"g","g","a","a",0.000706963591375044,0.000706963591375044,0.000706963591375044,0.000706963591375044,0.000353481795687522,0.000353481795687522,0.000353481795687522,0.000353481795687522,0.00141392718275009,0.00141392718275009,0.00141392718275009,0.00141392718275009,"syn","nonsyn","nonsyn",4.2e-06,5.36e-07,1.17e-06,1.17e-06,"0.0059409","0.001654965","0.001516344","0.00330993","R","R","R","S","S",0,1,1,0,0,0,0
"229",492,2829,2830,"a","a","g","g",0.00282785436550018,0.00282785436550018,0.00141392718275009,0.00141392718275009,0.000353481795687522,0.00106044538706257,0.000353481795687522,0.00106044538706257,0.00424178154825027,0.00424178154825027,0.00424028268551237,0.00424028268551237,"nonsyn","nonsyn","stop",1.77e-05,1.76e-06,1.7e-06,1.7e-06,"0.00625916249999999","0.001202325","0.00497904","0.00160309999999999","K","K","E","Q","*",1,1,1,0,0,0,0
"230",493,2863,2863,"a","a","g","g",0.00523925951798812,0.00523925951798812,0.00104785190359762,0.00104785190359762,0.00069856793573175,0.000349283967865875,0.00069856793573175,0.000349283967865875,0.00628711142158575,0.00628711142158575,0.00628711142158575,0.00628711142158575,"nonsyn","nonsyn","nonsyn",1.77e-05,1.76e-06,1.7e-06,1.7e-06,"0.00337834","0.00162236666666667","0.00251944","0.0048671","K","K","R","T","M",0,1,1,0,1,1,0
"231",494,2864,2864,"g","g","a","a",0.00104748603351955,0.00104748603351955,0.000349162011173184,0.000349162011173184,0,0.000349162011173184,0,0.000349162011173184,0.00139664804469274,0.00139664804469274,0.00139664804469274,0.00139664804469274,"syn","nonsyn","nonsyn",4.2e-06,5.36e-07,1.17e-06,1.17e-06,"0.00400960000000001","0.00335088","1","0.00335088","K","K","K","N","N",0,1,1,0,0,0,0
"232",495,2841,2841,"a","a","g","g",0.00140795494544175,0.00140795494544175,0,0,0,0,0,0,0.00140795494544175,0.00140795494544175,0.00140795494544175,0.00140795494544175,"nonsyn","nonsyn","nonsyn",1.77e-05,1.76e-06,1.7e-06,1.7e-06,"0.012571425","1","1","1","T","T","A","P","S",1,1,0,0,0,0,0
"233",496,2826,2826,"c","c","t","t",0.000353857041755131,0.000353857041755131,0,0,0,0,0,0,0.000353857041755131,0.000353857041755131,0.000353857041755131,0.000353857041755131,"nonsyn","nonsyn","nonsyn",4.58e-06,8.37e-07,4.33e-07,4.33e-07,"0.01294308","1","1","1","T","T","I","N","S",1,0,0,0,0,0,0
"234",497,2828,2828,"t","t","c","c",0.00318246110325318,0.00318246110325318,0.000353606789250354,0.000353606789250354,0,0.000353606789250354,0,0.000353606789250354,0.00353606789250354,0.00353606789250354,0.00353606789250354,0.00353606789250354,"syn","syn","syn",1.7e-05,1.07e-06,1.21e-06,1.21e-06,"0.00534177777777778","0.00342188","1","0.00342188","T","T","T","T","T",0,0,0,0,1,0,1
"235",498,2823,2823,"t","t","c","c",0.00354233085370174,0.00354233085370174,0,0,0,0,0,0,0.00354233085370174,0.00354233085370174,0.00354233085370174,0.00354233085370174,"nonsyn","nonsyn","nonsyn",1.7e-05,1.07e-06,1.21e-06,1.21e-06,"0.00479909999999999","1","1","1","S","S","P","T","A",1,0,1,0,0,0,0
"236",499,2817,2817,"c","c","t","t",0.00141995030173944,0.00141995030173944,0.00106496272630458,0.00106496272630458,0.00106496272630458,0,0.00106496272630458,0,0.00248491302804402,0.00248491302804402,0.00248491302804402,0.00248491302804402,"nonsyn","nonsyn","nonsyn",4.58e-06,8.37e-07,4.33e-07,4.33e-07,"0.003225465","0.000406587","0.000785942999999999","1","S","S","F","Y","C",1,1,1,0,0,0,0
"237",500,2811,2811,"c","c","t","t",0.00106723585912487,0.00106723585912487,0.00106723585912487,0.00106723585912487,0.000711490572749911,0.000355745286374956,0.000711490572749911,0.000355745286374956,0.00213447171824973,0.00213447171824973,0.00213447171824973,0.00213447171824973,"syn","syn","syn",4.58e-06,8.37e-07,4.33e-07,4.33e-07,"0.00429145999999999","0.000405720999999999","0.0011764035","0.001217163","S","S","S","S","S",0,0,0,0,1,0,1
"238",501,2815,2815,"g","g","a","a",0.00142095914742451,0.00142095914742451,0,0,0,0,0,0,0.00142095914742451,0.00142095914742451,0.00142095914742451,0.00142095914742451,"nonsyn","nonsyn","stop",4.2e-06,5.36e-07,1.17e-06,1.17e-06,"0.00295575","1","1","1","E","E","K","Q","*",1,1,1,0,0,0,0
"239",502,2791,2791,"a","a","g","g",0.00214976710856324,0.00214976710856324,0.00107488355428162,0.00107488355428162,0.000358294518093873,0.000716589036187746,0.000358294518093873,0.000716589036187746,0.00322465066284486,0.00322465066284486,0.00322465066284486,0.00322465066284486,"nonsyn","nonsyn","nonsyn",1.77e-05,1.76e-06,1.7e-06,1.7e-06,"0.00823345","0.00158156666666667","0.00491216","0.00237235","E","E","G","A","V",1,1,1,0,1,1,0
"240",503,2760,2760,"g","g","a","a",0.00181159420289855,0.00181159420289855,0,0,0,0,0,0,0.00181159420289855,0.00181159420289855,0.00181159420289855,0.00181159420289855,"syn","nonsyn","nonsyn",4.2e-06,5.36e-07,1.17e-06,1.17e-06,"0.0023184","1","1","1","E","E","E","D","D",0,0,0,0,0,0,0
"241",504,2736,2736,"c","c","t","t",0.00548245614035088,0.00548245614035088,0,0,0,0,0,0,0.00548245614035088,0.00548245614035088,0.00548245614035088,0.00548245614035088,"nonsyn","syn","nonsyn",4.58e-06,8.37e-07,4.33e-07,4.33e-07,"0.000835392","1","1","1","R","R","W","R","G",1,0,1,0,0,0,0
"242",505,2737,2737,"g","g","a","a",0.00219218122031421,0.00219218122031421,0,0,0,0,0,0,0.00219218122031421,0.00219218122031421,0.00219218122031421,0.00219218122031421,"nonsyn","nonsyn","nonsyn",4.2e-06,5.36e-07,1.17e-06,1.17e-06,"0.0019159","1","1","1","R","R","Q","P","L",1,1,1,0,1,1,0
"243",506,2740,2740,"g","g","a","a",0.0273722627737226,0.0273722627737226,0.00072992700729927,0.00072992700729927,0.000364963503649635,0.000364963503649635,0.000364963503649635,0.000364963503649635,0.0281021897810219,0.0281021897810219,0.0281021897810219,0.0281021897810219,"syn","syn","syn",4.2e-06,5.36e-07,1.17e-06,1.17e-06,"0.00015344","0.0016029","0.00146864","0.0032058","R","R","R","R","R",0,0,0,0,0,0,0
"244",507,2736,2736,"t","t","c","c",0.00402046783625731,0.00402046783625731,0,0,0,0,0,0,0.00402046783625731,0.00402046783625731,0.00402046783625731,0.00402046783625731,"nonsyn","nonsyn","nonsyn",1.7e-05,1.07e-06,1.21e-06,1.21e-06,"0.00422836363636364","1","1","1","S","S","P","T","A",1,0,1,0,0,0,0
"245",508,2753,2753,"c","c","t","t",0.00145296040682891,0.00145296040682891,0.000726480203414457,0.000726480203414457,0.000726480203414457,0,0.000726480203414457,0,0.00217944061024337,0.00217944061024337,0.00217944061024337,0.00217944061024337,"nonsyn","stop","nonsyn",4.58e-06,8.37e-07,4.33e-07,4.33e-07,"0.00315218500000001","0.0005960245","0.0011521305","1","S","S","L","*","W",1,1,1,0,0,0,0
"246",509,2759,2759,"g","g","a","a",0.00144980065241029,0.00144980065241029,0,0,0,0,0,0,0.00144980065241029,0.00144980065241029,0.00144980065241029,0.00144980065241029,"syn","syn","syn",4.2e-06,5.36e-07,1.17e-06,1.17e-06,"0.00289695000000001","1","1","1","S","S","S","S","S",0,0,0,0,0,0,0
"247",510,2759,2759,"c","c","t","t",0.00144980065241029,0.00144980065241029,0.000362450163102573,0.000362450163102573,0.000362450163102573,0,0.000362450163102573,0,0.00181225081551287,0.00181225081551287,0.00181225081551287,0.00181225081551287,"stop","nonsyn","nonsyn",4.58e-06,8.37e-07,4.33e-07,4.33e-07,"0.00315905500000001","0.001194647","0.002309283","1","Q","Q","*","K","E",1,1,1,0,0,0,0
"248",511,2754,2754,"a","a","g","g",0.00508351488743646,0.00508351488743646,0.00181554103122731,0.00181554103122731,0,0.00181554103122731,0,0.00181554103122731,0.00689905591866376,0.00689905591866376,0.00689905591866376,0.00689905591866376,"nonsyn","nonsyn","nonsyn",1.77e-05,1.76e-06,1.7e-06,1.7e-06,"0.00348184285714285","0.000936359999999998","1","0.000936359999999998","Q","Q","R","P","L",1,1,1,1,0,0,0
"249",512,2674,2675,"a","a","g","g",0.00523560209424084,0.00523560209424084,0.00074794315632012,0.00074794315632012,0,0.00074794315632012,0,0.00074794315632012,0.00598354525056096,0.00598354525056096,0.00598130841121495,0.00598130841121495,"syn","nonsyn","nonsyn",1.77e-05,1.76e-06,1.7e-06,1.7e-06,"0.0033807","0.0022729","1","0.0022729","Q","Q","Q","H","H",0,1,1,0,0,0,0
"250",513,2681,2681,"c","c","t","t",0.00111898545318911,0.00111898545318911,0,0,0,0,0,0,0.00111898545318911,0.00111898545318911,0.00111898545318911,0.00111898545318911,"nonsyn","nonsyn","nonsyn",4.58e-06,8.37e-07,4.33e-07,4.33e-07,"0.00409299333333333","1","1","1","P","P","S","T","A",1,1,1,0,0,0,0
"251",514,2738,2738,"c","c","t","t",0.000365230094959825,0.000365230094959825,0,0,0,0,0,0,0.000365230094959825,0.000365230094959825,0.000365230094959825,0.000365230094959825,"nonsyn","nonsyn","nonsyn",4.58e-06,8.37e-07,4.33e-07,4.33e-07,"0.01254004","1","1","1","P","P","L","H","R",1,1,1,0,1,0,1
"252",515,2726,2726,"t","t","c","c",0.00293470286133529,0.00293470286133529,0,0,0,0,0,0,0.00293470286133529,0.00293470286133529,0.00293470286133529,0.00293470286133529,"syn","syn","syn",1.7e-05,1.07e-06,1.21e-06,1.21e-06,"0.00579275","1","1","1","P","P","P","P","P",0,0,0,0,1,0,1
"253",516,2739,2739,"c","c","t","t",0.00109529025191676,0.00109529025191676,0,0,0,0,0,0,0.00109529025191676,0.00109529025191676,0.00109529025191676,0.00109529025191676,"stop","syn","nonsyn",4.58e-06,8.37e-07,4.33e-07,4.33e-07,"0.00418153999999999","1","1","1","R","R","*","R","G",1,0,1,0,0,0,0
"254",517,2740,2740,"g","g","a","a",0.00109489051094891,0.00109489051094891,0.000364963503649635,0.000364963503649635,0,0.000364963503649635,0,0.000364963503649635,0.00145985401459854,0.00145985401459854,0.00145985401459854,0.00145985401459854,"nonsyn","nonsyn","nonsyn",4.2e-06,5.36e-07,1.17e-06,1.17e-06,"0.00383599999999998","0.0032058","1","0.0032058","R","R","Q","P","L",1,1,1,0,0,0,0
"255",518,2734,2734,"a","a","g","g",0.00365764447695684,0.00365764447695684,0,0,0,0,0,0,0.00365764447695684,0.00365764447695684,0.00365764447695684,0.00365764447695684,"syn","syn","syn",1.77e-05,1.76e-06,1.7e-06,1.7e-06,"0.00483918","1","1","1","R","R","R","R","R",0,0,0,0,1,1,0
"256",519,2734,2734,"g","g","a","a",0.00109729334308705,0.00109729334308705,0.000365764447695684,0.000365764447695684,0,0.000365764447695684,0,0.000365764447695684,0.00146305779078274,0.00146305779078274,0.00146305779078274,0.00146305779078274,"nonsyn","nonsyn","nonsyn",4.2e-06,5.36e-07,1.17e-06,1.17e-06,"0.00382760000000001","0.00319878","1","0.00319878","G","G","S","R","C",1,1,0,0,1,1,0
"257",520,2734,2734,"g","g","a","a",0.0021945866861741,0.0021945866861741,0,0,0,0,0,0,0.0021945866861741,0.0021945866861741,0.0021945866861741,0.0021945866861741,"nonsyn","nonsyn","nonsyn",4.2e-06,5.36e-07,1.17e-06,1.17e-06,"0.0019138","1","1","1","G","G","D","A","V",1,1,1,0,0,0,0
"258",521,2655,2655,"t","t","c","c",0.00150659133709981,0.00150659133709981,0,0,0,0,0,0,0.00150659133709981,0.00150659133709981,0.00150659133709981,0.00150659133709981,"syn","syn","syn",1.7e-05,1.07e-06,1.21e-06,1.21e-06,"0.01128375","1","1","1","G","G","G","G","G",0,0,0,0,0,0,0
"259",522,2696,2696,"a","a","g","g",0.00148367952522255,0.00148367952522255,0.00185459940652819,0.00185459940652819,0,0.00185459940652819,0,0.00185459940652819,0.00333827893175074,0.00333827893175074,0.00333827893175074,0.00333827893175074,"nonsyn","syn","stop",1.77e-05,1.76e-06,1.7e-06,1.7e-06,"0.0119298","0.00091664","1","0.00091664","R","R","G","R","*",1,0,1,0,1,1,0
"260",523,2652,2652,"g","g","a","a",0.00188536953242836,0.00188536953242836,0,0,0,0,0,0,0.00188536953242836,0.00188536953242836,0.00188536953242836,0.00188536953242836,"nonsyn","nonsyn","nonsyn",4.2e-06,5.36e-07,1.17e-06,1.17e-06,"0.00222767999999999","1","1","1","R","R","K","T","I",0,1,1,0,0,0,0
"261",524,2652,2652,"a","a","g","g",0.00414781297134238,0.00414781297134238,0,0,0,0,0,0,0.00414781297134238,0.00414781297134238,0.00414781297134238,0.00414781297134238,"syn","nonsyn","nonsyn",1.77e-05,1.76e-06,1.7e-06,1.7e-06,"0.00426730909090909","1","1","1","R","R","R","S","S",0,1,1,0,0,0,0
"262",525,2658,2658,"c","c","t","t",0.00263355906696764,0.00263355906696764,0,0,0,0,0,0,0.00263355906696764,0.00263355906696764,0.00263355906696764,0.00263355906696764,"nonsyn","nonsyn","nonsyn",4.58e-06,8.37e-07,4.33e-07,4.33e-07,"0.00173909142857143","1","1","1","R","R","C","S","G",1,1,1,0,0,0,0
"263",526,2657,2657,"g","g","a","a",0.0015054572826496,0.0015054572826496,0,0,0,0,0,0,0.0015054572826496,0.0015054572826496,0.0015054572826496,0.0015054572826496,"nonsyn","nonsyn","nonsyn",4.2e-06,5.36e-07,1.17e-06,1.17e-06,"0.00278985000000001","1","1","1","R","R","H","P","L",0,1,1,0,0,0,0
"264",527,2654,2654,"t","t","c","c",0.00339110776186888,0.00339110776186888,0.00113036925395629,0.00113036925395629,0.000376789751318764,0.000753579502637528,0.000376789751318764,0.000753579502637528,0.00452147701582517,0.00452147701582517,0.00452147701582517,0.00452147701582517,"syn","syn","syn",1.7e-05,1.07e-06,1.21e-06,1.21e-06,"0.00501311111111111","0.00107044666666667","0.00283978","0.00160567","R","R","R","R","R",0,0,0,0,0,0,0
"265",528,2642,2642,"c","c","t","t",0.000378501135503407,0.000378501135503407,0,0,0,0,0,0,0.000378501135503407,0.000378501135503407,0.000378501135503407,0.000378501135503407,"stop","nonsyn","nonsyn",4.58e-06,8.37e-07,4.33e-07,4.33e-07,"0.01210036","1","1","1","Q","Q","*","K","E",1,1,1,0,0,0,0
"266",529,2642,2642,"a","a","g","g",0.00302800908402725,0.00302800908402725,0.00113550340651022,0.00113550340651022,0,0.00113550340651022,0,0.00113550340651022,0.00416351249053747,0.00416351249053747,0.00416351249053747,0.00416351249053747,"nonsyn","nonsyn","nonsyn",1.77e-05,1.76e-06,1.7e-06,1.7e-06,"0.005845425","0.00149713333333333","1","0.00149713333333333","Q","Q","R","P","L",1,1,1,1,1,1,0
"267",530,2653,2653,"g","g","a","a",0.0030154542027893,0.0030154542027893,0.000376931775348662,0.000376931775348662,0.000376931775348662,0,0.000376931775348662,0,0.00339238597813796,0.00339238597813796,0.00339238597813796,0.00339238597813796,"syn","nonsyn","nonsyn",4.2e-06,5.36e-07,1.17e-06,1.17e-06,"0.001392825","0.00310401","0.001422008","1","Q","Q","Q","H","H",0,1,1,0,0,0,0
"268",531,2713,2713,"c","c","t","t",0.00184297825285662,0.00184297825285662,0.000368595650571323,0.000368595650571323,0,0.000368595650571323,0,0.000368595650571323,0.00221157390342794,0.00221157390342794,0.00221157390342794,0.00221157390342794,"nonsyn","nonsyn","nonsyn",4.58e-06,8.37e-07,4.33e-07,4.33e-07,"0.00248510799999999","0.001174729","1","0.001174729","P","P","S","T","A",1,1,1,0,0,0,0
"269",532,2709,2709,"c","c","t","t",0.0014765596160945,0.0014765596160945,0.000369139904023625,0.000369139904023625,0.000369139904023625,0,0.000369139904023625,0,0.00184569952011812,0.00184569952011812,0.00184569952011812,0.00184569952011812,"nonsyn","nonsyn","nonsyn",4.58e-06,8.37e-07,4.33e-07,4.33e-07,"0.003101805","0.001172997","0.002267433","1","P","P","L","H","R",1,1,1,0,1,0,1
"270",533,2684,2684,"t","t","c","c",0.00409836065573771,0.00409836065573771,0.000745156482861401,0.000745156482861401,0.0003725782414307,0.0003725782414307,0.0003725782414307,0.0003725782414307,0.00484351713859911,0.00484351713859911,0.00484351713859911,0.00484351713859911,"syn","syn","syn",1.7e-05,1.07e-06,1.21e-06,1.21e-06,"0.00414799999999999","0.00162382","0.00287188","0.00324764","P","P","P","P","P",0,0,0,0,1,0,1
"271",534,2513,2513,"a","a","g","g",0.00159172304019101,0.00159172304019101,0,0,0,0,0,0,0.00159172304019101,0.00159172304019101,0.00159172304019101,0.00159172304019101,"nonsyn","nonsyn","nonsyn",1.77e-05,1.76e-06,1.7e-06,1.7e-06,"0.011120025","1","1","1","I","I","V","L","F",0,0,0,0,0,0,0
"272",535,2539,2540,"t","t","c","c",0.00275699094131548,0.00275699094131548,0,0,0,0,0,0,0.00275699094131548,0.00275699094131548,0.00275590551181102,0.00275590551181102,"nonsyn","nonsyn","nonsyn",1.7e-05,1.07e-06,1.21e-06,1.21e-06,"0.00616614285714285","1","1","1","I","I","T","N","S",1,1,1,0,0,0,0
"273",536,2538,2540,"c","c","t","t",0.00157604412923562,0.00157604412923562,0.000394011032308905,0.000394011032308905,0.000394011032308905,0,0.000394011032308905,0,0.00197005516154452,0.00197005516154452,0.00196850393700787,0.00196850393700787,"syn","syn","nonsyn",4.58e-06,8.37e-07,4.33e-07,4.33e-07,"0.00290601","0.001098954","0.002124306","1","I","I","I","I","M",0,0,0,0,0,0,0
"274",537,2540,2540,"c","c","t","t",0.00118110236220472,0.00118110236220472,0.00118110236220472,0.00118110236220472,0.00078740157480315,0.000393700787401575,0.00078740157480315,0.000393700787401575,0.00236220472440945,0.00236220472440945,0.00236220472440945,0.00236220472440945,"nonsyn","nonsyn","nonsyn",4.58e-06,8.37e-07,4.33e-07,4.33e-07,"0.00387773333333335","0.000366606666666668","0.00106299","0.00109982","P","P","S","T","A",1,1,1,0,1,0,1
"275",538,2539,2539,"c","c","t","t",0.00118156754627806,0.00118156754627806,0.000393855848759354,0.000393855848759354,0.000393855848759354,0,0.000393855848759354,0,0.00157542339503742,0.00157542339503742,0.00157542339503742,0.00157542339503742,"nonsyn","nonsyn","nonsyn",4.58e-06,8.37e-07,4.33e-07,4.33e-07,"0.00387620666666667","0.001099387","0.002125143","1","P","P","L","H","R",1,1,1,0,1,0,1
"276",539,2530,2530,"c","c","t","t",0.00237154150197628,0.00237154150197628,0.000395256916996047,0.000395256916996047,0.000395256916996047,0,0.000395256916996047,0,0.00276679841897233,0.00276679841897233,0.00276679841897233,0.00276679841897233,"syn","syn","syn",4.58e-06,8.37e-07,4.33e-07,4.33e-07,"0.00193123333333334","0.00109549","0.00211761","1","P","P","P","P","P",0,0,0,0,1,0,1
"277",540,2505,2505,"a","a","g","g",0.00119760479041916,0.00119760479041916,0.000798403193612774,0.000798403193612774,0.000399201596806387,0.000399201596806387,0.000399201596806387,0.000399201596806387,0.00199600798403194,0.00199600798403194,0.00199600798403194,0.00199600798403194,"nonsyn","nonsyn","stop",1.77e-05,1.76e-06,1.7e-06,1.7e-06,"0.0147795","0.00212925","0.0044088","0.0042585","K","K","E","Q","*",1,1,1,1,0,0,0
"278",541,2484,2484,"a","a","g","g",0.00241545893719807,0.00241545893719807,0.000402576489533011,0.000402576489533011,0,0.000402576489533011,0,0.000402576489533011,0.00281803542673108,0.00281803542673108,0.00281803542673108,0.00281803542673108,"nonsyn","nonsyn","nonsyn",1.77e-05,1.76e-06,1.7e-06,1.7e-06,"0.00732779999999999","0.0042228","1","0.0042228","K","K","R","T","M",0,1,1,0,1,1,0
"279",542,2439,2439,"g","g","a","a",0.001640016400164,0.001640016400164,0.000410004100041,0.000410004100041,0,0.000410004100041,0,0.000410004100041,0.002050020500205,0.002050020500205,0.002050020500205,0.002050020500205,"syn","nonsyn","nonsyn",4.2e-06,5.36e-07,1.17e-06,1.17e-06,"0.00256095","0.00285363","1","0.00285363","K","K","K","N","N",0,1,1,0,1,1,0
"280",543,2410,2410,"g","g","a","a",0.0016597510373444,0.0016597510373444,0.0016597510373444,0.0016597510373444,0.0012448132780083,0.0004149377593361,0.0012448132780083,0.0004149377593361,0.0033195020746888,0.0033195020746888,0.0033195020746888,0.0033195020746888,"nonsyn","nonsyn","nonsyn",4.2e-06,5.36e-07,1.17e-06,1.17e-06,"0.0025305","0.000704924999999999","0.000430586666666666","0.0028197","A","A","T","P","S",1,1,1,0,0,0,0
"281",544,2398,2398,"c","c","t","t",0.00708924103419516,0.00708924103419516,0.000417014178482068,0.000417014178482068,0.000417014178482068,0,0.000417014178482068,0,0.00750625521267723,0.00750625521267723,0.00750625521267723,0.00750625521267723,"nonsyn","nonsyn","nonsyn",4.58e-06,8.37e-07,4.33e-07,4.33e-07,"0.000646049411764706","0.001038334","0.002007126","1","A","A","V","E","G",0,1,1,0,0,0,0
"282",545,2433,2433,"a","a","g","g",0.0374023838882039,0.0374023838882039,0.00123304562268804,0.00123304562268804,0.00123304562268804,0,0.00123304562268804,0,0.0386354295108919,0.0386354295108919,0.0386354295108919,0.0386354295108919,"syn","syn","syn",1.77e-05,1.76e-06,1.7e-06,1.7e-06,"0.000473231868131868","0.0013787","0.00142736","1","A","A","A","A","A",0,0,0,1,0,0,0
"283",546,2440,2440,"c","c","t","t",0.00245901639344262,0.00245901639344262,0.000819672131147541,0.000819672131147541,0.000819672131147541,0,0.000819672131147541,0,0.00327868852459016,0.00327868852459016,0.00327868852459016,0.00327868852459016,"nonsyn","nonsyn","nonsyn",4.58e-06,8.37e-07,4.33e-07,4.33e-07,"0.00186253333333334","0.00052826","0.00102114","1","R","R","C","S","G",1,1,1,0,0,0,0
"284",547,2424,2424,"g","g","a","a",0.00453795379537954,0.00453795379537954,0,0,0,0,0,0,0.00453795379537954,0.00453795379537954,0.00453795379537954,0.00453795379537954,"nonsyn","nonsyn","nonsyn",4.2e-06,5.36e-07,1.17e-06,1.17e-06,"0.000925527272727272","1","1","1","R","R","H","P","L",0,1,1,0,0,0,0
"285",548,2413,2413,"t","t","c","c",0.00414421881475342,0.00414421881475342,0.000828843762950684,0.000828843762950684,0.000828843762950684,0,0.000828843762950684,0,0.0049730625777041,0.0049730625777041,0.0049730625777041,0.0049730625777041,"syn","syn","syn",1.7e-05,1.07e-06,1.21e-06,1.21e-06,"0.0041021","0.001459865","0.001290955","1","R","R","R","R","R",0,0,0,0,0,0,0
"286",549,2391,2391,"c","c","t","t",0.00167294019238812,0.00167294019238812,0.000418235048097031,0.000418235048097031,0.000418235048097031,0,0.000418235048097031,0,0.00209117524048515,0.00209117524048515,0.00209117524048515,0.00209117524048515,"nonsyn","syn","nonsyn",4.58e-06,8.37e-07,4.33e-07,4.33e-07,"0.002737695","0.001035303","0.002001267","1","R","R","W","R","G",1,0,1,0,0,0,0
"287",550,2378,2378,"g","g","a","a",0.00126156433978133,0.00126156433978133,0,0,0,0,0,0,0.00126156433978133,0.00126156433978133,0.00126156433978133,0.00126156433978133,"nonsyn","nonsyn","nonsyn",4.2e-06,5.36e-07,1.17e-06,1.17e-06,"0.0033292","1","1","1","R","R","Q","P","L",1,1,1,0,1,1,0
"288",551,2369,2369,"g","g","a","a",0.00126635711270578,0.00126635711270578,0.000422119037568594,0.000422119037568594,0.000422119037568594,0,0.000422119037568594,0,0.00168847615027438,0.00168847615027438,0.00168847615027438,0.00168847615027438,"syn","syn","syn",4.2e-06,5.36e-07,1.17e-06,1.17e-06,"0.00331660000000001","0.00277173","0.001269784","1","R","R","R","R","R",0,0,0,0,0,0,0
"289",552,2365,2365,"c","c","t","t",0.00126849894291755,0.00126849894291755,0,0,0,0,0,0,0.00126849894291755,0.00126849894291755,0.00126849894291755,0.00126849894291755,"nonsyn","nonsyn","nonsyn",4.58e-06,8.37e-07,4.33e-07,4.33e-07,"0.00361056666666666","1","1","1","P","P","S","T","A",1,1,1,0,0,0,0
"290",553,2373,2373,"c","c","t","t",0.00252844500632111,0.00252844500632111,0,0,0,0,0,0,0.00252844500632111,0.00252844500632111,0.00252844500632111,0.00252844500632111,"nonsyn","nonsyn","nonsyn",4.58e-06,8.37e-07,4.33e-07,4.33e-07,"0.00181139","1","1","1","P","P","L","H","R",1,1,1,0,1,0,1
"291",554,2357,2357,"c","c","t","t",0.00127280441238863,0.00127280441238863,0,0,0,0,0,0,0.00127280441238863,0.00127280441238863,0.00127280441238863,0.00127280441238863,"syn","syn","syn",4.58e-06,8.37e-07,4.33e-07,4.33e-07,"0.00359835333333333","1","1","1","P","P","P","P","P",0,0,0,0,1,0,1
"292",555,2351,2351,"g","g","a","a",0.000850701829008932,0.000850701829008932,0,0,0,0,0,0,0.000850701829008932,0.000850701829008932,0.000850701829008932,0.000850701829008932,"nonsyn","nonsyn","stop",4.2e-06,5.36e-07,1.17e-06,1.17e-06,"0.0049371","1","1","1","E","E","K","Q","*",1,1,1,0,0,0,0
"293",556,2333,2334,"a","a","g","g",0.00171453064723532,0.00171453064723532,0,0,0,0,0,0,0.00171453064723532,0.00171453064723532,0.00171379605826907,0.00171379605826907,"nonsyn","nonsyn","nonsyn",1.77e-05,1.76e-06,1.7e-06,1.7e-06,"0.010323525","1","1","1","E","E","G","A","V",1,1,1,0,1,1,0
"294",557,2335,2335,"g","g","a","a",0.00214132762312634,0.00214132762312634,0.00214132762312634,0.00214132762312634,0,0.00214132762312634,0,0.00214132762312634,0.00428265524625268,0.00428265524625268,0.00428265524625268,0.00428265524625268,"syn","nonsyn","nonsyn",4.2e-06,5.36e-07,1.17e-06,1.17e-06,"0.0019614","0.00054639","1","0.00054639","E","E","E","D","D",0,0,0,0,1,1,0
"295",558,2331,2331,"g","g","a","a",0.00171600171600172,0.00171600171600172,0.000858000858000858,0.000858000858000858,0,0.000858000858000858,0,0.000858000858000858,0.00257400257400257,0.00257400257400257,0.00257400257400257,0.00257400257400257,"nonsyn","nonsyn","nonsyn",4.2e-06,5.36e-07,1.17e-06,1.17e-06,"0.00244754999999999","0.001363635","1","0.001363635","G","G","S","R","C",1,1,0,0,1,1,0
"296",559,2326,2326,"g","g","a","a",0.00171969045571797,0.00171969045571797,0.000859845227858985,0.000859845227858985,0.000429922613929493,0.000429922613929493,0.000429922613929493,0.000429922613929493,0.00257953568357696,0.00257953568357696,0.00257953568357696,0.00257953568357696,"nonsyn","nonsyn","nonsyn",4.2e-06,5.36e-07,1.17e-06,1.17e-06,"0.0024423","0.00136071","0.001246736","0.00272142","G","G","D","A","V",1,1,1,0,0,0,0
"297",560,2320,2320,"c","c","t","t",0.00172413793103448,0.00172413793103448,0,0,0,0,0,0,0.00172413793103448,0.00172413793103448,0.00172413793103448,0.00172413793103448,"syn","syn","syn",4.58e-06,8.37e-07,4.33e-07,4.33e-07,"0.0026564","1","1","1","G","G","G","G","G",0,0,0,0,0,0,0
"298",561,2297,2297,"a","a","g","g",0.00609490639965172,0.00609490639965172,0.00043535045711798,0.00043535045711798,0,0.00043535045711798,0,0.00043535045711798,0.0065302568567697,0.0065302568567697,0.0065302568567697,0.0065302568567697,"nonsyn","syn","nonsyn",1.77e-05,1.76e-06,1.7e-06,1.7e-06,"0.00290406428571429","0.0039049","1","0.0039049","R","R","G","R","W",1,0,1,1,1,1,0
"299",562,2267,2267,"g","g","a","a",0.000882223202470225,0.000882223202470225,0.00132333480370534,0.00132333480370534,0,0.00132333480370534,0,0.00132333480370534,0.00220555800617556,0.00220555800617556,0.00220555800617556,0.00220555800617556,"nonsyn","nonsyn","nonsyn",4.2e-06,5.36e-07,1.17e-06,1.17e-06,"0.0047607","0.000884129999999998","1","0.000884129999999998","R","R","K","T","M",0,1,1,0,1,1,0
"300",563,2256,2257,"a","g","g","a",0.0048758865248227,0.99468085106383,0.000443262411347518,0.000443262411347518,0,0.000443262411347518,0,0.000443262411347518,0.00531914893617021,0.995124113475177,0.0053167922020381,0.994683207797962,"syn","nonsyn","nonsyn",4.2e-06,5.36e-07,1.17e-06,1.17e-06,"4.22245989304813e-06","0.00263952","1","0.00263952","R","R","R","S","S",0,1,1,0,0,0,0
"301",564,2247,2247,"a","a","g","g",0.00578549176680018,0.00578549176680018,0,0,0,0,0,0,0.00578549176680018,0.00578549176680018,0.00578549176680018,0.00578549176680018,"nonsyn","nonsyn","nonsyn",1.77e-05,1.76e-06,1.7e-06,1.7e-06,"0.00305937692307692","1","1","1","T","T","A","P","S",1,1,0,0,0,0,0
"302",565,2147,2147,"c","c","t","t",0.000931532370749884,0.000931532370749884,0,0,0,0,0,0,0.000931532370749884,0.000931532370749884,0.000931532370749884,0.000931532370749884,"nonsyn","nonsyn","nonsyn",4.58e-06,8.37e-07,4.33e-07,4.33e-07,"0.00491663","1","1","1","T","T","I","N","S",1,0,0,0,0,0,0
"303",566,2130,2130,"c","c","t","t",0,0,0,0,0,0,0,0,0,0,0,0,"syn","syn","syn",4.58e-06,8.37e-07,4.33e-07,4.33e-07,"1","1","1","1","T","T","T","T","T",0,0,0,0,1,0,1
"304",567,2131,2131,"t","t","c","c",0.00469263256687001,0.00469263256687001,0.001407789770061,0.001407789770061,0.001407789770061,0,0.001407789770061,0,0.00610042233693102,0.00610042233693102,0.00610042233693102,0.00610042233693102,"nonsyn","nonsyn","nonsyn",1.7e-05,1.07e-06,1.21e-06,1.21e-06,"0.0036227","0.000859503333333336","0.000760056666666669","1","W","W","R","R","G",1,1,1,1,1,0,1
"305",568,2132,2133,"g","g","a","a",0.00562851782363977,0.00562851782363977,0.00140712945590994,0.00140712945590994,0,0.00140712945590994,0,0.00140712945590994,0.00703564727954972,0.00703564727954972,0.0070323488045007,0.0070323488045007,"stop","nonsyn","nonsyn",4.2e-06,5.36e-07,1.17e-06,1.17e-06,"0.000746200000000001","0.000831480000000002","1","0.000831480000000002","W","W","*","S","L",1,1,0,0,1,1,0
"306",569,2123,2123,"g","g","a","a",0,0,0.000471031559114461,0.000471031559114461,0,0.000471031559114461,0,0.000471031559114461,0.000471031559114461,0.000471031559114461,0.000471031559114461,0.000471031559114461,"stop","nonsyn","nonsyn",4.2e-06,5.36e-07,1.17e-06,1.17e-06,"1","0.00248391","1","0.00248391","W","W","*","C","C",1,1,1,0,1,1,0
"307",570,2115,2115,"g","g","a","a",0.0033096926713948,0.0033096926713948,0,0,0,0,0,0,0.0033096926713948,0.0033096926713948,0.0033096926713948,0.0033096926713948,"nonsyn","nonsyn","nonsyn",4.2e-06,5.36e-07,1.17e-06,1.17e-06,"0.001269","1","1","1","A","A","T","P","S",1,1,1,0,0,0,0
"308",571,2111,2111,"c","c","t","t",0.00284225485551871,0.00284225485551871,0,0,0,0,0,0,0.00284225485551871,0.00284225485551871,0.00284225485551871,0.00284225485551871,"nonsyn","nonsyn","nonsyn",4.58e-06,8.37e-07,4.33e-07,4.33e-07,"0.00161139666666667","1","1","1","A","A","V","D","G",0,1,1,0,0,0,0
"309",572,2107,2107,"t","t","c","c",0.00237304224015187,0.00237304224015187,0,0,0,0,0,0,0.00237304224015187,0.00237304224015187,0.00237304224015187,0.00237304224015187,"syn","syn","syn",1.7e-05,1.07e-06,1.21e-06,1.21e-06,"0.00716380000000001","1","1","1","A","A","A","A","A",0,0,0,0,1,0,1
"310",573,2010,2010,"c","c","t","t",0.00199004975124378,0.00199004975124378,0.00248756218905473,0.00248756218905473,0.000497512437810945,0.00199004975124378,0.000497512437810945,0.00199004975124378,0.00447761194029851,0.00447761194029851,0.00447761194029851,0.00447761194029851,"stop","nonsyn","nonsyn",4.58e-06,8.37e-07,4.33e-07,4.33e-07,"0.00230145","0.000174066","0.00168237","0.0002175825","Q","Q","*","K","E",1,1,1,0,0,0,0
"311",574,2021,2021,"a","a","g","g",0.00445324096981692,0.00445324096981692,0.00049480455220188,0.00049480455220188,0,0.00049480455220188,0,0.00049480455220188,0.0049480455220188,0.0049480455220188,0.0049480455220188,0.0049480455220188,"nonsyn","nonsyn","nonsyn",1.77e-05,1.76e-06,1.7e-06,1.7e-06,"0.00397463333333333","0.0034357","1","0.0034357","Q","Q","R","P","L",1,1,1,1,1,1,0
"312",575,1964,1964,"g","g","a","a",0.0010183299389002,0.0010183299389002,0.0010183299389002,0.0010183299389002,0,0.0010183299389002,0,0.0010183299389002,0.00203665987780041,0.00203665987780041,0.00203665987780041,0.00203665987780041,"syn","nonsyn","nonsyn",4.2e-06,5.36e-07,1.17e-06,1.17e-06,"0.00412440000000001","0.00114894","1","0.00114894","Q","Q","Q","H","H",0,1,1,0,0,0,0
"313",576,1962,1962,"c","c","t","t",0.000509683995922528,0.000509683995922528,0,0,0,0,0,0,0.000509683995922528,0.000509683995922528,0.000509683995922528,0.000509683995922528,"nonsyn","nonsyn","nonsyn",4.58e-06,8.37e-07,4.33e-07,4.33e-07,"0.00898596","1","1","1","P","P","S","T","A",1,1,1,0,0,0,0
"314",577,1962,1962,"c","c","t","t",0.00203873598369011,0.00203873598369011,0,0,0,0,0,0,0.00203873598369011,0.00203873598369011,0.00203873598369011,0.00203873598369011,"nonsyn","nonsyn","nonsyn",4.58e-06,8.37e-07,4.33e-07,4.33e-07,"0.00224649","1","1","1","P","P","L","H","R",1,1,1,0,1,0,1
"315",578,1961,1961,"c","c","t","t",0.00152983171851096,0.00152983171851096,0.000509943906170321,0.000509943906170321,0.000509943906170321,0,0.000509943906170321,0,0.00203977562468129,0.00203977562468129,0.00203977562468129,0.00203977562468129,"syn","syn","syn",4.58e-06,8.37e-07,4.33e-07,4.33e-07,"0.00299379333333334","0.000849113000000001","0.001641357","1","P","P","P","P","P",0,0,0,0,1,0,1
"316",579,1956,1956,"g","g","a","a",0.00306748466257669,0.00306748466257669,0,0,0,0,0,0,0.00306748466257669,0.00306748466257669,0.00306748466257669,0.00306748466257669,"nonsyn","nonsyn","nonsyn",4.2e-06,5.36e-07,1.17e-06,1.17e-06,"0.0013692","1","1","1","G","G","R","R","W",1,1,1,0,1,1,0
"317",580,1955,1955,"g","g","a","a",0.00255754475703325,0.00255754475703325,0,0,0,0,0,0,0.00255754475703325,0.00255754475703325,0.00255754475703325,0.00255754475703325,"nonsyn","nonsyn","nonsyn",4.2e-06,5.36e-07,1.17e-06,1.17e-06,"0.0016422","1","1","1","G","G","E","A","V",1,1,1,0,1,1,0
"318",581,1949,1949,"g","g","a","a",0,0,0,0,0,0,0,0,0,0,0,0,"syn","syn","syn",4.2e-06,5.36e-07,1.17e-06,1.17e-06,"1","1","1","1","G","G","G","G","G",0,0,0,0,0,0,0
"319",582,1911,1911,"t","t","c","c",0.00313971742543171,0.00313971742543171,0,0,0,0,0,0,0.00313971742543171,0.00313971742543171,0.00313971742543171,0.00313971742543171,"nonsyn","nonsyn","nonsyn",1.7e-05,1.07e-06,1.21e-06,1.21e-06,"0.0054145","1","1","1","Y","Y","H","N","D",1,1,1,0,0,0,0
"320",583,1875,1875,"a","a","g","g",0.0016,0.0016,0.000533333333333333,0.000533333333333333,0,0.000533333333333333,0,0.000533333333333333,0.00213333333333333,0.00213333333333333,0.00213333333333333,0.00213333333333333,"nonsyn","nonsyn","nonsyn",1.77e-05,1.76e-06,1.7e-06,1.7e-06,"0.0110625","0.0031875","1","0.0031875","Y","Y","C","S","F",1,1,0,0,0,0,0
"321",584,1775,1775,"c","c","t","t",0.0028169014084507,0.0028169014084507,0,0,0,0,0,0,0.0028169014084507,0.0028169014084507,0.0028169014084507,0.0028169014084507,"syn","stop","stop",4.58e-06,8.37e-07,4.33e-07,4.33e-07,"0.0016259","1","1","1","Y","Y","Y","*","*",0,1,1,0,0,0,0
"322",585,1768,1768,"c","c","t","t",0.0277149321266968,0.0277149321266968,0,0,0,0,0,0,0.0277149321266968,0.0277149321266968,0.0277149321266968,0.0277149321266968,"nonsyn","nonsyn","nonsyn",4.58e-06,8.37e-07,4.33e-07,4.33e-07,"0.000165253877551021","1","1","1","P","P","S","T","A",1,1,1,0,1,0,1
"323",586,1743,1743,"c","c","t","t",0.00114744693057946,0.00114744693057946,0.00172117039586919,0.00172117039586919,0.00172117039586919,0,0.00172117039586919,0,0.00286861732644865,0.00286861732644865,0.00286861732644865,0.00286861732644865,"nonsyn","nonsyn","nonsyn",4.58e-06,8.37e-07,4.33e-07,4.33e-07,"0.00399147","0.000251573","0.000486297","1","P","P","L","H","R",1,1,1,0,1,0,1
"324",587,1728,1730,"t","t","c","c",0.00289351851851852,0.00289351851851852,0.00289351851851852,0.00289351851851852,0.00289351851851852,0,0.00289351851851852,0,0.00578703703703704,0.00578703703703704,0.00578034682080925,0.00578034682080925,"syn","syn","syn",1.7e-05,1.07e-06,1.21e-06,1.21e-06,"0.0058752","0.000418176","0.000369792","1","P","P","P","P","P",0,0,0,0,1,0,1
"325",588,1713,1713,"t","t","c","c",0.00116754232340922,0.00116754232340922,0.000583771161704612,0.000583771161704612,0.000583771161704612,0,0.000583771161704612,0,0.00175131348511384,0.00175131348511384,0.00175131348511384,0.00175131348511384,"nonsyn","nonsyn","nonsyn",1.7e-05,1.07e-06,1.21e-06,1.21e-06,"0.0145605","0.00207273","0.00183291","1","W","W","R","R","G",1,1,1,1,0,0,0
"326",589,1718,1718,"g","g","a","a",0.00116414435389988,0.00116414435389988,0,0,0,0,0,0,0.00116414435389988,0.00116414435389988,0.00116414435389988,0.00116414435389988,"stop","nonsyn","nonsyn",4.2e-06,5.36e-07,1.17e-06,1.17e-06,"0.00360780000000001","1","1","1","W","W","*","S","L",1,1,0,0,1,1,0
"327",590,1715,1715,"g","g","a","a",0.00116618075801749,0.00116618075801749,0,0,0,0,0,0,0.00116618075801749,0.00116618075801749,0.00116618075801749,0.00116618075801749,"stop","nonsyn","nonsyn",4.2e-06,5.36e-07,1.17e-06,1.17e-06,"0.00360150000000001","1","1","1","W","W","*","C","C",1,1,1,0,0,0,0
"328",591,1669,1669,"c","c","t","t",0.00179748352306771,0.00179748352306771,0,0,0,0,0,0,0.00179748352306771,0.00179748352306771,0.00179748352306771,0.00179748352306771,"nonsyn","nonsyn","nonsyn",4.58e-06,8.37e-07,4.33e-07,4.33e-07,"0.00254800666666666","1","1","1","P","P","S","T","A",1,1,1,0,0,0,0
"329",592,1663,1663,"c","c","t","t",0.0042092603728202,0.0042092603728202,0.00120264582080577,0.00120264582080577,0.00120264582080577,0,0.00120264582080577,0,0.00541190619362598,0.00541190619362598,0.00541190619362598,0.00541190619362598,"nonsyn","nonsyn","nonsyn",4.58e-06,8.37e-07,4.33e-07,4.33e-07,"0.00108807714285714","0.000360039500000001","0.000695965500000002","1","P","P","L","H","R",1,1,1,0,1,0,1
"330",593,1664,1664,"c","c","t","t",0.00360576923076923,0.00360576923076923,0,0,0,0,0,0,0.00360576923076923,0.00360576923076923,0.00360576923076923,0.00360576923076923,"syn","syn","syn",4.58e-06,8.37e-07,4.33e-07,4.33e-07,"0.00127018666666667","1","1","1","P","P","P","P","P",0,0,0,0,1,0,1
"331",594,1665,1665,"c","c","t","t",0.0024024024024024,0.0024024024024024,0.000600600600600601,0.000600600600600601,0.000600600600600601,0,0.000600600600600601,0,0.003003003003003,0.003003003003003,0.003003003003003,0.003003003003003,"nonsyn","nonsyn","nonsyn",4.58e-06,8.37e-07,4.33e-07,4.33e-07,"0.001906425","0.000720945","0.001393605","1","L","L","F","I","V",0,0,0,0,1,0,1
"332",595,1647,1647,"t","t","c","c",0.00485731633272617,0.00485731633272617,0.000607164541590771,0.000607164541590771,0.000607164541590771,0,0.000607164541590771,0,0.00546448087431694,0.00546448087431694,0.00546448087431694,0.00546448087431694,"nonsyn","nonsyn","nonsyn",1.7e-05,1.07e-06,1.21e-06,1.21e-06,"0.003499875","0.00199287","0.00176229","1","L","L","P","H","R",1,1,1,0,1,0,1
"333",596,1666,1666,"c","c","t","t",0,0,0,0,0,0,0,0,0,0,0,0,"syn","syn","syn",4.58e-06,8.37e-07,4.33e-07,4.33e-07,"1","1","1","1","L","L","L","L","L",0,0,0,0,0,0,0
"334",597,1660,1660,"t","t","c","c",0.00120481927710843,0.00120481927710843,0,0,0,0,0,0,0.00120481927710843,0.00120481927710843,0.00120481927710843,0.00120481927710843,"nonsyn","nonsyn","nonsyn",1.7e-05,1.07e-06,1.21e-06,1.21e-06,"0.01411","1","1","1","Y","Y","H","N","D",1,1,1,0,1,0,1
"335",598,1432,1432,"a","a","g","g",0.00349162011173184,0.00349162011173184,0,0,0,0,0,0,0.00349162011173184,0.00349162011173184,0.00349162011173184,0.00349162011173184,"nonsyn","nonsyn","nonsyn",1.77e-05,1.76e-06,1.7e-06,1.7e-06,"0.00506928","1","1","1","Y","Y","C","S","F",1,1,0,0,0,0,0
"336",599,1508,1508,"t","t","c","c",0.0179045092838196,0.0179045092838196,0.000663129973474801,0.000663129973474801,0.000663129973474801,0,0.000663129973474801,0,0.0185676392572944,0.0185676392572944,0.0185676392572944,0.0185676392572944,"syn","stop","stop",1.7e-05,1.07e-06,1.21e-06,1.21e-06,"0.000949481481481483","0.00182468","0.00161356","1","Y","Y","Y","*","*",0,1,1,1,0,0,0
"337",600,1418,1418,"g","g","a","a",0,0,0.000705218617771509,0.000705218617771509,0,0.000705218617771509,0,0.000705218617771509,0.000705218617771509,0.000705218617771509,0.000705218617771509,0.000705218617771509,"nonsyn","nonsyn","nonsyn",4.2e-06,5.36e-07,1.17e-06,1.17e-06,"1","0.00165906","1","0.00165906","G","G","S","R","C",1,1,0,0,1,1,0
"338",601,1431,1431,"g","g","a","a",0.00139762403913347,0.00139762403913347,0,0,0,0,0,0,0.00139762403913347,0.00139762403913347,0.00139762403913347,0.00139762403913347,"nonsyn","nonsyn","nonsyn",4.2e-06,5.36e-07,1.17e-06,1.17e-06,"0.00300510000000001","1","1","1","G","G","D","A","V",1,1,1,0,0,0,0
"339",602,1397,1397,"c","c","t","t",0.00143163922691482,0.00143163922691482,0,0,0,0,0,0,0.00143163922691482,0.00143163922691482,0.00143163922691482,0.00143163922691482,"syn","syn","syn",4.58e-06,8.37e-07,4.33e-07,4.33e-07,"0.00319912999999999","1","1","1","G","G","G","G","G",0,0,0,0,0,0,0
"340",603,1435,1435,"a","a","g","g",0.00209059233449477,0.00209059233449477,0.00139372822299652,0.00139372822299652,0,0.00139372822299652,0,0.00139372822299652,0.00348432055749129,0.00348432055749129,0.00348432055749129,0.00348432055749129,"nonsyn","nonsyn","nonsyn",1.77e-05,1.76e-06,1.7e-06,1.7e-06,"0.00846650000000001","0.00121975","1","0.00121975","N","N","D","H","Y",1,1,1,1,0,0,0
"341",604,1415,1415,"a","a","g","g",0,0,0.000706713780918728,0.000706713780918728,0,0.000706713780918728,0,0.000706713780918728,0.000706713780918728,0.000706713780918728,0.000706713780918728,0.000706713780918728,"nonsyn","nonsyn","nonsyn",1.77e-05,1.76e-06,1.7e-06,1.7e-06,"1","0.0024055","1","0.0024055","N","N","S","T","I",0,0,1,0,0,0,0
"342",605,1380,1380,"t","t","c","c",0.0173913043478261,0.0173913043478261,0,0,0,0,0,0,0.0173913043478261,0.0173913043478261,0.0173913043478261,0.0173913043478261,"syn","nonsyn","nonsyn",1.7e-05,1.07e-06,1.21e-06,1.21e-06,"0.000977499999999999","1","1","1","N","N","N","K","K",0,1,1,1,0,0,0
"343",606,1348,1348,"g","g","a","a",0.00148367952522255,0.00148367952522255,0.000741839762611276,0.000741839762611276,0.000741839762611276,0,0.000741839762611276,0,0.00222551928783383,0.00222551928783383,0.00222551928783383,0.00222551928783383,"nonsyn","nonsyn","stop",4.2e-06,5.36e-07,1.17e-06,1.17e-06,"0.0028308","0.00157716","0.000722528","1","E","E","K","Q","*",1,1,1,0,0,0,0
"344",607,1346,1346,"a","a","g","g",0.00297176820208024,0.00297176820208024,0,0,0,0,0,0,0.00297176820208024,0.00297176820208024,0.00297176820208024,0.00297176820208024,"nonsyn","nonsyn","nonsyn",1.77e-05,1.76e-06,1.7e-06,1.7e-06,"0.00595604999999999","1","1","1","E","E","G","A","V",1,1,1,0,1,1,0
"345",608,1286,1287,"g","g","a","a",0.00233281493001555,0.00233281493001555,0.000777604976671851,0.000777604976671851,0,0.000777604976671851,0,0.000777604976671851,0.0031104199066874,0.0031104199066874,0.00310800310800311,0.00310800310800311,"syn","nonsyn","nonsyn",4.2e-06,5.36e-07,1.17e-06,1.17e-06,"0.0018004","0.00150462","1","0.00150462","E","E","E","D","D",0,0,0,0,1,1,0
"346",609,1278,1278,"g","g","a","a",0.00469483568075117,0.00469483568075117,0.000782472613458529,0.000782472613458529,0,0.000782472613458529,0,0.000782472613458529,0.0054773082942097,0.0054773082942097,0.0054773082942097,0.0054773082942097,"nonsyn","nonsyn","nonsyn",4.2e-06,5.36e-07,1.17e-06,1.17e-06,"0.000894600000000001","0.00149526","1","0.00149526","G","G","S","R","C",1,1,0,0,1,1,0
"347",610,1266,1266,"g","g","a","a",0.00631911532385466,0.00631911532385466,0.00157977883096367,0.00157977883096367,0.00157977883096367,0,0.00157977883096367,0,0.00789889415481832,0.00789889415481832,0.00789889415481832,0.00789889415481832,"nonsyn","nonsyn","nonsyn",4.2e-06,5.36e-07,1.17e-06,1.17e-06,"0.00066465","0.000740609999999998","0.000339287999999999","1","G","G","D","A","V",1,1,1,0,0,0,0
"348",611,1264,1264,"c","t","t","c",0,1,0,0,0,0,0,0,0,1,0,1,"syn","syn","syn",1.7e-05,1.07e-06,1.21e-06,1.21e-06,"1.7e-05","1","1","1","G","G","G","G","G",0,0,0,0,0,0,0
"349",612,1272,1272,"t","t","c","c",0.00550314465408805,0.00550314465408805,0,0,0,0,0,0,0.00550314465408805,0.00550314465408805,0.00550314465408805,0.00550314465408805,"nonsyn","nonsyn","nonsyn",1.7e-05,1.07e-06,1.21e-06,1.21e-06,"0.00308914285714286","1","1","1","C","C","R","S","G",1,1,0,1,0,0,0
"350",613,1271,1271,"g","g","a","a",0.001573564122738,0.001573564122738,0,0,0,0,0,0,0.001573564122738,0.001573564122738,0.001573564122738,0.001573564122738,"nonsyn","nonsyn","nonsyn",4.2e-06,5.36e-07,1.17e-06,1.17e-06,"0.0026691","1","1","1","C","C","Y","S","F",1,1,1,0,0,0,0
"351",614,1275,1275,"c","c","t","t",0,0,0,0,0,0,0,0,0,0,0,0,"syn","stop","nonsyn",4.58e-06,8.37e-07,4.33e-07,4.33e-07,"1","1","1","1","C","C","C","*","W",0,1,1,0,0,0,0
"352",615,1283,1283,"g","g","a","a",0.0140296180826189,0.0140296180826189,0.00389711613406079,0.00389711613406079,0.000779423226812159,0.00311769290724864,0.000779423226812159,0.00311769290724864,0.0179267342166797,0.0179267342166797,0.0179267342166797,0.0179267342166797,"nonsyn","nonsyn","nonsyn",4.2e-06,5.36e-07,1.17e-06,1.17e-06,"0.000299366666666666","0.000300222","0.000687688","0.0003752775","G","G","R","R","W",1,1,1,0,1,1,0
"353",616,1284,1284,"g","g","a","a",0.00545171339563863,0.00545171339563863,0.00389408099688474,0.00389408099688474,0,0.00389408099688474,0,0.00389408099688474,0.00934579439252336,0.00934579439252336,0.00934579439252336,0.00934579439252336,"nonsyn","nonsyn","nonsyn",4.2e-06,5.36e-07,1.17e-06,1.17e-06,"0.0007704","0.000300456","1","0.000300456","G","G","E","A","V",1,1,1,0,1,1,0
"354",617,1279,1279,"g","g","a","a",0.00547302580140735,0.00547302580140735,0.00156372165754496,0.00156372165754496,0,0.00156372165754496,0,0.00156372165754496,0.00703674745895231,0.00703674745895231,0.00703674745895231,0.00703674745895231,"syn","syn","syn",4.2e-06,5.36e-07,1.17e-06,1.17e-06,"0.0007674","0.000748214999999999","1","0.000748214999999999","G","G","G","G","G",0,0,0,0,0,0,0
"355",618,1260,1260,"t","t","c","c",0.00476190476190476,0.00476190476190476,0.000793650793650794,0.000793650793650794,0,0.000793650793650794,0,0.000793650793650794,0.00555555555555556,0.00555555555555556,0.00555555555555556,0.00555555555555556,"nonsyn","nonsyn","nonsyn",1.7e-05,1.07e-06,1.21e-06,1.21e-06,"0.00357","0.0015246","1","0.0015246","W","W","R","R","G",1,1,1,1,0,0,0
"356",619,1273,1276,"g","g","a","a",0.00628436763550668,0.00628436763550668,0.002356637863315,0.002356637863315,0,0.002356637863315,0,0.002356637863315,0.00864100549882168,0.00864100549882168,0.00862068965517241,0.00862068965517241,"stop","nonsyn","nonsyn",4.2e-06,5.36e-07,1.17e-06,1.17e-06,"0.000668325","0.000496470000000001","1","0.000496470000000001","W","W","*","S","L",1,1,0,0,1,1,0
"357",620,1283,1283,"g","g","a","a",0.00545596258768511,0.00545596258768511,0.00311769290724864,0.00311769290724864,0,0.00311769290724864,0,0.00311769290724864,0.00857365549493375,0.00857365549493375,0.00857365549493375,0.00857365549493375,"stop","nonsyn","nonsyn",4.2e-06,5.36e-07,1.17e-06,1.17e-06,"0.0007698","0.0003752775","1","0.0003752775","W","W","*","C","C",1,1,1,0,1,1,0
"358",621,1292,1292,"g","g","a","a",0.011609907120743,0.011609907120743,0,0,0,0,0,0,0.011609907120743,0.011609907120743,0.011609907120743,0.011609907120743,"nonsyn","nonsyn","nonsyn",4.2e-06,5.36e-07,1.17e-06,1.17e-06,"0.000361760000000001","1","1","1","A","A","T","P","S",1,1,1,0,0,0,0
"359",622,1308,1308,"c","c","t","t",0.000764525993883792,0.000764525993883792,0,0,0,0,0,0,0.000764525993883792,0.000764525993883792,0.000764525993883792,0.000764525993883792,"nonsyn","nonsyn","nonsyn",4.58e-06,8.37e-07,4.33e-07,4.33e-07,"0.00599064","1","1","1","A","A","V","E","G",0,1,1,0,0,0,0
"360",623,1330,1330,"g","g","a","a",0.0075187969924812,0.0075187969924812,0.00075187969924812,0.00075187969924812,0,0.00075187969924812,0,0.00075187969924812,0.00827067669172932,0.00827067669172932,0.00827067669172932,0.00827067669172932,"syn","syn","syn",4.2e-06,5.36e-07,1.17e-06,1.17e-06,"0.0005586","0.0015561","1","0.0015561","A","A","A","A","A",0,0,0,0,1,1,0
"361",624,1332,1332,"g","g","a","a",0.00600600600600601,0.00600600600600601,0.0015015015015015,0.0015015015015015,0,0.0015015015015015,0,0.0015015015015015,0.00750750750750751,0.00750750750750751,0.00750750750750751,0.00750750750750751,"nonsyn","nonsyn","stop",4.2e-06,5.36e-07,1.17e-06,1.17e-06,"0.000699299999999999","0.000779220000000001","1","0.000779220000000001","G","G","R","R","*",1,1,1,0,1,1,0
"362",625,1335,1335,"g","g","a","a",0.0104868913857678,0.0104868913857678,0.00149812734082397,0.00149812734082397,0,0.00149812734082397,0,0.00149812734082397,0.0119850187265918,0.0119850187265918,0.0119850187265918,0.0119850187265918,"nonsyn","nonsyn","nonsyn",4.2e-06,5.36e-07,1.17e-06,1.17e-06,"0.0004005","0.000780975","1","0.000780975","G","G","E","A","V",1,1,1,0,0,0,0
"363",626,1340,1340,"a","a","g","g",0.00223880597014925,0.00223880597014925,0,0,0,0,0,0,0.00223880597014925,0.00223880597014925,0.00223880597014925,0.00223880597014925,"syn","syn","syn",1.77e-05,1.76e-06,1.7e-06,1.7e-06,"0.00790600000000001","1","1","1","G","G","G","G","G",0,0,0,0,0,0,0
"364",627,1356,1356,"t","t","c","c",0.00442477876106195,0.00442477876106195,0,0,0,0,0,0,0.00442477876106195,0.00442477876106195,0.00442477876106195,0.00442477876106195,"nonsyn","nonsyn","nonsyn",1.7e-05,1.07e-06,1.21e-06,1.21e-06,"0.003842","1","1","1","W","W","R","R","G",1,1,1,1,0,0,0
"365",628,1345,1345,"g","g","a","a",0.00371747211895911,0.00371747211895911,0,0,0,0,0,0,0.00371747211895911,0.00371747211895911,0.00371747211895911,0.00371747211895911,"stop","nonsyn","nonsyn",4.2e-06,5.36e-07,1.17e-06,1.17e-06,"0.0011298","1","1","1","W","W","*","S","L",1,1,0,0,1,1,0
"366",629,1357,1357,"g","g","a","a",0.00294767870302137,0.00294767870302137,0,0,0,0,0,0,0.00294767870302137,0.00294767870302137,0.00294767870302137,0.00294767870302137,"stop","nonsyn","nonsyn",4.2e-06,5.36e-07,1.17e-06,1.17e-06,"0.00142485","1","1","1","W","W","*","C","C",1,1,1,0,0,0,0
"367",630,1471,1471,"c","c","t","t",0.00203942895989123,0.00203942895989123,0,0,0,0,0,0,0.00203942895989123,0.00203942895989123,0.00203942895989123,0.00203942895989123,"nonsyn","nonsyn","nonsyn",4.58e-06,8.37e-07,4.33e-07,4.33e-07,"0.00224572666666667","1","1","1","L","L","F","I","V",0,0,0,0,0,0,0
"368",631,1478,1478,"t","t","c","c",0.003382949932341,0.003382949932341,0.0006765899864682,0.0006765899864682,0.0006765899864682,0,0.0006765899864682,0,0.0040595399188092,0.0040595399188092,0.0040595399188092,0.0040595399188092,"nonsyn","nonsyn","nonsyn",1.7e-05,1.07e-06,1.21e-06,1.21e-06,"0.0050252","0.00178838","0.00158146","1","L","L","P","H","R",1,1,1,0,1,0,1
"369",632,1481,1481,"c","c","t","t",0.00202565833896016,0.00202565833896016,0.000675219446320054,0.000675219446320054,0.000675219446320054,0,0.000675219446320054,0,0.00270087778528022,0.00270087778528022,0.00270087778528022,0.00270087778528022,"syn","syn","syn",4.58e-06,8.37e-07,4.33e-07,4.33e-07,"0.00226099333333334","0.000641273","0.001239597","1","L","L","L","L","L",0,0,0,0,0,0,0
"370",633,1483,1483,"c","c","t","t",0.000674308833445718,0.000674308833445718,0,0,0,0,0,0,0.000674308833445718,0.000674308833445718,0.000674308833445718,0.000674308833445718,"syn","nonsyn","nonsyn",4.58e-06,8.37e-07,4.33e-07,4.33e-07,"0.00679214","1","1","1","L","L","L","M","V",0,0,0,0,1,0,1
"371",634,1558,1558,"t","t","c","c",0.0134788189987163,0.0134788189987163,0.00192554557124519,0.00192554557124519,0.00192554557124519,0,0.00192554557124519,0,0.0154043645699615,0.0154043645699615,0.0154043645699615,0.0154043645699615,"nonsyn","nonsyn","nonsyn",1.7e-05,1.07e-06,1.21e-06,1.21e-06,"0.0012612380952381","0.000628393333333332","0.000555686666666666","1","L","L","P","Q","R",1,1,1,1,1,0,1
"372",635,1625,1625,"g","g","a","a",0.00184615384615385,0.00184615384615385,0.000615384615384615,0.000615384615384615,0,0.000615384615384615,0,0.000615384615384615,0.00246153846153846,0.00246153846153846,0.00246153846153846,0.00246153846153846,"syn","syn","syn",4.2e-06,5.36e-07,1.17e-06,1.17e-06,"0.00227499999999999","0.00190125","1","0.00190125","L","L","L","L","L",0,0,0,0,0,0,0
"373",636,1633,1635,"t","t","c","c",0.00244947948560931,0.00244947948560931,0,0,0,0,0,0,0.00244947948560931,0.00244947948560931,0.00244648318042813,0.00244648318042813,"nonsyn","nonsyn","nonsyn",1.7e-05,1.07e-06,1.21e-06,1.21e-06,"0.00694024999999999","1","1","1","S","S","P","T","A",1,0,1,0,0,0,0
"374",637,1632,1643,"c","c","t","t",0,0,0,0,0,0,0,0,0,0,0,0,"nonsyn","nonsyn","nonsyn",4.58e-06,8.37e-07,4.33e-07,4.33e-07,"1","1","1","1","S","S","F","Y","C",1,1,1,0,0,0,0
"375",638,1646,1646,"c","t","t","c",0.00303766707168894,0.996354799513973,0.000607533414337789,0.000607533414337789,0.000607533414337789,0,0.000607533414337789,0,0.00364520048602673,0.996962332928311,0.00364520048602673,0.996962332928311,"syn","syn","syn",1.7e-05,1.07e-06,1.21e-06,1.21e-06,"1.70621951219512e-05","0.00199166","0.00176122","1","S","S","S","S","S",0,0,0,0,1,0,1
"376",639,1646,1646,"c","c","t","t",0.00182260024301337,0.00182260024301337,0.00121506682867558,0.00121506682867558,0.00121506682867558,0,0.00121506682867558,0,0.00303766707168894,0.00303766707168894,0.00303766707168894,0.00303766707168894,"nonsyn","nonsyn","nonsyn",4.58e-06,8.37e-07,4.33e-07,4.33e-07,"0.00251289333333333","0.000356358999999999","0.000688850999999998","1","P","P","S","T","A",1,1,1,0,0,0,0
"377",640,1646,1646,"c","c","t","t",0.00121506682867558,0.00121506682867558,0.000607533414337789,0.000607533414337789,0.000607533414337789,0,0.000607533414337789,0,0.00182260024301337,0.00182260024301337,0.00182260024301337,0.00182260024301337,"nonsyn","nonsyn","nonsyn",4.58e-06,8.37e-07,4.33e-07,4.33e-07,"0.00376933999999999","0.000712718","0.001377702","1","P","P","L","H","R",1,1,1,0,1,0,1
"378",641,1658,1658,"c","c","t","t",0.00060313630880579,0.00060313630880579,0.00180940892641737,0.00180940892641737,0.00180940892641737,0,0.00180940892641737,0,0.00241254523522316,0.00241254523522316,0.00241254523522316,0.00241254523522316,"syn","syn","syn",4.58e-06,8.37e-07,4.33e-07,4.33e-07,"0.00759364","0.000239304666666667","0.000462582","1","P","P","P","P","P",0,0,0,0,1,0,1
"379",642,1701,1701,"c","c","t","t",0.00117577895355673,0.00117577895355673,0,0,0,0,0,0,0.00117577895355673,0.00117577895355673,0.00117577895355673,0.00117577895355673,"nonsyn","nonsyn","nonsyn",4.58e-06,8.37e-07,4.33e-07,4.33e-07,"0.00389529","1","1","1","R","R","C","S","G",1,1,1,0,1,0,1
"380",643,1697,1697,"g","g","a","a",0.00235710076605775,0.00235710076605775,0,0,0,0,0,0,0.00235710076605775,0.00235710076605775,0.00235710076605775,0.00235710076605775,"nonsyn","nonsyn","nonsyn",4.2e-06,5.36e-07,1.17e-06,1.17e-06,"0.00178185","1","1","1","R","R","H","P","L",0,1,1,0,0,0,0
"381",644,1709,1709,"c","t","t","c",0.00351082504388531,0.995904037448801,0.000585137507314219,0.000585137507314219,0.000585137507314219,0,0.000585137507314219,0,0.00409596255119953,0.996489174956115,0.00409596255119953,0.996489174956115,"syn","syn","syn",1.7e-05,1.07e-06,1.21e-06,1.21e-06,"1.70699177438308e-05","0.00206789","0.00182863","1","R","R","R","R","R",0,0,0,1,0,0,0
"382",645,1717,1717,"g","g","a","a",0.0017472335468841,0.0017472335468841,0.0005824111822947,0.0005824111822947,0,0.0005824111822947,0,0.0005824111822947,0.0023296447291788,0.0023296447291788,0.0023296447291788,0.0023296447291788,"nonsyn","nonsyn","nonsyn",4.2e-06,5.36e-07,1.17e-06,1.17e-06,"0.0024038","0.00200889","1","0.00200889","G","G","S","R","C",1,1,0,0,1,1,0
"383",646,1709,1709,"g","g","a","a",0.00117027501462844,0.00117027501462844,0.000585137507314219,0.000585137507314219,0.000585137507314219,0,0.000585137507314219,0,0.00175541252194266,0.00175541252194266,0.00175541252194266,0.00175541252194266,"nonsyn","nonsyn","nonsyn",4.2e-06,5.36e-07,1.17e-06,1.17e-06,"0.00358889999999999","0.00199953","0.000916024","1","G","G","D","A","V",1,1,1,0,0,0,0
"384",647,1719,1719,"c","c","t","t",0.0029086678301338,0.0029086678301338,0,0,0,0,0,0,0.0029086678301338,0.0029086678301338,0.0029086678301338,0.0029086678301338,"syn","syn","syn",4.58e-06,8.37e-07,4.33e-07,4.33e-07,"0.001574604","1","1","1","G","G","G","G","G",0,0,0,0,0,0,0
"385",648,1721,1721,"t","t","c","c",0.00755374782103428,0.00755374782103428,0.00116211504938989,0.00116211504938989,0.00116211504938989,0,0.00116211504938989,0,0.00871586287042417,0.00871586287042417,0.00871586287042417,0.00871586287042417,"nonsyn","nonsyn","nonsyn",1.7e-05,1.07e-06,1.21e-06,1.21e-06,"0.00225053846153846","0.001041205","0.000920735","1","S","S","P","T","A",1,0,1,0,1,0,1
"386",649,1736,1736,"c","c","t","t",0,0,0.000576036866359447,0.000576036866359447,0.000576036866359447,0,0.000576036866359447,0,0.000576036866359447,0.000576036866359447,0.000576036866359447,0.000576036866359447,"nonsyn","nonsyn","nonsyn",4.58e-06,8.37e-07,4.33e-07,4.33e-07,"1","0.000751688","0.001453032","1","S","S","F","Y","C",1,1,1,0,0,0,0
"387",650,1770,1770,"t","t","c","c",0.00169491525423729,0.00169491525423729,0,0,0,0,0,0,0.00169491525423729,0.00169491525423729,0.00169491525423729,0.00169491525423729,"syn","syn","syn",1.7e-05,1.07e-06,1.21e-06,1.21e-06,"0.01003","1","1","1","S","S","S","S","S",0,0,0,0,1,0,1
"388",651,1778,1778,"c","c","t","t",0.00224971878515186,0.00224971878515186,0,0,0,0,0,0,0.00224971878515186,0.00224971878515186,0.00224971878515186,0.00224971878515186,"nonsyn","syn","nonsyn",4.58e-06,8.37e-07,4.33e-07,4.33e-07,"0.00203581","1","1","1","R","R","W","R","G",1,0,1,0,0,0,0
"389",652,1775,1775,"g","g","a","a",0.00338028169014085,0.00338028169014085,0,0,0,0,0,0,0.00338028169014085,0.00338028169014085,0.00338028169014085,0.00338028169014085,"nonsyn","nonsyn","nonsyn",4.2e-06,5.36e-07,1.17e-06,1.17e-06,"0.0012425","1","1","1","R","R","Q","P","L",1,1,1,0,1,1,0
"390",653,1780,1780,"g","g","a","a",0.00280898876404494,0.00280898876404494,0,0,0,0,0,0,0.00280898876404494,0.00280898876404494,0.00280898876404494,0.00280898876404494,"syn","syn","syn",4.2e-06,5.36e-07,1.17e-06,1.17e-06,"0.0014952","1","1","1","R","R","R","R","R",0,0,0,0,0,0,0
"391",654,1777,1777,"c","c","t","t",0.00112549240292628,0.00112549240292628,0,0,0,0,0,0,0.00112549240292628,0.00112549240292628,0.00112549240292628,0.00112549240292628,"nonsyn","nonsyn","nonsyn",4.58e-06,8.37e-07,4.33e-07,4.33e-07,"0.00406933","1","1","1","P","P","S","T","A",1,1,1,0,0,0,0
"392",655,1783,1783,"c","c","t","t",0,0,0,0,0,0,0,0,0,0,0,0,"nonsyn","nonsyn","nonsyn",4.58e-06,8.37e-07,4.33e-07,4.33e-07,"1","1","1","1","P","P","L","H","R",1,1,1,0,1,0,1
"393",656,1781,1781,"t","t","c","c",0.00336889387984278,0.00336889387984278,0.000561482313307131,0.000561482313307131,0,0.000561482313307131,0,0.000561482313307131,0.00393037619314992,0.00393037619314992,0.00393037619314992,0.00393037619314992,"syn","syn","syn",1.7e-05,1.07e-06,1.21e-06,1.21e-06,"0.00504616666666667","0.00215501","1","0.00215501","P","P","P","P","P",0,0,0,0,1,0,1
"394",657,1842,1842,"a","a","g","g",0.00162866449511401,0.00162866449511401,0.000542888165038002,0.000542888165038002,0,0.000542888165038002,0,0.000542888165038002,0.00217155266015201,0.00217155266015201,0.00217155266015201,0.00217155266015201,"nonsyn","nonsyn","nonsyn",1.77e-05,1.76e-06,1.7e-06,1.7e-06,"0.0108678","0.0031314","1","0.0031314","S","S","G","R","C",1,1,1,0,1,1,0
"395",658,1914,1914,"g","g","a","a",0.0026123301985371,0.0026123301985371,0,0,0,0,0,0,0.0026123301985371,0.0026123301985371,0.0026123301985371,0.0026123301985371,"nonsyn","nonsyn","nonsyn",4.2e-06,5.36e-07,1.17e-06,1.17e-06,"0.00160776","1","1","1","S","S","N","T","I",0,0,1,0,0,0,0
"396",659,1912,1912,"t","c","c","t",0.00209205020920502,0.997907949790795,0,0,0,0,0,0,0.00209205020920502,0.997907949790795,0.00209205020920502,0.997907949790795,"syn","nonsyn","nonsyn",4.58e-06,8.37e-07,4.33e-07,4.33e-07,"4.58960167714885e-06","1","1","1","S","S","S","R","R",0,1,1,0,0,0,0
"397",660,1911,1911,"t","t","c","c",0.00209314495028781,0.00209314495028781,0,0,0,0,0,0,0.00209314495028781,0.00209314495028781,0.00209314495028781,0.00209314495028781,"nonsyn","nonsyn","nonsyn",1.7e-05,1.07e-06,1.21e-06,1.21e-06,"0.00812174999999999","1","1","1","W","W","R","R","G",1,1,1,1,1,0,1
"398",661,1910,1911,"g","g","a","a",0.00104712041884817,0.00104712041884817,0.000523560209424084,0.000523560209424084,0,0.000523560209424084,0,0.000523560209424084,0.00157068062827225,0.00157068062827225,0.00156985871271586,0.00156985871271586,"stop","nonsyn","nonsyn",4.2e-06,5.36e-07,1.17e-06,1.17e-06,"0.00401099999999999","0.0022347","1","0.0022347","W","W","*","S","L",1,1,0,0,1,1,0
"399",662,1917,1917,"g","g","a","a",0.00417318727177882,0.00417318727177882,0.000521648408972353,0.000521648408972353,0,0.000521648408972353,0,0.000521648408972353,0.00469483568075117,0.00469483568075117,0.00469483568075117,0.00469483568075117,"stop","nonsyn","nonsyn",4.2e-06,5.36e-07,1.17e-06,1.17e-06,"0.001006425","0.00224289","1","0.00224289","W","W","*","C","C",1,1,1,0,1,1,0
"400",663,1898,1898,"g","g","a","a",0.0047418335089568,0.0047418335089568,0,0,0,0,0,0,0.0047418335089568,0.0047418335089568,0.0047418335089568,0.0047418335089568,"nonsyn","nonsyn","nonsyn",4.2e-06,5.36e-07,1.17e-06,1.17e-06,"0.000885733333333333","1","1","1","G","G","S","R","C",1,1,0,0,1,1,0
"401",664,1852,1852,"g","g","a","a",0.00323974082073434,0.00323974082073434,0.00107991360691145,0.00107991360691145,0,0.00107991360691145,0,0.00107991360691145,0.00431965442764579,0.00431965442764579,0.00431965442764579,0.00431965442764579,"nonsyn","nonsyn","nonsyn",4.2e-06,5.36e-07,1.17e-06,1.17e-06,"0.0012964","0.00108342","1","0.00108342","G","G","D","A","V",1,1,1,0,0,0,0
"402",665,1851,1857,"c","c","t","t",0.00216099405726634,0.00216099405726634,0,0,0,0,0,0,0.00216099405726634,0.00216099405726634,0.00215401184706516,0.00215401184706516,"syn","syn","syn",4.58e-06,8.37e-07,4.33e-07,4.33e-07,"0.002119395","1","1","1","G","G","G","G","G",0,0,0,0,0,0,0
"403",666,1855,1855,"c","c","t","t",0.00107816711590297,0.00107816711590297,0,0,0,0,0,0,0.00107816711590297,0.00107816711590297,0.00107816711590297,0.00107816711590297,"nonsyn","nonsyn","nonsyn",4.58e-06,8.37e-07,4.33e-07,4.33e-07,"0.00424794999999998","1","1","1","P","P","S","T","A",1,1,1,0,1,0,1
"404",667,1863,1863,"c","c","t","t",0.00161030595813205,0.00161030595813205,0,0,0,0,0,0,0.00161030595813205,0.00161030595813205,0.00161030595813205,0.00161030595813205,"nonsyn","nonsyn","nonsyn",4.58e-06,8.37e-07,4.33e-07,4.33e-07,"0.00284417999999999","1","1","1","P","P","L","H","R",1,1,1,0,1,0,1
"405",668,1883,1883,"c","c","t","t",0.00106213489113117,0.00106213489113117,0.00106213489113117,0.00106213489113117,0.00106213489113117,0,0.00106213489113117,0,0.00212426978226235,0.00212426978226235,0.00212426978226235,0.00212426978226235,"syn","syn","syn",4.58e-06,8.37e-07,4.33e-07,4.33e-07,"0.00431207000000002","0.000407669500000001","0.000788035500000003","1","P","P","P","P","P",0,0,0,0,1,0,1
"406",669,1977,1977,"a","a","g","g",0.0212443095599393,0.0212443095599393,0.00101163378856854,0.00101163378856854,0,0.00101163378856854,0,0.00101163378856854,0.0222559433485078,0.0222559433485078,0.0222559433485078,0.0222559433485078,"nonsyn","nonsyn","nonsyn",1.77e-05,1.76e-06,1.7e-06,1.7e-06,"0.000833164285714286","0.00168045","1","0.00168045","T","T","A","P","S",1,1,0,1,0,0,0
"407",670,2034,2034,"c","c","t","t",0.00245821042281219,0.00245821042281219,0,0,0,0,0,0,0.00245821042281219,0.00245821042281219,0.00245821042281219,0.00245821042281219,"nonsyn","nonsyn","nonsyn",4.58e-06,8.37e-07,4.33e-07,4.33e-07,"0.001863144","1","1","1","T","T","I","K","R",1,1,1,0,0,0,0
"408",671,2037,2037,"g","a","a","g",0.0589101620029455,0.940108001963672,0.000981836033382425,0.000981836033382425,0,0.000981836033382425,0,0.000981836033382425,0.0598919980363279,0.941089837997054,0.0598919980363279,0.941089837997054,"syn","syn","syn",1.77e-05,1.76e-06,1.7e-06,1.7e-06,"1.88276240208877e-05","0.00173145","1","0.00173145","T","T","T","T","T",0,0,0,1,1,1,0
"409",672,2100,2100,"g","g","a","a",0,0,0.000952380952380952,0.000952380952380952,0.000476190476190476,0.000476190476190476,0.000476190476190476,0.000476190476190476,0.000952380952380952,0.000952380952380952,0.000952380952380952,0.000952380952380952,"nonsyn","nonsyn","nonsyn",4.2e-06,5.36e-07,1.17e-06,1.17e-06,"1","0.0012285","0.0011256","0.002457","D","D","N","H","Y",1,1,1,0,0,0,0
"410",673,2104,2104,"a","a","g","g",0.00570342205323194,0.00570342205323194,0.000950570342205323,0.000950570342205323,0.000475285171102662,0.000475285171102662,0.000475285171102662,0.000475285171102662,0.00665399239543726,0.00665399239543726,0.00665399239543726,0.00665399239543726,"nonsyn","nonsyn","nonsyn",1.77e-05,1.76e-06,1.7e-06,1.7e-06,"0.0031034","0.0017884","0.00370304","0.0035768","D","D","G","A","V",1,1,1,0,0,0,0
"411",674,2128,2138,"c","c","t","t",0.0018796992481203,0.0018796992481203,0,0,0,0,0,0,0.0018796992481203,0.0018796992481203,0.00187090739008419,0.00187090739008419,"syn","nonsyn","nonsyn",4.58e-06,8.37e-07,4.33e-07,4.33e-07,"0.00243656","1","1","1","D","D","D","E","E",0,0,0,0,0,0,0
"412",675,2146,2146,"c","c","t","t",0.000465983224603914,0.000465983224603914,0,0,0,0,0,0,0.000465983224603914,0.000465983224603914,0.000465983224603914,0.000465983224603914,"nonsyn","nonsyn","nonsyn",4.58e-06,8.37e-07,4.33e-07,4.33e-07,"0.00982868","1","1","1","P","P","S","T","A",1,1,1,0,1,0,1
"413",676,2127,2127,"c","c","t","t",0.00188058298072402,0.00188058298072402,0.00188058298072402,0.00188058298072402,0.00188058298072402,0,0.00188058298072402,0,0.00376116596144805,0.00376116596144805,0.00376116596144805,0.00376116596144805,"nonsyn","nonsyn","nonsyn",4.58e-06,8.37e-07,4.33e-07,4.33e-07,"0.00243541500000001","0.000230247750000001","0.000445074750000001","1","P","P","L","H","R",1,1,1,0,1,0,1
"414",677,2144,2144,"c","c","t","t",0.000466417910447761,0.000466417910447761,0.000466417910447761,0.000466417910447761,0.000466417910447761,0,0.000466417910447761,0,0.000932835820895522,0.000932835820895522,0.000932835820895522,0.000932835820895522,"syn","syn","syn",4.58e-06,8.37e-07,4.33e-07,4.33e-07,"0.00981952","0.000928352","0.001794528","1","P","P","P","P","P",0,0,0,0,1,0,1
"415",678,2185,2185,"c","c","t","t",0.00183066361556064,0.00183066361556064,0.00183066361556064,0.00183066361556064,0.00137299771167048,0.00045766590389016,0.00137299771167048,0.00045766590389016,0.00366132723112128,0.00366132723112128,0.00366132723112128,0.00366132723112128,"nonsyn","syn","nonsyn",4.58e-06,8.37e-07,4.33e-07,4.33e-07,"0.002501825","0.00023652625","0.000609615","0.000946105","R","R","W","R","G",1,0,1,0,1,0,1
"416",679,2291,2291,"g","g","a","a",0.00261894369271061,0.00261894369271061,0.000436490615451768,0.000436490615451768,0,0.000436490615451768,0,0.000436490615451768,0.00305543430816237,0.00305543430816237,0.00305543430816237,0.00305543430816237,"nonsyn","nonsyn","nonsyn",4.2e-06,5.36e-07,1.17e-06,1.17e-06,"0.0016037","0.00268047","1","0.00268047","R","R","Q","P","L",1,1,1,0,1,1,0
"417",680,2298,2298,"g","g","a","a",0.00435161009573542,0.00435161009573542,0,0,0,0,0,0,0.00435161009573542,0.00435161009573542,0.00435161009573542,0.00435161009573542,"syn","syn","syn",4.2e-06,5.36e-07,1.17e-06,1.17e-06,"0.00096516","1","1","1","R","R","R","R","R",0,0,0,0,0,0,0
"418",681,2305,2305,"c","c","t","t",0.000433839479392625,0.000433839479392625,0,0,0,0,0,0,0.000433839479392625,0.000433839479392625,0.000433839479392625,0.000433839479392625,"nonsyn","nonsyn","nonsyn",4.58e-06,8.37e-07,4.33e-07,4.33e-07,"0.0105569","1","1","1","R","R","C","S","G",1,1,1,0,0,0,0
"419",682,2316,2316,"g","g","a","a",0.00215889464594128,0.00215889464594128,0.000431778929188256,0.000431778929188256,0,0.000431778929188256,0,0.000431778929188256,0.00259067357512953,0.00259067357512953,0.00259067357512953,0.00259067357512953,"nonsyn","nonsyn","nonsyn",4.2e-06,5.36e-07,1.17e-06,1.17e-06,"0.00194544","0.00270972","1","0.00270972","R","R","H","P","L",0,1,1,0,0,0,0
"420",683,2277,2277,"t","t","c","c",0.00307422046552481,0.00307422046552481,0,0,0,0,0,0,0.00307422046552481,0.00307422046552481,0.00307422046552481,0.00307422046552481,"syn","syn","syn",1.7e-05,1.07e-06,1.21e-06,1.21e-06,"0.00552985714285715","1","1","1","R","R","R","R","R",0,0,0,0,0,0,0
"421",684,2309,2309,"a","a","g","g",0.00563014291901256,0.00563014291901256,0.00086617583369424,0.00086617583369424,0,0.00086617583369424,0,0.00086617583369424,0.0064963187527068,0.0064963187527068,0.0064963187527068,0.0064963187527068,"nonsyn","syn","nonsyn",1.77e-05,1.76e-06,1.7e-06,1.7e-06,"0.00314379230769231","0.00196265","1","0.00196265","R","R","G","R","W",1,0,1,0,1,1,0
"422",685,2320,2320,"g","g","a","a",0.000862068965517241,0.000862068965517241,0.000862068965517241,0.000862068965517241,0,0.000862068965517241,0,0.000862068965517241,0.00172413793103448,0.00172413793103448,0.00172413793103448,0.00172413793103448,"nonsyn","nonsyn","nonsyn",4.2e-06,5.36e-07,1.17e-06,1.17e-06,"0.004872","0.0013572","1","0.0013572","R","R","K","T","M",0,1,1,0,1,1,0
"423",686,2397,2397,"g","g","a","a",0,0,0,0,0,0,0,0,0,0,0,0,"syn","nonsyn","nonsyn",4.2e-06,5.36e-07,1.17e-06,1.17e-06,"1","1","1","1","R","R","R","S","S",0,1,1,0,0,0,0
"424",687,2547,2547,"t","t","c","c",0.00353356890459364,0.00353356890459364,0.000392618767177071,0.000392618767177071,0,0.000392618767177071,0,0.000392618767177071,0.00392618767177071,0.00392618767177071,0.00392618767177071,0.00392618767177071,"nonsyn","nonsyn","nonsyn",1.7e-05,1.07e-06,1.21e-06,1.21e-06,"0.004811","0.00308187","1","0.00308187","S","S","P","T","A",1,0,1,0,0,0,0
"425",688,2581,2581,"c","c","t","t",0.000387446726075165,0.000387446726075165,0,0,0,0,0,0,0.000387446726075165,0.000387446726075165,0.000387446726075165,0.000387446726075165,"nonsyn","stop","nonsyn",4.58e-06,8.37e-07,4.33e-07,4.33e-07,"0.01182098","1","1","1","S","S","L","*","W",1,1,1,0,0,0,0
"426",689,2592,2592,"g","g","a","a",0.00462962962962963,0.00462962962962963,0,0,0,0,0,0,0.00462962962962963,0.00462962962962963,0.00462962962962963,0.00462962962962963,"syn","syn","syn",4.2e-06,5.36e-07,1.17e-06,1.17e-06,"0.0009072","1","1","1","S","S","S","S","S",0,0,0,0,0,0,0
"427",690,2608,2608,"c","c","t","t",0.00460122699386503,0.00460122699386503,0.000383435582822086,0.000383435582822086,0.000383435582822086,0,0.000383435582822086,0,0.00498466257668712,0.00498466257668712,0.00498466257668712,0.00498466257668712,"nonsyn","nonsyn","nonsyn",4.58e-06,8.37e-07,4.33e-07,4.33e-07,"0.000995386666666667","0.001129264","0.002182896","1","R","R","C","S","G",1,1,1,0,0,0,0
"428",691,2736,2736,"g","g","a","a",0.00402046783625731,0.00402046783625731,0,0,0,0,0,0,0.00402046783625731,0.00402046783625731,0.00402046783625731,0.00402046783625731,"nonsyn","nonsyn","nonsyn",4.2e-06,5.36e-07,1.17e-06,1.17e-06,"0.00104465454545455","1","1","1","R","R","H","P","L",0,1,1,0,0,0,0
"429",692,2778,2778,"c","c","t","t",0.00251979841612671,0.00251979841612671,0.000359971202303816,0.000359971202303816,0.000359971202303816,0,0.000359971202303816,0,0.00287976961843053,0.00287976961843053,0.00287976961843053,0.00287976961843053,"syn","syn","syn",4.58e-06,8.37e-07,4.33e-07,4.33e-07,"0.00181760571428571","0.001202874","0.002325186","1","R","R","R","R","R",0,0,0,0,0,0,0
"430",693,2776,2776,"a","a","g","g",0.00252161383285303,0.00252161383285303,0,0,0,0,0,0,0.00252161383285303,0.00252161383285303,0.00252161383285303,0.00252161383285303,"nonsyn","nonsyn","nonsyn",1.77e-05,1.76e-06,1.7e-06,1.7e-06,"0.00701931428571427","1","1","1","N","N","D","H","Y",1,1,1,1,0,0,0
"431",694,2791,2791,"a","a","g","g",0.00179147259046937,0.00179147259046937,0,0,0,0,0,0,0.00179147259046937,0.00179147259046937,0.00179147259046937,0.00179147259046937,"nonsyn","nonsyn","nonsyn",1.77e-05,1.76e-06,1.7e-06,1.7e-06,"0.00988013999999998","1","1","1","N","N","S","T","I",0,0,1,0,0,0,0
"432",695,2810,2811,"t","t","c","c",0.000711743772241993,0.000711743772241993,0.000355871886120996,0.000355871886120996,0.000355871886120996,0,0.000355871886120996,0,0.00106761565836299,0.00106761565836299,0.00106723585912487,0.00106723585912487,"syn","nonsyn","nonsyn",1.7e-05,1.07e-06,1.21e-06,1.21e-06,"0.023885","0.0034001","0.0030067","1","N","N","N","K","K",0,1,1,0,0,0,0
"433",696,2846,2846,"t","t","c","c",0.00105411103302881,0.00105411103302881,0,0,0,0,0,0,0.00105411103302881,0.00105411103302881,0.00105411103302881,0.00105411103302881,"syn","nonsyn","nonsyn",1.7e-05,1.07e-06,1.21e-06,1.21e-06,"0.0161273333333334","1","1","1","L","L","L","M","V",0,0,0,0,0,0,0
"434",697,2865,2865,"t","t","c","c",0.00139616055846422,0.00139616055846422,0.000349040139616056,0.000349040139616056,0.000349040139616056,0,0.000349040139616056,0,0.00174520069808028,0.00174520069808028,0.00174520069808028,0.00174520069808028,"nonsyn","stop","nonsyn",1.7e-05,1.07e-06,1.21e-06,1.21e-06,"0.01217625","0.00346665","0.00306555","1","L","L","S","*","W",1,1,0,1,0,0,0
"435",698,2856,2856,"g","g","a","a",0.00105042016806723,0.00105042016806723,0.000700280112044818,0.000700280112044818,0,0.000700280112044818,0,0.000700280112044818,0.00175070028011204,0.00175070028011204,0.00175070028011204,0.00175070028011204,"syn","nonsyn","nonsyn",4.2e-06,5.36e-07,1.17e-06,1.17e-06,"0.00399839999999999","0.00167076","1","0.00167076","L","L","L","F","F",0,0,0,0,1,1,0
"436",699,2865,2865,"g","g","a","a",0.000698080279232112,0.000698080279232112,0.000349040139616056,0.000349040139616056,0,0.000349040139616056,0,0.000349040139616056,0.00104712041884817,0.00104712041884817,0.00104712041884817,0.00104712041884817,"nonsyn","nonsyn","nonsyn",4.2e-06,5.36e-07,1.17e-06,1.17e-06,"0.0060165","0.00335205","1","0.00335205","G","G","S","R","C",1,1,0,0,1,1,0
"437",700,2860,2860,"g","g","a","a",0.00104895104895105,0.00104895104895105,0.00034965034965035,0.00034965034965035,0,0.00034965034965035,0,0.00034965034965035,0.0013986013986014,0.0013986013986014,0.0013986013986014,0.0013986013986014,"nonsyn","nonsyn","nonsyn",4.2e-06,5.36e-07,1.17e-06,1.17e-06,"0.004004","0.0033462","1","0.0033462","G","G","D","A","V",1,1,1,0,0,0,0
"438",701,2855,2855,"t","t","c","c",0.00385288966725044,0.00385288966725044,0,0,0,0,0,0,0.00385288966725044,0.00385288966725044,0.00385288966725044,0.00385288966725044,"syn","syn","syn",1.7e-05,1.07e-06,1.21e-06,1.21e-06,"0.00441227272727272","1","1","1","G","G","G","G","G",0,0,0,0,0,0,0
"439",702,2949,2949,"a","a","g","g",0.00135639199728722,0.00135639199728722,0.000339097999321804,0.000339097999321804,0,0.000339097999321804,0,0.000339097999321804,0.00169548999660902,0.00169548999660902,0.00169548999660902,0.00169548999660902,"nonsyn","nonsyn","stop",1.77e-05,1.76e-06,1.7e-06,1.7e-06,"0.013049325","0.0050133","1","0.0050133","K","K","E","Q","*",1,1,1,0,0,0,0
"440",703,3048,3048,"a","a","g","g",0.0026246719160105,0.0026246719160105,0.00164041994750656,0.00164041994750656,0.000328083989501312,0.00131233595800525,0.000328083989501312,0.00131233595800525,0.00426509186351706,0.00426509186351706,0.00426509186351706,0.00426509186351706,"nonsyn","nonsyn","nonsyn",1.77e-05,1.76e-06,1.7e-06,1.7e-06,"0.0067437","0.00103632","0.00536448000000001","0.0012954","K","K","R","T","M",0,1,1,0,1,1,0
"441",704,3079,3079,"g","g","a","a",0.0016239038648912,0.0016239038648912,0.00129912309191296,0.00129912309191296,0,0.00129912309191296,0,0.00129912309191296,0.00292302695680416,0.00292302695680416,0.00292302695680416,0.00292302695680416,"syn","nonsyn","nonsyn",4.2e-06,5.36e-07,1.17e-06,1.17e-06,"0.00258636","0.000900607499999999","1","0.000900607499999999","K","K","K","N","N",0,1,1,0,1,1,0
"442",705,3083,3083,"g","g","a","a",0.000973078170613039,0.000973078170613039,0,0,0,0,0,0,0.000973078170613039,0.000973078170613039,0.000973078170613039,0.000973078170613039,"nonsyn","nonsyn","nonsyn",4.2e-06,5.36e-07,1.17e-06,1.17e-06,"0.0043162","1","1","1","V","V","I","L","F",0,0,0,0,0,0,0
"443",706,3069,3069,"t","t","c","c",0.00586510263929619,0.00586510263929619,0,0,0,0,0,0,0.00586510263929619,0.00586510263929619,0.00586510263929619,0.00586510263929619,"nonsyn","nonsyn","nonsyn",1.7e-05,1.07e-06,1.21e-06,1.21e-06,"0.0028985","1","1","1","V","V","A","D","G",0,1,1,0,0,0,0
"444",707,3089,3089,"c","c","t","t",0.000971188086759469,0.000971188086759469,0.00129491744901263,0.00129491744901263,0.000971188086759469,0.000323729362253156,0.000971188086759469,0.000323729362253156,0.00226610553577209,0.00226610553577209,0.00226610553577209,0.00226610553577209,"syn","syn","syn",4.58e-06,8.37e-07,4.33e-07,4.33e-07,"0.00471587333333333","0.000334384249999999","0.000861831","0.001337537","V","V","V","V","V",0,0,0,0,0,0,0
"445",708,3040,3040,"a","a","g","g",0.00263157894736842,0.00263157894736842,0,0,0,0,0,0,0.00263157894736842,0.00263157894736842,0.00263157894736842,0.00263157894736842,"nonsyn","nonsyn","nonsyn",1.77e-05,1.76e-06,1.7e-06,1.7e-06,"0.006726","1","1","1","I","I","V","L","F",0,0,0,1,0,0,0
"446",709,3095,3095,"t","t","c","c",0.00161550888529887,0.00161550888529887,0,0,0,0,0,0,0.00161550888529887,0.00161550888529887,0.00161550888529887,0.00161550888529887,"nonsyn","nonsyn","nonsyn",1.7e-05,1.07e-06,1.21e-06,1.21e-06,"0.010523","1","1","1","I","I","T","N","S",1,1,1,0,0,0,0
"447",710,3127,3127,"c","c","t","t",0.00287815797889351,0.00287815797889351,0.000319795330988168,0.000319795330988168,0.000319795330988168,0,0.000319795330988168,0,0.00319795330988168,0.00319795330988168,0.00319795330988168,0.00319795330988168,"syn","syn","nonsyn",4.58e-06,8.37e-07,4.33e-07,4.33e-07,"0.00159129555555555","0.001353991","0.002617299","1","I","I","I","I","M",0,0,0,0,0,0,0
"448",711,3127,3127,"g","g","a","a",0.00351774864086984,0.00351774864086984,0,0,0,0,0,0,0.00351774864086984,0.00351774864086984,0.00351774864086984,0.00351774864086984,"nonsyn","nonsyn","nonsyn",4.2e-06,5.36e-07,1.17e-06,1.17e-06,"0.00119394545454546","1","1","1","D","D","N","H","Y",1,1,1,0,0,0,0
"449",712,3132,3132,"a","a","g","g",0.00798212005108557,0.00798212005108557,0.000319284802043423,0.000319284802043423,0,0.000319284802043423,0,0.000319284802043423,0.00830140485312899,0.00830140485312899,0.00830140485312899,0.00830140485312899,"nonsyn","nonsyn","nonsyn",1.77e-05,1.76e-06,1.7e-06,1.7e-06,"0.002217456","0.0053244","1","0.0053244","D","D","G","A","V",1,1,1,0,0,0,0
"450",713,3109,3109,"t","t","c","c",0.00225152782245095,0.00225152782245095,0.000321646831778707,0.000321646831778707,0,0.000321646831778707,0,0.000321646831778707,0.00257317465422966,0.00257317465422966,0.00257317465422966,0.00257317465422966,"syn","nonsyn","nonsyn",1.7e-05,1.07e-06,1.21e-06,1.21e-06,"0.00755042857142857","0.00376189","1","0.00376189","D","D","D","E","E",0,0,0,0,0,0,0
"451",714,3091,3091,"a","a","g","g",0.00258815917178907,0.00258815917178907,0.000323519896473633,0.000323519896473633,0,0.000323519896473633,0,0.000323519896473633,0.0029116790682627,0.0029116790682627,0.0029116790682627,0.0029116790682627,"nonsyn","nonsyn","nonsyn",1.77e-05,1.76e-06,1.7e-06,1.7e-06,"0.00683883749999999","0.0052547","1","0.0052547","T","T","A","P","S",1,1,0,0,0,0,0
"452",715,3110,3110,"c","c","t","t",0.000643086816720257,0.000643086816720257,0,0,0,0,0,0,0.000643086816720257,0.000643086816720257,0.000643086816720257,0.000643086816720257,"nonsyn","nonsyn","nonsyn",4.58e-06,8.37e-07,4.33e-07,4.33e-07,"0.0071219","1","1","1","T","T","I","N","S",1,0,0,0,0,0,0
"453",716,3263,3263,"c","c","t","t",0.00183879865154766,0.00183879865154766,0,0,0,0,0,0,0.00183879865154766,0.00183879865154766,0.00183879865154766,0.00183879865154766,"syn","syn","syn",4.58e-06,8.37e-07,4.33e-07,4.33e-07,"0.00249075666666666","1","1","1","T","T","T","T","T",0,0,0,0,1,0,1
"454",717,3320,3320,"c","c","t","t",0.00180722891566265,0.00180722891566265,0.000903614457831325,0.000903614457831325,0.000903614457831325,0,0.000903614457831325,0,0.00271084337349398,0.00271084337349398,0.00271084337349398,0.00271084337349398,"nonsyn","nonsyn","nonsyn",4.58e-06,8.37e-07,4.33e-07,4.33e-07,"0.00253426666666667","0.000479186666666667","0.00092628","1","L","L","F","I","V",0,0,0,0,1,0,1
"455",718,3295,3296,"t","t","c","c",0.00273141122913505,0.00273141122913505,0.000606980273141123,0.000606980273141123,0.000303490136570561,0.000303490136570561,0.000303490136570561,0.000303490136570561,0.00333839150227618,0.00333839150227618,0.0033373786407767,0.0033373786407767,"nonsyn","nonsyn","nonsyn",1.7e-05,1.07e-06,1.21e-06,1.21e-06,"0.0062238888888889","0.001993475","0.00352565","0.00398695000000001","L","L","P","H","R",1,1,1,0,1,0,1
"456",719,3323,3323,"t","t","c","c",0.00752332229912729,0.00752332229912729,0.000601865783930184,0.000601865783930184,0.000300932891965092,0.000300932891965092,0.000300932891965092,0.000300932891965092,0.00812518808305748,0.00812518808305748,0.00812518808305748,0.00812518808305748,"syn","syn","syn",1.7e-05,1.07e-06,1.21e-06,1.21e-06,"0.00225964","0.002010415","0.00355561","0.00402083","L","L","L","L","L",0,0,0,0,0,0,0
"457",720,3359,3359,"a","a","g","g",0.000893122953259899,0.000893122953259899,0,0,0,0,0,0,0.000893122953259899,0.000893122953259899,0.000893122953259899,0.000893122953259899,"nonsyn","nonsyn","nonsyn",1.77e-05,1.76e-06,1.7e-06,1.7e-06,"0.0198181","1","1","1","T","T","A","P","S",1,1,0,0,0,0,0
"458",721,3369,3369,"c","c","t","t",0.000593647966755714,0.000593647966755714,0,0,0,0,0,0,0.000593647966755714,0.000593647966755714,0.000593647966755714,0.000593647966755714,"nonsyn","nonsyn","nonsyn",4.58e-06,8.37e-07,4.33e-07,4.33e-07,"0.00771501","1","1","1","T","T","M","K","R",1,1,1,0,0,0,0
"459",722,3364,3364,"g","g","a","a",0.00297265160523187,0.00297265160523187,0.000297265160523187,0.000297265160523187,0,0.000297265160523187,0,0.000297265160523187,0.00326991676575505,0.00326991676575505,0.00326991676575505,0.00326991676575505,"syn","syn","syn",4.2e-06,5.36e-07,1.17e-06,1.17e-06,"0.00141288","0.00393588","1","0.00393588","T","T","T","T","T",0,0,0,0,0,0,0
"460",723,3352,3352,"t","t","c","c",0.00417661097852029,0.00417661097852029,0.000596658711217184,0.000596658711217184,0.000298329355608592,0.000298329355608592,0.000298329355608592,0.000298329355608592,0.00477326968973747,0.00477326968973747,0.00477326968973747,0.00477326968973747,"nonsyn","nonsyn","nonsyn",1.7e-05,1.07e-06,1.21e-06,1.21e-06,"0.00407028571428571","0.00202796","0.00358664","0.00405592","C","C","R","S","G",1,1,0,1,0,0,0
"461",724,3348,3348,"g","g","a","a",0.00328554360812425,0.00328554360812425,0,0,0,0,0,0,0.00328554360812425,0.00328554360812425,0.00328554360812425,0.00328554360812425,"nonsyn","nonsyn","nonsyn",4.2e-06,5.36e-07,1.17e-06,1.17e-06,"0.00127832727272727","1","1","1","C","C","Y","S","F",1,1,1,0,0,0,0
"462",725,3346,3346,"c","c","t","t",0.00149432157800359,0.00149432157800359,0.000298864315600717,0.000298864315600717,0.000298864315600717,0,0.000298864315600717,0,0.0017931858936043,0.0017931858936043,0.0017931858936043,0.0017931858936043,"syn","stop","nonsyn",4.58e-06,8.37e-07,4.33e-07,4.33e-07,"0.00306493599999999","0.001448818","0.002800602","1","C","C","C","*","W",0,1,1,0,0,0,0
"463",726,3342,3342,"g","g","a","a",0.00359066427289048,0.00359066427289048,0.000299222022740874,0.000299222022740874,0.000299222022740874,0,0.000299222022740874,0,0.00388988629563136,0.00388988629563136,0.00388988629563136,0.00388988629563136,"nonsyn","nonsyn","nonsyn",4.2e-06,5.36e-07,1.17e-06,1.17e-06,"0.0011697","0.00391014","0.001791312","1","G","G","S","R","C",1,1,0,0,1,1,0
"464",727,3368,3368,"g","g","a","a",0.00237529691211401,0.00237529691211401,0.000296912114014252,0.000296912114014252,0,0.000296912114014252,0,0.000296912114014252,0.00267220902612827,0.00267220902612827,0.00267220902612827,0.00267220902612827,"nonsyn","nonsyn","nonsyn",4.2e-06,5.36e-07,1.17e-06,1.17e-06,"0.0017682","0.00394056","1","0.00394056","G","G","D","A","V",1,1,1,0,0,0,0
"465",728,3363,3363,"c","c","t","t",0.000892060660124889,0.000892060660124889,0.000297353553374963,0.000297353553374963,0.000297353553374963,0,0.000297353553374963,0,0.00118941421349985,0.00118941421349985,0.00118941421349985,0.00118941421349985,"syn","syn","syn",4.58e-06,8.37e-07,4.33e-07,4.33e-07,"0.00513418","0.001456179","0.002814831","1","G","G","G","G","G",0,0,0,0,0,0,0
"466",729,3392,3392,"t","t","c","c",0.00471698113207547,0.00471698113207547,0.000294811320754717,0.000294811320754717,0.000294811320754717,0,0.000294811320754717,0,0.00501179245283019,0.00501179245283019,0.00501179245283019,0.00501179245283019,"nonsyn","nonsyn","nonsyn",1.7e-05,1.07e-06,1.21e-06,1.21e-06,"0.003604","0.00410432","0.00362944","1","F","F","L","I","V",0,0,0,0,1,0,1
"467",730,3405,3405,"t","t","c","c",0.0026431718061674,0.0026431718061674,0.00205580029368576,0.00205580029368576,0.00176211453744493,0.000293685756240822,0.00176211453744493,0.000293685756240822,0.00469897209985316,0.00469897209985316,0.00469897209985316,0.00469897209985316,"nonsyn","nonsyn","nonsyn",1.7e-05,1.07e-06,1.21e-06,1.21e-06,"0.00643166666666667","0.00058857857142857","0.000607225000000001","0.00412005","F","F","S","Y","C",1,0,1,0,0,0,0
"468",731,3442,3442,"c","c","t","t",0.00174317257408483,0.00174317257408483,0.000290528762347472,0.000290528762347472,0.000290528762347472,0,0.000290528762347472,0,0.00203370133643231,0.00203370133643231,0.00203370133643231,0.00203370133643231,"syn","nonsyn","nonsyn",4.58e-06,8.37e-07,4.33e-07,4.33e-07,"0.00262739333333334","0.001490386","0.002880954","1","F","F","F","L","L",0,0,0,0,0,0,0
"469",732,3427,3427,"g","g","a","a",0.00350160490224686,0.00350160490224686,0,0,0,0,0,0,0.00350160490224686,0.00350160490224686,0.00350160490224686,0.00350160490224686,"nonsyn","nonsyn","nonsyn",4.2e-06,5.36e-07,1.17e-06,1.17e-06,"0.00119945","1","1","1","A","A","T","P","S",1,1,1,0,0,0,0
"470",733,3438,3438,"c","c","t","t",0.00087260034904014,0.00087260034904014,0,0,0,0,0,0,0.00087260034904014,0.00087260034904014,0.00087260034904014,0.00087260034904014,"nonsyn","nonsyn","nonsyn",4.58e-06,8.37e-07,4.33e-07,4.33e-07,"0.00524868","1","1","1","A","A","V","D","G",0,1,1,0,0,0,0
"471",734,3450,3450,"c","c","t","t",0.00318840579710145,0.00318840579710145,0.00144927536231884,0.00144927536231884,0.00144927536231884,0,0.00144927536231884,0,0.00463768115942029,0.00463768115942029,0.00463768115942029,0.00463768115942029,"syn","syn","syn",4.58e-06,8.37e-07,4.33e-07,4.33e-07,"0.00143645454545455","0.00029877","0.00057753","1","A","A","A","A","A",0,0,0,0,1,0,1
"472",735,3459,3459,"g","g","a","a",0.00318010985834056,0.00318010985834056,0.000289100896212778,0.000289100896212778,0,0.000289100896212778,0,0.000289100896212778,0.00346921075455334,0.00346921075455334,0.00346921075455334,0.00346921075455334,"nonsyn","nonsyn","nonsyn",4.2e-06,5.36e-07,1.17e-06,1.17e-06,"0.00132070909090909","0.00404703","1","0.00404703","D","D","N","H","Y",1,1,1,0,0,0,0
"473",736,3440,3440,"a","a","g","g",0.00813953488372093,0.00813953488372093,0,0,0,0,0,0,0.00813953488372093,0.00813953488372093,0.00813953488372093,0.00813953488372093,"nonsyn","nonsyn","nonsyn",1.77e-05,1.76e-06,1.7e-06,1.7e-06,"0.00217457142857143","1","1","1","D","D","G","A","V",1,1,1,0,0,0,0
"474",737,3474,3474,"c","c","t","t",0.000863557858376511,0.000863557858376511,0,0,0,0,0,0,0.000863557858376511,0.000863557858376511,0.000863557858376511,0.000863557858376511,"syn","nonsyn","nonsyn",4.58e-06,8.37e-07,4.33e-07,4.33e-07,"0.00530364","1","1","1","D","D","D","E","E",0,0,0,0,0,0,0
"475",738,3475,3475,"c","c","t","t",0.000575539568345324,0.000575539568345324,0.00115107913669065,0.00115107913669065,0.00115107913669065,0,0.00115107913669065,0,0.00172661870503597,0.00172661870503597,0.00172661870503597,0.00172661870503597,"nonsyn","nonsyn","nonsyn",4.58e-06,8.37e-07,4.33e-07,4.33e-07,"0.00795775","0.000376168749999999","0.000727143749999998","1","L","L","F","I","V",0,0,0,0,1,0,1
"476",739,3487,3487,"t","t","c","c",0.00430169199885288,0.00430169199885288,0.00114711786636077,0.00114711786636077,0.00114711786636077,0,0.00114711786636077,0,0.00544880986521365,0.00544880986521365,0.00544880986521365,0.00544880986521365,"nonsyn","nonsyn","nonsyn",1.7e-05,1.07e-06,1.21e-06,1.21e-06,"0.00395193333333334","0.0010548175","0.000932772499999999","1","L","L","P","H","R",1,1,1,0,1,0,1
"477",740,3525,3525,"c","c","t","t",0.00141843971631206,0.00141843971631206,0.000283687943262411,0.000283687943262411,0.000283687943262411,0,0.000283687943262411,0,0.00170212765957447,0.00170212765957447,0.00170212765957447,0.00170212765957447,"syn","syn","syn",4.58e-06,8.37e-07,4.33e-07,4.33e-07,"0.00322889999999999","0.001526325","0.002950425","1","L","L","L","L","L",0,0,0,0,0,0,0
"478",741,3524,3524,"a","a","g","g",0.0039727582292849,0.0039727582292849,0.000567536889897843,0.000567536889897843,0.000283768444948922,0.000283768444948922,0.000283768444948922,0.000283768444948922,0.00454029511918275,0.00454029511918275,0.00454029511918275,0.00454029511918275,"nonsyn","nonsyn","nonsyn",1.77e-05,1.76e-06,1.7e-06,1.7e-06,"0.00445534285714286","0.0029954","0.00620223999999999","0.00599079999999999","M","M","V","L","L",0,0,0,1,0,0,0
"479",742,3421,3421,"t","t","c","c",0.00263080970476469,0.00263080970476469,0.00116924875767319,0.00116924875767319,0.000584624378836597,0.000584624378836597,0.000584624378836597,0.000584624378836597,0.00380005846243788,0.00380005846243788,0.00380005846243788,0.00380005846243788,"nonsyn","nonsyn","nonsyn",1.7e-05,1.07e-06,1.21e-06,1.21e-06,"0.00646188888888889","0.0010348525","0.001830235","0.002069705","M","M","T","K","R",1,1,1,1,0,0,0
"480",743,3420,3423,"g","g","a","a",0.000292397660818713,0.000292397660818713,0.00116959064327485,0.00116959064327485,0,0.00116959064327485,0,0.00116959064327485,0.00146198830409357,0.00146198830409357,0.00146070698217937,0.00146070698217937,"nonsyn","nonsyn","nonsyn",4.2e-06,5.36e-07,1.17e-06,1.17e-06,"0.014364","0.00100035","1","0.00100035","M","M","I","I","I",0,0,0,0,1,1,0
"481",744,3423,3423,"g","g","a","a",0.002337131171487,0.002337131171487,0.00058428279287175,0.00058428279287175,0.000292141396435875,0.000292141396435875,0.000292141396435875,0.000292141396435875,0.00292141396435875,0.00292141396435875,0.00292141396435875,0.00292141396435875,"nonsyn","nonsyn","nonsyn",4.2e-06,5.36e-07,1.17e-06,1.17e-06,"0.001797075","0.002002455","0.001834728","0.00400491","G","G","R","R","W",1,1,1,0,1,1,0
"482",745,3424,3424,"g","g","a","a",0.00350467289719626,0.00350467289719626,0.00058411214953271,0.00058411214953271,0,0.00058411214953271,0,0.00058411214953271,0.00408878504672897,0.00408878504672897,0.00408878504672897,0.00408878504672897,"nonsyn","nonsyn","nonsyn",4.2e-06,5.36e-07,1.17e-06,1.17e-06,"0.0011984","0.00200304","1","0.00200304","G","G","E","A","V",1,1,1,0,1,1,0
"483",746,3423,3423,"g","g","a","a",0.00292141396435875,0.00292141396435875,0.000876424189307625,0.000876424189307625,0.00058428279287175,0.000292141396435875,0.00058428279287175,0.000292141396435875,0.00379783815366637,0.00379783815366637,0.00379783815366637,0.00379783815366637,"syn","syn","syn",4.2e-06,5.36e-07,1.17e-06,1.17e-06,"0.00143766","0.00133497","0.000917364","0.00400491","G","G","G","G","G",0,0,0,0,0,0,0
"484",747,3355,3355,"t","t","c","c",0.0029806259314456,0.0029806259314456,0.00029806259314456,0.00029806259314456,0.00029806259314456,0,0.00029806259314456,0,0.00327868852459016,0.00327868852459016,0.00327868852459016,0.00327868852459016,"nonsyn","nonsyn","nonsyn",1.7e-05,1.07e-06,1.21e-06,1.21e-06,"0.00570350000000001","0.00405955000000001","0.00358985","1","Y","Y","H","N","D",1,1,1,0,0,0,0
"485",748,3369,3369,"a","a","g","g",0.00504600771742357,0.00504600771742357,0.000296823983377857,0.000296823983377857,0,0.000296823983377857,0,0.000296823983377857,0.00534283170080142,0.00534283170080142,0.00534283170080142,0.00534283170080142,"nonsyn","nonsyn","nonsyn",1.77e-05,1.76e-06,1.7e-06,1.7e-06,"0.00350772352941176","0.0057273","1","0.0057273","Y","Y","C","S","F",1,1,0,0,0,0,0
"486",749,3677,3677,"c","c","t","t",0.00108784335055752,0.00108784335055752,0.00027196083763938,0.00027196083763938,0.00027196083763938,0,0.00027196083763938,0,0.0013598041881969,0.0013598041881969,0.0013598041881969,0.0013598041881969,"syn","stop","stop",4.58e-06,8.37e-07,4.33e-07,4.33e-07,"0.004210165","0.001592141","0.003077649","1","Y","Y","Y","*","*",0,1,1,0,0,0,0
"487",750,3788,3788,"a","a","g","g",0.0029039070749736,0.0029039070749736,0.000527983104540655,0.000527983104540655,0.000527983104540655,0,0.000527983104540655,0,0.00343189017951426,0.00343189017951426,0.00343189017951426,0.00343189017951426,"nonsyn","nonsyn","nonsyn",1.77e-05,1.76e-06,1.7e-06,1.7e-06,"0.00609523636363637","0.0032198","0.00333344","1","I","I","V","L","L",0,0,0,1,0,0,0
"488",751,3837,3837,"t","t","c","c",0.00390930414386239,0.00390930414386239,0.000521240552514986,0.000521240552514986,0.000260620276257493,0.000260620276257493,0.000260620276257493,0.000260620276257493,0.00443054469637738,0.00443054469637738,0.00443054469637738,0.00443054469637738,"nonsyn","nonsyn","nonsyn",1.7e-05,1.07e-06,1.21e-06,1.21e-06,"0.0043486","0.002321385","0.00410559","0.00464277","I","I","T","K","R",1,1,1,0,0,0,0
"489",752,3830,3830,"a","a","g","g",0.000783289817232376,0.000783289817232376,0.000261096605744125,0.000261096605744125,0.000261096605744125,0,0.000261096605744125,0,0.0010443864229765,0.0010443864229765,0.0010443864229765,0.0010443864229765,"nonsyn","syn","syn",1.77e-05,1.76e-06,1.7e-06,1.7e-06,"0.022597","0.00651100000000001","0.00674080000000001","1","I","I","M","I","I",0,0,0,0,0,0,0
"490",753,3848,3848,"c","c","t","t",0.00103950103950104,0.00103950103950104,0,0,0,0,0,0,0.00103950103950104,0.00103950103950104,0.00103950103950104,0.00103950103950104,"nonsyn","nonsyn","nonsyn",4.58e-06,8.37e-07,4.33e-07,4.33e-07,"0.00440596","1","1","1","P","P","S","T","A",1,1,1,0,0,0,0
"491",754,3817,3817,"c","c","t","t",0.000785957558291852,0.000785957558291852,0.000261985852763951,0.000261985852763951,0.000261985852763951,0,0.000261985852763951,0,0.0010479434110558,0.0010479434110558,0.0010479434110558,0.0010479434110558,"nonsyn","nonsyn","nonsyn",4.58e-06,8.37e-07,4.33e-07,4.33e-07,"0.00582728666666667","0.001652761","0.003194829","1","P","P","L","Q","R",1,1,1,0,1,0,1
"492",755,3808,3808,"g","g","a","a",0.00288865546218487,0.00288865546218487,0.00078781512605042,0.00078781512605042,0.000525210084033613,0.000262605042016807,0.000525210084033613,0.000262605042016807,0.00367647058823529,0.00367647058823529,0.00367647058823529,0.00367647058823529,"syn","syn","syn",4.2e-06,5.36e-07,1.17e-06,1.17e-06,"0.00145396363636364","0.00148512","0.001020544","0.00445536","P","P","P","P","P",0,0,0,0,0,0,0
"493",756,3794,3794,"c","c","t","t",0.00105429625724829,0.00105429625724829,0.000527148128624143,0.000527148128624143,0.000527148128624143,0,0.000527148128624143,0,0.00158144438587243,0.00158144438587243,0.00158144438587243,0.00158144438587243,"nonsyn","nonsyn","nonsyn",4.58e-06,8.37e-07,4.33e-07,4.33e-07,"0.00434412999999999","0.000821401000000001","0.001587789","1","L","L","F","I","V",0,0,0,0,0,0,0
"494",757,3779,3779,"t","t","c","c",0.00344006350886478,0.00344006350886478,0.000793860809738026,0.000793860809738026,0.000529240539825351,0.000264620269912675,0.000529240539825351,0.000264620269912675,0.0042339243186028,0.0042339243186028,0.0042339243186028,0.0042339243186028,"nonsyn","nonsyn","nonsyn",1.7e-05,1.07e-06,1.21e-06,1.21e-06,"0.00494176923076923","0.00152419666666667","0.002021765","0.00457259","L","L","P","H","R",1,1,1,0,1,0,1
"495",758,3820,3820,"c","c","t","t",0.00130890052356021,0.00130890052356021,0,0,0,0,0,0,0.00130890052356021,0.00130890052356021,0.00130890052356021,0.00130890052356021,"syn","syn","syn",4.58e-06,8.37e-07,4.33e-07,4.33e-07,"0.00349912","1","1","1","L","L","L","L","L",0,0,0,0,0,0,0
"496",759,3815,3815,"g","g","a","a",0.00104849279161206,0.00104849279161206,0.000262123197903014,0.000262123197903014,0,0.000262123197903014,0,0.000262123197903014,0.00131061598951507,0.00131061598951507,0.00131061598951507,0.00131061598951507,"nonsyn","nonsyn","nonsyn",4.2e-06,5.36e-07,1.17e-06,1.17e-06,"0.00400574999999999","0.00446355000000001","1","0.00446355000000001","V","V","I","L","F",0,0,0,0,0,0,0
"497",760,3846,3846,"t","t","c","c",0.00260010400416017,0.00260010400416017,0.000520020800832033,0.000520020800832033,0.000260010400416017,0.000260010400416017,0.000260010400416017,0.000260010400416017,0.0031201248049922,0.0031201248049922,0.0031201248049922,0.0031201248049922,"nonsyn","nonsyn","nonsyn",1.7e-05,1.07e-06,1.21e-06,1.21e-06,"0.00653819999999999","0.00232683","0.00411521999999999","0.00465365999999999","V","V","A","D","G",0,1,1,0,0,0,0
"498",761,3865,3865,"c","c","t","t",0.00232858990944373,0.00232858990944373,0.000258732212160414,0.000258732212160414,0.000258732212160414,0,0.000258732212160414,0,0.00258732212160414,0.00258732212160414,0.00258732212160414,0.00258732212160414,"syn","syn","syn",4.58e-06,8.37e-07,4.33e-07,4.33e-07,"0.00196685555555555","0.001673545","0.003235005","1","V","V","V","V","V",0,0,0,0,0,0,0
"499",762,3782,3782,"g","g","a","a",0.00290851401374934,0.00290851401374934,0,0,0,0,0,0,0.00290851401374934,0.00290851401374934,0.00290851401374934,0.00290851401374934,"nonsyn","nonsyn","nonsyn",4.2e-06,5.36e-07,1.17e-06,1.17e-06,"0.00144403636363636","1","1","1","G","G","S","R","C",1,1,0,0,1,1,0
"500",763,3791,3791,"g","g","a","a",0.00342917436032709,0.00342917436032709,0.000263782643102084,0.000263782643102084,0,0.000263782643102084,0,0.000263782643102084,0.00369295700342917,0.00369295700342917,0.00369295700342917,0.00369295700342917,"nonsyn","nonsyn","nonsyn",4.2e-06,5.36e-07,1.17e-06,1.17e-06,"0.00122478461538462","0.00443547","1","0.00443547","G","G","D","A","V",1,1,1,0,0,0,0
"501",764,3835,3837,"c","c","t","t",0.00234680573663625,0.00234680573663625,0,0,0,0,0,0,0.00234680573663625,0.00234680573663625,0.00234558248631744,0.00234558248631744,"syn","syn","syn",4.58e-06,8.37e-07,4.33e-07,4.33e-07,"0.00195158888888889","1","1","1","G","G","G","G","G",0,0,0,0,0,0,0
"502",765,3834,3840,"g","g","a","a",0.00130412102243088,0.00130412102243088,0.000260824204486176,0.000260824204486176,0.000260824204486176,0,0.000260824204486176,0,0.00156494522691706,0.00156494522691706,0.0015625,0.0015625,"nonsyn","nonsyn","nonsyn",4.2e-06,5.36e-07,1.17e-06,1.17e-06,"0.00322056","0.00448578000000001","0.002055024","1","A","A","T","P","S",1,1,1,0,0,0,0
"503",766,3804,3843,"c","c","t","t",0.00131440588853838,0.00131440588853838,0.000262881177707676,0.000262881177707676,0.000262881177707676,0,0.000262881177707676,0,0.00157728706624606,0.00157728706624606,0.00156128024980484,0.00156128024980484,"nonsyn","nonsyn","nonsyn",4.58e-06,8.37e-07,4.33e-07,4.33e-07,"0.003484464","0.001647132","0.003183948","1","A","A","V","D","G",0,1,1,0,0,0,0
"504",767,3847,3847,"c","c","t","t",0.00129971406290616,0.00129971406290616,0,0,0,0,0,0,0.00129971406290616,0.00129971406290616,0.00129971406290616,0.00129971406290616,"syn","syn","syn",4.58e-06,8.37e-07,4.33e-07,4.33e-07,"0.003523852","1","1","1","A","A","A","A","A",0,0,0,0,1,0,1
"505",768,3874,3874,"c","c","t","t",0.00206504904491482,0.00206504904491482,0.000774393391843056,0.000774393391843056,0.000258131130614352,0.000516262261228704,0.000258131130614352,0.000516262261228704,0.00283944243675787,0.00283944243675787,0.00283944243675787,0.00283944243675787,"nonsyn","nonsyn","nonsyn",4.58e-06,8.37e-07,4.33e-07,4.33e-07,"0.002217865","0.000559147333333334","0.003242538","0.000838721","P","P","S","T","A",1,1,1,0,1,0,1
"506",769,3900,3900,"c","c","t","t",0.000512820512820513,0.000512820512820513,0.000512820512820513,0.000512820512820513,0.000512820512820513,0,0.000512820512820513,0,0.00102564102564103,0.00102564102564103,0.00102564102564103,0.00102564102564103,"nonsyn","nonsyn","nonsyn",4.58e-06,8.37e-07,4.33e-07,4.33e-07,"0.008931","0.00084435","0.00163215","1","P","P","L","H","R",1,1,1,0,1,0,1
"507",770,3930,3930,"c","t","t","c",0.00101781170483461,0.998473282442748,0.000508905852417303,0.000508905852417303,0.000508905852417303,0,0.000508905852417303,0,0.00152671755725191,0.998982188295165,0.00152671755725191,0.998982188295165,"syn","syn","syn",1.7e-05,1.07e-06,1.21e-06,1.21e-06,"1.7025993883792e-05","0.00237765","0.00210255","1","P","P","P","P","P",0,0,0,0,1,0,1
"508",771,3937,3937,"c","c","t","t",0.00101600203200406,0.00101600203200406,0,0,0,0,0,0,0.00101600203200406,0.00101600203200406,0.00101600203200406,0.00101600203200406,"nonsyn","nonsyn","nonsyn",4.58e-06,8.37e-07,4.33e-07,4.33e-07,"0.00450786500000002","1","1","1","L","L","F","I","V",0,0,0,0,0,0,0
"509",772,3937,3951,"t","t","c","c",0.00228600457200914,0.00228600457200914,0.000508001016002032,0.000508001016002032,0,0.000508001016002032,0,0.000508001016002032,0.00279400558801118,0.00279400558801118,0.00278410528980005,0.00278410528980005,"nonsyn","nonsyn","nonsyn",1.7e-05,1.07e-06,1.21e-06,1.21e-06,"0.00743655555555557","0.002381885","1","0.002381885","L","L","P","H","R",1,1,1,0,1,0,1
"510",773,4070,4070,"t","t","c","c",0.00122850122850123,0.00122850122850123,0.00466830466830467,0.00466830466830467,0,0.00466830466830467,0,0.00466830466830467,0.0058968058968059,0.0058968058968059,0.0058968058968059,0.0058968058968059,"syn","syn","syn",1.7e-05,1.07e-06,1.21e-06,1.21e-06,"0.013838","0.000259194736842105","1","0.000259194736842105","L","L","L","L","L",0,0,0,1,0,0,0
"511",774,4080,4080,"g","g","a","a",0.000980392156862745,0.000980392156862745,0.000490196078431373,0.000490196078431373,0,0.000490196078431373,0,0.000490196078431373,0.00147058823529412,0.00147058823529412,0.00147058823529412,0.00147058823529412,"nonsyn","nonsyn","stop",4.2e-06,5.36e-07,1.17e-06,1.17e-06,"0.004284","0.0023868","1","0.0023868","G","G","R","R","*",1,1,1,0,1,1,0
"512",775,4121,4121,"g","g","a","a",0.00024265954865324,0.00024265954865324,0.00024265954865324,0.00024265954865324,0,0.00024265954865324,0,0.00024265954865324,0.000485319097306479,0.000485319097306479,0.000485319097306479,0.000485319097306479,"nonsyn","nonsyn","nonsyn",4.2e-06,5.36e-07,1.17e-06,1.17e-06,"0.0173082","0.00482156999999999","1","0.00482156999999999","G","G","E","A","V",1,1,1,0,0,0,0
"513",776,4111,4111,"a","a","g","g",0.00608124543906592,0.00608124543906592,0,0,0,0,0,0,0.00608124543906592,0.00608124543906592,0.00608124543906592,0.00608124543906592,"syn","syn","syn",1.77e-05,1.76e-06,1.7e-06,1.7e-06,"0.002910588","1","1","1","G","G","G","G","G",0,0,0,0,1,1,0
"514",777,4116,4116,"g","g","a","a",0.000485908649173955,0.000485908649173955,0.000728862973760933,0.000728862973760933,0,0.000728862973760933,0,0.000728862973760933,0.00121477162293489,0.00121477162293489,0.00121477162293489,0.00121477162293489,"nonsyn","nonsyn","nonsyn",4.2e-06,5.36e-07,1.17e-06,1.17e-06,"0.0086436","0.00160524","1","0.00160524","G","G","S","R","C",1,1,0,0,1,1,0
"515",778,4098,4098,"g","g","a","a",0.000976085895558809,0.000976085895558809,0.000244021473889702,0.000244021473889702,0,0.000244021473889702,0,0.000244021473889702,0.00122010736944851,0.00122010736944851,0.00122010736944851,0.00122010736944851,"nonsyn","nonsyn","nonsyn",4.2e-06,5.36e-07,1.17e-06,1.17e-06,"0.0043029","0.00479466000000001","1","0.00479466000000001","G","G","D","A","V",1,1,1,0,0,0,0
"516",779,4097,4097,"c","c","t","t",0.00219672931413229,0.00219672931413229,0.000244081034903588,0.000244081034903588,0.000244081034903588,0,0.000244081034903588,0,0.00244081034903588,0.00244081034903588,0.00244081034903588,0.00244081034903588,"syn","syn","syn",4.58e-06,8.37e-07,4.33e-07,4.33e-07,"0.00208491777777778","0.001774001","0.003429189","1","G","G","G","G","G",0,0,0,0,0,0,0
"517",780,4094,4094,"g","g","a","a",0.00341963849535906,0.00341963849535906,0,0,0,0,0,0,0.00341963849535906,0.00341963849535906,0.00341963849535906,0.00341963849535906,"nonsyn","nonsyn","nonsyn",4.2e-06,5.36e-07,1.17e-06,1.17e-06,"0.0012282","1","1","1","A","A","T","P","S",1,1,1,0,0,0,0
"518",781,4132,4132,"c","c","t","t",0.00169409486931268,0.00169409486931268,0,0,0,0,0,0,0.00169409486931268,0.00169409486931268,0.00169409486931268,0.00169409486931268,"nonsyn","nonsyn","nonsyn",4.58e-06,8.37e-07,4.33e-07,4.33e-07,"0.00270350857142857","1","1","1","A","A","V","D","G",0,1,1,0,0,0,0
"519",782,4238,4238,"t","t","c","c",0.00377536573855592,0.00377536573855592,0.00188768286927796,0.00188768286927796,0.00165172251061822,0.000235960358659745,0.00165172251061822,0.000235960358659745,0.00566304860783388,0.00566304860783388,0.00566304860783388,0.00566304860783388,"syn","syn","syn",1.7e-05,1.07e-06,1.21e-06,1.21e-06,"0.004502875","0.0006409975","0.00064780857142857","0.00512798","A","A","A","A","A",0,0,0,1,1,0,1
"520",783,4272,4272,"g","g","a","a",0.00210674157303371,0.00210674157303371,0.000936329588014981,0.000936329588014981,0.000234082397003745,0.000702247191011236,0.000234082397003745,0.000702247191011236,0.00304307116104869,0.00304307116104869,0.00304307116104869,0.00304307116104869,"nonsyn","nonsyn","nonsyn",4.2e-06,5.36e-07,1.17e-06,1.17e-06,"0.0019936","0.00124956","0.002289792","0.00166608","A","A","T","P","S",1,1,1,0,0,0,0
"521",784,4258,4258,"c","c","t","t",0.00117426021606388,0.00117426021606388,0.000469704086425552,0.000469704086425552,0.000469704086425552,0,0.000469704086425552,0,0.00164396430248943,0.00164396430248943,0.00164396430248943,0.00164396430248943,"nonsyn","nonsyn","nonsyn",4.58e-06,8.37e-07,4.33e-07,4.33e-07,"0.003900328","0.000921857","0.001781973","1","A","A","V","D","G",0,1,1,0,0,0,0
"522",785,4293,4293,"c","c","t","t",0.00232937339855579,0.00232937339855579,0.000232937339855579,0.000232937339855579,0.000232937339855579,0,0.000232937339855579,0,0.00256231073841137,0.00256231073841137,0.00256231073841137,0.00256231073841137,"syn","syn","syn",4.58e-06,8.37e-07,4.33e-07,4.33e-07,"0.001966194","0.001858869","0.003593241","1","A","A","A","A","A",0,0,0,0,1,0,1
"523",786,4243,4244,"a","a","g","g",0.001885458402074,0.001885458402074,0.00400659910440726,0.00400659910440726,0.000471364600518501,0.00353523450388876,0.000471364600518501,0.00353523450388876,0.00589205750648126,0.00589205750648126,0.00589066918001885,0.00589066918001885,"nonsyn","syn","nonsyn",1.77e-05,1.76e-06,1.7e-06,1.7e-06,"0.00938763750000002","0.0004243","0.00373384","0.000480873333333333","R","R","G","R","W",1,0,1,1,1,1,0
"524",787,4230,4231,"g","g","a","a",0.00236406619385343,0.00236406619385343,0.000236406619385343,0.000236406619385343,0,0.000236406619385343,0,0.000236406619385343,0.00260047281323877,0.00260047281323877,0.0025998581895533,0.0025998581895533,"nonsyn","nonsyn","nonsyn",4.2e-06,5.36e-07,1.17e-06,1.17e-06,"0.0017766","0.0049491","1","0.0049491","R","R","K","T","M",0,1,1,0,1,1,0
"525",788,4234,4234,"g","g","a","a",0.00188946622579121,0.00188946622579121,0.000708549834671705,0.000708549834671705,0,0.000708549834671705,0,0.000708549834671705,0.00259801606046292,0.00259801606046292,0.00259801606046292,0.00259801606046292,"syn","nonsyn","nonsyn",4.2e-06,5.36e-07,1.17e-06,1.17e-06,"0.00222285","0.00165126","1","0.00165126","R","R","R","S","S",0,1,1,0,1,1,0
"526",789,4237,4237,"g","g","a","a",0.0134529147982063,0.0134529147982063,0,0,0,0,0,0,0.0134529147982063,0.0134529147982063,0.0134529147982063,0.0134529147982063,"nonsyn","nonsyn","nonsyn",4.2e-06,5.36e-07,1.17e-06,1.17e-06,"0.000312199999999999","1","1","1","A","A","T","P","S",1,1,1,0,0,0,0
"527",790,4240,4241,"c","c","t","t",0.00117924528301887,0.00117924528301887,0.000235849056603774,0.000235849056603774,0.000235849056603774,0,0.000235849056603774,0,0.00141509433962264,0.00141509433962264,0.00141476066965338,0.00141476066965338,"nonsyn","nonsyn","nonsyn",4.58e-06,8.37e-07,4.33e-07,4.33e-07,"0.00388383999999999","0.00183592","0.00354887999999999","1","A","A","V","D","G",0,1,1,0,0,0,0
"528",791,4229,4229,"c","c","t","t",0.00141877512414282,0.00141877512414282,0.000236462520690471,0.000236462520690471,0.000236462520690471,0,0.000236462520690471,0,0.00165523764483329,0.00165523764483329,0.00165523764483329,0.00165523764483329,"syn","syn","syn",4.58e-06,8.37e-07,4.33e-07,4.33e-07,"0.00322813666666667","0.001831157","0.00353967299999999","1","A","A","A","A","A",0,0,0,0,1,0,1
"529",792,4237,4237,"c","c","t","t",0.00283219258909606,0.00283219258909606,0,0,0,0,0,0,0.00283219258909606,0.00283219258909606,0.00283219258909606,0.00283219258909606,"syn","nonsyn","nonsyn",4.58e-06,8.37e-07,4.33e-07,4.33e-07,"0.00161712166666667","1","1","1","L","L","L","M","V",0,0,0,0,1,0,1
"530",793,4300,4300,"t","t","c","c",0.00255813953488372,0.00255813953488372,0.0013953488372093,0.0013953488372093,0.00116279069767442,0.000232558139534884,0.00116279069767442,0.000232558139534884,0.00395348837209302,0.00395348837209302,0.00395348837209302,0.00395348837209302,"nonsyn","nonsyn","nonsyn",1.7e-05,1.07e-06,1.21e-06,1.21e-06,"0.00664545454545455","0.000867166666666668","0.000920199999999999","0.00520299999999999","L","L","P","Q","R",1,1,1,1,1,0,1
"531",794,4453,4454,"g","g","a","a",0.00179654165730968,0.00179654165730968,0.000898270828654839,0.000898270828654839,0,0.000898270828654839,0,0.000898270828654839,0.00269481248596452,0.00269481248596452,0.00269420745397396,0.00269420745397396,"syn","syn","syn",4.2e-06,5.36e-07,1.17e-06,1.17e-06,"0.002337825","0.0013025025","1","0.0013025025","L","L","L","L","L",0,0,0,0,1,1,0
"532",795,4461,4461,"g","g","a","a",0.00112082492714638,0.00112082492714638,0.000224164985429276,0.000224164985429276,0,0.000224164985429276,0,0.000224164985429276,0.00134498991257566,0.00134498991257566,0.00134498991257566,0.00134498991257566,"nonsyn","nonsyn","nonsyn",4.2e-06,5.36e-07,1.17e-06,1.17e-06,"0.00374724","0.00521937","1","0.00521937","A","A","T","P","S",1,1,1,0,0,0,0
"533",796,4463,4463,"c","c","t","t",0.00336096795877213,0.00336096795877213,0.000672193591754425,0.000672193591754425,0.000672193591754425,0,0.000672193591754425,0,0.00403316155052655,0.00403316155052655,0.00403316155052655,0.00403316155052655,"nonsyn","nonsyn","nonsyn",4.58e-06,8.37e-07,4.33e-07,4.33e-07,"0.00136270266666667","0.000644159666666667","0.001245177","1","A","A","V","E","G",0,1,1,0,0,0,0
"534",797,4459,4459,"g","g","a","a",0.00224265530387979,0.00224265530387979,0.000224265530387979,0.000224265530387979,0.000224265530387979,0,0.000224265530387979,0,0.00246692083426777,0.00246692083426777,0.00246692083426777,0.00246692083426777,"syn","syn","syn",4.2e-06,5.36e-07,1.17e-06,1.17e-06,"0.00187278","0.00521703000000001","0.002390024","1","A","A","A","A","A",0,0,0,0,0,0,0
"535",798,4441,4441,"c","c","t","t",0.000675523530736321,0.000675523530736321,0.00022517451024544,0.00022517451024544,0.00022517451024544,0,0.00022517451024544,0,0.000900698040981761,0.000900698040981761,0.000900698040981761,0.000900698040981761,"nonsyn","nonsyn","nonsyn",4.58e-06,8.37e-07,4.33e-07,4.33e-07,"0.00677992666666666","0.001922953","0.003717117","1","H","H","Y","N","D",1,1,1,0,0,0,0
"536",799,4462,4462,"a","a","g","g",0.00470640968175706,0.00470640968175706,0.000672344240251008,0.000672344240251008,0.000224114746750336,0.000448229493500672,0.000224114746750336,0.000448229493500672,0.00537875392200807,0.00537875392200807,0.00537875392200807,0.00537875392200807,"nonsyn","nonsyn","nonsyn",1.77e-05,1.76e-06,1.7e-06,1.7e-06,"0.00376082857142857","0.00252846666666667","0.00785312000000001","0.0037927","H","H","R","P","L",0,1,1,1,0,0,0
"537",800,4477,4477,"t","t","c","c",0.00335045789591244,0.00335045789591244,0.00201027473754746,0.00201027473754746,0.00178691087781997,0.000223363859727496,0.00178691087781997,0.000223363859727496,0.00536073263345991,0.00536073263345991,0.00536073263345991,0.00536073263345991,"syn","nonsyn","nonsyn",1.7e-05,1.07e-06,1.21e-06,1.21e-06,"0.00507393333333333","0.000601907777777779","0.000598798749999999","0.00541717","H","H","H","Q","Q",0,1,1,1,0,0,0
"538",801,4542,4543,"g","g","a","a",0.00154117129018054,0.00154117129018054,0.000220167327168648,0.000220167327168648,0,0.000220167327168648,0,0.000220167327168648,0.00176133861734919,0.00176133861734919,0.00176095091349329,0.00176095091349329,"nonsyn","nonsyn","nonsyn",4.2e-06,5.36e-07,1.17e-06,1.17e-06,"0.00272519999999999","0.00531414","1","0.00531414","G","G","S","R","C",1,1,0,0,1,1,0
"539",802,4609,4609,"g","g","a","a",0.00151876762855283,0.00151876762855283,0.000216966804078976,0.000216966804078976,0,0.000216966804078976,0,0.000216966804078976,0.00173573443263181,0.00173573443263181,0.00173573443263181,0.00173573443263181,"nonsyn","nonsyn","nonsyn",4.2e-06,5.36e-07,1.17e-06,1.17e-06,"0.0027654","0.00539253","1","0.00539253","G","G","D","A","V",1,1,1,0,0,0,0
"540",803,4610,4610,"c","c","t","t",0.00195227765726681,0.00195227765726681,0.000216919739696312,0.000216919739696312,0.000216919739696312,0,0.000216919739696312,0,0.00216919739696312,0.00216919739696312,0.00216919739696312,0.00216919739696312,"syn","syn","syn",4.58e-06,8.37e-07,4.33e-07,4.33e-07,"0.00234597777777778","0.00199613","0.00385857000000001","1","G","G","G","G","G",0,0,0,0,0,0,0
"541",804,4617,4617,"g","g","a","a",0.00151613601906,0.00151613601906,0,0,0,0,0,0,0.00151613601906,0.00151613601906,0.00151613601906,0.00151613601906,"nonsyn","nonsyn","nonsyn",4.2e-06,5.36e-07,1.17e-06,1.17e-06,"0.00277019999999999","1","1","1","V","V","I","L","F",0,0,0,0,0,0,0
"542",805,4592,4592,"t","t","c","c",0.00435540069686411,0.00435540069686411,0,0,0,0,0,0,0.00435540069686411,0.00435540069686411,0.00435540069686411,0.00435540069686411,"nonsyn","nonsyn","nonsyn",1.7e-05,1.07e-06,1.21e-06,1.21e-06,"0.0039032","1","1","1","V","V","A","D","G",0,1,1,0,0,0,0
"543",806,4621,4621,"c","c","t","t",0.00129842025535598,0.00129842025535598,0,0,0,0,0,0,0.00129842025535598,0.00129842025535598,0.00129842025535598,0.00129842025535598,"syn","syn","syn",4.58e-06,8.37e-07,4.33e-07,4.33e-07,"0.00352736333333334","1","1","1","V","V","V","V","V",0,0,0,0,0,0,0
"544",807,4673,4673,"c","c","t","t",0.000641985876310721,0.000641985876310721,0.000641985876310721,0.000641985876310721,0.000641985876310721,0,0.000641985876310721,0,0.00128397175262144,0.00128397175262144,0.00128397175262144,0.00128397175262144,"nonsyn","syn","nonsyn",4.58e-06,8.37e-07,4.33e-07,4.33e-07,"0.00713411333333333","0.000674469666666667","0.001303767","1","R","R","W","R","G",1,0,1,0,1,0,1
"545",808,4713,4713,"g","g","a","a",0.00212179079142797,0.00212179079142797,0.000424358158285593,0.000424358158285593,0.000424358158285593,0,0.000424358158285593,0,0.00254614894971356,0.00254614894971356,0.00254614894971356,0.00254614894971356,"nonsyn","nonsyn","nonsyn",4.2e-06,5.36e-07,1.17e-06,1.17e-06,"0.00197946","0.002757105","0.001263084","1","R","R","Q","P","L",1,1,1,0,1,1,0
"546",809,4722,4722,"g","g","a","a",0.00169419737399407,0.00169419737399407,0.000423549343498518,0.000423549343498518,0.000211774671749259,0.000211774671749259,0.000211774671749259,0.000211774671749259,0.00211774671749259,0.00211774671749259,0.00211774671749259,0.00211774671749259,"syn","syn","syn",4.2e-06,5.36e-07,1.17e-06,1.17e-06,"0.00247905","0.00276237","0.002530992","0.00552474","R","R","R","R","R",0,0,0,0,1,1,0
"547",810,4733,4733,"g","g","a","a",0.00126769490809212,0.00126769490809212,0,0,0,0,0,0,0.00126769490809212,0.00126769490809212,0.00126769490809212,0.00126769490809212,"nonsyn","nonsyn","nonsyn",4.2e-06,5.36e-07,1.17e-06,1.17e-06,"0.0033131","1","1","1","V","V","I","L","F",0,0,0,0,0,0,0
"548",811,4695,4695,"t","t","c","c",0.00276890308839191,0.00276890308839191,0,0,0,0,0,0,0.00276890308839191,0.00276890308839191,0.00276890308839191,0.00276890308839191,"nonsyn","nonsyn","nonsyn",1.7e-05,1.07e-06,1.21e-06,1.21e-06,"0.00613961538461538","1","1","1","V","V","A","D","G",0,1,1,0,0,0,0
"549",812,4754,4754,"t","t","c","c",0.0014724442574674,0.0014724442574674,0,0,0,0,0,0,0.0014724442574674,0.0014724442574674,0.0014724442574674,0.0014724442574674,"syn","syn","syn",1.7e-05,1.07e-06,1.21e-06,1.21e-06,"0.0115454285714285","1","1","1","V","V","V","V","V",0,0,0,0,0,0,0
"550",813,4863,4863,"c","c","t","t",0.00164507505654945,0.00164507505654945,0.000205634382068682,0.000205634382068682,0.000205634382068682,0,0.000205634382068682,0,0.00185070943861814,0.00185070943861814,0.00185070943861814,0.00185070943861814,"syn","nonsyn","nonsyn",4.58e-06,8.37e-07,4.33e-07,4.33e-07,"0.00278406750000001","0.002105679","0.004070331","1","L","L","L","M","V",0,0,0,0,0,0,0
"551",814,4894,4894,"t","t","c","c",0.00388230486309767,0.00388230486309767,0.00102165917449939,0.00102165917449939,0.000612995504699632,0.000408663669799755,0.000612995504699632,0.000408663669799755,0.00490396403759706,0.00490396403759706,0.00490396403759706,0.00490396403759706,"nonsyn","nonsyn","nonsyn",1.7e-05,1.07e-06,1.21e-06,1.21e-06,"0.00437884210526316","0.001184348","0.00174552666666667","0.00296087","L","L","P","Q","R",1,1,1,1,1,0,1
"552",815,4924,4924,"g","g","a","a",0.00182778229082047,0.00182778229082047,0.000406173842404549,0.000406173842404549,0.000203086921202275,0.000203086921202275,0.000203086921202275,0.000203086921202275,0.00223395613322502,0.00223395613322502,0.00223395613322502,0.00223395613322502,"syn","syn","syn",4.2e-06,5.36e-07,1.17e-06,1.17e-06,"0.00229786666666667","0.00288054","0.00263926399999999","0.00576107999999999","L","L","L","L","L",0,0,0,0,1,1,0
"553",816,4954,4954,"g","g","a","a",0.00121114251110214,0.00121114251110214,0.00040371417036738,0.00040371417036738,0,0.00040371417036738,0,0.00040371417036738,0.00161485668146952,0.00161485668146952,0.00161485668146952,0.00161485668146952,"nonsyn","nonsyn","stop",4.2e-06,5.36e-07,1.17e-06,1.17e-06,"0.0034678","0.00289809","1","0.00289809","E","E","K","Q","*",1,1,1,0,0,0,0
"554",817,4874,4876,"a","a","g","g",0.0045137464095199,0.0045137464095199,0.000615510874025441,0.000615510874025441,0.000410340582683627,0.000205170291341814,0.000410340582683627,0.000205170291341814,0.00512925728354534,0.00512925728354534,0.00512715340442986,0.00512715340442986,"nonsyn","nonsyn","nonsyn",1.77e-05,1.76e-06,1.7e-06,1.7e-06,"0.00392135454545455","0.00276193333333333","0.00428912","0.00828579999999999","E","E","G","A","V",1,1,1,0,0,0,0
"555",818,4977,4977,"a","a","g","g",0.0038175607795861,0.0038175607795861,0.000200924251557163,0.000200924251557163,0,0.000200924251557163,0,0.000200924251557163,0.00401848503114326,0.00401848503114326,0.00401848503114326,0.00401848503114326,"syn","nonsyn","nonsyn",1.77e-05,1.76e-06,1.7e-06,1.7e-06,"0.00463646842105263","0.0084609","1","0.0084609","E","E","E","D","D",0,0,0,0,1,1,0
"556",819,4798,4798,"g","g","a","a",0.000416840350145894,0.000416840350145894,0.000625260525218841,0.000625260525218841,0,0.000625260525218841,0,0.000625260525218841,0.00104210087536474,0.00104210087536474,0.00104210087536474,0.00104210087536474,"nonsyn","nonsyn","nonsyn",4.2e-06,5.36e-07,1.17e-06,1.17e-06,"0.0100758","0.00187122","1","0.00187122","D","D","N","H","Y",1,1,1,0,0,0,0
"557",820,4807,4807,"a","a","g","g",0.00478468899521531,0.00478468899521531,0,0,0,0,0,0,0.00478468899521531,0.00478468899521531,0.00478468899521531,0.00478468899521531,"nonsyn","nonsyn","nonsyn",1.77e-05,1.76e-06,1.7e-06,1.7e-06,"0.0036993","1","1","1","D","D","G","A","V",1,1,1,0,0,0,0
"558",821,4840,4840,"c","c","t","t",0.000826446280991736,0.000826446280991736,0,0,0,0,0,0,0.000826446280991736,0.000826446280991736,0.000826446280991736,0.000826446280991736,"syn","nonsyn","nonsyn",4.58e-06,8.37e-07,4.33e-07,4.33e-07,"0.0055418","1","1","1","D","D","D","E","E",0,0,0,0,0,0,0
"559",822,4858,4858,"g","g","a","a",0.00329353643474681,0.00329353643474681,0.000411692054343351,0.000411692054343351,0.000205846027171676,0.000205846027171676,0.000205846027171676,0.000205846027171676,0.00370522848909016,0.00370522848909016,0.00370522848909016,0.00370522848909016,"nonsyn","nonsyn","nonsyn",4.2e-06,5.36e-07,1.17e-06,1.17e-06,"0.001275225","0.00284193","0.002603888","0.00568385999999999","G","G","S","R","C",1,1,0,0,1,1,0
"560",823,4866,4866,"g","g","a","a",0.00164406083025072,0.00164406083025072,0.00082203041512536,0.00082203041512536,0.00061652281134402,0.00020550760378134,0.00061652281134402,0.00020550760378134,0.00246609124537608,0.00246609124537608,0.00246609124537608,0.00246609124537608,"nonsyn","nonsyn","nonsyn",4.2e-06,5.36e-07,1.17e-06,1.17e-06,"0.00255465","0.001423305","0.000869392","0.00569322","G","G","D","A","V",1,1,1,0,0,0,0
"561",824,4868,4868,"c","c","t","t",0.00267050123253903,0.00267050123253903,0.000616269515201315,0.000616269515201315,0.000410846343467543,0.000205423171733772,0.000410846343467543,0.000205423171733772,0.00328677074774034,0.00328677074774034,0.00328677074774034,0.00328677074774034,"syn","syn","syn",4.58e-06,8.37e-07,4.33e-07,4.33e-07,"0.00171503384615385","0.000702614666666666","0.002037258","0.002107844","G","G","G","G","G",0,0,0,0,0,0,0
"562",825,4939,4939,"g","g","a","a",0.330836201660255,0.330836201660255,0.000202470135654991,0.000202470135654991,0,0.000202470135654991,0,0.000202470135654991,0.33103867179591,0.33103867179591,0.33103867179591,0.33103867179591,"nonsyn","nonsyn","nonsyn",4.2e-06,5.36e-07,1.17e-06,1.17e-06,"1.26951040391677e-05","0.00577863","1","0.00577863","V","V","M","L","L",0,0,0,0,0,0,0
"563",826,4901,4901,"t","t","c","c",0.00346867986125281,0.00346867986125281,0.000408079983676801,0.000408079983676801,0,0.000408079983676801,0,0.000408079983676801,0.00387675984492961,0.00387675984492961,0.00387675984492961,0.00387675984492961,"nonsyn","nonsyn","nonsyn",1.7e-05,1.07e-06,1.21e-06,1.21e-06,"0.00490099999999999","0.002965105","1","0.002965105","V","V","A","E","G",0,1,1,1,0,0,0
"564",827,5330,5330,"g","g","a","a",0.00112570356472795,0.00112570356472795,0.000562851782363977,0.000562851782363977,0,0.000562851782363977,0,0.000562851782363977,0.00168855534709193,0.00168855534709193,0.00168855534709193,0.00168855534709193,"syn","syn","syn",4.2e-06,5.36e-07,1.17e-06,1.17e-06,"0.00373100000000002","0.0020787","1","0.0020787","V","V","V","V","V",0,0,0,0,0,0,0
"565",828,5377,5377,"a","a","g","g",0.00297563697228938,0.00297563697228938,0.000557931932304259,0.000557931932304259,0,0.000557931932304259,0,0.000557931932304259,0.00353356890459364,0.00353356890459364,0.00353356890459364,0.00353356890459364,"nonsyn","nonsyn","nonsyn",1.77e-05,1.76e-06,1.7e-06,1.7e-06,"0.00594830625","0.00304696666666667","1","0.00304696666666667","N","N","D","H","Y",1,1,1,0,0,0,0
"566",829,5473,5473,"a","a","g","g",0.00292344235337109,0.00292344235337109,0.000182715147085693,0.000182715147085693,0.000182715147085693,0,0.000182715147085693,0,0.00310615750045679,0.00310615750045679,0.00310615750045679,0.00310615750045679,"nonsyn","nonsyn","nonsyn",1.77e-05,1.76e-06,1.7e-06,1.7e-06,"0.00605450625000001","0.00930410000000002","0.00963248000000002","1","N","N","S","T","I",0,0,1,0,0,0,0
"567",830,5638,5638,"t","c","c","t",0.00141894288754878,0.998226321390564,0.000354735721887194,0.000354735721887194,0.000177367860943597,0.000177367860943597,0.000177367860943597,0.000177367860943597,0.00177367860943597,0.998581057112451,0.00177367860943597,0.998581057112451,"syn","nonsyn","nonsyn",4.58e-06,8.37e-07,4.33e-07,4.33e-07,"4.58813788201848e-06","0.001220627","0.004719006","0.002441254","N","N","N","K","K",0,1,1,0,0,0,0
"568",831,5603,5603,"t","t","c","c",0.00142780653221488,0.00142780653221488,0.000356951633053721,0.000356951633053721,0.000356951633053721,0,0.000356951633053721,0,0.00178475816526861,0.00178475816526861,0.00178475816526861,0.00178475816526861,"nonsyn","nonsyn","nonsyn",1.7e-05,1.07e-06,1.21e-06,1.21e-06,"0.011906375","0.003389815","0.002997605","1","Y","Y","H","N","D",1,1,1,0,1,0,1
"569",832,5757,5757,"a","a","g","g",0.00312662845231892,0.00312662845231892,0.000173701580684384,0.000173701580684384,0,0.000173701580684384,0,0.000173701580684384,0.0033003300330033,0.0033003300330033,0.0033003300330033,0.0033003300330033,"nonsyn","nonsyn","nonsyn",1.77e-05,1.76e-06,1.7e-06,1.7e-06,"0.00566104999999999","0.00978690000000001","1","0.00978690000000001","Y","Y","C","S","F",1,1,0,0,0,0,0
"570",833,5762,5762,"t","t","c","c",0.00485942381117668,0.00485942381117668,0.000694203401596668,0.000694203401596668,0.000520652551197501,0.000173550850399167,0.000520652551197501,0.000173550850399167,0.00555362721277334,0.00555362721277334,0.00555362721277334,0.00555362721277334,"syn","stop","stop",1.7e-05,1.07e-06,1.21e-06,1.21e-06,"0.00349835714285714","0.001743005","0.00205511333333333","0.00697202","Y","Y","Y","*","*",0,1,1,1,0,0,0
"571",834,5745,5745,"g","g","a","a",0.00330722367275892,0.00330722367275892,0,0,0,0,0,0,0.00330722367275892,0.00330722367275892,0.00330722367275892,0.00330722367275892,"nonsyn","nonsyn","nonsyn",4.2e-06,5.36e-07,1.17e-06,1.17e-06,"0.00126994736842105","1","1","1","A","A","T","P","S",1,1,1,0,0,0,0
"572",835,5785,5785,"c","c","t","t",0.0017286084701815,0.0017286084701815,0.00017286084701815,0.00017286084701815,0.00017286084701815,0,0.00017286084701815,0,0.00190146931719965,0.00190146931719965,0.00190146931719965,0.00190146931719965,"nonsyn","nonsyn","nonsyn",4.58e-06,8.37e-07,4.33e-07,4.33e-07,"0.00264953000000001","0.00250490500000001","0.00484204500000001","1","A","A","V","E","G",0,1,1,0,0,0,0
"573",836,5770,5770,"a","a","g","g",0.00762564991334489,0.00762564991334489,0.000693240901213172,0.000693240901213172,0.000173310225303293,0.000519930675909879,0.000173310225303293,0.000519930675909879,0.00831889081455806,0.00831889081455806,0.00831889081455806,0.00831889081455806,"syn","syn","syn",1.77e-05,1.76e-06,1.7e-06,1.7e-06,"0.00232111363636364","0.00245225","0.0101552","0.00326966666666666","A","A","A","A","A",0,0,0,1,0,0,0
"574",837,5806,5806,"a","a","g","g",0.00499483293145022,0.00499483293145022,0.000688942473303479,0.000688942473303479,0.00034447123665174,0.00034447123665174,0.00034447123665174,0.00034447123665174,0.0056837754047537,0.0056837754047537,0.0056837754047537,0.0056837754047537,"nonsyn","nonsyn","nonsyn",1.77e-05,1.76e-06,1.7e-06,1.7e-06,"0.00354366206896552","0.00246755","0.00510927999999999","0.00493509999999999","T","T","A","P","S",1,1,0,0,0,0,0
"575",838,5835,5836,"c","c","t","t",0.00102827763496144,0.00102827763496144,0,0,0,0,0,0,0.00102827763496144,0.00102827763496144,0.00102810143934202,0.00102810143934202,"nonsyn","nonsyn","nonsyn",4.58e-06,8.37e-07,4.33e-07,4.33e-07,"0.00445405","1","1","1","T","T","I","K","R",1,1,1,0,0,0,0
"576",839,5848,5848,"a","a","g","g",0.00598495212038304,0.00598495212038304,0.000683994528043776,0.000683994528043776,0.000341997264021888,0.000341997264021888,0.000341997264021888,0.000341997264021888,0.00666894664842681,0.00666894664842681,0.00666894664842681,0.00666894664842681,"syn","syn","syn",1.77e-05,1.76e-06,1.7e-06,1.7e-06,"0.00295741714285714","0.0024854","0.00514624","0.0049708","T","T","T","T","T",0,0,0,1,1,1,0
"577",840,5857,5858,"g","g","a","a",0.00170735871606625,0.00170735871606625,0.00102441522963975,0.00102441522963975,0.000341471743213249,0.000682943486426498,0.000341471743213249,0.000682943486426498,0.00273177394570599,0.00273177394570599,0.00273130761351997,0.00273130761351997,"nonsyn","nonsyn","nonsyn",4.2e-06,5.36e-07,1.17e-06,1.17e-06,"0.00245993999999999","0.001142115","0.001569676","0.0017131725","G","G","R","R","W",1,1,1,0,1,1,0
"578",841,5864,5864,"g","g","a","a",0.001193724420191,0.001193724420191,0.000170532060027285,0.000170532060027285,0,0.000170532060027285,0,0.000170532060027285,0.00136425648021828,0.00136425648021828,0.00136425648021828,0.00136425648021828,"nonsyn","nonsyn","nonsyn",4.2e-06,5.36e-07,1.17e-06,1.17e-06,"0.00351839999999999","0.00686088000000001","1","0.00686088000000001","G","G","E","A","V",1,1,1,0,1,1,0
"579",842,5875,5877,"g","g","a","a",0.00153191489361702,0.00153191489361702,0.00102127659574468,0.00102127659574468,0.000170212765957447,0.000851063829787234,0.000170212765957447,0.000851063829787234,0.0025531914893617,0.0025531914893617,0.00255232261357836,0.00255232261357836,"syn","syn","syn",4.2e-06,5.36e-07,1.17e-06,1.17e-06,"0.00274166666666667","0.001145625","0.003149","0.00137475","G","G","G","G","G",0,0,0,0,0,0,0
"580",843,5868,5869,"a","a","g","g",0.00835037491479209,0.00835037491479209,0,0,0,0,0,0,0.00835037491479209,0.00835037491479209,0.00834895212131539,0.00834895212131539,"nonsyn","nonsyn","nonsyn",1.77e-05,1.76e-06,1.7e-06,1.7e-06,"0.00211966530612245","1","1","1","N","N","D","H","Y",1,1,1,0,0,0,0
"581",844,6020,6020,"a","a","g","g",0.00465116279069767,0.00465116279069767,0.000664451827242525,0.000664451827242525,0.000166112956810631,0.000498338870431894,0.000166112956810631,0.000498338870431894,0.0053156146179402,0.0053156146179402,0.0053156146179402,0.0053156146179402,"nonsyn","nonsyn","nonsyn",1.77e-05,1.76e-06,1.7e-06,1.7e-06,"0.0038055","0.0025585","0.0105952","0.00341133333333333","N","N","S","T","I",0,0,1,0,0,0,0
"582",845,6113,6113,"t","c","c","t",0.00212661540978243,0.99607394078194,0.00179944380827744,0.00179944380827744,0.00147227220677245,0.000327171601504989,0.00147227220677245,0.000327171601504989,0.00392605921805987,0.997873384590218,0.00392605921805987,0.997873384590218,"syn","nonsyn","nonsyn",4.58e-06,8.37e-07,4.33e-07,4.33e-07,"4.59805222532436e-06","0.000240629909090909","0.000568509000000001","0.0013234645","N","N","N","K","K",0,1,1,0,0,0,0
"583",846,6142,6142,"c","c","t","t",0.00113969391077825,0.00113969391077825,0.000162813415825464,0.000162813415825464,0.000162813415825464,0,0.000162813415825464,0,0.00130250732660371,0.00130250732660371,0.00130250732660371,0.00130250732660371,"nonsyn","nonsyn","nonsyn",4.58e-06,8.37e-07,4.33e-07,4.33e-07,"0.00401862285714285","0.002659486","0.005140854","1","L","L","F","I","V",0,0,0,0,1,0,1
"584",847,6207,6208,"t","t","c","c",0.00434992750120831,0.00434992750120831,0.00128886740776543,0.00128886740776543,0.00112775898179475,0.000161108425970678,0.00112775898179475,0.000161108425970678,0.00563879490897374,0.00563879490897374,0.00563788659793814,0.00563788659793814,"nonsyn","nonsyn","nonsyn",1.7e-05,1.07e-06,1.21e-06,1.21e-06,"0.00390811111111111","0.000938808749999997","0.000948784285714284","0.00751047000000001","L","L","P","H","R",1,1,1,0,1,0,1
"585",848,6164,6164,"t","t","c","c",0.0017845554834523,0.0017845554834523,0,0,0,0,0,0,0.0017845554834523,0.0017845554834523,0.0017845554834523,0.0017845554834523,"syn","syn","syn",1.7e-05,1.07e-06,1.21e-06,1.21e-06,"0.00952618181818184","1","1","1","L","L","L","L","L",0,0,0,0,0,0,0
"586",849,6204,6204,"c","c","t","t",0.000644745325596389,0.000644745325596389,0.000161186331399097,0.000161186331399097,0.000161186331399097,0,0.000161186331399097,0,0.000805931656995487,0.000805931656995487,0.000805931656995487,0.000805931656995487,"nonsyn","nonsyn","nonsyn",4.58e-06,8.37e-07,4.33e-07,4.33e-07,"0.00710358000000001","0.00268633200000001","0.00519274800000001","1","P","P","S","T","A",1,1,1,0,0,0,0
"587",850,6227,6227,"c","c","t","t",0.00128472779829774,0.00128472779829774,0.000160590974787217,0.000160590974787217,0.000160590974787217,0,0.000160590974787217,0,0.00144531877308495,0.00144531877308495,0.00144531877308495,0.00144531877308495,"nonsyn","nonsyn","nonsyn",4.58e-06,8.37e-07,4.33e-07,4.33e-07,"0.00356495749999999","0.002696291","0.005211999","1","P","P","L","H","R",1,1,1,0,1,0,1
"588",851,6309,6309,"t","t","c","c",0.000951022349025202,0.000951022349025202,0.000317007449675067,0.000317007449675067,0.000158503724837534,0.000158503724837534,0.000158503724837534,0.000158503724837534,0.00126802979870027,0.00126802979870027,0.00126802979870027,0.00126802979870027,"syn","syn","syn",1.7e-05,1.07e-06,1.21e-06,1.21e-06,"0.0178755","0.003816945","0.00675062999999999","0.00763388999999998","P","P","P","P","P",0,0,0,1,1,0,1
"589",852,6325,6325,"g","g","a","a",0.00110671936758893,0.00110671936758893,0.000316205533596838,0.000316205533596838,0,0.000316205533596838,0,0.000316205533596838,0.00142292490118577,0.00142292490118577,0.00142292490118577,0.00142292490118577,"nonsyn","nonsyn","nonsyn",4.2e-06,5.36e-07,1.17e-06,1.17e-06,"0.00379500000000001","0.003700125","1","0.003700125","G","G","S","R","C",1,1,0,0,1,1,0
"590",853,6340,6340,"g","g","a","a",0.00173501577287066,0.00173501577287066,0,0,0,0,0,0,0.00173501577287066,0.00173501577287066,0.00173501577287066,0.00173501577287066,"nonsyn","nonsyn","nonsyn",4.2e-06,5.36e-07,1.17e-06,1.17e-06,"0.00242072727272728","1","1","1","G","G","D","A","V",1,1,1,0,0,0,0
"591",854,6341,6342,"t","t","c","c",0.00362718814067182,0.00362718814067182,0.000473111496609368,0.000473111496609368,0.000315407664406245,0.000157703832203123,0.000315407664406245,0.000157703832203123,0.00410029963728119,0.00410029963728119,0.00409965310627562,0.00409965310627562,"syn","syn","syn",1.7e-05,1.07e-06,1.21e-06,1.21e-06,"0.00468682608695652","0.00255753666666666","0.003392435","0.00767260999999998","G","G","G","G","G",0,0,0,0,0,0,0
"592",855,6351,6351,"t","t","c","c",0.00551094315855771,0.00551094315855771,0.000944733112895607,0.000944733112895607,0.000314911037631869,0.000629822075263738,0.000314911037631869,0.000629822075263738,0.00645567627145331,0.00645567627145331,0.00645567627145331,0.00645567627145331,"nonsyn","nonsyn","nonsyn",1.7e-05,1.07e-06,1.21e-06,1.21e-06,"0.00308477142857143","0.001280785","0.003397785","0.0019211775","C","C","R","S","G",1,1,0,1,0,0,0
"593",856,6355,6356,"g","g","a","a",0.0028324154209284,0.0028324154209284,0,0,0,0,0,0,0.0028324154209284,0.0028324154209284,0.00283196979232222,0.00283196979232222,"nonsyn","nonsyn","nonsyn",4.2e-06,5.36e-07,1.17e-06,1.17e-06,"0.00148283333333333","1","1","1","C","C","Y","S","F",1,1,1,0,0,0,0
"594",857,6417,6417,"c","c","t","t",0.000779180302321957,0.000779180302321957,0.000779180302321957,0.000779180302321957,0.000623344241857566,0.000155836060464391,0.000623344241857566,0.000155836060464391,0.00155836060464391,0.00155836060464391,0.00155836060464391,0.00155836060464391,"syn","stop","nonsyn",4.58e-06,8.37e-07,4.33e-07,4.33e-07,"0.005877972","0.0005557122","0.00134275725","0.00277856100000001","C","C","C","*","W",0,1,1,0,0,0,0
"595",858,6444,6444,"t","t","c","c",0.00325884543761639,0.00325884543761639,0.000465549348230912,0.000465549348230912,0.000310366232153942,0.000155183116076971,0.000310366232153942,0.000155183116076971,0.0037243947858473,0.0037243947858473,0.0037243947858473,0.0037243947858473,"nonsyn","nonsyn","nonsyn",1.7e-05,1.07e-06,1.21e-06,1.21e-06,"0.00521657142857142","0.00259908","0.00344754","0.00779723999999999","S","S","P","T","A",1,0,1,0,1,0,1
"596",859,6455,6455,"c","c","t","t",0.000464756003098373,0.000464756003098373,0.000309837335398916,0.000309837335398916,0.000309837335398916,0,0.000309837335398916,0,0.000774593338497289,0.000774593338497289,0.000774593338497289,0.000774593338497289,"nonsyn","nonsyn","nonsyn",4.58e-06,8.37e-07,4.33e-07,4.33e-07,"0.00985463333333334","0.0013975075","0.0027014175","1","S","S","F","Y","C",1,1,1,0,0,0,0
"597",860,6463,6467,"t","t","c","c",0.00557016865232864,0.00557016865232864,0.000618907628036516,0.000618907628036516,0.000464180721027387,0.000154726907009129,0.000464180721027387,0.000154726907009129,0.00618907628036516,0.00618907628036516,0.00618524818308335,0.00618524818308335,"syn","syn","syn",1.7e-05,1.07e-06,1.21e-06,1.21e-06,"0.00305197222222222","0.0019550575","0.00230513666666666","0.00782022999999999","S","S","S","S","S",0,0,0,0,1,0,1
"598",861,6462,6464,"t","t","c","c",0.00170225936242649,0.00170225936242649,0.000154750851129681,0.000154750851129681,0.000154750851129681,0,0.000154750851129681,0,0.00185701021355617,0.00185701021355617,0.00185643564356436,0.00185643564356436,"nonsyn","nonsyn","nonsyn",1.7e-05,1.07e-06,1.21e-06,1.21e-06,"0.00998672727272729","0.00781902000000001","0.00691434000000001","1","F","F","L","I","V",0,0,0,0,0,0,0
"599",862,6520,6520,"t","t","c","c",0.00613496932515337,0.00613496932515337,0,0,0,0,0,0,0.00613496932515337,0.00613496932515337,0.00613496932515337,0.00613496932515337,"nonsyn","nonsyn","nonsyn",1.7e-05,1.07e-06,1.21e-06,1.21e-06,"0.002771","1","1","1","F","F","S","Y","C",1,0,1,0,0,0,0
"600",863,6521,6521,"c","c","t","t",0.000460052139242447,0.000460052139242447,0.000613402852323263,0.000613402852323263,0.000306701426161632,0.000306701426161632,0.000306701426161632,0.000306701426161632,0.00107345499156571,0.00107345499156571,0.00107345499156571,0.00107345499156571,"syn","nonsyn","nonsyn",4.58e-06,8.37e-07,4.33e-07,4.33e-07,"0.00995539333333334","0.00070589825","0.0027290385","0.0014117965","F","F","F","L","L",0,0,0,0,0,0,0
"601",864,6540,6540,"t","t","c","c",0.00779816513761468,0.00779816513761468,0.000917431192660551,0.000917431192660551,0.000917431192660551,0,0.000917431192660551,0,0.00871559633027523,0.00871559633027523,0.00871559633027523,0.00871559633027523,"nonsyn","nonsyn","nonsyn",1.7e-05,1.07e-06,1.21e-06,1.21e-06,"0.00218","0.0013189","0.0011663","1","S","S","P","T","A",1,0,1,0,1,0,1
"602",865,6510,6510,"c","c","t","t",0.000460829493087558,0.000460829493087558,0.000614439324116743,0.000614439324116743,0.000614439324116743,0,0.000614439324116743,0,0.0010752688172043,0.0010752688172043,0.0010752688172043,0.0010752688172043,"nonsyn","nonsyn","nonsyn",4.58e-06,8.37e-07,4.33e-07,4.33e-07,"0.00993859999999999","0.000704707500000001","0.0013622175","1","S","S","F","Y","C",1,1,1,0,0,0,0
"603",866,6557,6557,"t","t","c","c",0.00503278938538966,0.00503278938538966,0.00198261400030502,0.00198261400030502,0.00183010523105079,0.000152508769254232,0.00183010523105079,0.000152508769254232,0.00701540338569468,0.00701540338569468,0.00701540338569468,0.00701540338569468,"syn","syn","syn",1.7e-05,1.07e-06,1.21e-06,1.21e-06,"0.00337784848484848","0.000610305384615384","0.000584665833333332","0.00793397000000001","S","S","S","S","S",0,0,0,0,1,0,1
"604",867,6567,6567,"a","a","g","g",0.00243642454697731,0.00243642454697731,0.000152276534186082,0.000152276534186082,0,0.000152276534186082,0,0.000152276534186082,0.00258870108116339,0.00258870108116339,0.00258870108116339,0.00258870108116339,"nonsyn","nonsyn","nonsyn",1.77e-05,1.76e-06,1.7e-06,1.7e-06,"0.00726474375","0.0111639","1","0.0111639","I","I","V","L","F",0,0,0,0,0,0,0
"605",868,6558,6558,"t","t","c","c",0.00396462336078073,0.00396462336078073,0.000762427569380909,0.000762427569380909,0.000609942055504727,0.000152485513876182,0.000609942055504727,0.000152485513876182,0.00472705093016163,0.00472705093016163,0.00472705093016163,0.00472705093016163,"nonsyn","nonsyn","nonsyn",1.7e-05,1.07e-06,1.21e-06,1.21e-06,"0.00428792307692307","0.001587036","0.001754265","0.00793517999999999","I","I","T","N","S",1,1,1,0,0,0,0
"606",869,6562,6562,"c","c","t","t",0.000457177689728741,0.000457177689728741,0.000457177689728741,0.000457177689728741,0.000457177689728741,0,0.000457177689728741,0,0.000914355379457483,0.000914355379457483,0.000914355379457483,0.000914355379457483,"syn","syn","nonsyn",4.58e-06,8.37e-07,4.33e-07,4.33e-07,"0.0100179866666667","0.000947115333333334","0.001830798","1","I","I","I","I","M",0,0,0,0,0,0,0
"607",870,6586,6586,"t","t","c","c",0.00546614029760097,0.00546614029760097,0.000607348921955664,0.000607348921955664,0.000455511691466748,0.000151837230488916,0.000455511691466748,0.000151837230488916,0.00607348921955664,0.00607348921955664,0.00607348921955664,0.00607348921955664,"nonsyn","nonsyn","nonsyn",1.7e-05,1.07e-06,1.21e-06,1.21e-06,"0.00311005555555556","0.001992265","0.00234900666666666","0.00796905999999999","F","F","L","I","V",0,0,0,0,1,0,1
"608",871,6549,6549,"t","t","c","c",0.00351198656283402,0.00351198656283402,0.000916170407695831,0.000916170407695831,0.000916170407695831,0,0.000916170407695831,0,0.00442815697052985,0.00442815697052985,0.00442815697052985,0.00442815697052985,"nonsyn","nonsyn","nonsyn",1.7e-05,1.07e-06,1.21e-06,1.21e-06,"0.0048405652173913","0.001320715","0.001167905","1","F","F","S","Y","C",1,0,1,0,0,0,0
"609",872,6530,6531,"c","c","t","t",0.000765696784073507,0.000765696784073507,0.000765696784073507,0.000765696784073507,0.000459418070444104,0.000306278713629403,0.000459418070444104,0.000306278713629403,0.00153139356814701,0.00153139356814701,0.00153115908742918,0.00153115908742918,"syn","nonsyn","nonsyn",4.58e-06,8.37e-07,4.33e-07,4.33e-07,"0.00598148","0.000565498","0.00182187","0.001413745","F","F","F","L","L",0,0,0,0,0,0,0
"610",873,6541,6541,"c","c","t","t",0.000458645467053967,0.000458645467053967,0.000152881822351322,0.000152881822351322,0.000152881822351322,0,0.000152881822351322,0,0.00061152728940529,0.00061152728940529,0.00061152728940529,0.00061152728940529,"nonsyn","nonsyn","nonsyn",4.58e-06,8.37e-07,4.33e-07,4.33e-07,"0.00998592666666667","0.00283225300000001","0.00547481700000002","1","L","L","F","I","V",0,0,0,0,1,0,1
"611",874,6531,6536,"t","t","c","c",0.00367478180983004,0.00367478180983004,0.000459347726228755,0.000459347726228755,0.000306231817485837,0.000153115908742918,0.000306231817485837,0.000153115908742918,0.0041341295360588,0.0041341295360588,0.00413096695226438,0.00413096695226438,"nonsyn","nonsyn","nonsyn",1.7e-05,1.07e-06,1.21e-06,1.21e-06,"0.004626125","0.00263417","0.003494085","0.00790251000000002","L","L","P","H","R",1,1,1,0,1,0,1
"612",875,6532,6532,"t","t","c","c",0.0612369871402327,0.0612369871402327,0.000612369871402327,0.000612369871402327,0.000459277403551745,0.000153092467850582,0.000459277403551745,0.000153092467850582,0.061849357011635,0.061849357011635,0.061849357011635,0.061849357011635,"syn","syn","syn",1.7e-05,1.07e-06,1.21e-06,1.21e-06,"0.00027761","0.00197593","0.00232974666666667","0.00790371999999999","L","L","L","L","L",0,0,0,0,0,0,0
"613",876,6647,6647,"t","c","c","t",0.0188054761546562,0.98029186098992,0.000902662855423499,0.000902662855423499,0.0003008876184745,0.000601775236949,0.0003008876184745,0.000601775236949,0.0197081390100797,0.981194523845344,0.0197081390100797,0.981194523845344,"syn","nonsyn","nonsyn",4.58e-06,8.37e-07,4.33e-07,4.33e-07,"4.67207796193984e-06","0.000479691833333334","0.0027817695","0.00071953775","L","L","L","M","V",0,0,0,0,0,0,0
"614",877,6917,6917,"t","t","c","c",0.00303599826514385,0.00303599826514385,0.000433714037877693,0.000433714037877693,0.000144571345959231,0.000289142691918462,0.000144571345959231,0.000289142691918462,0.00346971230302154,0.00346971230302154,0.00346971230302154,0.00346971230302154,"nonsyn","nonsyn","nonsyn",1.7e-05,1.07e-06,1.21e-06,1.21e-06,"0.00559947619047619","0.00278985666666666","0.00740118999999999","0.004184785","L","L","P","Q","R",1,1,1,1,1,0,1
"615",878,6896,6896,"g","g","a","a",0.00116009280742459,0.00116009280742459,0.000145011600928074,0.000145011600928074,0,0.000145011600928074,0,0.000145011600928074,0.00130510440835267,0.00130510440835267,0.00130510440835267,0.00130510440835267,"syn","syn","syn",4.2e-06,5.36e-07,1.17e-06,1.17e-06,"0.00362040000000001","0.00806832000000001","1","0.00806832000000001","L","L","L","L","L",0,0,0,0,1,1,0
"616",879,6862,6862,"g","g","a","a",0.00233168172544448,0.00233168172544448,0.000437190323520839,0.000437190323520839,0,0.000437190323520839,0,0.000437190323520839,0.00276887204896532,0.00276887204896532,0.00276887204896532,0.00276887204896532,"nonsyn","nonsyn","nonsyn",4.2e-06,5.36e-07,1.17e-06,1.17e-06,"0.001801275","0.00267618","1","0.00267618","A","A","T","P","S",1,1,1,0,0,0,0
"617",880,6905,6905,"c","c","t","t",0.00130340333091962,0.00130340333091962,0.00057929036929761,0.00057929036929761,0.000289645184648805,0.000289645184648805,0.000289645184648805,0.000289645184648805,0.00188269370021723,0.00188269370021723,0.00188269370021723,0.00188269370021723,"nonsyn","nonsyn","nonsyn",4.58e-06,8.37e-07,4.33e-07,4.33e-07,"0.00351387777777779","0.000747466250000001","0.0028897425","0.0014949325","A","A","V","D","G",0,1,1,0,0,0,0
"618",881,6893,6893,"t","c","c","t",0.0039170172638909,0.99492238502829,0.00116059770781953,0.00116059770781953,0.00101552299434209,0.000145074713477441,0.00101552299434209,0.000145074713477441,0.00507761497171043,0.996082982736109,0.00507761497171043,0.996082982736109,"syn","syn","syn",4.58e-06,8.37e-07,4.33e-07,4.33e-07,"4.60337416156314e-06","0.000373083624999999","0.000824205857142854","0.002984669","A","A","A","A","A",0,0,0,0,1,0,1
"619",882,6912,6912,"c","c","t","t",0.000144675925925926,0.000144675925925926,0.000578703703703704,0.000578703703703704,0.000578703703703704,0,0.000578703703703704,0,0.00072337962962963,0.00072337962962963,0.00072337962962963,0.00072337962962963,"syn","nonsyn","nonsyn",4.58e-06,8.37e-07,4.33e-07,4.33e-07,"0.03165696","0.000748224","0.001446336","1","L","L","L","M","V",0,0,0,0,1,0,1
"620",883,6895,6895,"t","t","c","c",0.00464104423495286,0.00464104423495286,0.00174039158810732,0.00174039158810732,0.00130529369108049,0.000435097897026831,0.00130529369108049,0.000435097897026831,0.00638143582306019,0.00638143582306019,0.00638143582306019,0.00638143582306019,"nonsyn","nonsyn","nonsyn",1.7e-05,1.07e-06,1.21e-06,1.21e-06,"0.00366296875","0.000695245833333335","0.000819738888888891","0.00278098333333333","L","L","P","Q","R",1,1,1,1,1,0,1
"621",884,6808,6808,"g","g","a","a",0.00279083431257344,0.00279083431257344,0.000587544065804935,0.000587544065804935,0.000293772032902468,0.000293772032902468,0.000293772032902468,0.000293772032902468,0.00337837837837838,0.00337837837837838,0.00337837837837838,0.00337837837837838,"syn","syn","syn",4.2e-06,5.36e-07,1.17e-06,1.17e-06,"0.00150492631578948","0.00199134","0.001824544","0.00398268","L","L","L","L","L",0,0,0,0,0,0,0
"622",885,6807,6807,"c","c","t","t",0.000734537975613339,0.000734537975613339,0.000146907595122668,0.000146907595122668,0.000146907595122668,0,0.000146907595122668,0,0.000881445570736007,0.000881445570736007,0.000881445570736007,0.000881445570736007,"nonsyn","nonsyn","nonsyn",4.58e-06,8.37e-07,4.33e-07,4.33e-07,"0.006235212","0.002947431","0.00569745899999999","1","L","L","F","I","V",0,0,0,0,0,0,0
"623",886,6805,6805,"t","t","c","c",0.00720058780308597,0.00720058780308597,0.000440852314474651,0.000440852314474651,0.000293901542983101,0.00014695077149155,0.000293901542983101,0.00014695077149155,0.00764144011756062,0.00764144011756062,0.00764144011756062,0.00764144011756062,"nonsyn","nonsyn","nonsyn",1.7e-05,1.07e-06,1.21e-06,1.21e-06,"0.00236091836734694","0.00274468333333333","0.003640675","0.00823405000000002","L","L","P","H","R",1,1,1,0,1,0,1
"624",887,6844,6844,"c","c","t","t",0.00102279368790181,0.00102279368790181,0.000292226767971946,0.000292226767971946,0.000292226767971946,0,0.000292226767971946,0,0.00131502045587376,0.00131502045587376,0.00131502045587376,0.00131502045587376,"syn","syn","syn",4.58e-06,8.37e-07,4.33e-07,4.33e-07,"0.00447793142857144","0.001481726","0.002864214","1","L","L","L","L","L",0,0,0,0,0,0,0
"625",888,6818,6818,"t","t","c","c",0.00337342329128777,0.00337342329128777,0.000293341155764154,0.000293341155764154,0.000146670577882077,0.000146670577882077,0.000146670577882077,0.000146670577882077,0.00366676444705192,0.00366676444705192,0.00366676444705192,0.00366676444705192,"nonsyn","nonsyn","nonsyn",1.7e-05,1.07e-06,1.21e-06,1.21e-06,"0.00503939130434782","0.00412489","0.00729525999999999","0.00824977999999999","S","S","P","T","A",1,0,1,0,1,0,1
"626",889,6822,6822,"c","c","t","t",0.00058633831720903,0.00058633831720903,0.000732922896511287,0.000732922896511287,0.000732922896511287,0,0.000732922896511287,0,0.00131926121372032,0.00131926121372032,0.00131926121372032,0.00131926121372032,"nonsyn","nonsyn","nonsyn",4.58e-06,8.37e-07,4.33e-07,4.33e-07,"0.00781118999999999","0.0005907852","0.0011420028","1","S","S","F","Y","C",1,1,1,0,0,0,0
"627",890,6862,6862,"t","t","c","c",0.0295832118915768,0.0295832118915768,0.000728650539201399,0.000728650539201399,0.00029146021568056,0.000437190323520839,0.00029146021568056,0.000437190323520839,0.0303118624307782,0.0303118624307782,0.0303118624307782,0.0303118624307782,"syn","syn","syn",1.7e-05,1.07e-06,1.21e-06,1.21e-06,"0.000574650246305419","0.001660604","0.00367116999999999","0.00276767333333334","S","S","S","S","S",0,0,0,0,1,0,1
"628",891,6924,6924,"t","t","c","c",0.0036106296938186,0.0036106296938186,0.00115540150202195,0.00115540150202195,0.00115540150202195,0,0.00115540150202195,0,0.00476603119584055,0.00476603119584055,0.00476603119584055,0.00476603119584055,"nonsyn","nonsyn","nonsyn",1.7e-05,1.07e-06,1.21e-06,1.21e-06,"0.00470832","0.001047255","0.000926085000000002","1","C","C","R","S","G",1,1,0,1,0,0,0
"629",892,7001,7001,"g","g","a","a",0.00142836737608913,0.00142836737608913,0.000285673475217826,0.000285673475217826,0,0.000285673475217826,0,0.000285673475217826,0.00171404085130696,0.00171404085130696,0.00171404085130696,0.00171404085130696,"nonsyn","nonsyn","nonsyn",4.2e-06,5.36e-07,1.17e-06,1.17e-06,"0.00294042","0.004095585","1","0.004095585","C","C","Y","S","F",1,1,1,0,0,0,0
"630",893,7004,7004,"c","c","t","t",0.00314106225014278,0.00314106225014278,0.000142775556824672,0.000142775556824672,0,0.000142775556824672,0,0.000142775556824672,0.00328383780696745,0.00328383780696745,0.00328383780696745,0.00328383780696745,"syn","stop","nonsyn",4.58e-06,8.37e-07,4.33e-07,4.33e-07,"0.00145810545454545","0.00303273199999999","1","0.00303273199999999","C","C","C","*","W",0,1,1,0,0,0,0
"631",894,7062,7062,"c","c","t","t",0.00127442650807137,0.00127442650807137,0.000708014726706316,0.000708014726706316,0.000708014726706316,0,0.000708014726706316,0,0.00198244123477768,0.00198244123477768,0.00198244123477768,0.00198244123477768,"syn","nonsyn","nonsyn",4.58e-06,8.37e-07,4.33e-07,4.33e-07,"0.00359377333333333","0.0006115692","0.0011821788","1","L","L","L","M","V",0,0,0,0,1,0,1
"632",895,7049,7049,"t","t","c","c",0.00255355369555965,0.00255355369555965,0.00099304865938431,0.00099304865938431,0.000851184565186551,0.000141864094197759,0.000851184565186551,0.000141864094197759,0.00354660235494396,0.00354660235494396,0.00354660235494396,0.00354660235494396,"nonsyn","nonsyn","nonsyn",1.7e-05,1.07e-06,1.21e-06,1.21e-06,"0.0066573888888889","0.00121847","0.00125707166666667","0.00852928999999997","L","L","P","Q","R",1,1,1,1,1,0,1
"633",896,7031,7031,"g","g","a","a",0.00227563646707438,0.00227563646707438,0.000426681837576447,0.000426681837576447,0.000142227279192149,0.000284454558384298,0.000142227279192149,0.000284454558384298,0.00270231830465083,0.00270231830465083,0.00270231830465083,0.00270231830465083,"syn","syn","syn",4.2e-06,5.36e-07,1.17e-06,1.17e-06,"0.0018456375","0.00274209","0.003768616","0.004113135","L","L","L","L","L",0,0,0,0,0,0,0
"634",897,7084,7084,"a","a","g","g",0.00324675324675325,0.00324675324675325,0.000564652738565782,0.000564652738565782,0,0.000564652738565782,0,0.000564652738565782,0.00381140598531903,0.00381140598531903,0.00381140598531903,0.00381140598531903,"nonsyn","nonsyn","nonsyn",1.77e-05,1.76e-06,1.7e-06,1.7e-06,"0.00545159999999999","0.0030107","1","0.0030107","T","T","A","P","S",1,1,0,0,0,0,0
"635",898,7095,7095,"c","c","t","t",0.00112755461592671,0.00112755461592671,0,0,0,0,0,0,0.00112755461592671,0.00112755461592671,0.00112755461592671,0.00112755461592671,"nonsyn","nonsyn","nonsyn",4.58e-06,8.37e-07,4.33e-07,4.33e-07,"0.0040618875","1","1","1","T","T","I","N","S",1,0,0,0,0,0,0
"636",899,7081,7081,"t","t","c","c",0.00310690580426493,0.00310690580426493,0.00155345290213247,0.00155345290213247,0.00127100691992656,0.000282445982205903,0.00127100691992656,0.000282445982205903,0.0046603587063974,0.0046603587063974,0.0046603587063974,0.0046603587063974,"syn","syn","syn",1.7e-05,1.07e-06,1.21e-06,1.21e-06,"0.00547168181818183","0.000778909999999999","0.000841852222222225","0.004284005","T","T","T","T","T",0,0,0,1,1,0,1
"637",900,6968,6968,"g","g","a","a",0.00301377726750861,0.00301377726750861,0.000143513203214696,0.000143513203214696,0.000143513203214696,0,0.000143513203214696,0,0.00315729047072331,0.00315729047072331,0.00315729047072331,0.00315729047072331,"nonsyn","nonsyn","nonsyn",4.2e-06,5.36e-07,1.17e-06,1.17e-06,"0.0013936","0.00815255999999999","0.00373484799999999","1","V","V","M","L","L",0,0,0,0,0,0,0
"638",901,6966,6966,"t","t","c","c",0.00358886017800746,0.00358886017800746,0,0,0,0,0,0,0.00358886017800746,0.00358886017800746,0.00358886017800746,0.00358886017800746,"nonsyn","nonsyn","nonsyn",1.7e-05,1.07e-06,1.21e-06,1.21e-06,"0.00473688000000001","1","1","1","V","V","A","E","G",0,1,1,1,0,0,0
"639",902,6944,6944,"g","g","a","a",0.00244815668202765,0.00244815668202765,0.000144009216589862,0.000144009216589862,0,0.000144009216589862,0,0.000144009216589862,0.00259216589861751,0.00259216589861751,0.00259216589861751,0.00259216589861751,"syn","syn","syn",4.2e-06,5.36e-07,1.17e-06,1.17e-06,"0.00171557647058823","0.00812447999999999","1","0.00812447999999999","V","V","V","V","V",0,0,0,0,0,0,0
"640",903,6922,6927,"c","c","t","t",0.00202253683906385,0.00202253683906385,0.000866801502455938,0.000866801502455938,0.000433400751227969,0.000433400751227969,0.000433400751227969,0.000433400751227969,0.00288933834151979,0.00288933834151979,0.0028872527789808,0.0028872527789808,"nonsyn","nonsyn","nonsyn",4.58e-06,8.37e-07,4.33e-07,4.33e-07,"0.00226448285714286","0.000499537666666666","0.001931238","0.000999075333333333","P","P","S","T","A",1,1,1,0,0,0,0
"641",904,6898,6898,"c","c","t","t",0.0130472600753842,0.0130472600753842,0.00130472600753842,0.00130472600753842,0.00130472600753842,0,0.00130472600753842,0,0.0143519860829226,0.0143519860829226,0.0143519860829226,0.0143519860829226,"nonsyn","nonsyn","nonsyn",4.58e-06,8.37e-07,4.33e-07,4.33e-07,"0.000351031555555555","0.000331870444444444","0.000641513999999999","1","P","P","L","H","R",1,1,1,0,1,0,1
"642",905,6897,6897,"c","c","t","t",0.00333478323908946,0.00333478323908946,0.000144990575612585,0.000144990575612585,0.000144990575612585,0,0.000144990575612585,0,0.00347977381470204,0.00347977381470204,0.00347977381470204,0.00347977381470204,"syn","syn","syn",4.58e-06,8.37e-07,4.33e-07,4.33e-07,"0.00137340260869565","0.002986401","0.00577278900000001","1","P","P","P","P","P",0,0,0,0,1,0,1
"643",906,6866,6866,"g","g","a","a",0.00174774249927177,0.00174774249927177,0.000582580833090591,0.000582580833090591,0.000145645208272648,0.000436935624817943,0.000145645208272648,0.000436935624817943,0.00233032333236237,0.00233032333236237,0.00233032333236237,0.00233032333236237,"nonsyn","nonsyn","nonsyn",4.2e-06,5.36e-07,1.17e-06,1.17e-06,"0.00240310000000001","0.002008305","0.003680176","0.00267774","A","A","T","P","S",1,1,1,0,0,0,0
"644",907,6815,6815,"c","c","t","t",0.00132061628760088,0.00132061628760088,0.000293470286133529,0.000293470286133529,0.000146735143066764,0.000146735143066764,0.000146735143066764,0.000146735143066764,0.00161408657373441,0.00161408657373441,0.00161408657373441,0.00161408657373441,"nonsyn","nonsyn","nonsyn",4.58e-06,8.37e-07,4.33e-07,4.33e-07,"0.00346807777777778","0.0014754475","0.00570415500000002","0.00295089500000001","A","A","V","D","G",0,1,1,0,0,0,0
"645",908,6777,6777,"t","t","c","c",0.00413162166150214,0.00413162166150214,0,0,0,0,0,0,0.00413162166150214,0.00413162166150214,0.00413162166150214,0.00413162166150214,"syn","syn","syn",1.7e-05,1.07e-06,1.21e-06,1.21e-06,"0.00411460714285714","1","1","1","A","A","A","A","A",0,0,0,0,1,0,1
"646",909,6776,6776,"t","t","c","c",0.00309917355371901,0.00309917355371901,0,0,0,0,0,0,0.00309917355371901,0.00309917355371901,0.00309917355371901,0.00309917355371901,"nonsyn","nonsyn","nonsyn",1.7e-05,1.07e-06,1.21e-06,1.21e-06,"0.00548533333333333","1","1","1","S","S","P","T","A",1,0,1,0,0,0,0
"647",910,6785,6785,"c","c","t","t",0.00353721444362564,0.00353721444362564,0.000147383935151069,0.000147383935151069,0.000147383935151069,0,0.000147383935151069,0,0.00368459837877671,0.00368459837877671,0.00368459837877671,0.00368459837877671,"nonsyn","stop","stop",4.58e-06,8.37e-07,4.33e-07,4.33e-07,"0.00129480416666667","0.00293790499999999","0.00567904499999998","1","S","S","L","*","*",1,1,1,0,0,0,0
"648",911,6704,6704,"g","a","a","g",0.00178997613365155,0.998060859188544,0.000149164677804296,0.000149164677804296,0,0.000149164677804296,0,0.000149164677804296,0.00193914081145585,0.998210023866348,0.00193914081145585,0.998210023866348,"syn","syn","syn",1.77e-05,1.76e-06,1.7e-06,1.7e-06,"1.77343894784038e-05","0.0113968","1","0.0113968","S","S","S","S","S",0,0,0,1,1,1,0
"649",912,6734,6734,"g","g","a","a",0.00207900207900208,0.00207900207900208,0.000594000594000594,0.000594000594000594,0.000297000297000297,0.000297000297000297,0.000297000297000297,0.000297000297000297,0.00267300267300267,0.00267300267300267,0.00267300267300267,0.00267300267300267,"nonsyn","nonsyn","nonsyn",4.2e-06,5.36e-07,1.17e-06,1.17e-06,"0.0020202","0.001969695","0.001804712","0.00393939","A","A","T","P","S",1,1,1,0,0,0,0
"650",913,6758,6758,"c","c","t","t",0.00281148268718556,0.00281148268718556,0.000295945546019532,0.000295945546019532,0.000147972773009766,0.000147972773009766,0.000147972773009766,0.000147972773009766,0.00310742823320509,0.00310742823320509,0.00310742823320509,0.00310742823320509,"nonsyn","nonsyn","nonsyn",4.58e-06,8.37e-07,4.33e-07,4.33e-07,"0.00162903368421053","0.001463107","0.00565644600000001","0.002926214","A","A","V","D","G",0,1,1,0,0,0,0
"651",914,6780,6780,"c","c","t","t",0.0268436578171091,0.0268436578171091,0.000589970501474926,0.000589970501474926,0.000589970501474926,0,0.000589970501474926,0,0.0274336283185841,0.0274336283185841,0.0274336283185841,0.0274336283185841,"syn","syn","syn",4.58e-06,8.37e-07,4.33e-07,4.33e-07,"0.000170617582417583","0.000733935","0.001418715","1","A","A","A","A","A",0,0,0,0,1,0,1
"652",915,6772,6772,"t","t","c","c",0.003248670998228,0.003248670998228,0.00073833431777909,0.00073833431777909,0.000590667454223272,0.000147666863555818,0.000590667454223272,0.000147666863555818,0.00398700531600709,0.00398700531600709,0.00398700531600709,0.00398700531600709,"nonsyn","nonsyn","nonsyn",1.7e-05,1.07e-06,1.21e-06,1.21e-06,"0.00523290909090909","0.001638824","0.00181151","0.00819412","Y","Y","H","N","D",1,1,1,0,1,0,1
"653",916,6922,6926,"a","a","g","g",0.00231147067321583,0.00231147067321583,0,0,0,0,0,0,0.00231147067321583,0.00231147067321583,0.00231013572047358,0.00231013572047358,"nonsyn","nonsyn","nonsyn",1.77e-05,1.76e-06,1.7e-06,1.7e-06,"0.00765746250000001","1","1","1","Y","Y","C","S","F",1,1,0,0,0,0,0
"654",917,6966,6966,"c","c","t","t",0.00143554407120299,0.00143554407120299,0,0,0,0,0,0,0.00143554407120299,0.00143554407120299,0.00143554407120299,0.00143554407120299,"syn","stop","stop",4.58e-06,8.37e-07,4.33e-07,4.33e-07,"0.00319042799999999","1","1","1","Y","Y","Y","*","*",0,1,1,0,0,0,0
"655",918,6960,6960,"c","c","t","t",0.00114942528735632,0.00114942528735632,0.00014367816091954,0.00014367816091954,0.00014367816091954,0,0.00014367816091954,0,0.00129310344827586,0.00129310344827586,0.00129310344827586,0.00129310344827586,"stop","nonsyn","nonsyn",4.58e-06,8.37e-07,4.33e-07,4.33e-07,"0.00398460000000001","0.00301368","0.00582552000000001","1","Q","Q","*","K","E",1,1,1,0,1,0,1
"656",919,6962,6962,"a","a","g","g",0.00244182706118931,0.00244182706118931,0.0011490950876185,0.0011490950876185,0.000287273771904625,0.000861821315713875,0.000287273771904625,0.000861821315713875,0.00359092214880781,0.00359092214880781,0.00359092214880781,0.00359092214880781,"nonsyn","nonsyn","nonsyn",1.77e-05,1.76e-06,1.7e-06,1.7e-06,"0.0072486705882353","0.001479425","0.00612656","0.00197256666666667","Q","Q","R","P","L",1,1,1,1,0,0,0
"657",920,6604,6604,"a","a","g","g",0.00211992731677771,0.00211992731677771,0.000151423379769836,0.000151423379769836,0,0.000151423379769836,0,0.000151423379769836,0.00227135069654755,0.00227135069654755,0.00227135069654755,0.00227135069654755,"syn","nonsyn","nonsyn",1.77e-05,1.76e-06,1.7e-06,1.7e-06,"0.00834934285714286","0.0112268","1","0.0112268","Q","Q","Q","H","H",0,1,1,0,1,1,0
"658",921,6655,6656,"g","g","a","a",0.000901577761081893,0.000901577761081893,0,0,0,0,0,0,0.000901577761081893,0.000901577761081893,0.000901442307692308,0.000901442307692308,"nonsyn","nonsyn","nonsyn",4.2e-06,5.36e-07,1.17e-06,1.17e-06,"0.0046585","1","1","1","V","V","M","L","L",0,0,0,0,0,0,0
"659",922,6641,6641,"t","t","c","c",0.00135521758771269,0.00135521758771269,0.000150579731968077,0.000150579731968077,0.000150579731968077,0,0.000150579731968077,0,0.00150579731968077,0.00150579731968077,0.00150579731968077,0.00150579731968077,"nonsyn","nonsyn","nonsyn",1.7e-05,1.07e-06,1.21e-06,1.21e-06,"0.0125441111111111","0.00803561000000001","0.00710587","1","V","V","A","E","G",0,1,1,1,0,0,0
"660",923,6623,6623,"a","g","g","a",0.00166087875585082,0.998339121244149,0,0,0,0,0,0,0.00166087875585082,0.998339121244149,0.00166087875585082,0.998339121244149,"syn","syn","syn",4.2e-06,5.36e-07,1.17e-06,1.17e-06,"4.20698729582577e-06","1","1","1","V","V","V","V","V",0,0,0,0,0,0,0
"661",924,6617,6617,"c","c","t","t",0.00392927308447937,0.00392927308447937,0.000151125887864591,0.000151125887864591,0.000151125887864591,0,0.000151125887864591,0,0.00408039897234396,0.00408039897234396,0.00408039897234396,0.00408039897234396,"nonsyn","nonsyn","nonsyn",4.58e-06,8.37e-07,4.33e-07,4.33e-07,"0.00116561","0.002865161","0.00553842900000001","1","R","R","C","S","G",1,1,1,0,0,0,0
"662",925,6590,6590,"g","g","a","a",0.00273141122913505,0.00273141122913505,0,0,0,0,0,0,0.00273141122913505,0.00273141122913505,0.00273141122913505,0.00273141122913505,"nonsyn","nonsyn","nonsyn",4.2e-06,5.36e-07,1.17e-06,1.17e-06,"0.00153766666666667","1","1","1","R","R","H","P","L",0,1,1,0,0,0,0
"663",926,6537,6541,"c","c","t","t",0.00152975370965275,0.00152975370965275,0.000764876854826373,0.000764876854826373,0.000764876854826373,0,0.000764876854826373,0,0.00229463056447912,0.00229463056447912,0.00229322733526984,0.00229322733526984,"syn","syn","syn",4.58e-06,8.37e-07,4.33e-07,4.33e-07,"0.00299394599999999","0.0005661042","0.0010942938","1","R","R","R","R","R",0,0,0,0,0,0,0
"664",927,6516,6520,"a","a","g","g",0.00399017802332719,0.00399017802332719,0.00122774708410068,0.00122774708410068,0.000306936771025169,0.000920810313075506,0.000306936771025169,0.000920810313075506,0.00521792510742787,0.00521792510742787,0.00521472392638037,0.00521472392638037,"nonsyn","nonsyn","nonsyn",1.77e-05,1.76e-06,1.7e-06,1.7e-06,"0.00443589230769231","0.00138464999999999","0.00573408","0.0018462","N","N","D","H","Y",1,1,1,1,0,0,0
"665",928,6519,6519,"a","a","g","g",0.00322135296824666,0.00322135296824666,0.000153397760392698,0.000153397760392698,0,0.000153397760392698,0,0.000153397760392698,0.00337475072863936,0.00337475072863936,0.00337475072863936,0.00337475072863936,"nonsyn","nonsyn","nonsyn",1.77e-05,1.76e-06,1.7e-06,1.7e-06,"0.00549458571428572","0.0110823","1","0.0110823","N","N","S","T","I",0,0,1,0,0,0,0
"666",929,6532,6532,"c","t","t","c",0.000765462339252909,0.998622167789345,0.000612369871402327,0.000612369871402327,0,0.000612369871402327,0,0.000612369871402327,0.00137783221065524,0.999234537660747,0.00137783221065524,0.999234537660747,"syn","nonsyn","nonsyn",1.7e-05,1.07e-06,1.21e-06,1.21e-06,"1.70234554652767e-05","0.00197593","1","0.00197593","N","N","N","K","K",0,1,1,0,0,0,0
"667",930,6432,6432,"t","t","c","c",0.00435323383084577,0.00435323383084577,0.0143034825870647,0.0143034825870647,0.0138370646766169,0.000466417910447761,0.0138370646766169,0.000466417910447761,0.0186567164179104,0.0186567164179104,0.0186567164179104,0.0186567164179104,"nonsyn","nonsyn","nonsyn",1.7e-05,1.07e-06,1.21e-06,1.21e-06,"0.00390514285714286","8.45947826086955e-05","7.73285393258428e-05","0.00259424","S","S","P","T","A",1,0,1,0,0,0,0
"668",931,6428,6428,"c","c","t","t",0.00186683260734287,0.00186683260734287,0.000311138767890479,0.000311138767890479,0.000311138767890479,0,0.000311138767890479,0,0.00217797137523335,0.00217797137523335,0.00217797137523335,0.00217797137523335,"nonsyn","nonsyn","nonsyn",4.58e-06,8.37e-07,4.33e-07,4.33e-07,"0.00245335333333334","0.001391662","0.002690118","1","S","S","F","Y","C",1,1,1,0,0,0,0
"669",932,6422,6426,"t","c","c","t",0.0038928682653379,0.995951417004049,0.000155714730613516,0.000155714730613516,0.000155714730613516,0,0.000155714730613516,0,0.00404858299595142,0.996107131734662,0.00404606286959228,0.995487083722378,"syn","syn","syn",4.58e-06,8.37e-07,4.33e-07,4.33e-07,"4.59861788617886e-06","0.002780726","0.005375214","1","S","S","S","S","S",0,0,0,0,1,0,1
"670",933,6378,6379,"a","t","g","c",0.00172467858262778,0.000156788962057071,0.000627155848228285,0.999372844151772,0.000156788962057071,0.000470366886171214,0.997648165569144,0.00172467858262778,0.00235183443085607,0.999529633113829,0.00235146574698229,0.999372942467471,"nonsyn","nonsyn","nonsyn",1.7e-05,1.07e-06,1.21e-06,1.21e-06,"0.108426","1.21075933479762e-06","1.07252239509665e-06","0.000701580000000001","T","S","P","T","A",1,0,1,0,1,0,1
"671",934,6369,6370,"c","c","t","t",0.00266917883498194,0.00266917883498194,0.00031402103940964,0.00031402103940964,0.00031402103940964,0,0.00031402103940964,0,0.00298319987439158,0.00298319987439158,0.00298273155416013,0.00298273155416013,"nonsyn","stop","nonsyn",4.58e-06,8.37e-07,4.33e-07,4.33e-07,"0.00171588352941177","0.0013788885","0.0026654265","1","T","S","L","*","W",1,1,1,0,0,0,0
"672",935,6346,6349,"g","g","a","a",0.00173337535455405,0.00173337535455405,0.000472738733060195,0.000472738733060195,0,0.000472738733060195,0,0.000472738733060195,0.00220611408761425,0.00220611408761425,0.00220507166482911,0.00220507166482911,"syn","syn","syn",4.2e-06,5.36e-07,1.17e-06,1.17e-06,"0.00242301818181818","0.00247494","1","0.00247494","T","S","S","S","S",0,0,0,0,1,1,0
"673",936,6309,6314,"g","g","a","a",0.00285306704707561,0.00285306704707561,0.000634014899350135,0.000634014899350135,0.000158503724837534,0.000475511174512601,0.000158503724837534,0.000475511174512601,0.00348708194642574,0.00348708194642574,0.00348432055749129,0.00348432055749129,"nonsyn","nonsyn","nonsyn",4.2e-06,5.36e-07,1.17e-06,1.17e-06,"0.0014721","0.0018453825","0.00338162399999999","0.00246051","G","G","R","R","W",1,1,1,0,1,1,0
"674",937,6283,6283,"g","g","a","a",0.00318319274232055,0.00318319274232055,0.000477478911348082,0.000477478911348082,0.000159159637116027,0.000318319274232055,0.000159159637116027,0.000318319274232055,0.00366067165366863,0.00366067165366863,0.00366067165366863,0.00366067165366863,"nonsyn","nonsyn","nonsyn",4.2e-06,5.36e-07,1.17e-06,1.17e-06,"0.00131943","0.00245037","0.00336768800000001","0.003675555","G","G","E","A","V",1,1,1,0,1,1,0
"675",938,6322,6322,"g","g","a","a",0.00205631129389434,0.00205631129389434,0.000158177791838026,0.000158177791838026,0,0.000158177791838026,0,0.000158177791838026,0.00221448908573236,0.00221448908573236,0.00221448908573236,0.00221448908573236,"syn","syn","syn",4.2e-06,5.36e-07,1.17e-06,1.17e-06,"0.0020424923076923","0.00739674","1","0.00739674","G","G","G","G","G",0,0,0,0,0,0,0
"676",939,6340,6340,"c","c","t","t",0.00126182965299685,0.00126182965299685,0.000157728706624606,0.000157728706624606,0.000157728706624606,0,0.000157728706624606,0,0.00141955835962145,0.00141955835962145,0.00141955835962145,0.00141955835962145,"nonsyn","nonsyn","nonsyn",4.58e-06,8.37e-07,4.33e-07,4.33e-07,"0.00362964999999999","0.00274521999999999","0.00530657999999999","1","L","L","F","I","V",0,0,0,0,0,0,0
"677",940,6477,6485,"t","t","c","c",0.00540373629766867,0.00540373629766867,0.000463177396943029,0.000463177396943029,0.000154392465647676,0.000308784931295353,0.000154392465647676,0.000308784931295353,0.0058669136946117,0.0058669136946117,0.00585967617579029,0.00585967617579029,"nonsyn","nonsyn","nonsyn",1.7e-05,1.07e-06,1.21e-06,1.21e-06,"0.00314597142857143","0.00261239","0.00693039000000002","0.003918585","L","L","P","H","R",1,1,1,0,1,0,1
"678",941,6498,6498,"t","t","c","c",0.000923361034164358,0.000923361034164358,0.000307787011388119,0.000307787011388119,0.000307787011388119,0,0.000307787011388119,0,0.00123114804555248,0.00123114804555248,0.00123114804555248,0.00123114804555248,"syn","syn","syn",1.7e-05,1.07e-06,1.21e-06,1.21e-06,"0.018411","0.00393129000000001","0.00347643","1","L","L","L","L","L",0,0,0,0,0,0,0
"679",942,6684,6684,"t","t","c","c",0.00224416517055655,0.00224416517055655,0.000299222022740874,0.000299222022740874,0,0.000299222022740874,0,0.000299222022740874,0.00254338719329743,0.00254338719329743,0.00254338719329743,0.00254338719329743,"nonsyn","nonsyn","nonsyn",1.7e-05,1.07e-06,1.21e-06,1.21e-06,"0.00757520000000001","0.00404382","1","0.00404382","Y","Y","H","N","D",1,1,1,0,0,0,0
"680",943,6765,6765,"a","a","g","g",0.00295639320029564,0.00295639320029564,0.000147819660014782,0.000147819660014782,0.000147819660014782,0,0.000147819660014782,0,0.00310421286031042,0.00310421286031042,0.00310421286031042,0.00310421286031042,"nonsyn","nonsyn","nonsyn",1.77e-05,1.76e-06,1.7e-06,1.7e-06,"0.005987025","0.0115005","0.0119064","1","Y","Y","C","S","F",1,1,0,0,0,0,0
"681",944,6796,6796,"c","c","t","t",0.00161859917598587,0.00161859917598587,0,0,0,0,0,0,0.00161859917598587,0.00161859917598587,0.00161859917598587,0.00161859917598587,"syn","stop","stop",4.58e-06,8.37e-07,4.33e-07,4.33e-07,"0.00282960727272728","1","1","1","Y","Y","Y","*","*",0,1,1,0,0,0,0
"682",945,6788,6788,"c","c","t","t",0.00117855038302887,0.00117855038302887,0.000294637595757219,0.000294637595757219,0.000294637595757219,0,0.000294637595757219,0,0.00147318797878609,0.00147318797878609,0.00147318797878609,0.00147318797878609,"nonsyn","nonsyn","nonsyn",4.58e-06,8.37e-07,4.33e-07,4.33e-07,"0.00388613000000002","0.001469602","0.002840778","1","H","H","Y","N","D",1,1,1,0,1,0,1
"683",946,6807,6807,"a","a","g","g",0.00528867342441604,0.00528867342441604,0.000734537975613339,0.000734537975613339,0,0.000734537975613339,0,0.000734537975613339,0.00602321140002938,0.00602321140002938,0.00602321140002938,0.00602321140002938,"nonsyn","nonsyn","nonsyn",1.77e-05,1.76e-06,1.7e-06,1.7e-06,"0.003346775","0.00231438","1","0.00231438","H","H","R","P","L",0,1,1,1,0,0,0
"684",947,6773,6774,"t","t","c","c",0.141296323637974,0.141296323637974,0.00472464196072641,0.00472464196072641,0.0010335154289089,0.00369112653181751,0.0010335154289089,0.00369112653181751,0.146020965598701,0.146020965598701,0.145999409506938,0.145999409506938,"syn","nonsyn","nonsyn",1.7e-05,1.07e-06,1.21e-06,1.21e-06,"0.000120314524555904","0.0002561040625","0.00103530142857143","0.0003278132","H","H","H","Q","Q",0,1,1,1,0,0,0
"685",948,6766,6767,"g","g","a","a",0.00147797812592374,0.00147797812592374,0.000147797812592374,0.000147797812592374,0,0.000147797812592374,0,0.000147797812592374,0.00162577593851611,0.00162577593851611,0.00162553568789715,0.00162553568789715,"nonsyn","nonsyn","nonsyn",4.2e-06,5.36e-07,1.17e-06,1.17e-06,"0.00284171999999999","0.00791621999999998","1","0.00791621999999998","V","V","I","L","F",0,0,0,0,0,0,0
"686",949,6760,6760,"t","t","c","c",0.00680473372781065,0.00680473372781065,0.000739644970414201,0.000739644970414201,0.000443786982248521,0.00029585798816568,0.000443786982248521,0.00029585798816568,0.00754437869822485,0.00754437869822485,0.00754437869822485,0.00754437869822485,"nonsyn","nonsyn","nonsyn",1.7e-05,1.07e-06,1.21e-06,1.21e-06,"0.00249826086956522","0.00163592","0.00241106666666666","0.00408980000000001","V","V","A","D","G",0,1,1,0,0,0,0
"687",950,6717,6717,"c","c","t","t",0.00104213190412386,0.00104213190412386,0.000297751972606819,0.000297751972606819,0.000297751972606819,0,0.000297751972606819,0,0.00133988387673068,0.00133988387673068,0.00133988387673068,0.00133988387673068,"syn","syn","syn",4.58e-06,8.37e-07,4.33e-07,4.33e-07,"0.00439483714285716","0.0014542305","0.0028110645","1","V","V","V","V","V",0,0,0,0,0,0,0
"688",951,6700,6700,"a","a","g","g",0.00358208955223881,0.00358208955223881,0.00104477611940298,0.00104477611940298,0.000298507462686567,0.000746268656716418,0.000298507462686567,0.000746268656716418,0.00462686567164179,0.00462686567164179,0.00462686567164179,0.00462686567164179,"nonsyn","nonsyn","nonsyn",1.77e-05,1.76e-06,1.7e-06,1.7e-06,"0.00494124999999999","0.00162714285714287","0.005896","0.002278","T","T","A","P","S",1,1,0,1,0,0,0
"689",952,6762,6762,"c","c","t","t",0.00147885241052943,0.00147885241052943,0.000147885241052943,0.000147885241052943,0.000147885241052943,0,0.000147885241052943,0,0.00162673765158237,0.00162673765158237,0.00162673765158237,0.00162673765158237,"nonsyn","nonsyn","nonsyn",4.58e-06,8.37e-07,4.33e-07,4.33e-07,"0.003096996","0.002927946","0.005659794","1","T","T","I","N","S",1,0,0,0,0,0,0
"690",953,6952,6952,"c","c","t","t",0.000863060989643268,0.000863060989643268,0.000431530494821634,0.000431530494821634,0.000431530494821634,0,0.000431530494821634,0,0.0012945914844649,0.0012945914844649,0.0012945914844649,0.0012945914844649,"syn","syn","syn",4.58e-06,8.37e-07,4.33e-07,4.33e-07,"0.00530669333333333","0.00100340533333333","0.001939608","1","T","T","T","T","T",0,0,0,0,1,0,1
"691",954,6949,6951,"a","a","g","g",0.00215858396891639,0.00215858396891639,0.000431716793783278,0.000431716793783278,0.000143905597927759,0.000287811195855519,0.000143905597927759,0.000287811195855519,0.00259030076269967,0.00259030076269967,0.00258955545964609,0.00258955545964609,"nonsyn","nonsyn","nonsyn",1.77e-05,1.76e-06,1.7e-06,1.7e-06,"0.00819982","0.00393776666666667","0.01223024","0.00590665","N","N","D","H","Y",1,1,1,1,0,0,0
"692",955,6866,6866,"a","a","g","g",0.00218467812408972,0.00218467812408972,0,0,0,0,0,0,0.00218467812408972,0.00218467812408972,0.00218467812408972,0.00218467812408972,"nonsyn","nonsyn","nonsyn",1.77e-05,1.76e-06,1.7e-06,1.7e-06,"0.00810187999999999","1","1","1","N","N","S","T","I",0,0,1,0,0,0,0
"693",956,6974,6974,"t","t","c","c",0.00243762546601663,0.00243762546601663,0,0,0,0,0,0,0.00243762546601663,0.00243762546601663,0.00243762546601663,0.00243762546601663,"syn","nonsyn","nonsyn",1.7e-05,1.07e-06,1.21e-06,1.21e-06,"0.00697400000000001","1","1","1","N","N","N","K","K",0,1,1,1,0,0,0
"694",957,6994,6994,"g","g","a","a",0.00128681727194738,0.00128681727194738,0,0,0,0,0,0,0.00128681727194738,0.00128681727194738,0.00128681727194738,0.00128681727194738,"nonsyn","nonsyn","nonsyn",4.2e-06,5.36e-07,1.17e-06,1.17e-06,"0.00326386666666668","1","1","1","D","D","N","H","Y",1,1,1,0,0,0,0
"695",958,6974,6974,"a","a","g","g",0.00387152279896759,0.00387152279896759,0.000143389733295096,0.000143389733295096,0,0.000143389733295096,0,0.000143389733295096,0.00401491253226269,0.00401491253226269,0.00401491253226269,0.00401491253226269,"nonsyn","nonsyn","nonsyn",1.77e-05,1.76e-06,1.7e-06,1.7e-06,"0.00457184444444445","0.0118558","1","0.0118558","D","D","G","A","V",1,1,1,0,0,0,0
"696",959,6877,6877,"t","t","c","c",0.00378071833648393,0.00378071833648393,0.000436236731132761,0.000436236731132761,0.000290824487421841,0.00014541224371092,0.000290824487421841,0.00014541224371092,0.00421695506761669,0.00421695506761669,0.00421695506761669,0.00421695506761669,"syn","nonsyn","nonsyn",1.7e-05,1.07e-06,1.21e-06,1.21e-06,"0.0044965","0.00277372333333334","0.003679195","0.00832117000000003","D","D","D","E","E",0,0,0,0,0,0,0
"697",960,6895,6895,"t","t","c","c",0.00261058738216099,0.00261058738216099,0.000580130529369108,0.000580130529369108,0.000435097897026831,0.000145032632342277,0.000435097897026831,0.000145032632342277,0.00319071791153009,0.00319071791153009,0.00319071791153009,0.00319071791153009,"nonsyn","nonsyn","nonsyn",1.7e-05,1.07e-06,1.21e-06,1.21e-06,"0.00651194444444443","0.0020857375","0.00245921666666667","0.00834295","C","C","R","S","G",1,1,0,1,0,0,0
"698",961,6905,6905,"g","g","a","a",0.00202751629254164,0.00202751629254164,0.000289645184648805,0.000289645184648805,0.000144822592324403,0.000144822592324403,0.000144822592324403,0.000144822592324403,0.00231716147719044,0.00231716147719044,0.00231716147719044,0.00231716147719044,"nonsyn","nonsyn","nonsyn",4.2e-06,5.36e-07,1.17e-06,1.17e-06,"0.0020715","0.004039425","0.00370107999999999","0.00807884999999998","C","C","Y","S","F",1,1,1,0,0,0,0
"699",962,6905,6906,"c","c","t","t",0.0270818247646633,0.0270818247646633,0.000289645184648805,0.000289645184648805,0.000144822592324403,0.000144822592324403,0.000144822592324403,0.000144822592324403,0.0273714699493121,0.0273714699493121,0.027367506516073,0.027367506516073,"syn","stop","nonsyn",4.58e-06,8.37e-07,4.33e-07,4.33e-07,"0.000169117112299465","0.0014949325","0.00577948499999998","0.00298986499999999","C","C","C","*","W",0,1,1,0,0,0,0
"700",963,6898,6898,"c","c","t","t",0.00159466512032473,0.00159466512032473,0.0010147868947521,0.0010147868947521,0.000724847781965787,0.000289939112786315,0.000724847781965787,0.000289939112786315,0.00260945201507683,0.00260945201507683,0.00260945201507683,0.00260945201507683,"nonsyn","nonsyn","nonsyn",4.58e-06,8.37e-07,4.33e-07,4.33e-07,"0.00287207636363637","0.000426690571428572","0.0011547252","0.001493417","P","P","S","T","A",1,1,1,0,1,0,1
"701",964,6899,6899,"c","c","t","t",0.00188433106247282,0.00188433106247282,0.000869691259602841,0.000869691259602841,0.000869691259602841,0,0.000869691259602841,0,0.00275402232207566,0.00275402232207566,0.00275402232207566,0.00275402232207566,"nonsyn","nonsyn","nonsyn",4.58e-06,8.37e-07,4.33e-07,4.33e-07,"0.00243057076923077","0.000497877833333333","0.0009624105","1","P","P","L","H","R",1,1,1,0,1,0,1
"702",965,6762,6762,"t","t","c","c",0.0331262939958592,0.0331262939958592,0.000443655723158829,0.000443655723158829,0.000443655723158829,0,0.000443655723158829,0,0.033569949719018,0.033569949719018,0.033569949719018,0.033569949719018,"syn","syn","syn",1.7e-05,1.07e-06,1.21e-06,1.21e-06,"0.0005131875","0.00272734","0.00241178","1","P","P","P","P","P",0,0,0,0,1,0,1
"703",966,6740,6741,"a","a","g","g",0.00178041543026706,0.00178041543026706,0.000148367952522255,0.000148367952522255,0,0.000148367952522255,0,0.000148367952522255,0.00192878338278932,0.00192878338278932,0.00192849725560006,0.00192849725560006,"nonsyn","nonsyn","nonsyn",1.77e-05,1.76e-06,1.7e-06,1.7e-06,"0.00994150000000001","0.011458","1","0.011458","N","N","D","H","Y",1,1,1,0,0,0,0
"704",967,6719,6719,"a","a","g","g",0.0014883167137967,0.0014883167137967,0.000297663342759339,0.000297663342759339,0.00014883167137967,0.00014883167137967,0.00014883167137967,0.00014883167137967,0.00178598005655604,0.00178598005655604,0.00178598005655604,0.00178598005655604,"nonsyn","nonsyn","nonsyn",1.77e-05,1.76e-06,1.7e-06,1.7e-06,"0.01189263","0.00571115","0.01182544","0.0114223","N","N","S","T","I",0,0,1,0,0,0,0
"705",968,6608,6608,"c","c","t","t",0.000907990314769976,0.000907990314769976,0.000151331719128329,0.000151331719128329,0.000151331719128329,0,0.000151331719128329,0,0.00105932203389831,0.00105932203389831,0.00105932203389831,0.00105932203389831,"syn","nonsyn","nonsyn",4.58e-06,8.37e-07,4.33e-07,4.33e-07,"0.00504410666666667","0.00286126400000001","0.00553089600000001","1","N","N","N","K","K",0,1,1,0,0,0,0
"706",969,6633,6633,"t","t","c","c",0.00482436303331826,0.00482436303331826,0.000904568068747173,0.000904568068747173,0.000603045379164782,0.000301522689582391,0.000603045379164782,0.000301522689582391,0.00572893110206543,0.00572893110206543,0.00572893110206543,0.00572893110206543,"nonsyn","nonsyn","nonsyn",1.7e-05,1.07e-06,1.21e-06,1.21e-06,"0.00352378125","0.001337655","0.0017743275","0.004012965","S","S","P","T","A",1,0,1,0,1,0,1
"707",970,6633,6633,"c","c","t","t",0.00105532941353837,0.00105532941353837,0.000150761344791196,0.000150761344791196,0.000150761344791196,0,0.000150761344791196,0,0.00120609075832956,0.00120609075832956,0.00120609075832956,0.00120609075832956,"nonsyn","stop","nonsyn",4.58e-06,8.37e-07,4.33e-07,4.33e-07,"0.00433987714285714","0.00287208899999999","0.00555182099999998","1","S","S","L","*","W",1,1,1,0,0,0,0
"708",971,6630,6630,"g","g","a","a",0.00316742081447964,0.00316742081447964,0.000452488687782805,0.000452488687782805,0.000150829562594268,0.000301659125188537,0.000150829562594268,0.000301659125188537,0.00361990950226244,0.00361990950226244,0.00361990950226244,0.00361990950226244,"syn","syn","syn",4.2e-06,5.36e-07,1.17e-06,1.17e-06,"0.001326","0.0025857","0.00355368000000001","0.00387855","S","S","S","S","S",0,0,0,0,0,0,0
"709",972,6597,6597,"a","a","g","g",0.00288009701379415,0.00288009701379415,0.000303168106715174,0.000303168106715174,0.000303168106715174,0,0.000303168106715174,0,0.00318326512050932,0.00318326512050932,0.00318326512050932,0.00318326512050932,"nonsyn","nonsyn","nonsyn",1.77e-05,1.76e-06,1.7e-06,1.7e-06,"0.00614562631578947","0.00560744999999999","0.00580535999999999","1","S","S","G","R","C",1,1,1,0,1,1,0
"710",973,6675,6675,"g","g","a","a",0.000749063670411985,0.000749063670411985,0.000149812734082397,0.000149812734082397,0,0.000149812734082397,0,0.000149812734082397,0.000898876404494382,0.000898876404494382,0.000898876404494382,0.000898876404494382,"nonsyn","nonsyn","nonsyn",4.2e-06,5.36e-07,1.17e-06,1.17e-06,"0.005607","0.00780975","1","0.00780975","S","S","N","T","I",0,0,1,0,0,0,0
"711",974,6851,6851,"t","t","c","c",0.00233542548533061,0.00233542548533061,0.000729820464165815,0.000729820464165815,0.000583856371332652,0.000145964092833163,0.000583856371332652,0.000145964092833163,0.00306524594949642,0.00306524594949642,0.00306524594949642,0.00306524594949642,"syn","nonsyn","nonsyn",1.7e-05,1.07e-06,1.21e-06,1.21e-06,"0.0072791875","0.001657942","0.0018326425","0.00828971","S","S","S","R","R",0,1,1,0,0,0,0
"712",975,6926,6926,"a","a","g","g",0.00129945134276639,0.00129945134276639,0,0,0,0,0,0,0.00129945134276639,0.00129945134276639,0.00129945134276639,0.00129945134276639,"nonsyn","nonsyn","nonsyn",1.77e-05,1.76e-06,1.7e-06,1.7e-06,"0.0136211333333333","1","1","1","I","I","V","L","F",0,0,0,0,0,0,0
"713",976,6905,6906,"t","t","c","c",0.00376538740043447,0.00376538740043447,0.000434467776973208,0.000434467776973208,0.000289645184648805,0.000144822592324403,0.000289645184648805,0.000144822592324403,0.00419985517740768,0.00419985517740768,0.00419924703156675,0.00419924703156675,"nonsyn","nonsyn","nonsyn",1.7e-05,1.07e-06,1.21e-06,1.21e-06,"0.00451480769230769","0.00278501666666667","0.003694175","0.00835504999999998","I","I","T","N","S",1,1,1,0,0,0,0
"714",977,6939,6939,"t","t","c","c",0.00417927655281741,0.00417927655281741,0.000432338953739732,0.000432338953739732,0.000432338953739732,0,0.000432338953739732,0,0.00461161550655714,0.00461161550655714,0.00461161550655714,0.00461161550655714,"syn","syn","nonsyn",1.7e-05,1.07e-06,1.21e-06,1.21e-06,"0.00406768965517241","0.00279873","0.00247491","1","I","I","I","I","M",0,0,0,1,0,0,0
"715",978,6958,6958,"g","g","a","a",0.00129347513653349,0.00129347513653349,0.000143719459614832,0.000143719459614832,0,0.000143719459614832,0,0.000143719459614832,0.00143719459614832,0.00143719459614832,0.00143719459614832,0.00143719459614832,"nonsyn","nonsyn","nonsyn",4.2e-06,5.36e-07,1.17e-06,1.17e-06,"0.00324706666666666","0.00814085999999999","1","0.00814085999999999","V","V","M","L","L",0,0,0,0,0,0,0
"716",979,6710,6710,"t","t","c","c",0.00268256333830104,0.00268256333830104,0.000894187779433681,0.000894187779433681,0.000447093889716841,0.000447093889716841,0.000447093889716841,0.000447093889716841,0.00357675111773472,0.00357675111773472,0.00357675111773472,0.00357675111773472,"nonsyn","nonsyn","nonsyn",1.7e-05,1.07e-06,1.21e-06,1.21e-06,"0.00633722222222223","0.00135318333333333","0.00239323333333333","0.00270636666666666","V","V","A","E","G",0,1,1,1,0,0,0
"717",980,6721,6721,"g","g","a","a",0.00148787382829936,0.00148787382829936,0.000297574765659872,0.000297574765659872,0.000148787382829936,0.000148787382829936,0.000148787382829936,0.000148787382829936,0.00178544859395923,0.00178544859395923,0.00178544859395923,0.00178544859395923,"syn","syn","syn",4.2e-06,5.36e-07,1.17e-06,1.17e-06,"0.00282282","0.003931785","0.003602456","0.00786357","V","V","V","V","V",0,0,0,0,0,0,0
"718",981,6705,6705,"t","t","c","c",0.00283370618941089,0.00283370618941089,0.000149142431021626,0.000149142431021626,0,0.000149142431021626,0,0.000149142431021626,0.00298284862043251,0.00298284862043251,0.00298284862043251,0.00298284862043251,"nonsyn","nonsyn","nonsyn",1.7e-05,1.07e-06,1.21e-06,1.21e-06,"0.00599921052631578","0.00811304999999998","1","0.00811304999999998","Y","Y","H","N","D",1,1,1,0,0,0,0
"719",982,6684,6684,"a","a","g","g",0.00209455415918612,0.00209455415918612,0.000897666068222621,0.000897666068222621,0.000448833034111311,0.000448833034111311,0.000448833034111311,0.000448833034111311,0.00299222022740874,0.00299222022740874,0.00299222022740874,0.00299222022740874,"nonsyn","nonsyn","nonsyn",1.77e-05,1.76e-06,1.7e-06,1.7e-06,"0.0084504857142857","0.0018938","0.00392128","0.0037876","Y","Y","C","S","F",1,1,0,0,0,0,0
"720",983,6677,6677,"c","c","t","t",0.00194698217762468,0.00194698217762468,0.000299535719634566,0.000299535719634566,0,0.000299535719634566,0,0.000299535719634566,0.00224651789725925,0.00224651789725925,0.00224651789725925,0.00224651789725925,"syn","stop","stop",4.58e-06,8.37e-07,4.33e-07,4.33e-07,"0.00235235846153846","0.0014455705","1","0.0014455705","Y","Y","Y","*","*",0,1,1,0,0,0,0
"721",984,6660,6660,"g","g","a","a",0.00015015015015015,0.00015015015015015,0.000600600600600601,0.000600600600600601,0,0.000600600600600601,0,0.000600600600600601,0.000750750750750751,0.000750750750750751,0.000750750750750751,0.000750750750750751,"nonsyn","nonsyn","stop",4.2e-06,5.36e-07,1.17e-06,1.17e-06,"0.027972","0.00194805","1","0.00194805","E","E","K","Q","*",1,1,1,0,0,0,0
"722",985,6589,6589,"a","a","g","g",0.0027318257702231,0.0027318257702231,0.00136591288511155,0.00136591288511155,0.000151768098345728,0.00121414478676582,0.000151768098345728,0.00121414478676582,0.00409773865533465,0.00409773865533465,0.00409773865533465,0.00409773865533465,"nonsyn","nonsyn","nonsyn",1.77e-05,1.76e-06,1.7e-06,1.7e-06,"0.00647918333333333","0.00124458888888889","0.01159664","0.0014001625","E","E","G","A","V",1,1,1,0,1,1,0
"723",986,6548,6548,"g","g","a","a",0.000916310323762981,0.000916310323762981,0,0,0,0,0,0,0.000916310323762981,0.000916310323762981,0.000916310323762981,0.000916310323762981,"syn","nonsyn","nonsyn",4.2e-06,5.36e-07,1.17e-06,1.17e-06,"0.0045836","1","1","1","E","E","E","D","D",0,0,0,0,1,1,0
"724",987,6470,6470,"a","g","g","a",0.0139103554868624,0.985471406491499,0.000618238021638331,0.000618238021638331,0.000154559505409583,0.000463678516228748,0.000154559505409583,0.000463678516228748,0.0145285935085008,0.986089644513138,0.0145285935085008,0.986089644513138,"nonsyn","nonsyn","nonsyn",4.2e-06,5.36e-07,1.17e-06,1.17e-06,"4.26191969887077e-06","0.001892475","0.00346791999999999","0.0025233","T","A","T","P","S",1,1,1,0,0,0,0
"725",988,6461,6461,"c","c","t","t",0.00108342361863489,0.00108342361863489,0.000154774802662127,0.000154774802662127,0.000154774802662127,0,0.000154774802662127,0,0.00123819842129701,0.00123819842129701,0.00123819842129701,0.00123819842129701,"nonsyn","nonsyn","nonsyn",4.58e-06,8.37e-07,4.33e-07,4.33e-07,"0.00422733999999998","0.00279761299999999","0.00540785699999999","1","T","A","V","E","G",0,1,1,0,0,0,0
"726",989,6457,6457,"g","g","a","a",0.0371689639151309,0.0371689639151309,0.000929224097878272,0.000929224097878272,0,0.000929224097878272,0,0.000929224097878272,0.0380981880130091,0.0380981880130091,0.0380981880130091,0.0380981880130091,"syn","syn","syn",4.2e-06,5.36e-07,1.17e-06,1.17e-06,"0.0001129975","0.001259115","1","0.001259115","T","A","A","A","A",0,0,0,0,1,1,0
"727",990,6583,6583,"a","g","g","a",0.00364575421540331,0.995594713656388,0.000759532128209023,0.000759532128209023,0,0.000759532128209023,0,0.000759532128209023,0.00440528634361234,0.996354245784597,0.00440528634361234,0.996354245784597,"nonsyn","nonsyn","nonsyn",4.2e-06,5.36e-07,1.17e-06,1.17e-06,"4.21858407079646e-06","0.001540422","1","0.001540422","T","A","T","P","S",1,1,1,0,0,0,0
"728",991,6494,6494,"c","c","t","t",0.00200184785956267,0.00200184785956267,0.000153988296889436,0.000153988296889436,0.000153988296889436,0,0.000153988296889436,0,0.00215583615645211,0.00215583615645211,0.00215583615645211,0.00215583615645211,"nonsyn","nonsyn","nonsyn",4.58e-06,8.37e-07,4.33e-07,4.33e-07,"0.00228788615384616","0.00281190200000001","0.00543547800000001","1","T","A","V","D","G",0,1,1,0,0,0,0
"729",992,6547,6547,"c","c","t","t",0.00473499312662288,0.00473499312662288,0.000305483427524057,0.000305483427524057,0.000152741713762028,0.000152741713762028,0.000152741713762028,0.000152741713762028,0.00504047655414694,0.00504047655414694,0.00504047655414694,0.00504047655414694,"syn","syn","syn",4.58e-06,8.37e-07,4.33e-07,4.33e-07,"0.000967266451612903","0.0014174255","0.00547983900000001","0.00283485100000001","T","A","A","A","A",0,0,0,0,1,0,1
"730",993,6546,6546,"g","g","a","a",0.000763825236785823,0.000763825236785823,0.000305530094714329,0.000305530094714329,0,0.000305530094714329,0,0.000305530094714329,0.00106935533150015,0.00106935533150015,0.00106935533150015,0.00106935533150015,"nonsyn","nonsyn","nonsyn",4.2e-06,5.36e-07,1.17e-06,1.17e-06,"0.00549864","0.00382941","1","0.00382941","D","D","N","H","Y",1,1,1,0,0,0,0
"731",994,6503,6503,"a","a","g","g",0.0036906043364601,0.0036906043364601,0.000153775180685837,0.000153775180685837,0,0.000153775180685837,0,0.000153775180685837,0.00384437951714593,0.00384437951714593,0.00384437951714593,0.00384437951714593,"nonsyn","nonsyn","nonsyn",1.77e-05,1.76e-06,1.7e-06,1.7e-06,"0.00479596249999999","0.0110551","1","0.0110551","D","D","G","A","V",1,1,1,0,0,0,0
"732",995,6543,6543,"c","t","t","c",0.068317285648785,0.931071373987468,0.000611340363747516,0.000611340363747516,0.000458505272810637,0.000152835090936879,0.000458505272810637,0.000152835090936879,0.0689286260125325,0.931682714351215,0.0689286260125325,0.931682714351215,"syn","nonsyn","nonsyn",1.7e-05,1.07e-06,1.21e-06,1.21e-06,"1.82585357846356e-05","0.0019792575","0.00233367","0.00791703000000001","D","D","D","E","E",0,0,0,1,0,0,0
"733",996,6522,6522,"g","g","a","a",0.0026065624041705,0.0026065624041705,0.000459981600735971,0.000459981600735971,0.000153327200245324,0.000306654400490647,0.000153327200245324,0.000306654400490647,0.00306654400490647,0.00306654400490647,0.00306654400490647,0.00306654400490647,"nonsyn","nonsyn","nonsyn",4.2e-06,5.36e-07,1.17e-06,1.17e-06,"0.00161131764705882","0.00254358","0.00349579199999999","0.00381537","A","A","T","P","S",1,1,1,0,0,0,0
"734",997,6515,6515,"c","c","t","t",0.00107444359171144,0.00107444359171144,0.000153491941673062,0.000153491941673062,0.000153491941673062,0,0.000153491941673062,0,0.0012279355333845,0.0012279355333845,0.0012279355333845,0.0012279355333845,"nonsyn","nonsyn","nonsyn",4.58e-06,8.37e-07,4.33e-07,4.33e-07,"0.00426267142857141","0.002820995","0.00545305500000001","1","A","A","V","D","G",0,1,1,0,0,0,0
"735",998,6528,6528,"c","c","t","t",0.00122549019607843,0.00122549019607843,0,0,0,0,0,0,0.00122549019607843,0.00122549019607843,0.00122549019607843,0.00122549019607843,"syn","syn","syn",4.58e-06,8.37e-07,4.33e-07,4.33e-07,"0.00373728","1","1","1","A","A","A","A","A",0,0,0,0,1,0,1
"736",999,6519,6519,"a","a","g","g",0.00245436416628317,0.00245436416628317,0.00107378432274889,0.00107378432274889,0.000613591041570793,0.000460193281178095,0.000613591041570793,0.000460193281178095,0.00352814848903206,0.00352814848903206,0.00352814848903206,0.00352814848903206,"nonsyn","nonsyn","nonsyn",1.77e-05,1.76e-06,1.7e-06,1.7e-06,"0.00721164375000001","0.00158318571428571","0.00286836","0.0036941","I","I","V","L","F",0,0,0,1,0,0,0
"737",1000,6478,6478,"t","t","c","c",0.00200679221982093,0.00200679221982093,0.000154368632293918,0.000154368632293918,0,0.000154368632293918,0,0.000154368632293918,0.00216116085211485,0.00216116085211485,0.00216116085211485,0.00216116085211485,"nonsyn","nonsyn","nonsyn",1.7e-05,1.07e-06,1.21e-06,1.21e-06,"0.00847123076923078","0.00783837999999999","1","0.00783837999999999","I","I","T","N","S",1,1,1,0,0,0,0
"738",1001,6691,6691,"c","c","t","t",0.00134509041996712,0.00134509041996712,0,0,0,0,0,0,0.00134509041996712,0.00134509041996712,0.00134509041996712,0.00134509041996712,"syn","syn","nonsyn",4.58e-06,8.37e-07,4.33e-07,4.33e-07,"0.00340497555555556","1","1","1","I","I","I","I","M",0,0,0,0,0,0,0
"739",1002,6717,6717,"c","c","t","t",0.00148875986303409,0.00148875986303409,0,0,0,0,0,0,0.00148875986303409,0.00148875986303409,0.00148875986303409,0.00148875986303409,"syn","nonsyn","nonsyn",4.58e-06,8.37e-07,4.33e-07,4.33e-07,"0.00307638600000001","1","1","1","L","L","L","M","V",0,0,0,0,1,0,1
"740",1003,6514,6514,"t","t","c","c",0.00445194964691434,0.00445194964691434,0.00199570156585815,0.00199570156585815,0.00199570156585815,0,0.00199570156585815,0,0.00644765121277249,0.00644765121277249,0.00644765121277249,0.00644765121277249,"nonsyn","nonsyn","nonsyn",1.7e-05,1.07e-06,1.21e-06,1.21e-06,"0.00381855172413793","0.000606303076923077","0.000536152307692308","1","L","L","P","Q","R",1,1,1,1,1,0,1
"741",1004,6856,6856,"g","g","a","a",0.00379229871645274,0.00379229871645274,0,0,0,0,0,0,0.00379229871645274,0.00379229871645274,0.00379229871645274,0.00379229871645274,"syn","syn","syn",4.2e-06,5.36e-07,1.17e-06,1.17e-06,"0.00110750769230769","1","1","1","L","L","L","L","L",0,0,0,0,0,0,0
"742",1005,6793,6793,"c","c","t","t",0.00191373472692478,0.00191373472692478,0.000147210363609598,0.000147210363609598,0.000147210363609598,0,0.000147210363609598,0,0.00206094509053437,0.00206094509053437,0.00206094509053437,0.00206094509053437,"nonsyn","nonsyn","nonsyn",4.58e-06,8.37e-07,4.33e-07,4.33e-07,"0.00239322615384615","0.002941369","0.005685741","1","H","H","Y","N","D",1,1,1,0,0,0,0
"743",1006,6837,6837,"a","a","g","g",0.00526546731022378,0.00526546731022378,0.000585051923358198,0.000585051923358198,0.000292525961679099,0.000292525961679099,0.000292525961679099,0.000292525961679099,0.00585051923358198,0.00585051923358198,0.00585051923358198,0.00585051923358198,"nonsyn","nonsyn","nonsyn",1.77e-05,1.76e-06,1.7e-06,1.7e-06,"0.003361525","0.002905725","0.00601656","0.00581145","H","H","R","P","L",0,1,1,1,0,0,0
"744",1007,6826,6826,"c","c","t","t",0.000878992089071198,0.000878992089071198,0.000146498681511866,0.000146498681511866,0,0.000146498681511866,0,0.000146498681511866,0.00102549077058306,0.00102549077058306,0.00102549077058306,0.00102549077058306,"syn","nonsyn","nonsyn",4.58e-06,8.37e-07,4.33e-07,4.33e-07,"0.00521051333333334","0.00295565800000001","1","0.00295565800000001","H","H","H","Q","Q",0,1,1,0,0,0,0
"745",1008,6292,6292,"a","a","g","g",0.00301970756516211,0.00301970756516211,0.000158931977113795,0.000158931977113795,0,0.000158931977113795,0,0.000158931977113795,0.00317863954227591,0.00317863954227591,0.00317863954227591,0.00317863954227591,"nonsyn","nonsyn","nonsyn",1.77e-05,1.76e-06,1.7e-06,1.7e-06,"0.00586149473684211","0.0106964","1","0.0106964","T","T","A","P","S",1,1,0,1,0,0,0
"746",1009,6331,6331,"c","c","t","t",0.00078976465013426,0.00078976465013426,0,0,0,0,0,0,0.00078976465013426,0.00078976465013426,0.00078976465013426,0.00078976465013426,"nonsyn","nonsyn","nonsyn",4.58e-06,8.37e-07,4.33e-07,4.33e-07,"0.005799196","1","1","1","T","T","I","N","S",1,0,0,0,0,0,0
"747",1010,6286,6286,"t","t","c","c",0.00286350620426344,0.00286350620426344,0.000636334712058543,0.000636334712058543,0.000318167356029271,0.000318167356029271,0.000318167356029271,0.000318167356029271,0.00349984091632199,0.00349984091632199,0.00349984091632199,0.00349984091632199,"syn","syn","syn",1.7e-05,1.07e-06,1.21e-06,1.21e-06,"0.00593677777777778","0.001901515","0.00336301","0.00380303","T","T","T","T","T",0,0,0,0,1,0,1
"748",1011,6336,6336,"c","c","t","t",0.000789141414141414,0.000789141414141414,0.000473484848484848,0.000473484848484848,0.000315656565656566,0.000157828282828283,0.000315656565656566,0.000157828282828283,0.00126262626262626,0.00126262626262626,0.00126262626262626,0.00126262626262626,"nonsyn","nonsyn","nonsyn",4.58e-06,8.37e-07,4.33e-07,4.33e-07,"0.005803776","0.000914496000000001","0.002651616","0.002743488","P","P","S","T","A",1,1,1,0,0,0,0
"749",1012,6272,6272,"c","c","t","t",0.00143494897959184,0.00143494897959184,0,0,0,0,0,0,0.00143494897959184,0.00143494897959184,0.00143494897959184,0.00143494897959184,"nonsyn","nonsyn","nonsyn",4.58e-06,8.37e-07,4.33e-07,4.33e-07,"0.0031917511111111","1","1","1","P","P","L","Q","R",1,1,1,0,1,0,1
"750",1013,6192,6193,"g","g","a","a",0.00080749354005168,0.00080749354005168,0.000968992248062015,0.000968992248062015,0.000322997416020672,0.000645994832041344,0.000322997416020672,0.000645994832041344,0.0017764857881137,0.0017764857881137,0.00177619893428064,0.00177619893428064,"syn","syn","syn",4.2e-06,5.36e-07,1.17e-06,1.17e-06,"0.00520128","0.00120744","0.001659456","0.00181116","P","P","P","P","P",0,0,0,0,1,1,0
"751",1014,6107,6107,"g","g","a","a",0.000982479122318651,0.000982479122318651,0.000163746520386442,0.000163746520386442,0,0.000163746520386442,0,0.000163746520386442,0.00114622564270509,0.00114622564270509,0.00114622564270509,0.00114622564270509,"nonsyn","nonsyn","nonsyn",4.2e-06,5.36e-07,1.17e-06,1.17e-06,"0.0042749","0.00714518999999999","1","0.00714518999999999","G","G","R","R","W",1,1,1,0,1,1,0
"752",1015,6076,6076,"g","g","a","a",0.00148123765635286,0.00148123765635286,0.00032916392363397,0.00032916392363397,0.000164581961816985,0.000164581961816985,0.000164581961816985,0.000164581961816985,0.00181040157998683,0.00181040157998683,0.00181040157998683,0.00181040157998683,"nonsyn","nonsyn","nonsyn",4.2e-06,5.36e-07,1.17e-06,1.17e-06,"0.00283546666666667","0.00355446","0.003256736","0.00710891999999999","G","G","E","A","V",1,1,1,0,1,1,0
"753",1016,6057,6059,"g","g","a","a",0.00132078586759122,0.00132078586759122,0.000165098233448902,0.000165098233448902,0,0.000165098233448902,0,0.000165098233448902,0.00148588410104012,0.00148588410104012,0.00148539362931177,0.00148539362931177,"syn","syn","syn",4.2e-06,5.36e-07,1.17e-06,1.17e-06,"0.00317992499999999","0.00708669","1","0.00708669","G","G","G","G","G",0,0,0,0,0,0,0
"754",1017,5996,5997,"t","t","c","c",0.00650433622414943,0.00650433622414943,0.000333555703802535,0.000333555703802535,0.000166777851901267,0.000166777851901267,0.000166777851901267,0.000166777851901267,0.00683789192795197,0.00683789192795197,0.00683675170918793,0.00683675170918793,"nonsyn","nonsyn","nonsyn",1.7e-05,1.07e-06,1.21e-06,1.21e-06,"0.00261364102564103","0.00362758","0.00641572000000002","0.00725516000000002","C","C","R","S","G",1,1,0,1,0,0,0
"755",1018,6045,6045,"g","g","a","a",0.000992555831265509,0.000992555831265509,0,0,0,0,0,0,0.000992555831265509,0.000992555831265509,0.000992555831265509,0.000992555831265509,"nonsyn","nonsyn","nonsyn",4.2e-06,5.36e-07,1.17e-06,1.17e-06,"0.0042315","1","1","1","C","C","Y","S","F",1,1,1,0,0,0,0
"756",1019,5939,5939,"t","t","c","c",0.00420946287253746,0.00420946287253746,0.00202054217881798,0.00202054217881798,0.00202054217881798,0,0.00202054217881798,0,0.00623000505135545,0.00623000505135545,0.00623000505135545,0.00623000505135545,"syn","stop","nonsyn",1.7e-05,1.07e-06,1.21e-06,1.21e-06,"0.00403852","0.000598849166666667","0.000529560833333334","1","C","C","C","*","W",0,1,1,1,0,0,0
"757",1020,5974,5974,"g","g","a","a",0.00217609641781051,0.00217609641781051,0.00016739203213927,0.00016739203213927,0.00016739203213927,0,0.00016739203213927,0,0.00234348844994978,0.00234348844994978,0.00234348844994978,0.00234348844994978,"nonsyn","nonsyn","nonsyn",4.2e-06,5.36e-07,1.17e-06,1.17e-06,"0.00193006153846154","0.00698958000000001","0.003202064","1","V","V","I","L","F",0,0,0,0,0,0,0
"758",1021,6617,6617,"t","t","c","c",0.00574278373885447,0.00574278373885447,0.000755629439322956,0.000755629439322956,0.000302251775729182,0.000453377663593774,0.000302251775729182,0.000453377663593774,0.00649841317817742,0.00649841317817742,0.00649841317817742,0.00649841317817742,"nonsyn","nonsyn","nonsyn",1.7e-05,1.07e-06,1.21e-06,1.21e-06,"0.00296023684210526","0.001601314","0.003540095","0.00266885666666666","V","V","A","D","G",0,1,1,0,0,0,0
"759",1022,6637,6641,"c","c","t","t",0.000753352418261263,0.000753352418261263,0.000301340967304505,0.000301340967304505,0.000301340967304505,0,0.000301340967304505,0,0.00105469338556577,0.00105469338556577,0.00105405812377654,0.00105405812377654,"syn","syn","syn",4.58e-06,8.37e-07,4.33e-07,4.33e-07,"0.006079492","0.0014369105","0.0027775845","1","V","V","V","V","V",0,0,0,0,0,0,0
"760",1023,6675,6675,"c","c","t","t",0.00134831460674157,0.00134831460674157,0.000299625468164794,0.000299625468164794,0.000299625468164794,0,0.000299625468164794,0,0.00164794007490637,0.00164794007490637,0.00164794007490637,0.00164794007490637,"nonsyn","nonsyn","nonsyn",4.58e-06,8.37e-07,4.33e-07,4.33e-07,"0.00339683333333334","0.0014451375","0.0027934875","1","P","P","S","T","A",1,1,1,0,1,0,1
"761",1024,6668,6668,"c","c","t","t",0.0001499700059988,0.0001499700059988,0.0002999400119976,0.0002999400119976,0.0002999400119976,0,0.0002999400119976,0,0.000449910017996401,0.000449910017996401,0.000449910017996401,0.000449910017996401,"nonsyn","nonsyn","nonsyn",4.58e-06,8.37e-07,4.33e-07,4.33e-07,"0.03053944","0.001443622","0.002790558","1","P","P","L","H","R",1,1,1,0,1,0,1
"762",1025,6710,6710,"t","t","c","c",0.00566318926974665,0.00566318926974665,0.00178837555886736,0.00178837555886736,0.00163934426229508,0.00014903129657228,0.00163934426229508,0.00014903129657228,0.00745156482861401,0.00745156482861401,0.00745156482861401,0.00745156482861401,"syn","syn","syn",1.7e-05,1.07e-06,1.21e-06,1.21e-06,"0.00300184210526316","0.000676591666666668","0.000652700000000001","0.00811910000000001","P","P","P","P","P",0,0,0,0,1,0,1
"763",1026,6738,6738,"t","t","c","c",0.00281982784208964,0.00281982784208964,0.000890471950133571,0.000890471950133571,0.000593647966755714,0.000296823983377857,0.000593647966755714,0.000296823983377857,0.00371029979222321,0.00371029979222321,0.00371029979222321,0.00371029979222321,"nonsyn","nonsyn","nonsyn",1.7e-05,1.07e-06,1.21e-06,1.21e-06,"0.00602873684210526","0.00135883","0.001802415","0.00407649","C","C","R","S","G",1,1,0,1,0,0,0
"764",1027,6737,6737,"g","g","a","a",0.00222651031616446,0.00222651031616446,0.000148434021077631,0.000148434021077631,0,0.000148434021077631,0,0.000148434021077631,0.0023749443372421,0.0023749443372421,0.0023749443372421,0.0023749443372421,"nonsyn","nonsyn","nonsyn",4.2e-06,5.36e-07,1.17e-06,1.17e-06,"0.00188636","0.00788229","1","0.00788229","C","C","Y","S","F",1,1,1,0,0,0,0
"765",1028,6733,6733,"c","c","t","t",0.0035645328976682,0.0035645328976682,0.000297044408139017,0.000297044408139017,0,0.000297044408139017,0,0.000297044408139017,0.00386157730580722,0.00386157730580722,0.00386157730580722,0.00386157730580722,"syn","stop","nonsyn",4.58e-06,8.37e-07,4.33e-07,4.33e-07,"0.00128488083333333","0.0014576945","1","0.0014576945","C","C","C","*","W",0,1,1,0,0,0,0
"766",1029,6686,6686,"g","g","a","a",0.00134609632067006,0.00134609632067006,0.000149566257852229,0.000149566257852229,0.000149566257852229,0,0.000149566257852229,0,0.00149566257852229,0.00149566257852229,0.00149566257852229,0.00149566257852229,"nonsyn","nonsyn","nonsyn",4.2e-06,5.36e-07,1.17e-06,1.17e-06,"0.00312013333333333","0.00782261999999998","0.00358369599999999","1","V","V","I","L","F",0,0,0,0,0,0,0
"767",1030,6649,6649,"t","t","c","c",0.00270717401112949,0.00270717401112949,0.000150398556173861,0.000150398556173861,0.000150398556173861,0,0.000150398556173861,0,0.00285757256730335,0.00285757256730335,0.00285757256730335,0.00285757256730335,"nonsyn","nonsyn","nonsyn",1.7e-05,1.07e-06,1.21e-06,1.21e-06,"0.00627961111111112","0.00804528999999999","0.00711442999999999","1","V","V","A","D","G",0,1,1,0,0,0,0
"768",1031,6656,6656,"t","t","c","c",0.00300480769230769,0.00300480769230769,0.000150240384615385,0.000150240384615385,0.000150240384615385,0,0.000150240384615385,0,0.00315504807692308,0.00315504807692308,0.00315504807692308,0.00315504807692308,"syn","syn","syn",1.7e-05,1.07e-06,1.21e-06,1.21e-06,"0.0056576","0.00805375999999998","0.00712191999999998","1","V","V","V","V","V",0,0,0,0,0,0,0
"769",1032,6724,6724,"c","c","t","t",0.00104104699583581,0.00104104699583581,0.000892325996430696,0.000892325996430696,0.00074360499702558,0.000148720999405116,0.00074360499702558,0.000148720999405116,0.00193337299226651,0.00193337299226651,0.00193337299226651,0.00193337299226651,"nonsyn","nonsyn","nonsyn",4.58e-06,8.37e-07,4.33e-07,4.33e-07,"0.00439941714285715","0.000485248666666667","0.0011255976","0.002911492","R","R","C","S","G",1,1,1,0,0,0,0
"770",1033,6730,6730,"g","g","a","a",0.00133729569093611,0.00133729569093611,0.000148588410104012,0.000148588410104012,0,0.000148588410104012,0,0.000148588410104012,0.00148588410104012,0.00148588410104012,0.00148588410104012,0.00148588410104012,"nonsyn","nonsyn","nonsyn",4.2e-06,5.36e-07,1.17e-06,1.17e-06,"0.00314066666666666","0.00787409999999999","1","0.00787409999999999","R","R","H","P","L",0,1,1,0,0,0,0
"771",1034,6719,6719,"c","c","t","t",0.00967405863967852,0.00967405863967852,0.000446495014139009,0.000446495014139009,0.000446495014139009,0,0.000446495014139009,0,0.0101205536538175,0.0101205536538175,0.0101205536538175,0.0101205536538175,"syn","syn","syn",4.58e-06,8.37e-07,4.33e-07,4.33e-07,"0.000473431076923077","0.000969775666666666","0.001874601","1","R","R","R","R","R",0,0,0,0,0,0,0
"772",1035,6739,6740,"g","g","a","a",0.000890339813028639,0.000890339813028639,0.000741949844190533,0.000741949844190533,0.000148389968838107,0.000593559875352426,0.000148389968838107,0.000593559875352426,0.00163228965721917,0.00163228965721917,0.00163204747774481,0.00163204747774481,"nonsyn","nonsyn","stop",4.2e-06,5.36e-07,1.17e-06,1.17e-06,"0.0047173","0.001576926","0.00361210399999999","0.0019711575","E","E","K","Q","*",1,1,1,0,0,0,0
"773",1036,6668,6669,"a","a","g","g",0.00374925014997001,0.00374925014997001,0.000449910017996401,0.000449910017996401,0.0001499700059988,0.0002999400119976,0.0001499700059988,0.0002999400119976,0.00419916016796641,0.00419916016796641,0.00419853051431999,0.00419853051431999,"nonsyn","nonsyn","nonsyn",1.77e-05,1.76e-06,1.7e-06,1.7e-06,"0.004720944","0.00377853333333333","0.01173568","0.00566780000000001","E","E","G","A","V",1,1,1,0,1,1,0
"774",1037,6688,6690,"g","g","a","a",0.0303528708133971,0.0303528708133971,0,0,0,0,0,0,0.0303528708133971,0.0303528708133971,0.0303437967115097,0.0303437967115097,"syn","nonsyn","nonsyn",4.2e-06,5.36e-07,1.17e-06,1.17e-06,"0.000138372413793104","1","1","1","E","E","E","D","D",0,0,0,0,1,1,0
"775",1038,6692,6692,"g","g","a","a",0.000896592946802152,0.000896592946802152,0.000298864315600717,0.000298864315600717,0,0.000298864315600717,0,0.000298864315600717,0.00119545726240287,0.00119545726240287,0.00119545726240287,0.00119545726240287,"nonsyn","nonsyn","nonsyn",4.2e-06,5.36e-07,1.17e-06,1.17e-06,"0.0046844","0.00391482","1","0.00391482","G","G","S","R","C",1,1,0,0,1,1,0
"776",1039,6690,6690,"g","g","a","a",0.00164424514200299,0.00164424514200299,0.000149476831091181,0.000149476831091181,0,0.000149476831091181,0,0.000149476831091181,0.00179372197309417,0.00179372197309417,0.00179372197309417,0.00179372197309417,"nonsyn","nonsyn","nonsyn",4.2e-06,5.36e-07,1.17e-06,1.17e-06,"0.00255436363636364","0.00782729999999999","1","0.00782729999999999","G","G","D","A","V",1,1,1,0,0,0,0
"777",1040,6695,6695,"t","t","c","c",0.00492905153099328,0.00492905153099328,0,0,0,0,0,0,0.00492905153099328,0.00492905153099328,0.00492905153099328,0.00492905153099328,"syn","syn","syn",1.7e-05,1.07e-06,1.21e-06,1.21e-06,"0.00344893939393939","1","1","1","G","G","G","G","G",0,0,0,0,0,0,0
"778",1041,6590,6591,"a","a","g","g",0.00379362670713202,0.00379362670713202,0.000910470409711684,0.000910470409711684,0.000151745068285281,0.000758725341426404,0.000151745068285281,0.000758725341426404,0.0047040971168437,0.0047040971168437,0.00470338340160825,0.00470338340160825,"nonsyn","nonsyn","nonsyn",1.77e-05,1.76e-06,1.7e-06,1.7e-06,"0.00466572","0.00186716666666667","0.0115984","0.0022406","N","N","D","H","Y",1,1,1,0,0,0,0
"779",1042,6677,6677,"a","a","g","g",0.0035944286356148,0.0035944286356148,0.00164744645799012,0.00164744645799012,0.000748839299086416,0.000898607158903699,0.000748839299086416,0.000898607158903699,0.00524187509360491,0.00524187509360491,0.00524187509360491,0.00524187509360491,"nonsyn","nonsyn","nonsyn",1.77e-05,1.76e-06,1.7e-06,1.7e-06,"0.0049242875","0.0010319","0.002350304","0.00189181666666667","N","N","S","T","I",0,0,1,0,0,0,0
"780",1043,6669,6669,"c","c","t","t",0.00134952766531714,0.00134952766531714,0.000149947518368571,0.000149947518368571,0.000149947518368571,0,0.000149947518368571,0,0.00149947518368571,0.00149947518368571,0.00149947518368571,0.00149947518368571,"syn","nonsyn","nonsyn",4.58e-06,8.37e-07,4.33e-07,4.33e-07,"0.00339378","0.002887677","0.005581953","1","N","N","N","K","K",0,1,1,0,0,0,0
"781",1044,6635,6635,"a","g","g","a",0.00391861341371515,0.99517709118312,0.000904295403165034,0.000904295403165034,0.000301431801055011,0.000602863602110023,0.000301431801055011,0.000602863602110023,0.00482290881688018,0.996081386586285,0.00482290881688018,0.996081386586285,"nonsyn","nonsyn","nonsyn",4.2e-06,5.36e-07,1.17e-06,1.17e-06,"4.22035438437074e-06","0.001293825","0.00177818","0.0019407375","T","A","T","P","S",1,1,1,0,0,0,0
"782",1045,6667,6667,"c","c","t","t",0.000749962501874906,0.000749962501874906,0,0,0,0,0,0,0.000749962501874906,0.000749962501874906,0.000749962501874906,0.000749962501874906,"nonsyn","nonsyn","nonsyn",4.58e-06,8.37e-07,4.33e-07,4.33e-07,"0.006106972","1","1","1","T","A","V","D","G",0,1,1,0,0,0,0
"783",1046,6679,6679,"c","c","t","t",0.00179667614912412,0.00179667614912412,0.00029944602485402,0.00029944602485402,0.00029944602485402,0,0.00029944602485402,0,0.00209612217397814,0.00209612217397814,0.00209612217397814,0.00209612217397814,"syn","syn","syn",4.58e-06,8.37e-07,4.33e-07,4.33e-07,"0.00254915166666667","0.0014460035","0.0027951615","1","T","A","A","A","A",0,0,0,0,1,0,1
"784",1047,6727,6727,"t","t","c","c",0.00267578415341162,0.00267578415341162,0.000594618700758139,0.000594618700758139,0.000445964025568604,0.000148654675189535,0.000445964025568604,0.000148654675189535,0.00327040285416976,0.00327040285416976,0.00327040285416976,0.00327040285416976,"nonsyn","nonsyn","nonsyn",1.7e-05,1.07e-06,1.21e-06,1.21e-06,"0.00635327777777779","0.0020349175","0.00239929666666667","0.00813966999999998","S","S","P","T","A",1,0,1,0,1,0,1
"785",1048,6753,6753,"c","c","t","t",0.00177698800533096,0.00177698800533096,0.00014808233377758,0.00014808233377758,0.00014808233377758,0,0.00014808233377758,0,0.00192507033910854,0.00192507033910854,0.00192507033910854,0.00192507033910854,"nonsyn","stop","nonsyn",4.58e-06,8.37e-07,4.33e-07,4.33e-07,"0.00257739500000001","0.00292404900000001","0.00565226100000001","1","S","S","L","*","W",1,1,1,0,0,0,0
"786",1049,6766,6766,"g","g","a","a",0.00103458468814662,0.00103458468814662,0.000147797812592374,0.000147797812592374,0,0.000147797812592374,0,0.000147797812592374,0.00118238250073899,0.00118238250073899,0.00118238250073899,0.00118238250073899,"syn","syn","syn",4.2e-06,5.36e-07,1.17e-06,1.17e-06,"0.00405959999999998","0.00791621999999998","1","0.00791621999999998","S","S","S","S","S",0,0,0,0,0,0,0
"787",1050,6657,6657,"a","a","g","g",0.00375544539582394,0.00375544539582394,0.00120174252666366,0.00120174252666366,0.000150217815832958,0.0010515247108307,0.000150217815832958,0.0010515247108307,0.00495718792248761,0.00495718792248761,0.00495718792248761,0.00495718792248761,"nonsyn","syn","nonsyn",1.77e-05,1.76e-06,1.7e-06,1.7e-06,"0.00471315600000001","0.0014146125","0.01171632","0.00161670000000001","R","R","G","R","W",1,0,1,0,1,1,0
"788",1051,6501,6501,"g","g","a","a",0.000461467466543609,0.000461467466543609,0.00015382248884787,0.00015382248884787,0,0.00015382248884787,0,0.00015382248884787,0.000615289955391478,0.000615289955391478,0.000615289955391478,0.000615289955391478,"nonsyn","nonsyn","nonsyn",4.2e-06,5.36e-07,1.17e-06,1.17e-06,"0.00910139999999999","0.00760616999999998","1","0.00760616999999998","R","R","K","T","M",0,1,1,0,1,1,0
"789",1052,6475,6475,"g","g","a","a",0.00216216216216216,0.00216216216216216,0,0,0,0,0,0,0.00216216216216216,0.00216216216216216,0.00216216216216216,0.00216216216216216,"syn","nonsyn","nonsyn",4.2e-06,5.36e-07,1.17e-06,1.17e-06,"0.0019425","1","1","1","R","R","R","S","S",0,1,1,0,0,0,0
"790",1053,6364,6364,"t","t","c","c",0.0029855436832181,0.0029855436832181,0.000314267756128221,0.000314267756128221,0.000157133878064111,0.000157133878064111,0.000157133878064111,0.000157133878064111,0.00329981143934632,0.00329981143934632,0.00329981143934632,0.00329981143934632,"nonsyn","nonsyn","nonsyn",1.7e-05,1.07e-06,1.21e-06,1.21e-06,"0.0056941052631579","0.00385022","0.00680947999999998","0.00770043999999998","C","C","R","S","G",1,1,0,1,0,0,0
"791",1054,6394,6394,"g","g","a","a",0.00093837973099781,0.00093837973099781,0,0,0,0,0,0,0.00093837973099781,0.00093837973099781,0.00093837973099781,0.00093837973099781,"nonsyn","nonsyn","nonsyn",4.2e-06,5.36e-07,1.17e-06,1.17e-06,"0.0044758","1","1","1","C","C","Y","S","F",1,1,1,0,0,0,0
"792",1055,6477,6479,"t","t","c","c",0.00432298903813494,0.00432298903813494,0.000771962328238382,0.000771962328238382,0.000463177396943029,0.000308784931295353,0.000463177396943029,0.000308784931295353,0.00509495136637332,0.00509495136637332,0.00509337860780985,0.00509337860780985,"syn","stop","nonsyn",1.7e-05,1.07e-06,1.21e-06,1.21e-06,"0.00393246428571428","0.001567434","0.00231013","0.003918585","C","C","C","*","W",0,1,1,0,0,0,0
"793",1056,6535,6535,"t","t","c","c",0.00275439938791125,0.00275439938791125,0.000612088752869166,0.000612088752869166,0.000459066564651875,0.000153022188217291,0.000459066564651875,0.000153022188217291,0.00336648814078041,0.00336648814078041,0.00336648814078041,0.00336648814078041,"nonsyn","nonsyn","nonsyn",1.7e-05,1.07e-06,1.21e-06,1.21e-06,"0.00617194444444444","0.0019768375","0.00233081666666666","0.00790735000000003","W","W","R","R","G",1,1,1,1,0,0,0
"794",1057,6606,6606,"g","g","a","a",0.00181653042688465,0.00181653042688465,0.000605510142294883,0.000605510142294883,0,0.000605510142294883,0,0.000605510142294883,0.00242204056917953,0.00242204056917953,0.00242204056917953,0.00242204056917953,"stop","nonsyn","nonsyn",4.2e-06,5.36e-07,1.17e-06,1.17e-06,"0.0023121","0.001932255","1","0.001932255","W","W","*","S","L",1,1,0,0,1,1,0
"795",1058,6606,6606,"g","g","a","a",0.00211928549803209,0.00211928549803209,0.000454132606721163,0.000454132606721163,0,0.000454132606721163,0,0.000454132606721163,0.00257341810475325,0.00257341810475325,0.00257341810475325,0.00257341810475325,"stop","nonsyn","nonsyn",4.2e-06,5.36e-07,1.17e-06,1.17e-06,"0.0019818","0.00257634","1","0.00257634","W","W","*","C","C",1,1,1,0,1,1,0
"796",1059,6505,6505,"g","g","a","a",0.000614911606456572,0.000614911606456572,0.000153727901614143,0.000153727901614143,0,0.000153727901614143,0,0.000153727901614143,0.000768639508070715,0.000768639508070715,0.000768639508070715,0.000768639508070715,"nonsyn","nonsyn","nonsyn",4.2e-06,5.36e-07,1.17e-06,1.17e-06,"0.00683025","0.00761085","1","0.00761085","V","V","M","L","L",0,0,0,0,0,0,0
"797",1060,6489,6489,"t","t","c","c",0.00123285560178764,0.00123285560178764,0,0,0,0,0,0,0.00123285560178764,0.00123285560178764,0.00123285560178764,0.00123285560178764,"nonsyn","nonsyn","nonsyn",1.7e-05,1.07e-06,1.21e-06,1.21e-06,"0.013789125","1","1","1","V","V","A","E","G",0,1,1,1,0,0,0
"798",1061,6599,6599,"a","g","g","a",0.00318230034853766,0.996211547204122,0.000606152447340506,0.000606152447340506,0.000303076223670253,0.000303076223670253,0.000303076223670253,0.000303076223670253,0.00378845279587816,0.996817699651462,0.00378845279587816,0.996817699651462,"syn","syn","syn",4.2e-06,5.36e-07,1.17e-06,1.17e-06,"4.21597201095224e-06","0.0019302075","0.001768532","0.003860415","V","V","V","V","V",0,0,0,0,1,1,0
"799",1062,6624,6624,"g","g","a","a",0.00135869565217391,0.00135869565217391,0.000150966183574879,0.000150966183574879,0,0.000150966183574879,0,0.000150966183574879,0.00150966183574879,0.00150966183574879,0.00150966183574879,0.00150966183574879,"nonsyn","nonsyn","nonsyn",4.2e-06,5.36e-07,1.17e-06,1.17e-06,"0.00309120000000001","0.00775008000000001","1","0.00775008000000001","A","A","T","P","S",1,1,1,0,0,0,0
"800",1063,6699,6699,"c","c","t","t",0.00164203612479475,0.00164203612479475,0.000597104045379907,0.000597104045379907,0.000597104045379907,0,0.000597104045379907,0,0.00223914017017465,0.00223914017017465,0.00223914017017465,0.00223914017017465,"nonsyn","nonsyn","nonsyn",4.58e-06,8.37e-07,4.33e-07,4.33e-07,"0.00278921999999999","0.000725166750000001","0.00140176575","1","A","A","V","E","G",0,1,1,0,0,0,0
"801",1064,6698,6698,"g","g","a","a",0.00328456255598686,0.00328456255598686,0.000149298297999403,0.000149298297999403,0,0.000149298297999403,0,0.000149298297999403,0.00343386085398626,0.00343386085398626,0.00343386085398626,0.00343386085398626,"syn","syn","syn",4.2e-06,5.36e-07,1.17e-06,1.17e-06,"0.00127870909090909","0.00783665999999999","1","0.00783665999999999","A","A","A","A","A",0,0,0,0,1,1,0
"802",1065,6688,6688,"a","g","g","a",0.00239234449760766,0.997308612440191,0.000299043062200957,0.000299043062200957,0.000149521531100478,0.000149521531100478,0.000149521531100478,0.000149521531100478,0.00269138755980861,0.997607655502392,0.00269138755980861,0.997607655502392,"nonsyn","nonsyn","nonsyn",4.2e-06,5.36e-07,1.17e-06,1.17e-06,"4.21133433283358e-06","0.00391248","0.00358476800000001","0.00782496000000002","M","V","M","L","L",0,0,0,0,0,0,0
"803",1066,6727,6727,"t","t","c","c",0.00178385610227442,0.00178385610227442,0.000445964025568604,0.000445964025568604,0,0.000445964025568604,0,0.000445964025568604,0.00222982012784302,0.00222982012784302,0.00222982012784302,0.00222982012784302,"nonsyn","nonsyn","nonsyn",1.7e-05,1.07e-06,1.21e-06,1.21e-06,"0.00952991666666665","0.00271322333333333","1","0.00271322333333333","M","V","A","E","G",0,1,1,1,0,0,0
"804",1067,6411,6411,"g","g","a","a",0.00187178287318671,0.00187178287318671,0.000311963812197785,0.000311963812197785,0,0.000311963812197785,0,0.000311963812197785,0.0021837466853845,0.0021837466853845,0.0021837466853845,0.0021837466853845,"syn","syn","syn",4.2e-06,5.36e-07,1.17e-06,1.17e-06,"0.00224385","0.003750435","1","0.003750435","M","V","V","V","V",0,0,0,0,0,0,0
"805",1068,6607,6608,"a","a","g","g",0.00317844710155895,0.00317844710155895,0.000454063871651279,0.000454063871651279,0.000302709247767519,0.00015135462388376,0.000302709247767519,0.00015135462388376,0.00363251097321023,0.00363251097321023,0.0036319612590799,0.0036319612590799,"nonsyn","nonsyn","nonsyn",1.77e-05,1.76e-06,1.7e-06,1.7e-06,"0.00556875714285715","0.00374396666666667","0.00581416000000001","0.0112319","T","T","A","P","S",1,1,0,0,0,0,0
"806",1069,6614,6617,"c","c","t","t",0.00120955548835803,0.00120955548835803,0,0,0,0,0,0,0.00120955548835803,0.00120955548835803,0.00120900710291673,0.00120900710291673,"nonsyn","nonsyn","nonsyn",4.58e-06,8.37e-07,4.33e-07,4.33e-07,"0.003786515","1","1","1","T","T","I","N","S",1,0,0,0,0,0,0
"807",1070,6609,6609,"c","c","t","t",0.00242094114086851,0.00242094114086851,0.000907852927825692,0.000907852927825692,0.000907852927825692,0,0.000907852927825692,0,0.0033287940686942,0.0033287940686942,0.0033287940686942,0.0033287940686942,"syn","syn","syn",4.58e-06,8.37e-07,4.33e-07,4.33e-07,"0.00189182625","0.0004769495","0.0009219555","1","T","T","T","T","T",0,0,0,0,1,0,1
"808",1071,6602,6602,"c","c","t","t",0.00136322326567707,0.00136322326567707,0.000757346258709482,0.000757346258709482,0.000757346258709482,0,0.000757346258709482,0,0.00212056952438655,0.00212056952438655,0.00212056952438655,0.00212056952438655,"nonsyn","nonsyn","nonsyn",4.58e-06,8.37e-07,4.33e-07,4.33e-07,"0.00335968444444444","0.0005717332","0.0011051748","1","P","P","S","T","A",1,1,1,0,1,0,1
"809",1072,6587,6587,"c","c","t","t",0.00288446940944284,0.00288446940944284,0.00060725671777744,0.00060725671777744,0.00060725671777744,0,0.00060725671777744,0,0.00349172612722028,0.00349172612722028,0.00349172612722028,0.00349172612722028,"nonsyn","nonsyn","nonsyn",4.58e-06,8.37e-07,4.33e-07,4.33e-07,"0.00158781368421053","0.00071304275","0.00137832975","1","P","P","L","H","R",1,1,1,0,1,0,1
"810",1073,6580,6580,"t","c","c","t",0.00395136778115502,0.995896656534954,0.000151975683890578,0.000151975683890578,0.000151975683890578,0,0.000151975683890578,0,0.00410334346504559,0.996048632218845,0.00410334346504559,0.996048632218845,"syn","syn","syn",4.58e-06,8.37e-07,4.33e-07,4.33e-07,"4.59887074622311e-06","0.00284913999999999","0.00550745999999998","1","P","P","P","P","P",0,0,0,0,1,0,1
"811",1074,6591,6591,"a","a","g","g",0.00166894249734486,0.00166894249734486,0,0,0,0,0,0,0.00166894249734486,0.00166894249734486,0.00166894249734486,0.00166894249734486,"nonsyn","nonsyn","nonsyn",1.77e-05,1.76e-06,1.7e-06,1.7e-06,"0.0106055181818182","1","1","1","T","T","A","P","S",1,1,0,1,0,0,0
"812",1075,6651,6651,"c","c","t","t",0.00195459329424147,0.00195459329424147,0,0,0,0,0,0,0.00195459329424147,0.00195459329424147,0.00195459329424147,0.00195459329424147,"nonsyn","nonsyn","nonsyn",4.58e-06,8.37e-07,4.33e-07,4.33e-07,"0.00234319846153846","1","1","1","T","T","M","K","R",1,1,1,0,0,0,0
"813",1076,6643,6644,"g","g","a","a",0.000752671985548698,0.000752671985548698,0.000451603191329219,0.000451603191329219,0,0.000451603191329219,0,0.000451603191329219,0.00120427517687792,0.00120427517687792,0.00120409391932571,0.00120409391932571,"syn","syn","syn",4.2e-06,5.36e-07,1.17e-06,1.17e-06,"0.00558012","0.00259077","1","0.00259077","T","T","T","T","T",0,0,0,0,1,1,0
"814",1077,6624,6624,"g","g","a","a",0.00135869565217391,0.00135869565217391,0,0,0,0,0,0,0.00135869565217391,0.00135869565217391,0.00135869565217391,0.00135869565217391,"nonsyn","nonsyn","nonsyn",4.2e-06,5.36e-07,1.17e-06,1.17e-06,"0.00309120000000001","1","1","1","V","V","M","L","L",0,0,0,0,0,0,0
"815",1078,6595,6595,"t","t","c","c",0.00303260045489007,0.00303260045489007,0.000303260045489007,0.000303260045489007,0.000303260045489007,0,0.000303260045489007,0,0.00333586050037907,0.00333586050037907,0.00333586050037907,0.00333586050037907,"nonsyn","nonsyn","nonsyn",1.7e-05,1.07e-06,1.21e-06,1.21e-06,"0.00560575","0.003989975","0.003528325","1","V","V","A","E","G",0,1,1,1,0,0,0
"816",1079,6614,6615,"g","g","a","a",0.0022679165406713,0.0022679165406713,0.000604777744179014,0.000604777744179014,0,0.000604777744179014,0,0.000604777744179014,0.00287269428485032,0.00287269428485032,0.00287226001511716,0.00287226001511716,"syn","syn","syn",4.2e-06,5.36e-07,1.17e-06,1.17e-06,"0.00185192","0.001934595","1","0.001934595","V","V","V","V","V",0,0,0,0,1,1,0
"817",1080,6635,6635,"g","g","a","a",0.00226073850791258,0.00226073850791258,0.000150715900527506,0.000150715900527506,0,0.000150715900527506,0,0.000150715900527506,0.00241145440844009,0.00241145440844009,0.00241145440844009,0.00241145440844009,"nonsyn","nonsyn","nonsyn",4.2e-06,5.36e-07,1.17e-06,1.17e-06,"0.0018578","0.00776294999999998","1","0.00776294999999998","A","A","T","P","S",1,1,1,0,0,0,0
"818",1081,6987,6990,"c","c","t","t",0.0068699012451696,0.0068699012451696,0.0002862458852154,0.0002862458852154,0,0.0002862458852154,0,0.0002862458852154,0.007156147130385,0.007156147130385,0.00715307582260372,0.00715307582260372,"nonsyn","nonsyn","nonsyn",4.58e-06,8.37e-07,4.33e-07,4.33e-07,"0.00066667625","0.0015126855","1","0.0015126855","A","A","V","D","G",0,1,1,0,0,0,0
"819",1082,7018,7018,"c","c","t","t",0.00213736107153035,0.00213736107153035,0.00042747221430607,0.00042747221430607,0.00042747221430607,0,0.00042747221430607,0,0.00256483328583642,0.00256483328583642,0.00256483328583642,0.00256483328583642,"syn","syn","syn",4.58e-06,8.37e-07,4.33e-07,4.33e-07,"0.00214282933333333","0.00101293133333333","0.001958022","1","A","A","A","A","A",0,0,0,0,1,0,1
"820",1083,7000,7000,"a","a","g","g",0.00371428571428571,0.00371428571428571,0.000285714285714286,0.000285714285714286,0,0.000285714285714286,0,0.000285714285714286,0.004,0.004,0.004,0.004,"nonsyn","nonsyn","nonsyn",1.77e-05,1.76e-06,1.7e-06,1.7e-06,"0.00476538461538462","0.00594999999999999","1","0.00594999999999999","T","T","A","P","S",1,1,0,1,0,0,0
"821",1084,7009,7009,"c","c","t","t",0.00028534741047225,0.00028534741047225,0.000142673705236125,0.000142673705236125,0.000142673705236125,0,0.000142673705236125,0,0.000428021115708375,0.000428021115708375,0.000428021115708375,0.000428021115708375,"nonsyn","nonsyn","nonsyn",4.58e-06,8.37e-07,4.33e-07,4.33e-07,"0.01605061","0.003034897","0.005866533","1","T","T","I","N","S",1,0,0,0,0,0,0
"822",1085,7007,7007,"c","c","t","t",0.000999000999000999,0.000999000999000999,0.000142714428428714,0.000142714428428714,0.000142714428428714,0,0.000142714428428714,0,0.00114171542742971,0.00114171542742971,0.00114171542742971,0.00114171542742971,"syn","syn","syn",4.58e-06,8.37e-07,4.33e-07,4.33e-07,"0.00458458","0.003034031","0.00586485900000001","1","T","T","T","T","T",0,0,0,0,1,0,1
"823",1086,6995,6995,"a","a","g","g",0.00443173695496783,0.00443173695496783,0.00157255182273052,0.00157255182273052,0.000428877769835597,0.00114367405289492,0.000428877769835597,0.00114367405289492,0.00600428877769836,0.00600428877769836,0.00600428877769836,0.00600428877769836,"nonsyn","syn","nonsyn",1.77e-05,1.76e-06,1.7e-06,1.7e-06,"0.00399391935483871","0.00108104545454546","0.00410373333333333","0.00148643750000001","R","R","G","R","W",1,0,1,1,1,1,0
"824",1087,6927,6927,"g","g","a","a",0.00115490111159232,0.00115490111159232,0.00043308791684712,0.00043308791684712,0,0.00043308791684712,0,0.00043308791684712,0.00158798902843944,0.00158798902843944,0.00158798902843944,0.00158798902843944,"nonsyn","nonsyn","nonsyn",4.2e-06,5.36e-07,1.17e-06,1.17e-06,"0.003636675","0.00270153","1","0.00270153","R","R","K","T","M",0,1,1,0,1,1,0
"825",1088,6897,6897,"g","g","a","a",0.000724952878062926,0.000724952878062926,0.000144990575612585,0.000144990575612585,0.000144990575612585,0,0.000144990575612585,0,0.000869943453675511,0.000869943453675511,0.000869943453675511,0.000869943453675511,"syn","nonsyn","nonsyn",4.2e-06,5.36e-07,1.17e-06,1.17e-06,"0.00579348","0.00806949000000001","0.003696792","1","R","R","R","S","S",0,1,1,0,1,1,0
"826",1089,6891,6891,"g","g","a","a",0.00116093455231461,0.00116093455231461,0,0,0,0,0,0,0.00116093455231461,0.00116093455231461,0.00116093455231461,0.00116093455231461,"nonsyn","nonsyn","nonsyn",4.2e-06,5.36e-07,1.17e-06,1.17e-06,"0.00361777500000001","1","1","1","D","D","N","H","Y",1,1,1,0,0,0,0
"827",1090,6873,6873,"a","a","g","g",0.00538338425723847,0.00538338425723847,0,0,0,0,0,0,0.00538338425723847,0.00538338425723847,0.00538338425723847,0.00538338425723847,"nonsyn","nonsyn","nonsyn",1.77e-05,1.76e-06,1.7e-06,1.7e-06,"0.00328789459459459","1","1","1","D","D","G","A","V",1,1,1,0,0,0,0
"828",1091,6942,6942,"c","c","t","t",0.0017286084701815,0.0017286084701815,0,0,0,0,0,0,0.0017286084701815,0.0017286084701815,0.0017286084701815,0.0017286084701815,"syn","nonsyn","nonsyn",4.58e-06,8.37e-07,4.33e-07,4.33e-07,"0.00264953000000001","1","1","1","D","D","D","E","E",0,0,0,0,0,0,0
"829",1092,6948,6948,"g","g","a","a",0.00503742084052965,0.00503742084052965,0.000143926309729419,0.000143926309729419,0,0.000143926309729419,0,0.000143926309729419,0.00518134715025907,0.00518134715025907,0.00518134715025907,0.00518134715025907,"nonsyn","nonsyn","nonsyn",4.2e-06,5.36e-07,1.17e-06,1.17e-06,"0.00083376","0.00812915999999997","1","0.00812915999999997","G","G","S","R","C",1,1,0,0,1,1,0
"830",1093,6976,6976,"g","g","a","a",0.00215022935779817,0.00215022935779817,0.000860091743119266,0.000860091743119266,0.000143348623853211,0.000716743119266055,0.000143348623853211,0.000716743119266055,0.00301032110091743,0.00301032110091743,0.00301032110091743,0.00301032110091743,"nonsyn","nonsyn","nonsyn",4.2e-06,5.36e-07,1.17e-06,1.17e-06,"0.00195328","0.00136032","0.003739136","0.001632384","G","G","D","A","V",1,1,1,0,0,0,0
"831",1094,6997,6997,"c","c","t","t",0.00300128626554238,0.00300128626554238,0.000142918393597256,0.000142918393597256,0.000142918393597256,0,0.000142918393597256,0,0.00314420465913963,0.00314420465913963,0.00314420465913963,0.00314420465913963,"syn","syn","syn",4.58e-06,8.37e-07,4.33e-07,4.33e-07,"0.00152601238095238","0.003029701","0.005856489","1","G","G","G","G","G",0,0,0,0,0,0,0
"832",1095,7015,7016,"a","a","g","g",0.0052744119743407,0.0052744119743407,0.00114041339985745,0.00114041339985745,0,0.00114041339985745,0,0.00114041339985745,0.00641482537419815,0.00641482537419815,0.0064139110604333,0.0064139110604333,"nonsyn","nonsyn","stop",1.77e-05,1.76e-06,1.7e-06,1.7e-06,"0.00335582432432432","0.0014906875","1","0.0014906875","K","K","E","Q","*",1,1,1,1,0,0,0
"833",1096,7003,7003,"a","a","g","g",0.00371269455947451,0.00371269455947451,0.000856775667571041,0.000856775667571041,0,0.000856775667571041,0,0.000856775667571041,0.00456947022704555,0.00456947022704555,0.00456947022704555,0.00456947022704555,"nonsyn","nonsyn","nonsyn",1.77e-05,1.76e-06,1.7e-06,1.7e-06,"0.00476742692307692","0.00198418333333333","1","0.00198418333333333","K","K","R","T","I",0,1,1,0,0,0,0
"834",1097,6844,6844,"g","a","a","g",0.0016072472238457,0.99780829924021,0.000584453535943892,0.000584453535943892,0,0.000584453535943892,0,0.000584453535943892,0.0021917007597896,0.998392752776154,0.0021917007597896,0.998392752776154,"syn","nonsyn","nonsyn",1.77e-05,1.76e-06,1.7e-06,1.7e-06,"1.77388783130766e-05","0.0029087","1","0.0029087","K","K","K","N","N",0,1,1,0,0,0,0
"835",1098,6864,6864,"c","c","t","t",0.00101981351981352,0.00101981351981352,0.000437062937062937,0.000437062937062937,0.000145687645687646,0.000291375291375291,0.000145687645687646,0.000291375291375291,0.00145687645687646,0.00145687645687646,0.00145687645687646,0.00145687645687646,"nonsyn","nonsyn","nonsyn",4.58e-06,8.37e-07,4.33e-07,4.33e-07,"0.00449101714285714","0.000990704","0.00574516799999999","0.001486056","L","L","F","I","V",0,0,0,0,0,0,0
"836",1099,6905,6905,"t","t","c","c",0.00405503258508327,0.00405503258508327,0.000144822592324403,0.000144822592324403,0.000144822592324403,0,0.000144822592324403,0,0.00419985517740768,0.00419985517740768,0.00419985517740768,0.00419985517740768,"nonsyn","nonsyn","nonsyn",1.7e-05,1.07e-06,1.21e-06,1.21e-06,"0.00419232142857143","0.00835504999999998","0.00738834999999998","1","L","L","P","H","R",1,1,1,0,1,0,1
"837",1100,6920,6932,"c","c","t","t",0.00130057803468208,0.00130057803468208,0.000144508670520231,0.000144508670520231,0.000144508670520231,0,0.000144508670520231,0,0.00144508670520231,0.00144508670520231,0.00144258511252164,0.00144258511252164,"syn","syn","syn",4.58e-06,8.37e-07,4.33e-07,4.33e-07,"0.00352151111111111","0.00299636","0.00579204000000001","1","L","L","L","L","L",0,0,0,0,0,0,0
"838",1101,6933,6933,"c","c","t","t",0.00173085244482908,0.00173085244482908,0.000576950814943026,0.000576950814943026,0.000576950814943026,0,0.000576950814943026,0,0.0023078032597721,0.0023078032597721,0.0023078032597721,0.0023078032597721,"nonsyn","nonsyn","nonsyn",4.58e-06,8.37e-07,4.33e-07,4.33e-07,"0.002646095","0.00075049725","0.00145073025","1","P","P","S","T","A",1,1,1,0,1,0,1
"839",1102,6925,6925,"c","c","t","t",0.00173285198555957,0.00173285198555957,0.00101083032490975,0.00101083032490975,0.00101083032490975,0,0.00101083032490975,0,0.00274368231046931,0.00274368231046931,0.00274368231046931,0.00274368231046931,"nonsyn","nonsyn","nonsyn",4.58e-06,8.37e-07,4.33e-07,4.33e-07,"0.00264304166666666","0.000428360714285713","0.000828032142857141","1","P","P","L","H","R",1,1,1,0,1,0,1
"840",1103,6921,6921,"c","c","t","t",0.00144487790781679,0.00144487790781679,0,0,0,0,0,0,0.00144487790781679,0.00144487790781679,0.00144487790781679,0.00144487790781679,"syn","syn","syn",4.58e-06,8.37e-07,4.33e-07,4.33e-07,"0.003169818","1","1","1","P","P","P","P","P",0,0,0,0,1,0,1
"841",1104,6912,6912,"a","a","g","g",0.0033275462962963,0.0033275462962963,0.000434027777777778,0.000434027777777778,0.000289351851851852,0.000144675925925926,0.000289351851851852,0.000144675925925926,0.00376157407407407,0.00376157407407407,0.00376157407407407,0.00376157407407407,"nonsyn","nonsyn","nonsyn",1.77e-05,1.76e-06,1.7e-06,1.7e-06,"0.00531923478260869","0.0039168","0.00608256","0.0117504","T","T","A","P","S",1,1,0,1,0,0,0
"842",1105,6927,6927,"c","c","t","t",0.0007218131947452,0.0007218131947452,0.00014436263894904,0.00014436263894904,0,0.00014436263894904,0,0.00014436263894904,0.00086617583369424,0.00086617583369424,0.00086617583369424,0.00086617583369424,"nonsyn","nonsyn","nonsyn",4.58e-06,8.37e-07,4.33e-07,4.33e-07,"0.006345132","0.002999391","1","0.002999391","T","T","I","K","R",1,1,1,0,0,0,0
"843",1106,6913,6913,"a","a","g","g",0.00245913496311298,0.00245913496311298,0.000144654997830175,0.000144654997830175,0,0.000144654997830175,0,0.000144654997830175,0.00260378996094315,0.00260378996094315,0.00260378996094315,0.00260378996094315,"syn","syn","syn",1.77e-05,1.76e-06,1.7e-06,1.7e-06,"0.00719765294117646","0.0117521","1","0.0117521","T","T","T","T","T",0,0,0,1,0,0,0
"844",1107,6897,6897,"a","a","g","g",0.00347977381470204,0.00347977381470204,0.00028998115122517,0.00028998115122517,0,0.00028998115122517,0,0.00028998115122517,0.00376975496592721,0.00376975496592721,0.00376975496592721,0.00376975496592721,"nonsyn","nonsyn","nonsyn",1.77e-05,1.76e-06,1.7e-06,1.7e-06,"0.00508653750000001","0.00586245000000001","1","0.00586245000000001","T","T","A","P","S",1,1,0,0,0,0,0
"845",1108,6909,6910,"c","c","t","t",0.00173686495874946,0.00173686495874946,0,0,0,0,0,0,0.00173686495874946,0.00173686495874946,0.00173661360347323,0.00173661360347323,"nonsyn","nonsyn","nonsyn",4.58e-06,8.37e-07,4.33e-07,4.33e-07,"0.002636935","1","1","1","T","T","M","K","R",1,1,1,0,0,0,0
"846",1109,6979,6979,"g","g","a","a",0.00300902708124373,0.00300902708124373,0.000859722023212495,0.000859722023212495,0.000143287003868749,0.000716435019343746,0.000143287003868749,0.000716435019343746,0.00386874910445623,0.00386874910445623,0.00386874910445623,0.00386874910445623,"syn","syn","syn",4.2e-06,5.36e-07,1.17e-06,1.17e-06,"0.0013958","0.001360905","0.003740744","0.001633086","T","T","T","T","T",0,0,0,0,0,0,0
"847",1110,6986,6986,"c","c","t","t",0.00100200400801603,0.00100200400801603,0.000143143429716576,0.000143143429716576,0,0.000143143429716576,0,0.000143143429716576,0.00114514743773261,0.00114514743773261,0.00114514743773261,0.00114514743773261,"stop","nonsyn","nonsyn",4.58e-06,8.37e-07,4.33e-07,4.33e-07,"0.00457084000000001","0.003024938","1","0.003024938","Q","Q","*","K","E",1,1,1,0,0,0,0
"848",1111,6982,6982,"a","a","g","g",0.00358063592093956,0.00358063592093956,0.00358063592093956,0.00358063592093956,0.00214838155256374,0.00143225436837582,0.00214838155256374,0.00143225436837582,0.00716127184187912,0.00716127184187912,0.00716127184187912,0.00716127184187912,"nonsyn","nonsyn","nonsyn",1.77e-05,1.76e-06,1.7e-06,1.7e-06,"0.004943256","0.000474776","0.000819221333333332","0.00118694","Q","Q","R","P","L",1,1,1,1,1,1,0
"849",1112,7010,7010,"g","g","a","a",0.00156918687589158,0.00156918687589158,0.000427960057061341,0.000427960057061341,0,0.000427960057061341,0,0.000427960057061341,0.00199714693295292,0.00199714693295292,0.00199714693295292,0.00199714693295292,"syn","nonsyn","nonsyn",4.2e-06,5.36e-07,1.17e-06,1.17e-06,"0.00267654545454546","0.0027339","1","0.0027339","Q","Q","Q","H","H",0,1,1,0,0,0,0
"850",1113,7025,7025,"c","c","t","t",0.000711743772241993,0.000711743772241993,0,0,0,0,0,0,0.000711743772241993,0.000711743772241993,0.000711743772241993,0.000711743772241993,"nonsyn","nonsyn","nonsyn",4.58e-06,8.37e-07,4.33e-07,4.33e-07,"0.0064349","1","1","1","L","L","F","I","V",0,0,0,0,0,0,0
"851",1114,7090,7090,"t","t","c","c",0.00521861777150917,0.00521861777150917,0.000564174894217207,0.000564174894217207,0.000423131170662906,0.000141043723554302,0.000423131170662906,0.000141043723554302,0.00578279266572638,0.00578279266572638,0.00578279266572638,0.00578279266572638,"nonsyn","nonsyn","nonsyn",1.7e-05,1.07e-06,1.21e-06,1.21e-06,"0.00325756756756757","0.002144725","0.00252876666666666","0.00857889999999999","L","L","P","H","R",1,1,1,0,1,0,1
"852",1115,7041,7041,"t","t","c","c",0.00284050560999858,0.00284050560999858,0.000142025280499929,0.000142025280499929,0,0.000142025280499929,0,0.000142025280499929,0.00298253089049851,0.00298253089049851,0.00298253089049851,0.00298253089049851,"syn","syn","syn",1.7e-05,1.07e-06,1.21e-06,1.21e-06,"0.00598485","0.00851961","1","0.00851961","L","L","L","L","L",0,0,0,0,0,0,0
"853",1116,7045,7045,"c","c","t","t",0.00127750177430802,0.00127750177430802,0.00014194464158978,0.00014194464158978,0.00014194464158978,0,0.00014194464158978,0,0.0014194464158978,0.0014194464158978,0.0014194464158978,0.0014194464158978,"stop","syn","nonsyn",4.58e-06,8.37e-07,4.33e-07,4.33e-07,"0.00358512222222222","0.003050485","0.005896665","1","R","R","*","R","G",1,0,1,0,0,0,0
"854",1117,7032,7032,"g","g","a","a",0.00241751990898749,0.00241751990898749,0.000853242320819113,0.000853242320819113,0.000142207053469852,0.000711035267349261,0.000142207053469852,0.000711035267349261,0.0032707622298066,0.0032707622298066,0.0032707622298066,0.0032707622298066,"nonsyn","nonsyn","nonsyn",4.2e-06,5.36e-07,1.17e-06,1.17e-06,"0.00173731764705882","0.00137124","0.003769152","0.001645488","R","R","Q","P","L",1,1,1,0,0,0,0
"855",1118,7002,7002,"a","a","g","g",0.00228506141102542,0.00228506141102542,0.000571265352756355,0.000571265352756355,0,0.000571265352756355,0,0.000571265352756355,0.00285632676378178,0.00285632676378178,0.00285632676378178,0.00285632676378178,"syn","syn","syn",1.77e-05,1.76e-06,1.7e-06,1.7e-06,"0.0077459625","0.00297585","1","0.00297585","R","R","R","R","R",0,0,0,0,0,0,0
"856",1119,7045,7045,"c","c","t","t",0.00170333569907736,0.00170333569907736,0.00056777856635912,0.00056777856635912,0.00056777856635912,0,0.00056777856635912,0,0.00227111426543648,0.00227111426543648,0.00227111426543648,0.00227111426543648,"nonsyn","nonsyn","nonsyn",4.58e-06,8.37e-07,4.33e-07,4.33e-07,"0.00268884166666667","0.00076262125","0.00147416625","1","R","R","C","S","G",1,1,1,0,0,0,0
"857",1120,7048,7048,"g","g","a","a",0.00354710556186152,0.00354710556186152,0.000567536889897843,0.000567536889897843,0,0.000567536889897843,0,0.000567536889897843,0.00411464245175936,0.00411464245175936,0.00411464245175936,0.00411464245175936,"nonsyn","nonsyn","nonsyn",4.2e-06,5.36e-07,1.17e-06,1.17e-06,"0.001184064","0.00206154","1","0.00206154","R","R","H","P","L",0,1,1,0,0,0,0
"858",1121,6996,6996,"t","t","c","c",0.005431675242996,0.005431675242996,0.00100057175528874,0.00100057175528874,0.000571755288736421,0.000428816466552316,0.000571755288736421,0.000428816466552316,0.00643224699828473,0.00643224699828473,0.00643224699828473,0.00643224699828473,"syn","syn","syn",1.7e-05,1.07e-06,1.21e-06,1.21e-06,"0.00312978947368421","0.00120930857142857","0.00187143","0.00282172","R","R","R","R","R",0,0,0,0,0,0,0
"859",1122,7006,7006,"c","c","t","t",0.000856408792463603,0.000856408792463603,0.000428204396231801,0.000428204396231801,0.000428204396231801,0,0.000428204396231801,0,0.0012846131886954,0.0012846131886954,0.0012846131886954,0.0012846131886954,"nonsyn","nonsyn","nonsyn",4.58e-06,8.37e-07,4.33e-07,4.33e-07,"0.00534791333333333","0.00101119933333333","0.001954674","1","H","H","Y","N","D",1,1,1,0,0,0,0
"860",1123,6995,6995,"a","a","g","g",0.00371694067190851,0.00371694067190851,0.000428877769835597,0.000428877769835597,0.000142959256611866,0.000285918513223731,0.000142959256611866,0.000285918513223731,0.0041458184417441,0.0041458184417441,0.0041458184417441,0.0041458184417441,"nonsyn","nonsyn","nonsyn",1.77e-05,1.76e-06,1.7e-06,1.7e-06,"0.00476198076923076","0.00396383333333333","0.0123112","0.00594575","H","H","R","P","L",0,1,1,1,0,0,0
"861",1124,7060,7060,"c","t","t","c",0.00580736543909348,0.994192634560907,0,0,0,0,0,0,0.00580736543909348,0.994192634560907,0.00580736543909348,0.994192634560907,"syn","nonsyn","nonsyn",1.7e-05,1.07e-06,1.21e-06,1.21e-06,"1.70993018948568e-05","1","1","1","H","H","H","Q","Q",0,1,1,0,0,0,0
"862",1125,7075,7075,"a","a","g","g",0.00438162544169611,0.00438162544169611,0.000282685512367491,0.000282685512367491,0.000141342756183746,0.000141342756183746,0.000141342756183746,0.000141342756183746,0.0046643109540636,0.0046643109540636,0.0046643109540636,0.0046643109540636,"nonsyn","nonsyn","nonsyn",1.77e-05,1.76e-06,1.7e-06,1.7e-06,"0.00403959677419355","0.00601375","0.012452","0.0120275","I","I","V","L","F",0,0,0,0,0,0,0
"863",1126,7075,7075,"t","t","c","c",0.00339222614840989,0.00339222614840989,0.000848056537102474,0.000848056537102474,0.000565371024734982,0.000282685512367491,0.000565371024734982,0.000282685512367491,0.00424028268551237,0.00424028268551237,0.00424028268551237,0.00424028268551237,"nonsyn","nonsyn","nonsyn",1.7e-05,1.07e-06,1.21e-06,1.21e-06,"0.00501145833333334","0.00142679166666667","0.0018925625","0.004280375","I","I","T","N","S",1,1,1,0,0,0,0
"864",1127,7095,7095,"c","c","t","t",0.00197322057787174,0.00197322057787174,0.000140944326990839,0.000140944326990839,0.000140944326990839,0,0.000140944326990839,0,0.00211416490486258,0.00211416490486258,0.00211416490486258,0.00211416490486258,"syn","syn","nonsyn",4.58e-06,8.37e-07,4.33e-07,4.33e-07,"0.00232107857142857","0.00307213499999999","0.00593851499999998","1","I","I","I","I","M",0,0,0,0,0,0,0
"865",1128,7088,7088,"g","g","a","a",0.00211625282167043,0.00211625282167043,0.000141083521444695,0.000141083521444695,0,0.000141083521444695,0,0.000141083521444695,0.00225733634311512,0.00225733634311512,0.00225733634311512,0.00225733634311512,"nonsyn","nonsyn","nonsyn",4.2e-06,5.36e-07,1.17e-06,1.17e-06,"0.00198464","0.00829296000000002","1","0.00829296000000002","D","D","N","H","Y",1,1,1,0,0,0,0
"866",1129,7077,7077,"a","a","g","g",0.00169563374311149,0.00169563374311149,0.000282605623851915,0.000282605623851915,0.000282605623851915,0,0.000282605623851915,0,0.0019782393669634,0.0019782393669634,0.0019782393669634,0.0019782393669634,"nonsyn","nonsyn","nonsyn",1.77e-05,1.76e-06,1.7e-06,1.7e-06,"0.010438575","0.00601544999999999","0.00622775999999999","1","D","D","G","A","V",1,1,1,0,0,0,0
"867",1130,7088,7088,"t","t","c","c",0.0424661399548533,0.0424661399548533,0.000564334085778781,0.000564334085778781,0.000564334085778781,0,0.000564334085778781,0,0.0430304740406321,0.0430304740406321,0.0430304740406321,0.0430304740406321,"syn","nonsyn","nonsyn",1.7e-05,1.07e-06,1.21e-06,1.21e-06,"0.000400318936877076","0.00214412","0.00189604","1","D","D","D","E","E",0,0,0,0,0,0,0
"868",1131,7160,7160,"c","c","t","t",0.00139664804469274,0.00139664804469274,0.000558659217877095,0.000558659217877095,0.000418994413407821,0.000139664804469274,0.000418994413407821,0.000139664804469274,0.00195530726256983,0.00195530726256983,0.00195530726256983,0.00195530726256983,"syn","nonsyn","nonsyn",4.58e-06,8.37e-07,4.33e-07,4.33e-07,"0.00327927999999999","0.00077507","0.00199764","0.00310027999999999","L","L","L","M","V",0,0,0,0,0,0,0
"869",1132,7122,7122,"t","t","c","c",0.0030890199382196,0.0030890199382196,0.0009828699803426,0.0009828699803426,0.0008424599831508,0.0001404099971918,0.0008424599831508,0.0001404099971918,0.0040718899185622,0.0040718899185622,0.0040718899185622,0.0040718899185622,"nonsyn","nonsyn","nonsyn",1.7e-05,1.07e-06,1.21e-06,1.21e-06,"0.00550336363636364","0.00123108857142857","0.00127009","0.00861762","L","L","P","Q","R",1,1,1,1,1,0,1
"870",1133,7186,7186,"g","g","a","a",0.00361814639576955,0.00361814639576955,0.000139159476760367,0.000139159476760367,0.000139159476760367,0,0.000139159476760367,0,0.00375730587252992,0.00375730587252992,0.00375730587252992,0.00375730587252992,"syn","syn","syn",4.2e-06,5.36e-07,1.17e-06,1.17e-06,"0.00116081538461539","0.00840762000000002","0.00385169600000001","1","L","L","L","L","L",0,0,0,0,0,0,0
"871",1134,7190,7190,"c","c","t","t",0.00166898470097357,0.00166898470097357,0.000278164116828929,0.000278164116828929,0.000139082058414465,0.000139082058414465,0.000139082058414465,0.000139082058414465,0.0019471488178025,0.0019471488178025,0.0019471488178025,0.0019471488178025,"nonsyn","nonsyn","nonsyn",4.58e-06,8.37e-07,4.33e-07,4.33e-07,"0.00274418333333334","0.001556635","0.00601802999999998","0.00311326999999999","L","L","F","I","V",0,0,0,0,0,0,0
"872",1135,7147,7148,"t","t","c","c",0.0032181334825801,0.0032181334825801,0,0,0,0,0,0,0.0032181334825801,0.0032181334825801,0.00321768326804701,0.00321768326804701,"nonsyn","nonsyn","nonsyn",1.7e-05,1.07e-06,1.21e-06,1.21e-06,"0.00528256521739131","1","1","1","L","L","P","H","R",1,1,1,0,1,0,1
"873",1136,7152,7152,"t","t","c","c",0.00293624161073826,0.00293624161073826,0.000559284116331096,0.000559284116331096,0.000559284116331096,0,0.000559284116331096,0,0.00349552572706935,0.00349552572706935,0.00349552572706935,0.00349552572706935,"syn","syn","syn",1.7e-05,1.07e-06,1.21e-06,1.21e-06,"0.00578971428571428","0.00216348","0.00191316","1","L","L","L","L","L",0,0,0,1,0,0,0
"874",1137,7144,7144,"g","g","a","a",0.00041993281075028,0.00041993281075028,0,0,0,0,0,0,0.00041993281075028,0.00041993281075028,0.00041993281075028,0.00041993281075028,"nonsyn","nonsyn","nonsyn",4.2e-06,5.36e-07,1.17e-06,1.17e-06,"0.0100016","1","1","1","V","V","I","L","F",0,0,0,0,0,0,0
"875",1138,7119,7119,"t","t","c","c",0.00224750667228543,0.00224750667228543,0.000421407501053519,0.000421407501053519,0.000280938334035679,0.00014046916701784,0.000280938334035679,0.00014046916701784,0.00266891417333895,0.00266891417333895,0.00266891417333895,0.00266891417333895,"nonsyn","nonsyn","nonsyn",1.7e-05,1.07e-06,1.21e-06,1.21e-06,"0.00756393750000001","0.00287133","0.003808665","0.00861398999999998","V","V","A","D","G",0,1,1,0,0,0,0
"876",1139,7125,7125,"c","c","t","t",0.00210526315789474,0.00210526315789474,0.000280701754385965,0.000280701754385965,0.000140350877192982,0.000140350877192982,0.000140350877192982,0.000140350877192982,0.0023859649122807,0.0023859649122807,0.0023859649122807,0.0023859649122807,"syn","syn","syn",4.58e-06,8.37e-07,4.33e-07,4.33e-07,"0.0021755","0.0015425625","0.00596362500000002","0.00308512500000001","V","V","V","V","V",0,0,0,0,0,0,0
"877",1140,7107,7107,"g","g","a","a",0.00182918249613058,0.00182918249613058,0.000422119037568594,0.000422119037568594,0,0.000422119037568594,0,0.000422119037568594,0.00225130153369917,0.00225130153369917,0.00225130153369917,0.00225130153369917,"nonsyn","nonsyn","nonsyn",4.2e-06,5.36e-07,1.17e-06,1.17e-06,"0.00229610769230769","0.00277173","1","0.00277173","G","G","R","R","W",1,1,1,0,1,1,0
"878",1141,6981,6981,"g","g","a","a",0.000572983813207277,0.000572983813207277,0,0,0,0,0,0,0.000572983813207277,0.000572983813207277,0.000572983813207277,0.000572983813207277,"nonsyn","nonsyn","nonsyn",4.2e-06,5.36e-07,1.17e-06,1.17e-06,"0.00733005","1","1","1","G","G","E","A","V",1,1,1,0,1,1,0
"879",1142,6906,6906,"a","g","g","a",0.00405444540978859,0.995511149724877,0.000434404865334492,0.000434404865334492,0,0.000434404865334492,0,0.000434404865334492,0.00448885027512308,0.995945554590211,0.00448885027512308,0.995945554590211,"syn","syn","syn",4.2e-06,5.36e-07,1.17e-06,1.17e-06,"4.21893818181818e-06","0.00269334","1","0.00269334","G","G","G","G","G",0,0,0,0,0,0,0
"880",1143,6768,6768,"a","a","g","g",0.00295508274231678,0.00295508274231678,0,0,0,0,0,0,0.00295508274231678,0.00295508274231678,0.00295508274231678,0.00295508274231678,"nonsyn","nonsyn","nonsyn",1.77e-05,1.76e-06,1.7e-06,1.7e-06,"0.00598968000000001","1","1","1","S","S","G","R","C",1,1,1,0,1,1,0
"881",1144,6769,6769,"g","g","a","a",0.00295464618111981,0.00295464618111981,0,0,0,0,0,0,0.00295464618111981,0.00295464618111981,0.00295464618111981,0.00295464618111981,"nonsyn","nonsyn","nonsyn",4.2e-06,5.36e-07,1.17e-06,1.17e-06,"0.00142149","1","1","1","S","S","N","T","I",0,0,1,0,0,0,0
"882",1145,6798,6798,"c","c","t","t",0.00397175639894086,0.00397175639894086,0.000147102088849662,0.000147102088849662,0.000147102088849662,0,0.000147102088849662,0,0.00411885848779053,0.00411885848779053,0.00411885848779053,0.00411885848779053,"syn","nonsyn","nonsyn",4.58e-06,8.37e-07,4.33e-07,4.33e-07,"0.00115314222222222","0.00294353399999999","0.00568992599999999","1","S","S","S","R","R",0,1,1,0,0,0,0
"883",1146,6789,6789,"g","g","a","a",0.00382972455442628,0.00382972455442628,0.000736485491235823,0.000736485491235823,0.000441891294741494,0.000294594196494329,0.000441891294741494,0.000294594196494329,0.0045662100456621,0.0045662100456621,0.0045662100456621,0.0045662100456621,"nonsyn","nonsyn","nonsyn",4.2e-06,5.36e-07,1.17e-06,1.17e-06,"0.00109668461538461","0.001588626","0.001212968","0.003971565","A","A","T","P","S",1,1,1,0,0,0,0
"884",1147,6678,6679,"c","c","t","t",0.00254567235699311,0.00254567235699311,0.000299490865528601,0.000299490865528601,0.000149745432764301,0.000149745432764301,0.000149745432764301,0.000149745432764301,0.00284516322252171,0.00284516322252171,0.00284473723611319,0.00284473723611319,"nonsyn","nonsyn","nonsyn",4.58e-06,8.37e-07,4.33e-07,4.33e-07,"0.00179913176470588","0.001445787","0.00558948599999999","0.00289157399999999","A","A","V","D","G",0,1,1,0,0,0,0
"885",1148,6618,6618,"c","c","t","t",0.00196433967966153,0.00196433967966153,0.000302206104563312,0.000302206104563312,0.000151103052281656,0.000151103052281656,0.000151103052281656,0.000151103052281656,0.00226654578422484,0.00226654578422484,0.00226654578422484,0.00226654578422484,"syn","syn","syn",4.58e-06,8.37e-07,4.33e-07,4.33e-07,"0.00233157230769231","0.001432797","0.005539266","0.002865594","A","A","A","A","A",0,0,0,0,1,0,1
"886",1149,6586,6586,"a","a","g","g",0.0028849073792894,0.0028849073792894,0.000607348921955664,0.000607348921955664,0.000151837230488916,0.000455511691466748,0.000151837230488916,0.000455511691466748,0.00349225630124507,0.00349225630124507,0.00349225630124507,0.00349225630124507,"nonsyn","nonsyn","nonsyn",1.77e-05,1.76e-06,1.7e-06,1.7e-06,"0.00613537894736842","0.00279905","0.01159136","0.00373206666666666","T","T","A","P","S",1,1,0,1,0,0,0
"887",1150,6762,6763,"c","c","t","t",0.0700976042590949,0.0700976042590949,0,0,0,0,0,0,0.0700976042590949,0.0700976042590949,0.0700872393908029,0.0700872393908029,"nonsyn","nonsyn","nonsyn",4.58e-06,8.37e-07,4.33e-07,4.33e-07,"6.53374683544304e-05","1","1","1","T","T","I","N","S",1,0,0,0,0,0,0
"888",1151,6862,6862,"c","c","t","t",0.0014573010784028,0.0014573010784028,0.000437190323520839,0.000437190323520839,0.000437190323520839,0,0.000437190323520839,0,0.00189449140192364,0.00189449140192364,0.00189449140192364,0.00189449140192364,"syn","syn","syn",4.58e-06,8.37e-07,4.33e-07,4.33e-07,"0.003142796","0.000990415333333334","0.001914498","1","T","T","T","T","T",0,0,0,0,1,0,1
"889",1152,6864,6864,"c","c","t","t",0.00174825174825175,0.00174825174825175,0.00335081585081585,0.00335081585081585,0.00335081585081585,0,0.00335081585081585,0,0.0050990675990676,0.0050990675990676,0.0050990675990676,0.0050990675990676,"nonsyn","nonsyn","nonsyn",4.58e-06,8.37e-07,4.33e-07,4.33e-07,"0.00261976","0.000129222260869565","0.000249789913043478","1","L","L","F","I","V",0,0,0,0,1,0,1
"890",1153,6871,6871,"t","t","c","c",0.0254693639935963,0.0254693639935963,0.00043661766846165,0.00043661766846165,0.00043661766846165,0,0.00043661766846165,0,0.0259059816620579,0.0259059816620579,0.0259059816620579,0.0259059816620579,"nonsyn","nonsyn","nonsyn",1.7e-05,1.07e-06,1.21e-06,1.21e-06,"0.000667468571428571","0.00277130333333334","0.00245065666666667","1","L","L","P","H","R",1,1,1,0,1,0,1
"891",1154,6896,6896,"c","c","t","t",0.000435034802784223,0.000435034802784223,0.000290023201856148,0.000290023201856148,0.000145011600928074,0.000145011600928074,0.000145011600928074,0.000145011600928074,0.000725058004640371,0.000725058004640371,0.000725058004640371,0.000725058004640371,"syn","syn","syn",4.58e-06,8.37e-07,4.33e-07,4.33e-07,"0.0105278933333333","0.001492984","0.00577195200000001","0.00298596800000001","L","L","L","L","L",0,0,0,0,0,0,0
"892",1155,7078,7078,"t","t","c","c",0.00296693981350664,0.00296693981350664,0.00127154563435999,0.00127154563435999,0.00113026278609777,0.000141282848262221,0.00113026278609777,0.000141282848262221,0.00423848544786663,0.00423848544786663,0.00423848544786663,0.00423848544786663,"nonsyn","nonsyn","nonsyn",1.7e-05,1.07e-06,1.21e-06,1.21e-06,"0.00572980952380952","0.000951597777777777","0.000946682499999998","0.00856438","C","C","R","S","G",1,1,0,1,1,0,1
"893",1156,7097,7097,"g","g","a","a",0.00197266450612935,0.00197266450612935,0.000281809215161336,0.000281809215161336,0.000140904607580668,0.000140904607580668,0.000140904607580668,0.000140904607580668,0.00225447372129069,0.00225447372129069,0.00225447372129069,0.00225447372129069,"nonsyn","nonsyn","nonsyn",4.2e-06,5.36e-07,1.17e-06,1.17e-06,"0.0021291","0.004151745","0.003803992","0.00830348999999999","C","C","Y","S","F",1,1,1,0,0,0,0
"894",1157,7116,7116,"c","c","t","t",0.00126475548060708,0.00126475548060708,0,0,0,0,0,0,0.00126475548060708,0.00126475548060708,0.00126475548060708,0.00126475548060708,"syn","stop","nonsyn",4.58e-06,8.37e-07,4.33e-07,4.33e-07,"0.00362125333333334","1","1","1","C","C","C","*","W",0,1,1,0,0,0,0
"895",1158,7051,7051,"t","t","c","c",0.00198553396681322,0.00198553396681322,0.000709119273861864,0.000709119273861864,0.000567295419089491,0.000141823854772373,0.000567295419089491,0.000141823854772373,0.00269465324067508,0.00269465324067508,0.00269465324067508,0.00269465324067508,"nonsyn","nonsyn","nonsyn",1.7e-05,1.07e-06,1.21e-06,1.21e-06,"0.00856192857142856","0.001706342","0.0018861425","0.00853170999999998","S","S","P","T","A",1,0,1,0,1,0,1
"896",1159,7050,7050,"c","c","t","t",0.00212765957446809,0.00212765957446809,0.00099290780141844,0.00099290780141844,0.00099290780141844,0,0.00099290780141844,0,0.00312056737588652,0.00312056737588652,0.00312056737588652,0.00312056737588652,"nonsyn","stop","nonsyn",4.58e-06,8.37e-07,4.33e-07,4.33e-07,"0.0021526","0.000436092857142857","0.000842978571428571","1","S","S","L","*","W",1,1,1,0,0,0,0
"897",1160,7014,7014,"g","g","a","a",0.00199600798403194,0.00199600798403194,0.000427715996578272,0.000427715996578272,0.000142571998859424,0.000285143997718848,0.000142571998859424,0.000285143997718848,0.00242372398061021,0.00242372398061021,0.00242372398061021,0.00242372398061021,"syn","syn","syn",4.2e-06,5.36e-07,1.17e-06,1.17e-06,"0.0021042","0.00273546","0.003759504","0.00410319","S","S","S","S","S",0,0,0,0,1,1,0
"898",1161,6955,6955,"g","g","a","a",0.00186915887850467,0.00186915887850467,0.00531991373112868,0.00531991373112868,0,0.00531991373112868,0,0.00531991373112868,0.00718907260963336,0.00718907260963336,0.00718907260963336,0.00718907260963336,"nonsyn","nonsyn","nonsyn",4.2e-06,5.36e-07,1.17e-06,1.17e-06,"0.002247","0.000219928378378379","1","0.000219928378378379","A","A","T","P","S",1,1,1,0,0,0,0
"899",1162,7022,7022,"c","c","t","t",0.00384505838792367,0.00384505838792367,0,0,0,0,0,0,0.00384505838792367,0.00384505838792367,0.00384505838792367,0.00384505838792367,"nonsyn","nonsyn","nonsyn",4.58e-06,8.37e-07,4.33e-07,4.33e-07,"0.00119113925925926","1","1","1","A","A","V","D","G",0,1,1,0,0,0,0
"900",1163,7080,7080,"c","c","t","t",0.0018361581920904,0.0018361581920904,0.000141242937853107,0.000141242937853107,0.000141242937853107,0,0.000141242937853107,0,0.0019774011299435,0.0019774011299435,0.0019774011299435,0.0019774011299435,"syn","syn","syn",4.58e-06,8.37e-07,4.33e-07,4.33e-07,"0.00249433846153846","0.00306564000000001","0.00592596000000001","1","A","A","A","A","A",0,0,0,0,1,0,1
"901",1164,7102,7102,"c","c","t","t",0.000985637848493382,0.000985637848493382,0.000281610813855252,0.000281610813855252,0.000140805406927626,0.000140805406927626,0.000140805406927626,0.000140805406927626,0.00126724866234863,0.00126724866234863,0.00126724866234863,0.00126724866234863,"nonsyn","nonsyn","nonsyn",4.58e-06,8.37e-07,4.33e-07,4.33e-07,"0.00464673714285714","0.001537583","0.005944374","0.003075166","L","L","F","I","V",0,0,0,0,1,0,1
"902",1165,7090,7091,"t","t","c","c",0.00324400564174894,0.00324400564174894,0.000564174894217207,0.000564174894217207,0.000423131170662906,0.000141043723554302,0.000423131170662906,0.000141043723554302,0.00380818053596615,0.00380818053596615,0.00380764349175011,0.00380764349175011,"nonsyn","nonsyn","nonsyn",1.7e-05,1.07e-06,1.21e-06,1.21e-06,"0.0052404347826087","0.002144725","0.00252876666666666","0.00857889999999999","L","L","P","H","R",1,1,1,0,1,0,1
"903",1166,7195,7195,"c","c","t","t",0.000416956219596942,0.000416956219596942,0.000555941626129256,0.000555941626129256,0.000416956219596942,0.000138985406532314,0.000416956219596942,0.000138985406532314,0.000972897845726199,0.000972897845726199,0.000972897845726199,0.000972897845726199,"syn","syn","syn",4.58e-06,8.37e-07,4.33e-07,4.33e-07,"0.0109843666666667","0.000778858750000001","0.002007405","0.003115435","L","L","L","L","L",0,0,0,0,0,0,0
"904",1167,7399,7399,"t","t","c","c",0.0032436815785917,0.0032436815785917,0.000135153399107988,0.000135153399107988,0.000135153399107988,0,0.000135153399107988,0,0.00337883497769969,0.00337883497769969,0.00337883497769969,0.00337883497769969,"nonsyn","nonsyn","nonsyn",1.7e-05,1.07e-06,1.21e-06,1.21e-06,"0.00524095833333334","0.00895278999999997","0.00791692999999997","1","Y","Y","H","N","D",1,1,1,0,1,0,1
"905",1168,7249,7249,"a","a","g","g",0.00358670161401573,0.00358670161401573,0.000137950062077528,0.000137950062077528,0.000137950062077528,0,0.000137950062077528,0,0.00372465167609325,0.00372465167609325,0.00372465167609325,0.00372465167609325,"nonsyn","nonsyn","nonsyn",1.77e-05,1.76e-06,1.7e-06,1.7e-06,"0.00493489615384615","0.0123233","0.01275824","1","Y","Y","C","S","F",1,1,0,0,0,0,0
"906",1169,7334,7334,"c","c","t","t",0.00122716116716662,0.00122716116716662,0.000136351240796291,0.000136351240796291,0.000136351240796291,0,0.000136351240796291,0,0.00136351240796291,0.00136351240796291,0.00136351240796291,0.00136351240796291,"syn","stop","stop",4.58e-06,8.37e-07,4.33e-07,4.33e-07,"0.00373219111111111","0.00317562200000001","0.00613855800000001","1","Y","Y","Y","*","*",0,1,1,0,0,0,0
"907",1170,7327,7327,"g","g","a","a",0.00177425958782585,0.00177425958782585,0,0,0,0,0,0,0.00177425958782585,0.00177425958782585,0.00177425958782585,0.00177425958782585,"nonsyn","nonsyn","nonsyn",4.2e-06,5.36e-07,1.17e-06,1.17e-06,"0.00236718461538461","1","1","1","V","V","M","L","L",0,0,0,0,0,0,0
"908",1171,7301,7301,"t","t","c","c",0.0023284481577866,0.0023284481577866,0.000547870154773319,0.000547870154773319,0,0.000547870154773319,0,0.000547870154773319,0.00287631831255992,0.00287631831255992,0.00287631831255992,0.00287631831255992,"nonsyn","nonsyn","nonsyn",1.7e-05,1.07e-06,1.21e-06,1.21e-06,"0.00730100000000001","0.0022085525","1","0.0022085525","V","V","A","E","G",0,1,1,1,0,0,0
"909",1172,7283,7321,"g","g","a","a",0.000686530275985171,0.000686530275985171,0.000411918165591103,0.000411918165591103,0,0.000411918165591103,0,0.000411918165591103,0.00109844844157627,0.00109844844157627,0.00109274689250102,0.00109274689250102,"syn","syn","syn",4.2e-06,5.36e-07,1.17e-06,1.17e-06,"0.00611772","0.00284037","1","0.00284037","V","V","V","V","V",0,0,0,0,1,1,0
"910",1173,7337,7338,"g","g","a","a",0.00149925037481259,0.00149925037481259,0.00040888646585798,0.00040888646585798,0.000136295488619327,0.000272590977238653,0.000136295488619327,0.000272590977238653,0.00190813684067057,0.00190813684067057,0.00190787680566912,0.00190787680566912,"nonsyn","nonsyn","nonsyn",4.2e-06,5.36e-07,1.17e-06,1.17e-06,"0.00280140000000001","0.00286143","0.00393263199999999","0.00429214500000001","G","G","R","R","W",1,1,1,0,1,1,0
"911",1174,7304,7304,"g","g","a","a",0.00164293537787514,0.00164293537787514,0.000136911281489595,0.000136911281489595,0,0.000136911281489595,0,0.000136911281489595,0.00177984665936473,0.00177984665936473,0.00177984665936473,0.00177984665936473,"nonsyn","nonsyn","nonsyn",4.2e-06,5.36e-07,1.17e-06,1.17e-06,"0.0025564","0.00854567999999998","1","0.00854567999999998","G","G","E","A","V",1,1,1,0,1,1,0
"912",1175,7334,7334,"g","g","a","a",0.00122716116716662,0.00122716116716662,0.000681756203981456,0.000681756203981456,0,0.000681756203981456,0,0.000681756203981456,0.00190891737114808,0.00190891737114808,0.00190891737114808,0.00190891737114808,"syn","syn","syn",4.2e-06,5.36e-07,1.17e-06,1.17e-06,"0.00342253333333334","0.001716156","1","0.001716156","G","G","G","G","G",0,0,0,0,1,1,0
"913",1176,7394,7394,"g","g","a","a",0.002028671896132,0.002028671896132,0.000676223965377333,0.000676223965377333,0.000135244793075467,0.000540979172301866,0.000135244793075467,0.000540979172301866,0.00270489586150933,0.00270489586150933,0.00270489586150933,0.00270489586150933,"nonsyn","nonsyn","nonsyn",4.2e-06,5.36e-07,1.17e-06,1.17e-06,"0.00207032","0.001730196","0.00396318399999999","0.002162745","D","D","N","H","Y",1,1,1,0,0,0,0
"914",1177,7418,7418,"a","a","g","g",0.00876246966837422,0.00876246966837422,0,0,0,0,0,0,0.00876246966837422,0.00876246966837422,0.00876246966837422,0.00876246966837422,"nonsyn","nonsyn","nonsyn",1.77e-05,1.76e-06,1.7e-06,1.7e-06,"0.00201997846153846","1","1","1","D","D","G","A","V",1,1,1,0,0,0,0
"915",1178,7642,7642,"t","c","c","t",0.00366396231353049,0.995943470295734,0.00039256739073541,0.00039256739073541,0.00039256739073541,0,0.00039256739073541,0,0.0040565297042659,0.99633603768647,0.0040565297042659,0.99633603768647,"syn","nonsyn","nonsyn",4.58e-06,8.37e-07,4.33e-07,4.33e-07,"4.59865457889896e-06","0.00110299533333333","0.002132118","1","D","D","D","E","E",0,0,0,0,0,0,0
"916",1179,7678,7678,"c","c","t","t",0.000911695754102631,0.000911695754102631,0.000520969002344361,0.000520969002344361,0.00039072675175827,0.00013024225058609,0.00039072675175827,0.00013024225058609,0.00143266475644699,0.00143266475644699,0.00143266475644699,0.00143266475644699,"syn","nonsyn","nonsyn",4.58e-06,8.37e-07,4.33e-07,4.33e-07,"0.00502360571428571","0.000831143499999999","0.002142162","0.003324574","L","L","L","M","V",0,0,0,0,1,0,1
"917",1180,7721,7721,"t","t","c","c",0.00349695635280404,0.00349695635280404,0.00103613521564564,0.00103613521564564,0.000647584509778526,0.000388550705867116,0.000647584509778526,0.000388550705867116,0.00453309156844968,0.00453309156844968,0.00453309156844968,0.00453309156844968,"nonsyn","nonsyn","nonsyn",1.7e-05,1.07e-06,1.21e-06,1.21e-06,"0.00486137037037037","0.00116780125","0.001652294","0.00311413666666666","L","L","P","Q","R",1,1,1,1,1,0,1
"918",1181,7766,7766,"g","g","a","a",0.00103013134174607,0.00103013134174607,0.000515065670873036,0.000515065670873036,0,0.000515065670873036,0,0.000515065670873036,0.00154519701261911,0.00154519701261911,0.00154519701261911,0.00154519701261911,"syn","syn","syn",4.2e-06,5.36e-07,1.17e-06,1.17e-06,"0.00407715000000001","0.002271555","1","0.002271555","L","L","L","L","L",0,0,0,0,0,0,0
"919",1182,7763,7763,"t","t","c","c",0.00515264717248486,0.00515264717248486,0.000901713255184851,0.000901713255184851,0.000644080896560608,0.000257632358624243,0.000644080896560608,0.000257632358624243,0.00605436042766972,0.00605436042766972,0.00605436042766972,0.00605436042766972,"nonsyn","nonsyn","nonsyn",1.7e-05,1.07e-06,1.21e-06,1.21e-06,"0.003299275","0.00134189","0.001661282","0.004696615","C","C","R","S","G",1,1,0,1,0,0,0
"920",1183,7772,7772,"g","g","a","a",0.00167267112712301,0.00167267112712301,0.000386001029336078,0.000386001029336078,0,0.000386001029336078,0,0.000386001029336078,0.00205867215645908,0.00205867215645908,0.00205867215645908,0.00205867215645908,"nonsyn","nonsyn","nonsyn",4.2e-06,5.36e-07,1.17e-06,1.17e-06,"0.00251095384615384","0.00303108","1","0.00303108","C","C","Y","S","F",1,1,1,0,0,0,0
"921",1184,7789,7790,"c","c","t","t",0.00795994351007832,0.00795994351007832,0.000770317113878547,0.000770317113878547,0.000641930928232122,0.000128386185646424,0.000641930928232122,0.000128386185646424,0.00873026062395686,0.00873026062395686,0.00872913992297818,0.00872913992297818,"syn","stop","nonsyn",4.58e-06,8.37e-07,4.33e-07,4.33e-07,"0.000575380967741935","0.000562106166666667","0.0013038786","0.00337263700000001","C","C","C","*","W",0,1,1,0,0,0,0
"922",1185,7803,7803,"g","g","a","a",0.00269127258746636,0.00269127258746636,0.000897090862488786,0.000897090862488786,0,0.000897090862488786,0,0.000897090862488786,0.00358836344995515,0.00358836344995515,0.00358836344995515,0.00358836344995515,"nonsyn","nonsyn","nonsyn",4.2e-06,5.36e-07,1.17e-06,1.17e-06,"0.0015606","0.00130421571428571","1","0.00130421571428571","G","G","R","R","W",1,1,1,0,1,1,0
"923",1186,7821,7821,"g","g","a","a",0.00191791331031837,0.00191791331031837,0.000127860887354558,0.000127860887354558,0,0.000127860887354558,0,0.000127860887354558,0.00204577419767293,0.00204577419767293,0.00204577419767293,0.00204577419767293,"nonsyn","nonsyn","nonsyn",4.2e-06,5.36e-07,1.17e-06,1.17e-06,"0.00218988","0.00915057000000002","1","0.00915057000000002","G","G","E","A","V",1,1,1,0,1,1,0
"924",1187,7825,7825,"g","g","a","a",0.000894568690095847,0.000894568690095847,0.000255591054313099,0.000255591054313099,0,0.000255591054313099,0,0.000255591054313099,0.00115015974440895,0.00115015974440895,0.00115015974440895,0.00115015974440895,"syn","syn","syn",4.2e-06,5.36e-07,1.17e-06,1.17e-06,"0.004695","0.004577625","1","0.004577625","G","G","G","G","G",0,0,0,0,0,0,0
"925",1188,7869,7869,"t","t","c","c",0.00648112847884102,0.00648112847884102,0.000508323802262041,0.000508323802262041,0.000508323802262041,0,0.000508323802262041,0,0.00698945228110306,0.00698945228110306,0.00698945228110306,0.00698945228110306,"nonsyn","nonsyn","nonsyn",1.7e-05,1.07e-06,1.21e-06,1.21e-06,"0.002623","0.0023803725","0.0021049575","1","S","S","P","T","A",1,0,1,0,0,0,0
"926",1189,7935,7935,"c","c","t","t",0.000882167611846251,0.000882167611846251,0.000504095778197858,0.000504095778197858,0.000504095778197858,0,0.000504095778197858,0,0.00138626339004411,0.00138626339004411,0.00138626339004411,0.00138626339004411,"nonsyn","nonsyn","nonsyn",4.58e-06,8.37e-07,4.33e-07,4.33e-07,"0.00519175714285714","0.000858963749999999","0.00166039875","1","S","S","F","Y","C",1,1,1,0,0,0,0
"927",1190,8227,8227,"t","t","c","c",0.00559134556946639,0.00559134556946639,0.00182326485960861,0.00182326485960861,0.00145861188768688,0.000364652971921721,0.00145861188768688,0.000364652971921721,0.007414610429075,0.007414610429075,0.007414610429075,0.007414610429075,"syn","syn","syn",1.7e-05,1.07e-06,1.21e-06,1.21e-06,"0.00304041304347826","0.000663644666666665","0.000733574166666669","0.00331822333333334","S","S","S","S","S",0,0,0,1,1,0,1
"928",1191,8315,8315,"g","g","a","a",0.000962116656644618,0.000962116656644618,0,0,0,0,0,0,0.000962116656644618,0.000962116656644618,0.000962116656644618,0.000962116656644618,"nonsyn","nonsyn","nonsyn",4.2e-06,5.36e-07,1.17e-06,1.17e-06,"0.004365375","1","1","1","V","V","I","L","F",0,0,0,0,0,0,0
"929",1192,8325,8325,"t","t","c","c",0.00516516516516516,0.00516516516516516,0.000600600600600601,0.000600600600600601,0.000600600600600601,0,0.000600600600600601,0,0.00576576576576577,0.00576576576576577,0.00576576576576577,0.00576576576576577,"nonsyn","nonsyn","nonsyn",1.7e-05,1.07e-06,1.21e-06,1.21e-06,"0.00329127906976744","0.00201465","0.00178155","1","V","V","A","D","G",0,1,1,0,0,0,0
"930",1193,8353,8353,"c","c","t","t",0.00119717466778403,0.00119717466778403,0.000119717466778403,0.000119717466778403,0.000119717466778403,0,0.000119717466778403,0,0.00131689213456243,0.00131689213456243,0.00131689213456243,0.00131689213456243,"syn","syn","syn",4.58e-06,8.37e-07,4.33e-07,4.33e-07,"0.003825674","0.003616849","0.006991461","1","V","V","V","V","V",0,0,0,0,0,0,0
"931",1194,8392,8394,"t","t","c","c",0.00822211630123927,0.00822211630123927,0.000953288846520496,0.000953288846520496,0.000714966634890372,0.000238322211630124,0.000714966634890372,0.000238322211630124,0.00917540514775977,0.00917540514775977,0.00917321896592804,0.00917321896592804,"nonsyn","nonsyn","nonsyn",1.7e-05,1.07e-06,1.21e-06,1.21e-06,"0.00206759420289855","0.00126929","0.00149657333333333","0.00507716","F","F","L","I","V",0,0,0,0,1,0,1
"932",1195,8370,8370,"t","t","c","c",0.002389486260454,0.002389486260454,0.0002389486260454,0.0002389486260454,0.0002389486260454,0,0.0002389486260454,0,0.0026284348864994,0.0026284348864994,0.0026284348864994,0.0026284348864994,"nonsyn","nonsyn","nonsyn",1.7e-05,1.07e-06,1.21e-06,1.21e-06,"0.00711450000000001","0.00506385000000001","0.00447795","1","F","F","S","Y","C",1,0,1,0,0,0,0
"933",1196,8464,8464,"t","t","c","c",0.00732514177693762,0.00732514177693762,0.000118147448015123,0.000118147448015123,0,0.000118147448015123,0,0.000118147448015123,0.00744328922495274,0.00744328922495274,0.00744328922495274,0.00744328922495274,"syn","nonsyn","nonsyn",1.7e-05,1.07e-06,1.21e-06,1.21e-06,"0.00232077419354839","0.01024144","1","0.01024144","F","F","F","L","L",0,0,0,0,0,0,0
"934",1197,8503,8503,"c","c","t","t",0.000235211101964013,0.000235211101964013,0.000352816652946019,0.000352816652946019,0.000352816652946019,0,0.000352816652946019,0,0.000588027754910032,0.000588027754910032,0.000588027754910032,0.000588027754910032,"nonsyn","nonsyn","nonsyn",4.58e-06,8.37e-07,4.33e-07,4.33e-07,"0.01947187","0.00122726633333333","0.002372337","1","L","L","F","I","V",0,0,0,0,0,0,0
"935",1198,8368,8368,"t","t","c","c",0.00489961759082218,0.00489961759082218,0.000597514340344168,0.000597514340344168,0.000478011472275335,0.000119502868068834,0.000478011472275335,0.000119502868068834,0.00549713193116635,0.00549713193116635,0.00549713193116635,0.00549713193116635,"nonsyn","nonsyn","nonsyn",1.7e-05,1.07e-06,1.21e-06,1.21e-06,"0.00346965853658537","0.002025056","0.00223844","0.01012528","L","L","P","H","R",1,1,1,0,1,0,1
"936",1199,8382,8382,"t","t","c","c",0.0029825817227392,0.0029825817227392,0.00167024576473395,0.00167024576473395,0.00131233595800525,0.000357909806728704,0.00131233595800525,0.000357909806728704,0.00465282748747316,0.00465282748747316,0.00465282748747316,0.00465282748747316,"syn","syn","syn",1.7e-05,1.07e-06,1.21e-06,1.21e-06,"0.00569976000000001","0.000724444285714287","0.00081534","0.00338074","L","L","L","L","L",0,0,0,1,0,0,0
"937",1200,8380,8381,"g","g","a","a",0.000715990453460621,0.000715990453460621,0,0,0,0,0,0,0.000715990453460621,0.000715990453460621,0.000715905023266913,0.000715905023266913,"nonsyn","nonsyn","nonsyn",4.2e-06,5.36e-07,1.17e-06,1.17e-06,"0.005866","1","1","1","V","V","I","L","F",0,0,0,0,0,0,0
"938",1201,8379,8381,"t","t","c","c",0.00393841747225206,0.00393841747225206,0.000716075904045829,0.000716075904045829,0.000358037952022914,0.000358037952022914,0.000358037952022914,0.000358037952022914,0.00465449337629789,0.00465449337629789,0.00465338265123494,0.00465338265123494,"nonsyn","nonsyn","nonsyn",1.7e-05,1.07e-06,1.21e-06,1.21e-06,"0.00431645454545454","0.001689765","0.00298851","0.00337953","V","V","A","D","G",0,1,1,0,0,0,0
"939",1202,8410,8412,"c","t","t","c",0.228299643281807,0.771224732461355,0.000475624256837099,0.000475624256837099,0.000475624256837099,0,0.000475624256837099,0,0.228775267538644,0.771700356718193,0.228720874940561,0.771516880646695,"syn","syn","syn",1.7e-05,1.07e-06,1.21e-06,1.21e-06,"2.20428615479494e-05","0.002544025","0.002249675","1","V","V","V","V","V",0,0,0,1,0,0,0
"940",1203,8413,8413,"g","g","a","a",0.00332818257458695,0.00332818257458695,0.000356590990134316,0.000356590990134316,0,0.000356590990134316,0,0.000356590990134316,0.00368477356472126,0.00368477356472126,0.00368477356472126,0.00368477356472126,"nonsyn","nonsyn","nonsyn",4.2e-06,5.36e-07,1.17e-06,1.17e-06,"0.00126195","0.00328107","1","0.00328107","G","G","S","R","C",1,1,0,0,1,1,0
"941",1204,8369,8369,"g","g","a","a",0.00298721472099415,0.00298721472099415,0.000477954355359063,0.000477954355359063,0.000119488588839766,0.000358465766519297,0.000119488588839766,0.000358465766519297,0.00346516907635321,0.00346516907635321,0.00346516907635321,0.00346516907635321,"nonsyn","nonsyn","nonsyn",4.2e-06,5.36e-07,1.17e-06,1.17e-06,"0.001405992","0.0024479325","0.00448578399999999","0.00326391","G","G","D","A","V",1,1,1,0,0,0,0
"942",1205,8378,8378,"c","t","t","c",0.0023872045834328,0.997374074958224,0.00023872045834328,0.00023872045834328,0.00023872045834328,0,0.00023872045834328,0,0.00262592504177608,0.997612795416567,0.00262592504177608,0.997612795416567,"syn","syn","syn",1.7e-05,1.07e-06,1.21e-06,1.21e-06,"1.70447582575395e-05","0.00506869","0.00448223","1","G","G","G","G","G",0,0,0,0,0,0,0
"943",1206,8408,8408,"c","c","t","t",0.00178401522359657,0.00178401522359657,0.00071360608943863,0.00071360608943863,0.000475737392959087,0.000237868696479543,0.000475737392959087,0.000237868696479543,0.0024976213130352,0.0024976213130352,0.0024976213130352,0.0024976213130352,"stop","nonsyn","nonsyn",4.58e-06,8.37e-07,4.33e-07,4.33e-07,"0.00256724266666667","0.000606777333333333","0.001759374","0.001820332","Q","Q","*","K","E",1,1,1,0,0,0,0
"944",1207,8405,8405,"a","a","g","g",0.00356930398572278,0.00356930398572278,0.000594883997620464,0.000594883997620464,0.000118976799524093,0.000475907198096371,0.000118976799524093,0.000475907198096371,0.00416418798334325,0.00416418798334325,0.00416418798334325,0.00416418798334325,"nonsyn","nonsyn","nonsyn",1.77e-05,1.76e-06,1.7e-06,1.7e-06,"0.00495895000000001","0.0028577","0.0147928","0.003572125","Q","Q","R","P","L",1,1,1,1,0,0,0
"945",1208,8438,8438,"g","a","a","g",0.00225171841668642,0.997274235600853,0.000474045982460299,0.000474045982460299,0.000118511495615075,0.000355534486845224,0.000118511495615075,0.000355534486845224,0.00272576439914672,0.997748281583314,0.00272576439914672,0.997748281583314,"syn","nonsyn","nonsyn",1.77e-05,1.76e-06,1.7e-06,1.7e-06,"1.77483778966132e-05","0.00358615","0.01485088","0.00478153333333333","Q","Q","Q","H","H",0,1,1,0,0,0,0
"946",1209,8520,8520,"c","c","t","t",0.00269953051643192,0.00269953051643192,0.000352112676056338,0.000352112676056338,0.000234741784037559,0.000117370892018779,0.000234741784037559,0.000117370892018779,0.00305164319248826,0.00305164319248826,0.00305164319248826,0.00305164319248826,"syn","nonsyn","nonsyn",4.58e-06,8.37e-07,4.33e-07,4.33e-07,"0.00169659130434783","0.00122972","0.00356562","0.00368916000000001","L","L","L","M","V",0,0,0,0,0,0,0
"947",1210,8707,8707,"t","t","c","c",0.00401975422074193,0.00401975422074193,0.00068910072355576,0.00068910072355576,0.000459400482370506,0.000229700241185253,0.000459400482370506,0.000229700241185253,0.00470885494429769,0.00470885494429769,0.00470885494429769,0.00470885494429769,"nonsyn","nonsyn","nonsyn",1.7e-05,1.07e-06,1.21e-06,1.21e-06,"0.00422911428571429","0.00175591166666667","0.0023291225","0.00526773500000001","L","L","P","Q","R",1,1,1,1,1,0,1
"948",1211,8699,8699,"g","g","a","a",0.00103460167835383,0.00103460167835383,0.000114955742039315,0.000114955742039315,0,0.000114955742039315,0,0.000114955742039315,0.00114955742039315,0.00114955742039315,0.00114955742039315,0.00114955742039315,"syn","syn","syn",4.2e-06,5.36e-07,1.17e-06,1.17e-06,"0.00405953333333335","0.01017783","1","0.01017783","L","L","L","L","L",0,0,0,0,0,0,0
"949",1212,8642,8652,"t","t","c","c",0.00439713029391345,0.00439713029391345,0.00185142328164777,0.00185142328164777,0.000231427910205971,0.0016199953714418,0.000231427910205971,0.0016199953714418,0.00624855357556121,0.00624855357556121,0.00624133148404993,0.00624133148404993,"nonsyn","nonsyn","nonsyn",1.7e-05,1.07e-06,1.21e-06,1.21e-06,"0.00386615789473684","0.000653551249999999","0.00462347","0.000746915714285712","F","F","L","I","V",0,0,0,0,0,0,0
"950",1213,8645,8645,"t","t","c","c",0.0048582995951417,0.0048582995951417,0.00115673799884326,0.00115673799884326,0.00092539039907461,0.000231347599768652,0.00092539039907461,0.000231347599768652,0.00601503759398496,0.00601503759398496,0.00601503759398496,0.00601503759398496,"nonsyn","nonsyn","nonsyn",1.7e-05,1.07e-06,1.21e-06,1.21e-06,"0.00349916666666667","0.001046045","0.00115626875","0.00523022500000001","F","F","S","Y","C",1,0,1,0,0,0,0
"951",1214,8653,8653,"t","t","c","c",0.0255402750491159,0.0255402750491159,0.000115566855425864,0.000115566855425864,0.000115566855425864,0,0.000115566855425864,0,0.0256558419045418,0.0256558419045418,0.0256558419045418,0.0256558419045418,"syn","nonsyn","nonsyn",1.7e-05,1.07e-06,1.21e-06,1.21e-06,"0.000665615384615385","0.01047013","0.00925870999999999","1","F","F","F","L","L",0,0,0,0,0,0,0
"952",1215,8482,8482,"a","a","g","g",0.00200424428200896,0.00200424428200896,0,0,0,0,0,0,0.00200424428200896,0.00200424428200896,0.00200424428200896,0.00200424428200896,"nonsyn","nonsyn","nonsyn",1.77e-05,1.76e-06,1.7e-06,1.7e-06,"0.00883125882352941","1","1","1","T","T","A","P","S",1,1,0,0,0,0,0
"953",1216,8658,8658,"c","c","t","t",0.0015015015015015,0.0015015015015015,0,0,0,0,0,0,0.0015015015015015,0.0015015015015015,0.0015015015015015,0.0015015015015015,"nonsyn","nonsyn","nonsyn",4.58e-06,8.37e-07,4.33e-07,4.33e-07,"0.00305028","1","1","1","T","T","I","N","S",1,0,0,0,0,0,0
"954",1217,8669,8670,"c","c","t","t",0.000576767793286423,0.000576767793286423,0,0,0,0,0,0,0.000576767793286423,0.000576767793286423,0.000576701268742791,0.000576701268742791,"syn","syn","syn",4.58e-06,8.37e-07,4.33e-07,4.33e-07,"0.007940804","1","1","1","T","T","T","T","T",0,0,0,0,1,0,1
"955",1218,8664,8665,"t","t","c","c",0.00600184672206833,0.00600184672206833,0.00115420129270545,0.00115420129270545,0.00115420129270545,0,0.00115420129270545,0,0.00715604801477378,0.00715604801477378,0.00715522215810733,0.00715522215810733,"nonsyn","nonsyn","nonsyn",1.7e-05,1.07e-06,1.21e-06,1.21e-06,"0.00283246153846154","0.001048344","0.000927047999999998","1","F","F","L","I","V",0,0,0,0,1,0,1
"956",1219,8524,8528,"t","t","c","c",0.0105584232754575,0.0105584232754575,0.000351947442515251,0.000351947442515251,0.000351947442515251,0,0.000351947442515251,0,0.0109103707179728,0.0109103707179728,0.0109052532833021,0.0109052532833021,"nonsyn","nonsyn","nonsyn",1.7e-05,1.07e-06,1.21e-06,1.21e-06,"0.00161008888888889","0.00343801333333333","0.00304022666666667","1","F","F","S","Y","C",1,0,1,0,0,0,0
"957",1220,8517,8520,"c","c","t","t",0.000352236703064459,0.000352236703064459,0.000469648937419279,0.000469648937419279,0.000469648937419279,0,0.000469648937419279,0,0.000821885640483738,0.000821885640483738,0.000821596244131455,0.000821596244131455,"syn","nonsyn","nonsyn",4.58e-06,8.37e-07,4.33e-07,4.33e-07,"0.01300262","0.00092196525","0.00178218225","1","F","F","F","L","L",0,0,0,0,0,0,0
"958",1221,8502,8502,"t","t","c","c",0.00623382733474477,0.00623382733474477,0.000235238767348859,0.000235238767348859,0.00011761938367443,0.00011761938367443,0.00011761938367443,0.00011761938367443,0.00646906610209363,0.00646906610209363,0.00646906610209363,0.00646906610209363,"nonsyn","nonsyn","nonsyn",1.7e-05,1.07e-06,1.21e-06,1.21e-06,"0.00272705660377358","0.00514371","0.00909713999999997","0.01028742","S","S","P","T","A",1,0,1,0,1,0,1
"959",1222,8538,8538,"c","c","t","t",0.000702740688685875,0.000702740688685875,0.000117123448114312,0.000117123448114312,0.000117123448114312,0,0.000117123448114312,0,0.000819864136800187,0.000819864136800187,0.000819864136800187,0.000819864136800187,"nonsyn","nonsyn","nonsyn",4.58e-06,8.37e-07,4.33e-07,4.33e-07,"0.00651734","0.00369695400000002","0.00714630600000003","1","S","S","F","Y","C",1,1,1,0,0,0,0
"960",1223,8521,8521,"t","t","c","c",0.00598521300316864,0.00598521300316864,0.000821499823964323,0.000821499823964323,0.000821499823964323,0,0.000821499823964323,0,0.00680671282713297,0.00680671282713297,0.00680671282713297,0.00680671282713297,"syn","syn","syn",1.7e-05,1.07e-06,1.21e-06,1.21e-06,"0.00284033333333333","0.00147291571428571","0.00130249571428571","1","S","S","S","S","S",0,0,0,0,1,0,1
"961",1224,8550,8556,"c","c","t","t",0.00116959064327485,0.00116959064327485,0.000116959064327485,0.000116959064327485,0.000116959064327485,0,0.000116959064327485,0,0.00128654970760234,0.00128654970760234,0.00128564749883123,0.00128564749883123,"nonsyn","nonsyn","nonsyn",4.58e-06,8.37e-07,4.33e-07,4.33e-07,"0.00391590000000001","0.00370215000000001","0.00715635000000002","1","P","P","S","T","A",1,1,1,0,0,0,0
"962",1225,8571,8571,"c","c","t","t",0.000700035001750087,0.000700035001750087,0.000700035001750087,0.000700035001750087,0.000583362501458406,0.000116672500291681,0.000583362501458406,0.000116672500291681,0.00140007000350017,0.00140007000350017,0.00140007000350017,0.00140007000350017,"nonsyn","nonsyn","nonsyn",4.58e-06,8.37e-07,4.33e-07,4.33e-07,"0.00654253000000001","0.0006185405","0.0014347854","0.00371124300000001","P","P","L","H","R",1,1,1,0,1,0,1
"963",1226,8563,8563,"c","c","t","t",0.0017517225271517,0.0017517225271517,0.000467126007240453,0.000467126007240453,0.000467126007240453,0,0.000467126007240453,0,0.00221884853439215,0.00221884853439215,0.00221884853439215,0.00221884853439215,"syn","syn","syn",4.58e-06,8.37e-07,4.33e-07,4.33e-07,"0.00261456933333333","0.00092694475","0.00179180775","1","P","P","P","P","P",0,0,0,0,1,0,1
"964",1227,8568,8568,"a","a","g","g",0.00245098039215686,0.00245098039215686,0.00163398692810458,0.00163398692810458,0,0.00163398692810458,0,0.00163398692810458,0.00408496732026144,0.00408496732026144,0.00408496732026144,0.00408496732026144,"nonsyn","syn","nonsyn",1.77e-05,1.76e-06,1.7e-06,1.7e-06,"0.00722160000000001","0.0010404","1","0.0010404","R","R","G","R","W",1,0,1,1,1,1,0
"965",1228,8513,8513,"g","g","a","a",0.00234934805591448,0.00234934805591448,0.000352402208387173,0.000352402208387173,0,0.000352402208387173,0,0.000352402208387173,0.00270175026430166,0.00270175026430166,0.00270175026430166,0.00270175026430166,"nonsyn","nonsyn","nonsyn",4.2e-06,5.36e-07,1.17e-06,1.17e-06,"0.00178773","0.00332007","1","0.00332007","R","R","K","T","M",0,1,1,0,1,1,0
"966",1229,8469,8469,"g","g","a","a",0.00177116542685087,0.00177116542685087,0.000354233085370174,0.000354233085370174,0.000118077695123391,0.000236155390246782,0.000118077695123391,0.000236155390246782,0.00212539851222104,0.00212539851222104,0.00212539851222104,0.00212539851222104,"syn","nonsyn","nonsyn",4.2e-06,5.36e-07,1.17e-06,1.17e-06,"0.00237132","0.00330291","0.00453938400000001","0.00495436500000001","R","R","R","S","S",0,1,1,0,0,0,0
"967",1230,8362,8362,"c","c","t","t",0.00167424061229371,0.00167424061229371,0.000239177230327673,0.000239177230327673,0.000239177230327673,0,0.000239177230327673,0,0.00191341784262138,0.00191341784262138,0.00191341784262138,0.00191341784262138,"nonsyn","nonsyn","nonsyn",4.58e-06,8.37e-07,4.33e-07,4.33e-07,"0.00273556857142857","0.001810373","0.003499497","1","H","R","C","S","G",1,1,1,0,0,0,0
"968",1231,8313,8313,"a","g","g","a",0.00252616383976904,0.997353542644052,0.000120293516179478,0.000120293516179478,0,0.000120293516179478,0,0.000120293516179478,0.00264645735594851,0.997473836160231,0.00264645735594851,0.997473836160231,"nonsyn","nonsyn","nonsyn",4.2e-06,5.36e-07,1.17e-06,1.17e-06,"4.21114461464238e-06","0.00972620999999999","1","0.00972620999999999","H","R","H","P","L",0,1,1,0,0,0,0
"969",1232,8483,8483,"c","c","t","t",0.0121419309206649,0.0121419309206649,0.000353648473417423,0.000353648473417423,0.000235765648944949,0.000117882824472474,0.000235765648944949,0.000117882824472474,0.0124955793940823,0.0124955793940823,0.0124955793940823,0.0124955793940823,"syn","syn","syn",4.58e-06,8.37e-07,4.33e-07,4.33e-07,"0.000377205242718445","0.00122437966666667","0.0035501355","0.00367313900000001","H","R","R","R","R",0,0,0,0,0,0,0
"970",1233,8487,8487,"c","c","t","t",0.00212089077412513,0.00212089077412513,0.000117827265229174,0.000117827265229174,0,0.000117827265229174,0,0.000117827265229174,0.00223871803935431,0.00223871803935431,0.00223871803935431,0.00223871803935431,"nonsyn","nonsyn","nonsyn",4.58e-06,8.37e-07,4.33e-07,4.33e-07,"0.00215947","0.003674871","1","0.003674871","H","H","Y","N","D",1,1,1,0,1,0,1
"971",1234,8510,8510,"a","a","g","g",0.00599294947121034,0.00599294947121034,0.000587544065804935,0.000587544065804935,0.000470035252643948,0.000117508813160987,0.000470035252643948,0.000117508813160987,0.00658049353701528,0.00658049353701528,0.00658049353701528,0.00658049353701528,"nonsyn","nonsyn","nonsyn",1.77e-05,1.76e-06,1.7e-06,1.7e-06,"0.00295347058823529","0.0028934","0.0037444","0.014467","H","H","R","P","L",0,1,1,1,0,0,0
"972",1235,8510,8510,"c","c","t","t",0.000940070505287897,0.000940070505287897,0.000352526439482961,0.000352526439482961,0.000352526439482961,0,0.000352526439482961,0,0.00129259694477086,0.00129259694477086,0.00129259694477086,0.00129259694477086,"syn","nonsyn","nonsyn",4.58e-06,8.37e-07,4.33e-07,4.33e-07,"0.004871975","0.00122827666666667","0.00237429","1","H","H","H","Q","Q",0,1,1,0,0,0,0
"973",1236,8334,8334,"t","t","c","c",0.00287976961843053,0.00287976961843053,0.000959923206143509,0.000959923206143509,0.000599952003839693,0.000359971202303816,0.000599952003839693,0.000359971202303816,0.00383969282457403,0.00383969282457403,0.00383969282457403,0.00383969282457403,"nonsyn","nonsyn","nonsyn",1.7e-05,1.07e-06,1.21e-06,1.21e-06,"0.00590324999999999","0.0012605175","0.001783476","0.00336138","W","W","R","R","G",1,1,1,1,1,0,1
"974",1237,8440,8441,"g","g","a","a",0.00130331753554502,0.00130331753554502,0.0004739336492891,0.0004739336492891,0,0.0004739336492891,0,0.0004739336492891,0.00177725118483412,0.00177725118483412,0.00177704063499585,0.00177704063499585,"stop","nonsyn","nonsyn",4.2e-06,5.36e-07,1.17e-06,1.17e-06,"0.00322254545454546","0.0024687","1","0.0024687","W","W","*","S","L",1,1,0,0,1,1,0
"975",1238,8397,8397,"g","g","a","a",0.000833631058711445,0.000833631058711445,0.000238180302488984,0.000238180302488984,0,0.000238180302488984,0,0.000238180302488984,0.00107181136120043,0.00107181136120043,0.00107181136120043,0.00107181136120043,"stop","nonsyn","nonsyn",4.2e-06,5.36e-07,1.17e-06,1.17e-06,"0.0050382","0.004912245","1","0.004912245","W","W","*","C","C",1,1,1,0,0,0,0
"976",1239,8114,8114,"a","a","g","g",0.00369731328567907,0.00369731328567907,0.000369731328567907,0.000369731328567907,0,0.000369731328567907,0,0.000369731328567907,0.00406704461424698,0.00406704461424698,0.00406704461424698,0.00406704461424698,"nonsyn","nonsyn","nonsyn",1.77e-05,1.76e-06,1.7e-06,1.7e-06,"0.00478726","0.00459793333333334","1","0.00459793333333334","T","T","A","P","S",1,1,0,0,0,0,0
"977",1240,8111,8111,"c","c","t","t",0.00147947232153865,0.00147947232153865,0.000123289360128221,0.000123289360128221,0,0.000123289360128221,0,0.000123289360128221,0.00160276168166687,0.00160276168166687,0.00160276168166687,0.00160276168166687,"nonsyn","nonsyn","nonsyn",4.58e-06,8.37e-07,4.33e-07,4.33e-07,"0.00309569833333334","0.003512063","1","0.003512063","T","T","M","K","R",1,1,1,0,0,0,0
"978",1241,8058,8058,"g","g","a","a",0.00136510300322661,0.00136510300322661,0.000248200546041201,0.000248200546041201,0,0.000248200546041201,0,0.000248200546041201,0.00161330354926781,0.00161330354926781,0.00161330354926781,0.00161330354926781,"syn","syn","syn",4.2e-06,5.36e-07,1.17e-06,1.17e-06,"0.0030766909090909","0.00471393000000001","1","0.00471393000000001","T","T","T","T","T",0,0,0,0,0,0,0
"979",1242,7995,7995,"a","a","g","g",0.0042526579111945,0.0042526579111945,0.00187617260787992,0.00187617260787992,0.000250156347717323,0.0016260162601626,0.000250156347717323,0.0016260162601626,0.00612883051907442,0.00612883051907442,0.00612883051907442,0.00612883051907442,"nonsyn","nonsyn","nonsyn",1.77e-05,1.76e-06,1.7e-06,1.7e-06,"0.00416210294117647","0.000906100000000002","0.00703560000000001","0.0010455","T","T","A","P","S",1,1,0,0,0,0,0
"980",1243,8005,8005,"c","c","t","t",0.0312304809494066,0.0312304809494066,0.000124921923797626,0.000124921923797626,0.000124921923797626,0,0.000124921923797626,0,0.0313554028732042,0.0313554028732042,0.0313554028732042,0.0313554028732042,"nonsyn","nonsyn","nonsyn",4.58e-06,8.37e-07,4.33e-07,4.33e-07,"0.0001466516","0.00346616500000001","0.00670018500000003","1","T","T","M","K","R",1,1,1,0,0,0,0
"981",1244,8092,8092,"g","g","a","a",0.00222441917943648,0.00222441917943648,0.000494315373208107,0.000494315373208107,0.000123578843302027,0.00037073652990608,0.000123578843302027,0.00037073652990608,0.00271873455264459,0.00271873455264459,0.00271873455264459,0.00271873455264459,"syn","syn","syn",4.2e-06,5.36e-07,1.17e-06,1.17e-06,"0.00188813333333333","0.00236691","0.00433731199999999","0.00315588","T","T","T","T","T",0,0,0,0,0,0,0
"982",1245,8104,8104,"c","c","t","t",0.00320829220138203,0.00320829220138203,0.000370187561697927,0.000370187561697927,0.000246791707798618,0.000123395853899309,0.000246791707798618,0.000123395853899309,0.00357847976307996,0.00357847976307996,0.00357847976307996,0.00357847976307996,"stop","nonsyn","nonsyn",4.58e-06,8.37e-07,4.33e-07,4.33e-07,"0.00142755076923077","0.00116967733333333","0.003391524","0.003509032","Q","Q","*","K","E",1,1,1,0,0,0,0
"983",1246,8100,8100,"a","a","g","g",0.00320987654320988,0.00320987654320988,0.00185185185185185,0.00185185185185185,0.00037037037037037,0.00148148148148148,0.00037037037037037,0.00148148148148148,0.00506172839506173,0.00506172839506173,0.00506172839506173,0.00506172839506173,"nonsyn","nonsyn","nonsyn",1.77e-05,1.76e-06,1.7e-06,1.7e-06,"0.00551423076923076","0.000918000000000001","0.004752","0.0011475","Q","Q","R","P","L",1,1,1,1,0,0,0
"984",1247,8138,8138,"g","a","a","g",0.00172032440403047,0.998156795281396,0.000122880314573605,0.000122880314573605,0,0.000122880314573605,0,0.000122880314573605,0.00184320471860408,0.99827967559597,0.00184320471860408,0.99827967559597,"syn","nonsyn","nonsyn",1.77e-05,1.76e-06,1.7e-06,1.7e-06,"1.77326849686077e-05","0.0138346","1","0.0138346","Q","Q","Q","H","H",0,1,1,0,1,1,0
"985",1248,8127,8127,"g","g","a","a",0.00073827980804725,0.00073827980804725,0.000369139904023625,0.000369139904023625,0,0.000369139904023625,0,0.000369139904023625,0.00110741971207087,0.00110741971207087,0.00110741971207087,0.00110741971207087,"nonsyn","nonsyn","nonsyn",4.2e-06,5.36e-07,1.17e-06,1.17e-06,"0.0056889","0.00316953","1","0.00316953","D","D","N","H","Y",1,1,1,0,0,0,0
"986",1249,8173,8173,"a","a","g","g",0.00330356050409886,0.00330356050409886,0.000489416370977609,0.000489416370977609,0.000122354092744402,0.000367062278233207,0.000122354092744402,0.000367062278233207,0.00379297687507647,0.00379297687507647,0.00379297687507647,0.00379297687507647,"nonsyn","nonsyn","nonsyn",1.77e-05,1.76e-06,1.7e-06,1.7e-06,"0.00535785555555556","0.003473525","0.01438448","0.00463136666666667","D","D","G","A","V",1,1,1,0,0,0,0
"987",1250,8218,8218,"c","c","t","t",0.00060842054027744,0.00060842054027744,0.000121684108055488,0.000121684108055488,0.000121684108055488,0,0.000121684108055488,0,0.000730104648332928,0.000730104648332928,0.000730104648332928,0.000730104648332928,"syn","nonsyn","nonsyn",4.58e-06,8.37e-07,4.33e-07,4.33e-07,"0.007527688","0.003558394","0.006878466","1","D","D","D","E","E",0,0,0,0,0,0,0
"988",1251,8329,8329,"t","t","c","c",0.00324168567655181,0.00324168567655181,0.00120062432464882,0.00120062432464882,0.00120062432464882,0,0.00120062432464882,0,0.00444231000120062,0.00444231000120062,0.00444231000120062,0.00444231000120062,"nonsyn","nonsyn","nonsyn",1.7e-05,1.07e-06,1.21e-06,1.21e-06,"0.00524418518518518","0.001007809","0.000891202999999998","1","C","C","R","S","G",1,1,0,1,1,0,1
"989",1252,8327,8327,"g","g","a","a",0.00264200792602378,0.00264200792602378,0.000120091269364717,0.000120091269364717,0,0.000120091269364717,0,0.000120091269364717,0.0027620991953885,0.0027620991953885,0.0027620991953885,0.0027620991953885,"nonsyn","nonsyn","nonsyn",4.2e-06,5.36e-07,1.17e-06,1.17e-06,"0.0015897","0.00974259000000001","1","0.00974259000000001","C","C","Y","S","F",1,1,1,0,0,0,0
"990",1253,8538,8538,"c","c","t","t",0.00210822206605762,0.00210822206605762,0.000117123448114312,0.000117123448114312,0.000117123448114312,0,0.000117123448114312,0,0.00222534551417194,0.00222534551417194,0.00222534551417194,0.00222534551417194,"syn","stop","nonsyn",4.58e-06,8.37e-07,4.33e-07,4.33e-07,"0.00217244666666667","0.00369695400000002","0.00714630600000003","1","C","C","C","*","W",0,1,1,0,0,0,0
"991",1254,8541,8541,"a","a","g","g",0.00573703313429341,0.00573703313429341,0.00117082308863131,0.00117082308863131,0,0.00117082308863131,0,0.00117082308863131,0.00690785622292472,0.00690785622292472,0.00690785622292472,0.00690785622292472,"nonsyn","nonsyn","nonsyn",1.77e-05,1.76e-06,1.7e-06,1.7e-06,"0.00308521836734694","0.00145197","1","0.00145197","N","N","D","H","Y",1,1,1,1,0,0,0
"992",1255,8562,8562,"a","a","g","g",0.00256949310908666,0.00256949310908666,0.000116795141322121,0.000116795141322121,0,0.000116795141322121,0,0.000116795141322121,0.00268628825040878,0.00268628825040878,0.00268628825040878,0.00268628825040878,"nonsyn","nonsyn","nonsyn",1.77e-05,1.76e-06,1.7e-06,1.7e-06,"0.00688851818181819","0.0145554","1","0.0145554","N","N","S","T","I",0,0,1,0,0,0,0
"993",1256,8572,8572,"t","t","c","c",0.0012832477834811,0.0012832477834811,0.000233317778814746,0.000233317778814746,0.000233317778814746,0,0.000233317778814746,0,0.00151656556229585,0.00151656556229585,0.00151656556229585,0.00151656556229585,"syn","nonsyn","nonsyn",1.7e-05,1.07e-06,1.21e-06,1.21e-06,"0.0132476363636364","0.00518605999999999","0.00458601999999999","1","N","N","N","K","K",0,1,1,0,0,0,0
"994",1257,8552,8552,"t","t","c","c",0.00187090739008419,0.00187090739008419,0.00105238540692236,0.00105238540692236,0.00058465855940131,0.000467726847521048,0.00058465855940131,0.000467726847521048,0.00292329279700655,0.00292329279700655,0.00292329279700655,0.00292329279700655,"nonsyn","nonsyn","nonsyn",1.7e-05,1.07e-06,1.21e-06,1.21e-06,"0.0090865","0.00114976888888889","0.001830128","0.00258698","C","C","R","S","G",1,1,0,1,0,0,0
"995",1258,8603,8603,"g","g","a","a",0.00151110077879809,0.00151110077879809,0,0,0,0,0,0,0.00151110077879809,0.00151110077879809,0.00151110077879809,0.00151110077879809,"nonsyn","nonsyn","nonsyn",4.2e-06,5.36e-07,1.17e-06,1.17e-06,"0.00277943076923078","1","1","1","C","C","Y","S","F",1,1,1,0,0,0,0
"996",1259,8578,8578,"t","t","c","c",0.00384705059454418,0.00384705059454418,0.000582886453718816,0.000582886453718816,0.000349731872231289,0.000233154581487526,0.000349731872231289,0.000233154581487526,0.004429937048263,0.004429937048263,0.004429937048263,0.004429937048263,"syn","stop","nonsyn",1.7e-05,1.07e-06,1.21e-06,1.21e-06,"0.0044189696969697","0.002075876","0.00305948666666667","0.00518969000000001","C","C","C","*","W",0,1,1,0,0,0,0
"997",1260,8527,8527,"t","t","c","c",0.0044564325085024,0.0044564325085024,0.000586372698487158,0.000586372698487158,0.000351823619092295,0.000234549079394863,0.000351823619092295,0.000234549079394863,0.00504280520698956,0.00504280520698956,0.00504280520698956,0.00504280520698956,"nonsyn","nonsyn","nonsyn",1.7e-05,1.07e-06,1.21e-06,1.21e-06,"0.00381471052631579","0.002063534","0.00304129666666667","0.00515883500000001","S","S","P","T","A",1,0,1,0,0,0,0
"998",1261,8487,8487,"c","c","t","t",0.000942618121833392,0.000942618121833392,0.000471309060916696,0.000471309060916696,0.000471309060916696,0,0.000471309060916696,0,0.00141392718275009,0.00141392718275009,0.00141392718275009,0.00141392718275009,"nonsyn","nonsyn","nonsyn",4.58e-06,8.37e-07,4.33e-07,4.33e-07,"0.0048588075","0.00091871775","0.00177590475","1","S","S","F","Y","C",1,1,1,0,0,0,0
"999",1262,7716,7718,"t","t","c","c",0.331000518403318,0.331000518403318,0.000648004147226542,0.000648004147226542,0.000518403317781234,0.000129600829445308,0.000518403317781234,0.000129600829445308,0.331648522550544,0.331648522550544,0.331562580979528,0.331562580979528,"syn","syn","syn",1.7e-05,1.07e-06,1.21e-06,1.21e-06,"5.13594361785434e-05","0.001867272","0.00206403","0.00933636000000003","S","S","S","S","S",0,0,0,0,1,0,1
"1000",1263,8868,8868,"a","a","g","g",0.0012404149751917,0.0012404149751917,0.0003382949932341,0.0003382949932341,0.0001127649977447,0.0002255299954894,0.0001127649977447,0.0002255299954894,0.0015787099684258,0.0015787099684258,0.0015787099684258,0.0015787099684258,"nonsyn","nonsyn","nonsyn",1.77e-05,1.76e-06,1.7e-06,1.7e-06,"0.0142694181818182","0.0050252","0.01560768","0.0075378","I","I","V","L","F",0,0,0,0,0,0,0
"1001",1264,8808,8808,"t","t","c","c",0.00692552225249773,0.00692552225249773,0.000454132606721163,0.000454132606721163,0.000227066303360581,0.000227066303360581,0.000227066303360581,0.000227066303360581,0.00737965485921889,0.00737965485921889,0.00737965485921889,0.00737965485921889,"nonsyn","nonsyn","nonsyn",1.7e-05,1.07e-06,1.21e-06,1.21e-06,"0.00245468852459016","0.00266442","0.00471228000000001","0.00532884000000001","I","I","T","N","S",1,1,1,0,0,0,0
"1002",1265,8604,8604,"c","c","t","t",0.00174337517433752,0.00174337517433752,0.000464900046490005,0.000464900046490005,0.000464900046490005,0,0.000464900046490005,0,0.00220827522082752,0.00220827522082752,0.00220827522082752,0.00220827522082752,"syn","syn","nonsyn",4.58e-06,8.37e-07,4.33e-07,4.33e-07,"0.002627088","0.000931382999999999","0.001800387","1","I","I","I","I","M",0,0,0,0,0,0,0
"1003",1266,8586,8586,"t","t","c","c",0.00419287211740042,0.00419287211740042,0.000349406009783368,0.000349406009783368,0.000349406009783368,0,0.000349406009783368,0,0.00454227812718379,0.00454227812718379,0.00454227812718379,0.00454227812718379,"nonsyn","nonsyn","nonsyn",1.7e-05,1.07e-06,1.21e-06,1.21e-06,"0.0040545","0.00346302","0.00306234","1","Y","Y","H","N","D",1,1,1,0,1,0,1
"1004",1267,8504,8506,"a","a","g","g",0.00129350893697084,0.00129350893697084,0.000235183443085607,0.000235183443085607,0.000117591721542803,0.000117591721542803,0.000117591721542803,0.000117591721542803,0.00152869238005644,0.00152869238005644,0.00152833294145309,0.00152833294145309,"nonsyn","nonsyn","nonsyn",1.77e-05,1.76e-06,1.7e-06,1.7e-06,"0.0136837090909091","0.00722839999999999","0.01496704","0.0144568","Y","Y","C","S","F",1,1,0,0,0,0,0
"1005",1268,8616,8622,"c","t","t","c",0.000696378830083565,0.999303621169916,0,0,0,0,0,0,0.000696378830083565,0.999303621169916,0.00069589422407794,0.998608211551844,"syn","stop","stop",1.7e-05,1.07e-06,1.21e-06,1.21e-06,"1.70118466898955e-05","1","1","1","Y","Y","Y","*","*",0,1,1,0,0,0,0
"1006",1269,8603,8603,"c","c","t","t",0.00104614669301406,0.00104614669301406,0.000348715564338022,0.000348715564338022,0.000232477042892014,0.000116238521446007,0.000232477042892014,0.000116238521446007,0.00139486225735209,0.00139486225735209,0.00139486225735209,0.00139486225735209,"nonsyn","nonsyn","nonsyn",4.58e-06,8.37e-07,4.33e-07,4.33e-07,"0.00437797111111113","0.00124169966666667","0.00360035550000001","0.00372509900000001","P","P","S","T","A",1,1,1,0,0,0,0
"1007",1270,8540,8540,"c","c","t","t",0.00140515222482436,0.00140515222482436,0.000585480093676815,0.000585480093676815,0.000585480093676815,0,0.000585480093676815,0,0.00199063231850117,0.00199063231850117,0.00199063231850117,0.00199063231850117,"nonsyn","nonsyn","nonsyn",4.58e-06,8.37e-07,4.33e-07,4.33e-07,"0.00325943333333332","0.000739564","0.001429596","1","P","P","L","H","R",1,1,1,0,1,0,1
"1008",1271,8548,8548,"c","c","t","t",0.00175479644361254,0.00175479644361254,0.000818905007019186,0.000818905007019186,0.000584932147870847,0.000233972859148339,0.000584932147870847,0.000233972859148339,0.00257370145063173,0.00257370145063173,0.00257370145063173,0.00257370145063173,"syn","syn","syn",4.58e-06,8.37e-07,4.33e-07,4.33e-07,"0.00260998933333333","0.000528754857142857","0.0014309352","0.001850642","P","P","P","P","P",0,0,0,0,1,0,1
"1009",1272,8535,8535,"g","g","a","a",0.00199179847685999,0.00199179847685999,0.000937316930287053,0.000937316930287053,0,0.000937316930287053,0,0.000937316930287053,0.00292911540714704,0.00292911540714704,0.00292911540714704,0.00292911540714704,"nonsyn","nonsyn","nonsyn",4.2e-06,5.36e-07,1.17e-06,1.17e-06,"0.00210864705882353","0.00124824375","1","0.00124824375","G","G","S","R","C",1,1,0,0,1,1,0
"1010",1273,8543,8543,"g","g","a","a",0.00304342736743533,0.00304342736743533,0.000117054898747513,0.000117054898747513,0,0.000117054898747513,0,0.000117054898747513,0.00316048226618284,0.00316048226618284,0.00316048226618284,0.00316048226618284,"nonsyn","nonsyn","nonsyn",4.2e-06,5.36e-07,1.17e-06,1.17e-06,"0.00138002307692308","0.00999530999999997","1","0.00999530999999997","G","G","D","A","V",1,1,1,0,0,0,0
"1011",1274,8593,8593,"c","c","t","t",0.00116373792621902,0.00116373792621902,0.000465495170487606,0.000465495170487606,0.000349121377865705,0.000116373792621902,0.000349121377865705,0.000116373792621902,0.00162923309670662,0.00162923309670662,0.00162923309670662,0.00162923309670662,"syn","syn","syn",4.58e-06,8.37e-07,4.33e-07,4.33e-07,"0.00393559399999998","0.00093019225","0.002397447","0.00372076899999999","G","G","G","G","G",0,0,0,0,0,0,0
"1012",1275,8673,8673,"c","c","t","t",0.00196010607632884,0.00196010607632884,0.000345901072293324,0.000345901072293324,0.000230600714862216,0.000115300357431108,0.000230600714862216,0.000115300357431108,0.00230600714862216,0.00230600714862216,0.00230600714862216,0.00230600714862216,"nonsyn","nonsyn","nonsyn",4.58e-06,8.37e-07,4.33e-07,4.33e-07,"0.00233660823529411","0.001251803","0.0036296505","0.003755409","H","H","Y","N","D",1,1,1,0,1,0,1
"1013",1276,8685,8685,"a","a","g","g",0.00253310305123777,0.00253310305123777,0.000345423143350604,0.000345423143350604,0.000115141047783535,0.00023028209556707,0.000115141047783535,0.00023028209556707,0.00287852619458837,0.00287852619458837,0.00287852619458837,0.00287852619458837,"nonsyn","nonsyn","nonsyn",1.77e-05,1.76e-06,1.7e-06,1.7e-06,"0.00698747727272726","0.00492150000000001","0.0152856","0.00738224999999999","H","H","R","P","L",0,1,1,1,0,0,0
"1014",1277,8642,8642,"t","t","c","c",0.0433927331636195,0.0433927331636195,0.00104142559592687,0.00104142559592687,0.000925711640823883,0.000115713955102985,0.000925711640823883,0.000115713955102985,0.0444341587595464,0.0444341587595464,0.0444341587595464,0.0444341587595464,"syn","nonsyn","nonsyn",1.7e-05,1.07e-06,1.21e-06,1.21e-06,"0.000391770666666667","0.00116186888888889","0.0011558675","0.01045682","H","H","H","Q","Q",0,1,1,0,0,0,0
"1015",1278,8678,8678,"a","a","g","g",0.00172850887301221,0.00172850887301221,0.000230467849734962,0.000230467849734962,0.000115233924867481,0.000115233924867481,0.000115233924867481,0.000115233924867481,0.00195897672274718,0.00195897672274718,0.00195897672274718,0.00195897672274718,"nonsyn","nonsyn","nonsyn",1.77e-05,1.76e-06,1.7e-06,1.7e-06,"0.01024004","0.0073763","0.01527328","0.0147526","I","I","V","L","L",0,0,0,0,0,0,0
"1016",1279,8717,8717,"t","t","c","c",0.00137662039692555,0.00137662039692555,0.000114718366410462,0.000114718366410462,0,0.000114718366410462,0,0.000114718366410462,0.00149133876333601,0.00149133876333601,0.00149133876333601,0.00149133876333601,"nonsyn","nonsyn","nonsyn",1.7e-05,1.07e-06,1.21e-06,1.21e-06,"0.0123490833333333","0.01054757","1","0.01054757","I","I","T","K","R",1,1,1,0,0,0,0
"1017",1280,8725,8725,"a","a","g","g",0.00137535816618911,0.00137535816618911,0,0,0,0,0,0,0.00137535816618911,0.00137535816618911,0.00137535816618911,0.00137535816618911,"nonsyn","syn","syn",1.77e-05,1.76e-06,1.7e-06,1.7e-06,"0.012869375","1","1","1","I","I","M","I","I",0,0,0,0,0,0,0
"1018",1281,8690,8690,"a","a","g","g",0.00310701956271577,0.00310701956271577,0.000345224395857307,0.000345224395857307,0.000230149597238205,0.000115074798619102,0.000230149597238205,0.000115074798619102,0.00345224395857307,0.00345224395857307,0.00345224395857307,0.00345224395857307,"nonsyn","nonsyn","nonsyn",1.77e-05,1.76e-06,1.7e-06,1.7e-06,"0.00569677777777777","0.00492433333333334","0.00764719999999999","0.0147730000000001","T","T","A","P","S",1,1,0,0,0,0,0
"1019",1282,8687,8687,"c","c","t","t",0.00138137446759526,0.00138137446759526,0.000230229077932543,0.000230229077932543,0.000230229077932543,0,0.000230229077932543,0,0.0016116035455278,0.0016116035455278,0.0016116035455278,0.0016116035455278,"nonsyn","nonsyn","nonsyn",4.58e-06,8.37e-07,4.33e-07,4.33e-07,"0.00331553833333333","0.0018807355","0.0036355095","1","T","T","M","K","R",1,1,1,0,0,0,0
"1020",1283,8654,8654,"g","g","a","a",0.00184885602033742,0.00184885602033742,0.026115091287266,0.026115091287266,0.000115553501271089,0.0259995377859949,0.000115553501271089,0.0259995377859949,0.0279639473076034,0.0279639473076034,0.0279639473076034,0.0279639473076034,"syn","syn","syn",4.2e-06,5.36e-07,1.17e-06,1.17e-06,"0.002271675","4.48016814159292e-05","0.00463854399999998","4.50008e-05","T","T","T","T","T",0,0,0,0,1,1,0
"1021",1284,8718,8718,"g","g","a","a",0.00286763019041064,0.00286763019041064,0.00160587290662996,0.00160587290662996,0,0.00160587290662996,0,0.00160587290662996,0.00447350309704061,0.00447350309704061,0.00447350309704061,0.00447350309704061,"nonsyn","nonsyn","nonsyn",4.2e-06,5.36e-07,1.17e-06,1.17e-06,"0.001464624","0.000728575714285715","1","0.000728575714285715","G","G","S","R","C",1,1,0,0,1,1,0
"1022",1285,8738,8738,"g","g","a","a",0.00205996795605402,0.00205996795605402,0.000114442664225223,0.000114442664225223,0,0.000114442664225223,0,0.000114442664225223,0.00217441062027924,0.00217441062027924,0.00217441062027924,0.00217441062027924,"nonsyn","nonsyn","nonsyn",4.2e-06,5.36e-07,1.17e-06,1.17e-06,"0.00203886666666666","0.01022346","1","0.01022346","G","G","D","A","V",1,1,1,0,0,0,0
"1023",1286,8608,8608,"t","t","c","c",0.00383364312267658,0.00383364312267658,0.000348513011152416,0.000348513011152416,0.000232342007434944,0.000116171003717472,0.000232342007434944,0.000116171003717472,0.004182156133829,0.004182156133829,0.004182156133829,0.004182156133829,"syn","syn","syn",1.7e-05,1.07e-06,1.21e-06,1.21e-06,"0.00443442424242424","0.00347189333333334","0.00460528","0.01041568","G","G","G","G","G",0,0,0,0,0,0,0
"1024",1287,8607,8607,"c","c","t","t",0.000929476007900546,0.000929476007900546,0.000813291506912978,0.000813291506912978,0.000813291506912978,0,0.000813291506912978,0,0.00174276751481352,0.00174276751481352,0.00174276751481352,0.00174276751481352,"nonsyn","nonsyn","nonsyn",4.58e-06,8.37e-07,4.33e-07,4.33e-07,"0.0049275075","0.000532404428571428","0.00102915128571429","1","H","H","Y","N","D",1,1,1,0,0,0,0
"1025",1288,8867,8869,"a","a","g","g",0.00428555317469268,0.00428555317469268,0.000451110860493966,0.000451110860493966,0.000225555430246983,0.000225555430246983,0.000225555430246983,0.000225555430246983,0.00473666403518665,0.00473666403518665,0.00473559589581689,0.00473559589581689,"nonsyn","nonsyn","nonsyn",1.77e-05,1.76e-06,1.7e-06,1.7e-06,"0.0041301552631579","0.003768475","0.00780296000000001","0.00753695000000001","H","H","R","P","L",0,1,1,1,0,0,0
"1026",1289,8924,8924,"c","t","t","c",0.00190497534737786,0.997870909905872,0.000224114746750336,0.000224114746750336,0.000224114746750336,0,0.000224114746750336,0,0.00212909009412819,0.998095024652622,0.00212909009412819,0.998095024652622,"syn","nonsyn","nonsyn",1.7e-05,1.07e-06,1.21e-06,1.21e-06,"1.70362717574396e-05","0.00539902","0.00477434","1","H","H","H","Q","Q",0,1,1,0,0,0,0
"1027",1290,8949,8949,"c","c","t","t",0.0024583752374567,0.0024583752374567,0.000223488657950609,0.000223488657950609,0.000223488657950609,0,0.000223488657950609,0,0.00268186389540731,0.00268186389540731,0.00268186389540731,0.00268186389540731,"nonsyn","nonsyn","nonsyn",4.58e-06,8.37e-07,4.33e-07,4.33e-07,"0.00186301909090909","0.0019374585","0.0037451565","1","R","R","C","S","G",1,1,1,0,0,0,0
"1028",1291,8958,8958,"g","g","a","a",0.0024559053360125,0.0024559053360125,0.000223264121455682,0.000223264121455682,0,0.000223264121455682,0,0.000223264121455682,0.00267916945746818,0.00267916945746818,0.00267916945746818,0.00267916945746818,"nonsyn","nonsyn","nonsyn",4.2e-06,5.36e-07,1.17e-06,1.17e-06,"0.00171016363636364","0.00524043","1","0.00524043","R","R","H","P","L",0,1,1,0,0,0,0
"1029",1292,8955,8955,"c","c","t","t",0.00122836404243439,0.00122836404243439,0,0,0,0,0,0,0.00122836404243439,0.00122836404243439,0.00122836404243439,0.00122836404243439,"syn","syn","syn",4.58e-06,8.37e-07,4.33e-07,4.33e-07,"0.00372853636363638","1","1","1","R","R","R","R","R",0,0,0,0,0,0,0
"1030",1293,8941,8941,"a","a","g","g",0.00335532938150095,0.00335532938150095,0.000335532938150095,0.000335532938150095,0.000111844312716698,0.000223688625433397,0.000111844312716698,0.000223688625433397,0.00369086231965105,0.00369086231965105,0.00369086231965105,0.00369086231965105,"nonsyn","nonsyn","nonsyn",1.77e-05,1.76e-06,1.7e-06,1.7e-06,"0.00527519","0.00506656666666667","0.0157361600000001","0.00759984999999999","M","M","V","L","L",0,0,0,1,0,0,0
"1031",1294,8952,8952,"t","t","c","c",0.00457998212689902,0.00457998212689902,0.00134048257372654,0.00134048257372654,0.00122877569258266,0.000111706881143878,0.00122877569258266,0.000111706881143878,0.00592046470062556,0.00592046470062556,0.00592046470062556,0.00592046470062556,"nonsyn","nonsyn","nonsyn",1.7e-05,1.07e-06,1.21e-06,1.21e-06,"0.00371180487804878","0.000902660000000001","0.000870785454545457","0.01083192","M","M","T","K","R",1,1,1,1,0,0,0
"1032",1295,8952,8952,"g","g","a","a",0.00122877569258266,0.00122877569258266,0,0,0,0,0,0,0.00122877569258266,0.00122877569258266,0.00122877569258266,0.00122877569258266,"nonsyn","nonsyn","nonsyn",4.2e-06,5.36e-07,1.17e-06,1.17e-06,"0.00341803636363637","1","1","1","M","M","I","I","I",0,0,0,0,1,1,0
"1033",1296,9130,9130,"g","g","a","a",0.00273822562979189,0.00273822562979189,0.000657174151150055,0.000657174151150055,0.000547645125958379,0.000109529025191676,0.000547645125958379,0.000109529025191676,0.00339539978094195,0.00339539978094195,0.00339539978094195,0.00339539978094195,"nonsyn","nonsyn","nonsyn",4.2e-06,5.36e-07,1.17e-06,1.17e-06,"0.00153384","0.00178035","0.000978736","0.0106821","A","A","T","P","S",1,1,1,0,0,0,0
"1034",1297,9153,9153,"c","c","t","t",0.00305910630394406,0.00305910630394406,0,0,0,0,0,0,0.00305910630394406,0.00305910630394406,0.00305910630394406,0.00305910630394406,"nonsyn","nonsyn","nonsyn",4.58e-06,8.37e-07,4.33e-07,4.33e-07,"0.00149716928571429","1","1","1","A","A","V","E","G",0,1,1,0,0,0,0
"1035",1298,9144,9144,"a","a","g","g",0.00317147856517935,0.00317147856517935,0.000765529308836395,0.000765529308836395,0.000437445319335083,0.000328083989501312,0.000437445319335083,0.000328083989501312,0.00393700787401575,0.00393700787401575,0.00393700787401575,0.00393700787401575,"syn","syn","syn",1.77e-05,1.76e-06,1.7e-06,1.7e-06,"0.00558099310344828","0.00222068571428572","0.00402336","0.0051816","A","A","A","A","A",0,0,0,1,0,0,0
"1036",1299,9120,9120,"t","t","c","c",0.00219298245614035,0.00219298245614035,0.000328947368421053,0.000328947368421053,0.000109649122807018,0.000219298245614035,0.000109649122807018,0.000219298245614035,0.0025219298245614,0.0025219298245614,0.0025219298245614,0.0025219298245614,"nonsyn","nonsyn","nonsyn",1.7e-05,1.07e-06,1.21e-06,1.21e-06,"0.007752","0.0036784","0.00975839999999996","0.0055176","W","W","R","R","G",1,1,1,1,0,0,0
"1037",1300,8956,8961,"g","g","a","a",0.00133988387673068,0.00133988387673068,0.000669941938365342,0.000669941938365342,0.000111656989727557,0.000558284948637785,0.000111656989727557,0.000558284948637785,0.00200982581509603,0.00200982581509603,0.00200870438567124,0.00200870438567124,"stop","nonsyn","nonsyn",4.2e-06,5.36e-07,1.17e-06,1.17e-06,"0.00313460000000001","0.00174642","0.004800416","0.002095704","W","W","*","S","L",1,1,0,0,1,1,0
"1038",1301,9077,9077,"g","g","a","a",0.00572876501046601,0.00572876501046601,0.000550842789467886,0.000550842789467886,0.000110168557893577,0.000440674231574309,0.000110168557893577,0.000440674231574309,0.0062796077999339,0.0062796077999339,0.0062796077999339,0.0062796077999339,"stop","nonsyn","nonsyn",4.2e-06,5.36e-07,1.17e-06,1.17e-06,"0.000733142307692308","0.002124018","0.00486527200000001","0.0026550225","W","W","*","C","C",1,1,1,0,1,1,0
"1039",1302,9080,9080,"g","g","a","a",0.00110132158590308,0.00110132158590308,0.000440528634361233,0.000440528634361233,0.000220264317180617,0.000220264317180617,0.000220264317180617,0.000220264317180617,0.00154185022026432,0.00154185022026432,0.00154185022026432,0.00154185022026432,"nonsyn","nonsyn","nonsyn",4.2e-06,5.36e-07,1.17e-06,1.17e-06,"0.00381360000000001","0.0026559","0.00243344","0.00531179999999999","D","D","N","H","Y",1,1,1,0,0,0,0
"1040",1303,9138,9138,"a","a","g","g",0.00437732545414752,0.00437732545414752,0.000656598818122127,0.000656598818122127,0.000218866272707376,0.000437732545414752,0.000218866272707376,0.000437732545414752,0.00503392427226964,0.00503392427226964,0.00503392427226964,0.00503392427226964,"nonsyn","nonsyn","nonsyn",1.77e-05,1.76e-06,1.7e-06,1.7e-06,"0.004043565","0.0025891","0.00804143999999999","0.00388365","D","D","G","A","V",1,1,1,0,0,0,0
"1041",1304,9098,9099,"t","t","c","c",0.00076939986810288,0.00076939986810288,0.00021982853374368,0.00021982853374368,0.00021982853374368,0,0.00021982853374368,0,0.00098922840184656,0.00098922840184656,0.000989119683481701,0.000989119683481701,"syn","nonsyn","nonsyn",1.7e-05,1.07e-06,1.21e-06,1.21e-06,"0.0220951428571429","0.00550429","0.00486743","1","D","D","D","E","E",0,0,0,0,0,0,0
"1042",1305,8820,8821,"a","a","g","g",0.00374149659863946,0.00374149659863946,0.000113378684807256,0.000113378684807256,0,0.000113378684807256,0,0.000113378684807256,0.00385487528344671,0.00385487528344671,0.00385443827230473,0.00385443827230473,"nonsyn","nonsyn","nonsyn",1.77e-05,1.76e-06,1.7e-06,1.7e-06,"0.00473072727272727","0.014994","1","0.014994","M","M","V","L","L",0,0,0,0,0,0,0
"1043",1306,9209,9210,"t","t","c","c",0.00271473558475404,0.00271473558475404,0.000542947116950809,0.000542947116950809,0.000542947116950809,0,0.000542947116950809,0,0.00325768270170485,0.00325768270170485,0.00325732899022801,0.00325732899022801,"nonsyn","nonsyn","nonsyn",1.7e-05,1.07e-06,1.21e-06,1.21e-06,"0.00626212000000001","0.002228578","0.001970726","1","M","M","T","K","R",1,1,1,1,0,0,0
"1044",1307,9184,9185,"g","g","a","a",0.00108885017421603,0.00108885017421603,0.000108885017421603,0.000108885017421603,0,0.000108885017421603,0,0.000108885017421603,0.00119773519163763,0.00119773519163763,0.00119760479041916,0.00119760479041916,"nonsyn","nonsyn","nonsyn",4.2e-06,5.36e-07,1.17e-06,1.17e-06,"0.00385727999999999","0.01074528","1","0.01074528","M","M","I","I","I",0,0,0,0,0,0,0
"1045",1308,9204,9204,"a","a","g","g",0.00543242068665797,0.00543242068665797,0.00108648413733159,0.00108648413733159,0.000325945241199478,0.000760538896132116,0.000325945241199478,0.000760538896132116,0.00651890482398957,0.00651890482398957,0.00651890482398957,0.00651890482398957,"nonsyn","nonsyn","nonsyn",1.77e-05,1.76e-06,1.7e-06,1.7e-06,"0.003258216","0.00156468000000001","0.00539968000000001","0.00223525714285714","M","M","V","L","L",0,0,0,0,0,0,0
"1046",1309,9204,9204,"t","t","c","c",0.00304215558452847,0.00304215558452847,0.000325945241199478,0.000325945241199478,0.000325945241199478,0,0.000325945241199478,0,0.00336810082572794,0.00336810082572794,0.00336810082572794,0.00336810082572794,"nonsyn","nonsyn","nonsyn",1.7e-05,1.07e-06,1.21e-06,1.21e-06,"0.00558814285714285","0.00371228000000001","0.00328276","1","M","M","T","K","R",1,1,1,1,0,0,0
"1047",1310,9204,9204,"g","g","a","a",0.00141242937853107,0.00141242937853107,0.000325945241199478,0.000325945241199478,0,0.000325945241199478,0,0.000325945241199478,0.00173837461973055,0.00173837461973055,0.00173837461973055,0.00173837461973055,"nonsyn","nonsyn","nonsyn",4.2e-06,5.36e-07,1.17e-06,1.17e-06,"0.00297360000000001","0.00358956000000001","1","0.00358956000000001","M","M","I","I","I",0,0,0,0,0,0,0
"1048",1311,9186,9186,"a","a","g","g",0.00402786849553669,0.00402786849553669,0.000108861310690181,0.000108861310690181,0,0.000108861310690181,0,0.000108861310690181,0.00413672980622687,0.00413672980622687,0.00413672980622687,0.00413672980622687,"nonsyn","nonsyn","nonsyn",1.77e-05,1.76e-06,1.7e-06,1.7e-06,"0.00439438378378378","0.0156162","1","0.0156162","M","M","V","L","L",0,0,0,0,0,0,0
"1049",1312,9039,9039,"t","t","c","c",0.00276579267618099,0.00276579267618099,0.000331895121141719,0.000331895121141719,0,0.000331895121141719,0,0.000331895121141719,0.00309768779732271,0.00309768779732271,0.00309768779732271,0.00309768779732271,"nonsyn","nonsyn","nonsyn",1.7e-05,1.07e-06,1.21e-06,1.21e-06,"0.00614652000000001","0.00364573","1","0.00364573","M","M","T","K","R",1,1,1,1,0,0,0
"1050",1313,9259,9259,"g","g","a","a",0.000756021168592721,0.000756021168592721,0.000216006048169349,0.000216006048169349,0,0.000216006048169349,0,0.000216006048169349,0.000972027216762069,0.000972027216762069,0.000972027216762069,0.000972027216762069,"nonsyn","nonsyn","nonsyn",4.2e-06,5.36e-07,1.17e-06,1.17e-06,"0.0055554","0.00541651499999999","1","0.00541651499999999","M","M","I","I","I",0,0,0,0,0,0,0
"1051",1314,9262,9262,"a","a","g","g",0.0038868494925502,0.0038868494925502,0.00053984020729864,0.00053984020729864,0,0.00053984020729864,0,0.00053984020729864,0.00442668969984884,0.00442668969984884,0.00442668969984884,0.00442668969984884,"nonsyn","nonsyn","nonsyn",1.77e-05,1.76e-06,1.7e-06,1.7e-06,"0.00455381666666667","0.00314908","1","0.00314908","N","N","D","H","Y",1,1,1,0,0,0,0
"1052",1315,9287,9287,"a","a","g","g",0.00301496715839345,0.00301496715839345,0.000538386992570259,0.000538386992570259,0.000323032195542156,0.000215354797028104,0.000323032195542156,0.000215354797028104,0.00355335415096371,0.00355335415096371,0.00355335415096371,0.00355335415096371,"nonsyn","nonsyn","nonsyn",1.77e-05,1.76e-06,1.7e-06,1.7e-06,"0.00587071071428572","0.00315758","0.00544837333333333","0.00789394999999999","N","N","S","T","I",0,0,1,0,0,0,0
"1053",1316,9298,9298,"c","c","t","t",0.00161325016132502,0.00161325016132502,0.000215100021510002,0.000215100021510002,0.000107550010755001,0.000107550010755001,0.000107550010755001,0.000107550010755001,0.00182835018283502,0.00182835018283502,0.00182835018283502,0.00182835018283502,"syn","nonsyn","nonsyn",4.58e-06,8.37e-07,4.33e-07,4.33e-07,"0.00283898933333333","0.002013017","0.00778242600000001","0.004026034","N","N","N","K","K",0,1,1,0,0,0,0
"1054",1317,9079,9079,"t","t","c","c",0.00341447295957705,0.00341447295957705,0.00121158717920476,0.00121158717920476,0.00121158717920476,0,0.00121158717920476,0,0.0046260601387818,0.0046260601387818,0.0046260601387818,0.0046260601387818,"nonsyn","nonsyn","nonsyn",1.7e-05,1.07e-06,1.21e-06,1.21e-06,"0.0049788064516129","0.000998689999999998","0.00088313909090909","1","W","W","R","R","G",1,1,1,1,1,0,1
"1055",1318,9101,9105,"g","g","a","a",0.00263707284913746,0.00263707284913746,0.00043951214152291,0.00043951214152291,0.000109878035380727,0.000329634106142182,0.000109878035380727,0.000329634106142182,0.00307658499066037,0.00307658499066037,0.00307523338824822,0.00307523338824822,"stop","nonsyn","nonsyn",4.2e-06,5.36e-07,1.17e-06,1.17e-06,"0.001592675","0.0026620425","0.00487813600000002","0.00354939","W","W","*","S","L",1,1,0,0,1,1,0
"1056",1319,8971,8971,"g","g","a","a",0.00167205439750307,0.00167205439750307,0.0220711180470405,0.0220711180470405,0.0220711180470405,0,0.0220711180470405,0,0.0237431724445435,0.0237431724445435,0.0237431724445435,0.0237431724445435,"stop","nonsyn","nonsyn",4.2e-06,5.36e-07,1.17e-06,1.17e-06,"0.00251187999999999","5.30104545454545e-05","2.42851313131313e-05","1","W","W","*","C","C",1,1,1,0,0,0,0
"1057",1320,8964,8966,"t","t","c","c",0.0100401606425703,0.0100401606425703,0.000446229361892012,0.000446229361892012,0.000334672021419009,0.000111557340473003,0.000334672021419009,0.000111557340473003,0.0104863900044623,0.0104863900044623,0.0104840508587999,0.0104840508587999,"nonsyn","nonsyn","nonsyn",1.7e-05,1.07e-06,1.21e-06,1.21e-06,"0.0016932","0.00271161","0.00319716","0.01084644","S","S","P","T","A",1,0,1,0,0,0,0
"1058",1321,8829,8858,"c","c","t","t",0.00101936799184506,0.00101936799184506,0.000113263110205006,0.000113263110205006,0.000113263110205006,0,0.000113263110205006,0,0.00113263110205006,0.00113263110205006,0.00112892300745089,0.00112892300745089,"nonsyn","nonsyn","nonsyn",4.58e-06,8.37e-07,4.33e-07,4.33e-07,"0.00449297999999998","0.00382295700000001","0.00738987300000001","1","S","S","F","Y","C",1,1,1,0,0,0,0
"1059",1322,8826,8826,"c","c","t","t",0.00124631769771131,0.00124631769771131,0.000226603217765692,0.000226603217765692,0.000226603217765692,0,0.000226603217765692,0,0.001472920915477,0.001472920915477,0.001472920915477,0.001472920915477,"syn","syn","syn",4.58e-06,8.37e-07,4.33e-07,4.33e-07,"0.00367482545454545","0.001910829","0.003693681","1","S","S","S","S","S",0,0,0,0,1,0,1
"1060",1323,8820,8820,"c","c","t","t",0.00192743764172336,0.00192743764172336,0.000680272108843537,0.000680272108843537,0.000680272108843537,0,0.000680272108843537,0,0.00260770975056689,0.00260770975056689,0.00260770975056689,0.00260770975056689,"nonsyn","nonsyn","nonsyn",4.58e-06,8.37e-07,4.33e-07,4.33e-07,"0.00237621176470588","0.00063651","0.00123039","1","P","P","S","T","A",1,1,1,0,1,0,1
"1061",1324,8811,8811,"c","c","t","t",0.00249687890137328,0.00249687890137328,0.00045397798206787,0.00045397798206787,0.00045397798206787,0,0.00045397798206787,0,0.00295085688344115,0.00295085688344115,0.00295085688344115,0.00295085688344115,"nonsyn","nonsyn","nonsyn",4.58e-06,8.37e-07,4.33e-07,4.33e-07,"0.00183429","0.000953790749999999","0.00184370175","1","P","P","L","H","R",1,1,1,0,1,0,1
"1062",1325,8809,8809,"c","t","t","c",0.00124872289703712,0.998070155522761,0.000681121580202066,0.000681121580202066,0.000681121580202066,0,0.000681121580202066,0,0.00192984447723919,0.998751277102963,0.00192984447723919,0.998751277102963,"syn","syn","syn",1.7e-05,1.07e-06,1.21e-06,1.21e-06,"1.70328707916288e-05","0.00177648166666667","0.00157093833333333","1","P","P","P","P","P",0,0,0,0,1,0,1
"1063",1326,8764,8764,"a","a","g","g",0.00308078502966682,0.00308078502966682,0.000912825193975354,0.000912825193975354,0.000342309447740758,0.000570515746234596,0.000342309447740758,0.000570515746234596,0.00399361022364217,0.00399361022364217,0.00399361022364217,0.00399361022364217,"nonsyn","nonsyn","nonsyn",1.77e-05,1.76e-06,1.7e-06,1.7e-06,"0.00574528888888889","0.00186235","0.00514154666666666","0.00297976","T","T","A","P","S",1,1,0,0,0,0,0
"1064",1327,8793,8793,"c","c","t","t",0.00159217559422268,0.00159217559422268,0,0,0,0,0,0,0.00159217559422268,0.00159217559422268,0.00159217559422268,0.00159217559422268,"nonsyn","nonsyn","nonsyn",4.58e-06,8.37e-07,4.33e-07,4.33e-07,"0.00287656714285714","1","1","1","T","T","M","K","R",1,1,1,0,0,0,0
"1065",1328,8365,8365,"g","g","a","a",0.0357441721458458,0.0357441721458458,0.000239091452480574,0.000239091452480574,0,0.000239091452480574,0,0.000239091452480574,0.0359832635983264,0.0359832635983264,0.0359832635983264,0.0359832635983264,"syn","syn","syn",4.2e-06,5.36e-07,1.17e-06,1.17e-06,"0.000117501672240803","0.004893525","1","0.004893525","T","T","T","T","T",0,0,0,0,1,1,0
"1066",1329,8336,8336,"a","g","g","a",0.0274712092130518,0.972408829174664,0.000119961612284069,0.000119961612284069,0,0.000119961612284069,0,0.000119961612284069,0.0275911708253359,0.972528790786948,0.0275911708253359,0.972528790786948,"nonsyn","nonsyn","nonsyn",4.2e-06,5.36e-07,1.17e-06,1.17e-06,"4.31917098445596e-06","0.00975312000000001","1","0.00975312000000001","T","A","T","P","S",1,1,1,0,0,0,0
"1067",1330,8407,8407,"c","c","t","t",0.000832639467110741,0.000832639467110741,0,0,0,0,0,0,0.000832639467110741,0.000832639467110741,0.000832639467110741,0.000832639467110741,"nonsyn","nonsyn","nonsyn",4.58e-06,8.37e-07,4.33e-07,4.33e-07,"0.00550058","1","1","1","T","A","V","E","G",0,1,1,0,0,0,0
"1068",1331,8398,8398,"g","a","a","g",0.00154798761609907,0.998094784472493,0.000357227911407478,0.000357227911407478,0,0.000357227911407478,0,0.000357227911407478,0.00190521552750655,0.998452012383901,0.00190521552750655,0.998452012383901,"syn","syn","syn",1.77e-05,1.76e-06,1.7e-06,1.7e-06,"1.77337866857552e-05","0.00475886666666667","1","0.00475886666666667","T","A","A","A","A",0,0,0,1,1,1,0
"1069",1332,8406,8406,"g","g","a","a",0.00142755174875089,0.00142755174875089,0.000356887937187723,0.000356887937187723,0.000237925291458482,0.000118962645729241,0.000237925291458482,0.000118962645729241,0.00178443968593862,0.00178443968593862,0.00178443968593862,0.00178443968593862,"nonsyn","nonsyn","nonsyn",4.2e-06,5.36e-07,1.17e-06,1.17e-06,"0.0029421","0.00327834","0.002252808","0.00983502","A","A","T","P","S",1,1,1,0,0,0,0
"1070",1333,8482,8482,"c","c","t","t",0.00235793444942231,0.00235793444942231,0.000235793444942231,0.000235793444942231,0.000235793444942231,0,0.000235793444942231,0,0.00259372789436454,0.00259372789436454,0.00259372789436454,0.00259372789436454,"nonsyn","nonsyn","nonsyn",4.58e-06,8.37e-07,4.33e-07,4.33e-07,"0.001942378","0.001836353","0.00354971699999999","1","A","A","V","E","G",0,1,1,0,0,0,0
"1071",1334,8589,8590,"g","g","a","a",0.313540575154267,0.313540575154267,0.00023285597857725,0.00023285597857725,0.000116427989288625,0.000116427989288625,0.000116427989288625,0.000116427989288625,0.313773431132844,0.313773431132844,0.313736903376019,0.313736903376019,"syn","syn","syn",4.2e-06,5.36e-07,1.17e-06,1.17e-06,"1.33953954697364e-05","0.005024565","0.004603704","0.01004913","A","A","A","A","A",0,0,0,0,0,0,0
"1072",1335,8573,8573,"t","t","c","c",0.00198296978887204,0.00198296978887204,0.000116645281698355,0.000116645281698355,0.000116645281698355,0,0.000116645281698355,0,0.0020996150705704,0.0020996150705704,0.0020996150705704,0.0020996150705704,"syn","nonsyn","nonsyn",1.7e-05,1.07e-06,1.21e-06,1.21e-06,"0.008573","0.01037333","0.00917311000000002","1","L","L","L","M","V",0,0,0,0,0,0,0
"1073",1336,9163,9163,"t","t","c","c",0.00218269125832151,0.00218269125832151,0.000218269125832151,0.000218269125832151,0.000218269125832151,0,0.000218269125832151,0,0.00240096038415366,0.00240096038415366,0.00240096038415366,0.00240096038415366,"nonsyn","stop","nonsyn",1.7e-05,1.07e-06,1.21e-06,1.21e-06,"0.00778855","0.005543615","0.004902205","1","L","L","S","*","W",1,1,0,1,0,0,0
"1074",1337,9237,9237,"g","g","a","a",0.000974342318934719,0.000974342318934719,0,0,0,0,0,0,0.000974342318934719,0.000974342318934719,0.000974342318934719,0.000974342318934719,"syn","nonsyn","nonsyn",4.2e-06,5.36e-07,1.17e-06,1.17e-06,"0.0043106","1","1","1","L","L","L","F","F",0,0,0,0,1,1,0
"1075",1338,9111,9111,"a","g","g","a",0.0122928328394249,0.987597409724509,0.000109757436066293,0.000109757436066293,0.000109757436066293,0,0.000109757436066293,0,0.0124025902754912,0.987707167160575,0.0124025902754912,0.987707167160575,"nonsyn","nonsyn","nonsyn",4.2e-06,5.36e-07,1.17e-06,1.17e-06,"4.25274505445654e-06","0.01065987","0.00488349600000002","1","I","V","M","L","L",0,0,0,0,0,0,0
"1076",1339,9430,9431,"t","t","c","c",0.00275715800636267,0.00275715800636267,0.00031813361611877,0.00031813361611877,0.000212089077412513,0.000106044538706257,0.000212089077412513,0.000106044538706257,0.00307529162248144,0.00307529162248144,0.0030749655391793,0.0030749655391793,"nonsyn","nonsyn","nonsyn",1.7e-05,1.07e-06,1.21e-06,1.21e-06,"0.00616576923076924","0.00380343333333333","0.00504505000000001","0.0114103","I","V","A","E","G",0,1,1,1,0,0,0
"1077",1340,9458,9459,"a","g","g","a",0.00761260308733347,0.991858743920491,0.000528652992175936,0.000528652992175936,0.000105730598435187,0.000422922393740749,0.000105730598435187,0.000422922393740749,0.00814125607950941,0.992387396912667,0.00814039539063326,0.992282482291997,"syn","syn","syn",4.2e-06,5.36e-07,1.17e-06,1.17e-06,"4.23447393668052e-06","0.002213172","0.00506948800000001","0.002766465","I","V","V","V","V",0,0,0,0,1,1,0
"1078",1341,9438,9439,"g","g","a","a",0.00105954651409197,0.00105954651409197,0.000105954651409197,0.000105954651409197,0,0.000105954651409197,0,0.000105954651409197,0.00116550116550117,0.00116550116550117,0.00116537768831444,0.00116537768831444,"nonsyn","nonsyn","nonsyn",4.2e-06,5.36e-07,1.17e-06,1.17e-06,"0.00396395999999999","0.01104246","1","0.01104246","V","V","I","L","L",0,0,0,0,0,0,0
"1079",1342,9520,9520,"t","t","c","c",0.00525210084033613,0.00525210084033613,0.000210084033613445,0.000210084033613445,0.000105042016806723,0.000105042016806723,0.000105042016806723,0.000105042016806723,0.00546218487394958,0.00546218487394958,0.00546218487394958,0.00546218487394958,"nonsyn","nonsyn","nonsyn",1.7e-05,1.07e-06,1.21e-06,1.21e-06,"0.0032368","0.00575960000000001","0.0101864","0.0115192","V","V","A","E","G",0,1,1,0,0,0,0
"1080",1343,9497,9497,"a","a","g","g",0.00179003895967148,0.00179003895967148,0.000210592818784879,0.000210592818784879,0,0.000210592818784879,0,0.000210592818784879,0.00200063177845635,0.00200063177845635,0.00200063177845635,0.00200063177845635,"syn","syn","syn",1.77e-05,1.76e-06,1.7e-06,1.7e-06,"0.00988805294117644","0.00807245000000002","1","0.00807245000000002","V","V","V","V","V",0,0,0,0,1,1,0
"1081",1344,9561,9561,"g","g","a","a",0.00261478924798661,0.00261478924798661,0.000313774709758393,0.000313774709758393,0.000104591569919464,0.000209183139838929,0.000104591569919464,0.000209183139838929,0.00292856395774501,0.00292856395774501,0.00292856395774501,0.00292856395774501,"nonsyn","nonsyn","nonsyn",4.2e-06,5.36e-07,1.17e-06,1.17e-06,"0.001606248","0.00372879000000001","0.00512469600000002","0.005593185","A","A","T","P","S",1,1,1,0,0,0,0
"1082",1345,9583,9583,"c","c","t","t",0.00229573202546176,0.00229573202546176,0.000208702911405614,0.000208702911405614,0.000208702911405614,0,0.000208702911405614,0,0.00250443493686737,0.00250443493686737,0.00250443493686737,0.00250443493686737,"nonsyn","nonsyn","nonsyn",4.58e-06,8.37e-07,4.33e-07,4.33e-07,"0.00199500636363636","0.0020747195","0.0040104855","1","A","A","V","D","G",0,1,1,0,0,0,0
"1083",1346,9548,9548,"t","t","c","c",0.00471302890657729,0.00471302890657729,0.000837871805613741,0.000837871805613741,0.000733137829912023,0.000104733975701718,0.000733137829912023,0.000104733975701718,0.00555090071219103,0.00555090071219103,0.00555090071219103,0.00555090071219103,"syn","syn","syn",1.7e-05,1.07e-06,1.21e-06,1.21e-06,"0.00360702222222223","0.001444135","0.00145948","0.01155308","A","A","A","A","A",0,0,0,0,1,0,1
"1084",1347,9633,9633,"c","c","t","t",0.000415239281636043,0.000415239281636043,0.000207619640818021,0.000207619640818021,0.000207619640818021,0,0.000207619640818021,0,0.000622858922454064,0.000622858922454064,0.000622858922454064,0.000622858922454064,"stop","nonsyn","nonsyn",4.58e-06,8.37e-07,4.33e-07,4.33e-07,"0.011029785","0.0020855445","0.00403141050000001","1","Q","Q","*","K","E",1,1,1,0,0,0,0
"1085",1348,9641,9641,"a","a","g","g",0.00321543408360129,0.00321543408360129,0.000518618400580853,0.000518618400580853,0.000103723680116171,0.000414894720464682,0.000103723680116171,0.000414894720464682,0.00373405248418214,0.00373405248418214,0.00373405248418214,0.00373405248418214,"nonsyn","nonsyn","nonsyn",1.77e-05,1.76e-06,1.7e-06,1.7e-06,"0.00550469999999999","0.00327794","0.0169681599999999","0.004097425","Q","Q","R","P","L",1,1,1,1,1,1,0
"1086",1349,9665,9665,"g","g","a","a",0.00175892395240559,0.00175892395240559,0.000103466114847387,0.000103466114847387,0.000103466114847387,0,0.000103466114847387,0,0.00186239006725297,0.00186239006725297,0.00186239006725297,0.00186239006725297,"syn","nonsyn","nonsyn",4.2e-06,5.36e-07,1.17e-06,1.17e-06,"0.00238782352941176","0.0113080500000001","0.00518044000000002","1","Q","Q","Q","H","H",0,1,1,0,0,0,0
"1087",1350,9681,9681,"c","c","t","t",0.00165272182625762,0.00165272182625762,0.000206590228282202,0.000206590228282202,0.000206590228282202,0,0.000206590228282202,0,0.00185931205453982,0.00185931205453982,0.00185931205453982,0.00185931205453982,"syn","nonsyn","nonsyn",4.58e-06,8.37e-07,4.33e-07,4.33e-07,"0.00277118625","0.0020959365","0.0040514985","1","L","L","L","M","V",0,0,0,0,0,0,0
"1088",1351,9557,9557,"t","t","c","c",0.00324369572041436,0.00324369572041436,0.00104635345819818,0.00104635345819818,0.00052317672909909,0.00052317672909909,0.00052317672909909,0.00052317672909909,0.00429004917861254,0.00429004917861254,0.00429004917861254,0.00429004917861254,"nonsyn","nonsyn","nonsyn",1.7e-05,1.07e-06,1.21e-06,1.21e-06,"0.00524093548387096","0.001156397","0.002045198","0.002312794","L","L","P","Q","R",1,1,1,1,1,0,1
"1089",1352,9557,9557,"g","g","a","a",0.00272051899131527,0.00272051899131527,0.000313906037459454,0.000313906037459454,0.000104635345819818,0.000209270691639636,0.000104635345819818,0.000209270691639636,0.00303442502877472,0.00303442502877472,0.00303442502877472,0.00303442502877472,"syn","syn","syn",4.2e-06,5.36e-07,1.17e-06,1.17e-06,"0.00154382307692307","0.00372723","0.005122552","0.005590845","L","L","L","L","L",0,0,0,0,0,0,0
"1090",1353,9547,9547,"c","c","t","t",0.00209489892112706,0.00209489892112706,0,0,0,0,0,0,0.00209489892112706,0.00209489892112706,0.00209489892112706,0.00209489892112706,"nonsyn","nonsyn","nonsyn",4.58e-06,8.37e-07,4.33e-07,4.33e-07,"0.002186263","1","1","1","L","L","F","I","V",0,0,0,0,0,0,0
"1091",1354,9543,9543,"t","t","c","c",0.00282929896259038,0.00282929896259038,0.000419155401865242,0.000419155401865242,0.000419155401865242,0,0.000419155401865242,0,0.00324845436445562,0.00324845436445562,0.00324845436445562,0.00324845436445562,"nonsyn","nonsyn","nonsyn",1.7e-05,1.07e-06,1.21e-06,1.21e-06,"0.00600855555555556","0.0028867575","0.0025527525","1","L","L","P","H","R",1,1,1,0,1,0,1
"1092",1355,9575,9575,"c","c","t","t",0.000835509138381201,0.000835509138381201,0.000522193211488251,0.000522193211488251,0.000522193211488251,0,0.000522193211488251,0,0.00135770234986945,0.00135770234986945,0.00135770234986945,0.00135770234986945,"syn","syn","syn",4.58e-06,8.37e-07,4.33e-07,4.33e-07,"0.0054816875","0.000829195","0.001602855","1","L","L","L","L","L",0,0,0,0,0,0,0
"1093",1356,9597,9597,"c","c","t","t",0.00125039074710847,0.00125039074710847,0.000416796915702824,0.000416796915702824,0.000416796915702824,0,0.000416796915702824,0,0.0016671876628113,0.0016671876628113,0.0016671876628113,0.0016671876628113,"nonsyn","syn","nonsyn",4.58e-06,8.37e-07,4.33e-07,4.33e-07,"0.003662855","0.00103887525","0.00200817225","1","R","R","W","R","G",1,0,1,0,1,0,1
"1094",1357,9584,9584,"g","g","a","a",0.00365191986644407,0.00365191986644407,0.000521702838063439,0.000521702838063439,0.000104340567612688,0.000417362270450751,0.000104340567612688,0.000417362270450751,0.00417362270450751,0.00417362270450751,0.00417362270450751,0.00417362270450751,"nonsyn","nonsyn","nonsyn",4.2e-06,5.36e-07,1.17e-06,1.17e-06,"0.00115008","0.002242656","0.00513702399999999","0.00280332","R","R","Q","P","L",1,1,1,0,1,1,0
"1095",1358,9532,9532,"g","g","a","a",0.00188837599664289,0.00188837599664289,0.000629458665547629,0.000629458665547629,0.000104909777591272,0.000524548887956358,0.000104909777591272,0.000524548887956358,0.00251783466219052,0.00251783466219052,0.00251783466219052,0.00251783466219052,"syn","syn","syn",4.2e-06,5.36e-07,1.17e-06,1.17e-06,"0.00222413333333333","0.00185874","0.00510915199999998","0.002230488","R","R","R","R","R",0,0,0,0,0,0,0
"1096",1359,9523,9523,"a","a","g","g",0.00346529455003675,0.00346529455003675,0.000210017851517379,0.000210017851517379,0.000105008925758689,0.000105008925758689,0.000105008925758689,0.000105008925758689,0.00367531240155413,0.00367531240155413,0.00367531240155413,0.00367531240155413,"nonsyn","nonsyn","nonsyn",1.77e-05,1.76e-06,1.7e-06,1.7e-06,"0.00510779090909091","0.00809455","0.0167604800000001","0.0161891000000001","I","I","V","L","F",0,0,0,0,0,0,0
"1097",1360,9443,9443,"t","t","c","c",0.0022238695329874,0.0022238695329874,0.000211797098379752,0.000211797098379752,0.000211797098379752,0,0.000211797098379752,0,0.00243566663136715,0.00243566663136715,0.00243566663136715,0.00243566663136715,"nonsyn","nonsyn","nonsyn",1.7e-05,1.07e-06,1.21e-06,1.21e-06,"0.00764433333333333","0.00571301500000001","0.005052005","1","I","I","T","N","S",1,1,1,0,0,0,0
"1098",1361,9481,9484,"c","c","t","t",0.00137116337939036,0.00137116337939036,0.000210948212213901,0.000210948212213901,0.000210948212213901,0,0.000210948212213901,0,0.00158211159160426,0.00158211159160426,0.00158161113454239,0.00158161113454239,"syn","syn","nonsyn",4.58e-06,8.37e-07,4.33e-07,4.33e-07,"0.00334022923076923","0.0020526365","0.00396779850000001","1","I","I","I","I","M",0,0,0,0,0,0,0
"1099",1362,9611,9611,"c","c","t","t",0.00156071168452814,0.00156071168452814,0.000416189782540839,0.000416189782540839,0.000312142336905629,0.00010404744563521,0.000312142336905629,0.00010404744563521,0.00197690146706898,0.00197690146706898,0.00197690146706898,0.00197690146706898,"nonsyn","nonsyn","nonsyn",4.58e-06,8.37e-07,4.33e-07,4.33e-07,"0.00293455866666668","0.00104039075","0.002681469","0.00416156299999999","P","P","S","T","A",1,1,1,0,1,0,1
"1100",1363,9635,9635,"c","c","t","t",0.00238713025428127,0.00238713025428127,0.000207576543850545,0.000207576543850545,0.000207576543850545,0,0.000207576543850545,0,0.00259470679813181,0.00259470679813181,0.00259470679813181,0.00259470679813181,"nonsyn","nonsyn","nonsyn",4.58e-06,8.37e-07,4.33e-07,4.33e-07,"0.00191862173913043","0.0020859775","0.0040322475","1","P","P","L","Q","R",1,1,1,0,1,0,1
"1101",1364,9629,9629,"a","a","g","g",0.00373870599231488,0.00373870599231488,0.00124623533077163,0.00124623533077163,0.000415411776923876,0.000830823553847752,0.000415411776923876,0.000830823553847752,0.00498494132308651,0.00498494132308651,0.00498494132308651,0.00498494132308651,"syn","syn","syn",1.77e-05,1.76e-06,1.7e-06,1.7e-06,"0.00473425833333334","0.00136410833333333","0.00423676","0.0020461625","P","P","P","P","P",0,0,0,1,0,0,0
"1102",1365,9648,9649,"c","c","t","t",0.00103648424543947,0.00103648424543947,0.000103648424543947,0.000103648424543947,0,0.000103648424543947,0,0.000103648424543947,0.00114013266998342,0.00114013266998342,0.00114001450927557,0.00114001450927557,"stop","nonsyn","nonsyn",4.58e-06,8.37e-07,4.33e-07,4.33e-07,"0.004418784","0.004177584","1","0.004177584","Q","Q","*","K","E",1,1,1,0,0,0,0
"1103",1366,9644,9644,"a","a","g","g",0.00217751970136873,0.00217751970136873,0.00103691414350892,0.00103691414350892,0,0.00103691414350892,0,0.00103691414350892,0.00321443384487764,0.00321443384487764,0.00321443384487764,0.00321443384487764,"nonsyn","nonsyn","nonsyn",1.77e-05,1.76e-06,1.7e-06,1.7e-06,"0.00812851428571427","0.00163948","1","0.00163948","Q","Q","R","P","L",1,1,1,1,0,0,0
"1104",1367,9622,9622,"a","a","g","g",0.0061317813344419,0.0061317813344419,0.000623570983163583,0.000623570983163583,0,0.000623570983163583,0,0.000623570983163583,0.00675535231760549,0.00675535231760549,0.00675535231760549,0.00675535231760549,"syn","nonsyn","nonsyn",1.77e-05,1.76e-06,1.7e-06,1.7e-06,"0.0028866","0.00272623333333334","1","0.00272623333333334","Q","Q","Q","H","H",0,1,1,0,1,1,0
"1105",1368,9649,9649,"g","g","a","a",0.00207275365322831,0.00207275365322831,0,0,0,0,0,0,0.00207275365322831,0.00207275365322831,0.00207275365322831,0.00207275365322831,"nonsyn","nonsyn","nonsyn",4.2e-06,5.36e-07,1.17e-06,1.17e-06,"0.00202629","1","1","1","A","A","T","P","S",1,1,1,0,0,0,0
"1106",1369,9643,9643,"c","c","t","t",0.00248885201700716,0.00248885201700716,0.000414808669501193,0.000414808669501193,0.000311106502125894,0.000103702167375298,0.000311106502125894,0.000103702167375298,0.00290366068650835,0.00290366068650835,0.00290366068650835,0.00290366068650835,"nonsyn","nonsyn","nonsyn",4.58e-06,8.37e-07,4.33e-07,4.33e-07,"0.00184020583333333","0.00104385475","0.002690397","0.00417541900000001","A","A","V","D","G",0,1,1,0,0,0,0
"1107",1370,9654,9654,"c","c","t","t",0.00186451211932878,0.00186451211932878,0.000517920033146882,0.000517920033146882,0.000517920033146882,0,0.000517920033146882,0,0.00238243215247566,0.00238243215247566,0.00238243215247566,0.00238243215247566,"syn","syn","syn",4.58e-06,8.37e-07,4.33e-07,4.33e-07,"0.00245640666666666","0.0008360364","0.0016160796","1","A","A","A","A","A",0,0,0,0,1,0,1
"1108",1371,9736,9736,"a","a","g","g",0.00380032867707477,0.00380032867707477,0.000513557929334429,0.000513557929334429,0.000205423171733772,0.000308134757600657,0.000205423171733772,0.000308134757600657,0.0043138866064092,0.0043138866064092,0.0043138866064092,0.0043138866064092,"nonsyn","nonsyn","nonsyn",1.77e-05,1.76e-06,1.7e-06,1.7e-06,"0.0046574918918919","0.00331024","0.00856767999999998","0.00551706666666667","I","I","V","L","F",0,0,0,1,0,0,0
"1109",1372,9741,9741,"t","t","c","c",0.00451699004209013,0.00451699004209013,0,0,0,0,0,0,0.00451699004209013,0.00451699004209013,0.00451699004209013,0.00451699004209013,"nonsyn","nonsyn","nonsyn",1.7e-05,1.07e-06,1.21e-06,1.21e-06,"0.00376356818181819","1","1","1","I","I","T","N","S",1,1,1,0,0,0,0
"1110",1373,9782,9782,"c","c","t","t",0.00102228583111838,0.00102228583111838,0.000306685749335514,0.000306685749335514,0.000306685749335514,0,0.000306685749335514,0,0.00132897158045389,0.00132897158045389,0.00132897158045389,0.00132897158045389,"syn","syn","nonsyn",4.58e-06,8.37e-07,4.33e-07,4.33e-07,"0.004480156","0.00141186866666667","0.002729178","1","I","I","I","I","M",0,0,0,0,0,0,0
"1111",1374,9794,9794,"t","a","c","g",0.00265468654278129,0.000102103328568511,0.000816826628548091,0.999183173371452,0.000714723299979579,0.000102103328568511,0.00265468654278129,0.996528486828671,0.00347151317132939,0.99928527670002,0.00347151317132939,0.99928527670002,"nonsyn","nonsyn","nonsyn",1.77e-05,1.76e-06,1.7e-06,1.7e-06,"0.173353800000001","1.70138974044553e-06","0.000662978461538463","1.70592213114754e-06","L","M","V","L","L",0,0,0,1,0,0,0
"1112",1375,9662,9662,"t","t","c","c",0.00144897536741875,0.00144897536741875,0.000206996481059822,0.000206996481059822,0.000206996481059822,0,0.000206996481059822,0,0.00165597184847858,0.00165597184847858,0.00165597184847858,0.00165597184847858,"nonsyn","nonsyn","nonsyn",1.7e-05,1.07e-06,1.21e-06,1.21e-06,"0.0117324285714286","0.00584551","0.00516917","1","L","M","T","K","R",1,1,1,1,0,0,0
"1113",1376,9775,9776,"g","g","a","a",0.000920716112531969,0.000920716112531969,0.00020460358056266,0.00020460358056266,0,0.00020460358056266,0,0.00020460358056266,0.00112531969309463,0.00112531969309463,0.00112520458265139,0.00112520458265139,"nonsyn","nonsyn","nonsyn",4.2e-06,5.36e-07,1.17e-06,1.17e-06,"0.00456166666666667","0.005718375","1","0.005718375","L","M","I","I","I",0,0,0,0,1,1,0
"1114",1377,9787,9787,"g","g","a","a",0.0013282926330847,0.0013282926330847,0.000408705425564524,0.000408705425564524,0.000102176356391131,0.000306529069173393,0.000102176356391131,0.000306529069173393,0.00173699805864923,0.00173699805864923,0.00173699805864923,0.00173699805864923,"nonsyn","nonsyn","nonsyn",4.2e-06,5.36e-07,1.17e-06,1.17e-06,"0.00316195384615386","0.0028626975","0.005245832","0.00381693","D","D","N","H","Y",1,1,1,0,0,0,0
"1115",1378,9780,9780,"a","a","g","g",0.00582822085889571,0.00582822085889571,0.000102249488752556,0.000102249488752556,0.000102249488752556,0,0.000102249488752556,0,0.00593047034764826,0.00593047034764826,0.00593047034764826,0.00593047034764826,"nonsyn","nonsyn","nonsyn",1.77e-05,1.76e-06,1.7e-06,1.7e-06,"0.00303694736842105","0.016626","0.0172128","1","D","D","G","A","V",1,1,1,0,0,0,0
"1116",1379,9775,9775,"c","c","t","t",0.0125831202046036,0.0125831202046036,0,0,0,0,0,0,0.0125831202046036,0.0125831202046036,0.0125831202046036,0.0125831202046036,"syn","nonsyn","nonsyn",4.58e-06,8.37e-07,4.33e-07,4.33e-07,"0.000363979674796747","1","1","1","D","D","D","E","E",0,0,0,0,0,0,0
"1117",1380,9719,9719,"a","a","g","g",0.00370408478238502,0.00370408478238502,0.00102891243955139,0.00102891243955139,0.000102891243955139,0.000926021195596255,0.000102891243955139,0.000926021195596255,0.00473299722193641,0.00473299722193641,0.00473299722193641,0.00473299722193641,"nonsyn","nonsyn","nonsyn",1.77e-05,1.76e-06,1.7e-06,1.7e-06,"0.00477850833333333","0.00165223000000001","0.0171054400000001","0.00183581111111111","M","M","V","L","L",0,0,0,1,0,0,0
"1118",1381,9679,9679,"t","t","c","c",0.00278954437441885,0.00278954437441885,0.000516582291559045,0.000516582291559045,0.000206632916623618,0.000309949374935427,0.000206632916623618,0.000309949374935427,0.00330612666597789,0.00330612666597789,0.00330612666597789,0.00330612666597789,"nonsyn","nonsyn","nonsyn",1.7e-05,1.07e-06,1.21e-06,1.21e-06,"0.00609418518518517","0.002342318","0.005178265","0.00390386333333334","M","M","T","K","R",1,1,1,1,0,0,0
"1119",1382,9652,9652,"g","g","a","a",0.0014504765851637,0.0014504765851637,0.000207210940737671,0.000207210940737671,0,0.000207210940737671,0,0.000207210940737671,0.00165768752590137,0.00165768752590137,0.00165768752590137,0.00165768752590137,"nonsyn","nonsyn","nonsyn",4.2e-06,5.36e-07,1.17e-06,1.17e-06,"0.00289559999999999","0.00564642","1","0.00564642","M","M","I","I","I",0,0,0,0,0,0,0
"1120",1383,9628,9628,"a","a","g","g",0.00384295803905276,0.00384295803905276,0.000311591192355629,0.000311591192355629,0.00010386373078521,0.00020772746157042,0.00010386373078521,0.00020772746157042,0.00415454923140839,0.00415454923140839,0.00415454923140839,0.00415454923140839,"nonsyn","nonsyn","nonsyn",1.77e-05,1.76e-06,1.7e-06,1.7e-06,"0.00460582702702703","0.00545586666666667","0.01694528","0.00818379999999998","I","I","V","L","F",0,0,0,0,0,0,0
"1121",1384,9580,9580,"t","t","c","c",0.00292275574112735,0.00292275574112735,0.000208768267223382,0.000208768267223382,0.000208768267223382,0,0.000208768267223382,0,0.00313152400835073,0.00313152400835073,0.00313152400835073,0.00313152400835073,"nonsyn","nonsyn","nonsyn",1.7e-05,1.07e-06,1.21e-06,1.21e-06,"0.00581642857142857","0.0057959","0.0051253","1","I","I","T","N","S",1,1,1,0,0,0,0
"1122",1385,9570,9570,"c","c","t","t",0.00188087774294671,0.00188087774294671,0.000417972831765935,0.000417972831765935,0.000417972831765935,0,0.000417972831765935,0,0.00229885057471264,0.00229885057471264,0.00229885057471264,0.00229885057471264,"syn","syn","nonsyn",4.58e-06,8.37e-07,4.33e-07,4.33e-07,"0.00243503333333333","0.0010359525","0.0020025225","1","I","I","I","I","M",0,0,0,0,0,0,0
"1123",1386,9572,9572,"g","g","a","a",0.00104471374843293,0.00104471374843293,0.000104471374843293,0.000104471374843293,0,0.000104471374843293,0,0.000104471374843293,0.00114918512327622,0.00114918512327622,0.00114918512327622,0.00114918512327622,"nonsyn","nonsyn","nonsyn",4.2e-06,5.36e-07,1.17e-06,1.17e-06,"0.00402024","0.01119924","1","0.01119924","A","A","T","P","S",1,1,1,0,0,0,0
"1124",1387,9555,9555,"c","c","t","t",0.00136054421768707,0.00136054421768707,0,0,0,0,0,0,0.00136054421768707,0.00136054421768707,0.00136054421768707,0.00136054421768707,"nonsyn","nonsyn","nonsyn",4.58e-06,8.37e-07,4.33e-07,4.33e-07,"0.00336630000000001","1","1","1","A","A","V","D","G",0,1,1,0,0,0,0
"1125",1388,9566,9566,"t","t","c","c",0.00282249634120845,0.00282249634120845,0.00209073803052478,0.00209073803052478,0.00156805352289358,0.000522684507631194,0.00156805352289358,0.000522684507631194,0.00491323437173322,0.00491323437173322,0.00491323437173322,0.00491323437173322,"syn","syn","syn",1.7e-05,1.07e-06,1.21e-06,1.21e-06,"0.00602303703703703","0.000578742999999999","0.000682374666666667","0.002314972","A","A","A","A","A",0,0,0,1,1,0,1
"1126",1389,9458,9458,"g","g","a","a",0.00211461196870374,0.00211461196870374,0.000317191795305561,0.000317191795305561,0,0.000317191795305561,0,0.000317191795305561,0.0024318037640093,0.0024318037640093,0.0024318037640093,0.0024318037640093,"nonsyn","nonsyn","nonsyn",4.2e-06,5.36e-07,1.17e-06,1.17e-06,"0.00198618","0.00368862","1","0.00368862","G","G","S","R","C",1,1,0,0,1,1,0
"1127",1390,9399,9399,"g","g","a","a",0.00148952016171933,0.00148952016171933,0.000106394297265667,0.000106394297265667,0.000106394297265667,0,0.000106394297265667,0,0.001595914458985,0.001595914458985,0.001595914458985,0.001595914458985,"nonsyn","nonsyn","nonsyn",4.2e-06,5.36e-07,1.17e-06,1.17e-06,"0.0028197","0.01099683","0.00503786399999998","1","G","G","D","A","V",1,1,1,0,0,0,0
"1128",1391,9410,9410,"t","t","c","c",0.00403825717321998,0.00403825717321998,0.000743889479277365,0.000743889479277365,0.000425079702444208,0.000318809776833156,0.000425079702444208,0.000318809776833156,0.00478214665249734,0.00478214665249734,0.00478214665249734,0.00478214665249734,"syn","syn","syn",1.7e-05,1.07e-06,1.21e-06,1.21e-06,"0.00420973684210526","0.00162658571428571","0.002517175","0.00379536666666667","G","G","G","G","G",0,0,0,1,0,0,0
"1129",1392,9368,9368,"g","g","a","a",0.00224167378309137,0.00224167378309137,0.000426985482493595,0.000426985482493595,0.000213492741246798,0.000213492741246798,0.000213492741246798,0.000213492741246798,0.00266865926558497,0.00266865926558497,0.00266865926558497,0.00266865926558497,"nonsyn","nonsyn","nonsyn",4.2e-06,5.36e-07,1.17e-06,1.17e-06,"0.0018736","0.00274014","0.002510624","0.00548027999999999","A","A","T","P","S",1,1,1,0,0,0,0
"1130",1393,9323,9328,"c","c","t","t",0.00268154027673496,0.00268154027673496,0.000321784833208195,0.000321784833208195,0.000214523222138797,0.000107261611069398,0.000214523222138797,0.000107261611069398,0.00300332510994315,0.00300332510994315,0.00300171526586621,0.00300171526586621,"nonsyn","nonsyn","nonsyn",4.58e-06,8.37e-07,4.33e-07,4.33e-07,"0.0017079736","0.00134561966666667","0.00390167549999999","0.00403685900000001","A","A","V","D","G",0,1,1,0,0,0,0
"1131",1394,9337,9337,"c","t","t","c",0.0148870086751633,0.984577487415658,0.000535503909178537,0.000535503909178537,0.00042840312734283,0.000107100781835707,0.00042840312734283,0.000107100781835707,0.0154225125843419,0.985112991324837,0.0154225125843419,0.985112991324837,"syn","syn","syn",1.7e-05,1.07e-06,1.21e-06,1.21e-06,"1.72662895681497e-05","0.002259554","0.0024976475","0.01129777","A","A","A","A","A",0,0,0,0,1,0,1
"1132",1395,9365,9365,"c","c","t","t",0.00213561131873999,0.00213561131873999,0.000213561131873999,0.000213561131873999,0.000213561131873999,0,0.000213561131873999,0,0.00234917245061399,0.00234917245061399,0.00234917245061399,0.00234917245061399,"nonsyn","nonsyn","nonsyn",4.58e-06,8.37e-07,4.33e-07,4.33e-07,"0.002144585","0.0020275225","0.0039192525","1","H","H","Y","N","D",1,1,1,0,0,0,0
"1133",1396,9341,9341,"a","a","g","g",0.00224815330264426,0.00224815330264426,0.000428219676694144,0.000428219676694144,0.000214109838347072,0.000214109838347072,0.000214109838347072,0.000214109838347072,0.0026763729793384,0.0026763729793384,0.0026763729793384,0.0026763729793384,"nonsyn","nonsyn","nonsyn",1.77e-05,1.76e-06,1.7e-06,1.7e-06,"0.00787312857142856","0.003969925","0.00822008","0.00793985","H","H","R","P","L",0,1,1,1,0,0,0
"1134",1397,9307,9307,"c","c","t","t",0.000967014075427098,0.000967014075427098,0,0,0,0,0,0,0.000967014075427098,0.000967014075427098,0.000967014075427098,0.000967014075427098,"syn","nonsyn","nonsyn",4.58e-06,8.37e-07,4.33e-07,4.33e-07,"0.00473622888888889","1","1","1","H","H","H","Q","Q",0,1,1,0,0,0,0
"1135",1398,9367,9367,"t","t","c","c",0.00234867086580549,0.00234867086580549,0.00138785096615779,0.00138785096615779,0.000747304366392655,0.000640546599765133,0.000747304366392655,0.000640546599765133,0.00373652183196328,0.00373652183196328,0.00373652183196328,0.00373652183196328,"nonsyn","nonsyn","nonsyn",1.7e-05,1.07e-06,1.21e-06,1.21e-06,"0.00723813636363636","0.000871851538461537","0.00143181285714286","0.00188901166666667","W","W","R","R","G",1,1,1,1,1,0,1
"1136",1399,9317,9328,"g","g","a","a",0.00139529891596007,0.00139529891596007,0.000321992057529248,0.000321992057529248,0,0.000321992057529248,0,0.000321992057529248,0.00171729097348932,0.00171729097348932,0.00171526586620926,0.00171526586620926,"stop","nonsyn","nonsyn",4.2e-06,5.36e-07,1.17e-06,1.17e-06,"0.0030101076923077","0.00363363","1","0.00363363","W","W","*","S","L",1,1,0,0,1,1,0
"1137",1400,9313,9313,"g","g","a","a",0.00193278213250295,0.00193278213250295,0.000429507140556212,0.000429507140556212,0,0.000429507140556212,0,0.000429507140556212,0.00236228927305916,0.00236228927305916,0.00236228927305916,0.00236228927305916,"stop","nonsyn","nonsyn",4.2e-06,5.36e-07,1.17e-06,1.17e-06,"0.00217303333333334","0.0027240525","1","0.0027240525","W","W","*","C","C",1,1,1,0,1,1,0
"1138",1401,9273,9273,"g","g","a","a",0.00140191955138574,0.00140191955138574,0.000107839965491211,0.000107839965491211,0,0.000107839965491211,0,0.000107839965491211,0.00150975951687695,0.00150975951687695,0.00150975951687695,0.00150975951687695,"nonsyn","nonsyn","stop",4.2e-06,5.36e-07,1.17e-06,1.17e-06,"0.00299589230769232","0.01084941","1","0.01084941","G","G","R","R","*",1,1,1,0,1,1,0
"1139",1402,9202,9203,"g","g","a","a",0.000434688111280156,0.000434688111280156,0.000543360139100196,0.000543360139100196,0,0.000543360139100196,0,0.000543360139100196,0.000978048250380352,0.000978048250380352,0.00097794197544279,0.00097794197544279,"nonsyn","nonsyn","nonsyn",4.2e-06,5.36e-07,1.17e-06,1.17e-06,"0.00966210000000001","0.002153268","1","0.002153268","G","G","E","A","V",1,1,1,0,0,0,0
"1140",1403,9126,9128,"a","a","g","g",0.00460223537146614,0.00460223537146614,0.00109577032653956,0.00109577032653956,0.000219154065307911,0.000876616261231646,0.000219154065307911,0.000876616261231646,0.0056980056980057,0.0056980056980057,0.00569675723049956,0.00569675723049956,"syn","syn","syn",1.77e-05,1.76e-06,1.7e-06,1.7e-06,"0.00384595714285714","0.00155142","0.00803088000000002","0.001939275","G","G","G","G","G",0,0,0,0,1,1,0
"1141",1404,8944,8944,"g","g","a","a",0.000559033989266547,0.000559033989266547,0.000111806797853309,0.000111806797853309,0,0.000111806797853309,0,0.000111806797853309,0.000670840787119857,0.000670840787119857,0.000670840787119857,0.000670840787119857,"nonsyn","nonsyn","nonsyn",4.2e-06,5.36e-07,1.17e-06,1.17e-06,"0.00751296000000001","0.01046448","1","0.01046448","V","V","I","L","F",0,0,0,0,0,0,0
"1142",1405,8929,8929,"t","t","c","c",0.00324784410348303,0.00324784410348303,0.000223989248516071,0.000223989248516071,0.000111994624258036,0.000111994624258036,0.000111994624258036,0.000111994624258036,0.0034718333519991,0.0034718333519991,0.0034718333519991,0.0034718333519991,"nonsyn","nonsyn","nonsyn",1.7e-05,1.07e-06,1.21e-06,1.21e-06,"0.00523424137931035","0.00540204500000001","0.00955402999999997","0.01080409","V","V","A","D","G",0,1,1,0,0,0,0
"1143",1406,9008,9008,"c","c","t","t",0.00088809946714032,0.00088809946714032,0.00033303730017762,0.00033303730017762,0.00033303730017762,0,0.00033303730017762,0,0.00122113676731794,0.00122113676731794,0.00122113676731794,0.00122113676731794,"syn","syn","syn",4.58e-06,8.37e-07,4.33e-07,4.33e-07,"0.00515708","0.00130015466666667","0.002513232","1","V","V","V","V","V",0,0,0,0,0,0,0
"1144",1407,9025,9025,"c","c","t","t",0.0014404432132964,0.0014404432132964,0.000110803324099723,0.000110803324099723,0.000110803324099723,0,0.000110803324099723,0,0.00155124653739612,0.00155124653739612,0.00155124653739612,0.00155124653739612,"syn","nonsyn","nonsyn",4.58e-06,8.37e-07,4.33e-07,4.33e-07,"0.00317957692307692","0.003907825","0.007553925","1","L","L","L","M","V",0,0,0,0,1,0,1
"1145",1408,9045,9045,"t","t","c","c",0.0058595909342178,0.0058595909342178,0.00165837479270315,0.00165837479270315,0.00143725815367606,0.000221116639027087,0.00143725815367606,0.000221116639027087,0.00751796572692095,0.00751796572692095,0.00751796572692095,0.00751796572692095,"nonsyn","nonsyn","nonsyn",1.7e-05,1.07e-06,1.21e-06,1.21e-06,"0.00290122641509434","0.00072963","0.000744473076923079","0.00547222499999999","L","L","P","Q","R",1,1,1,1,1,0,1
"1146",1409,9053,9053,"g","g","a","a",0.00220921241577378,0.00220921241577378,0.000441842483154755,0.000441842483154755,0,0.000441842483154755,0,0.000441842483154755,0.00265105489892853,0.00265105489892853,0.00265105489892853,0.00265105489892853,"syn","syn","syn",4.2e-06,5.36e-07,1.17e-06,1.17e-06,"0.00190113","0.0026480025","1","0.0026480025","L","L","L","L","L",0,0,0,0,1,1,0
"1147",1410,9020,9020,"g","g","a","a",0.00133037694013304,0.00133037694013304,0.000221729490022173,0.000221729490022173,0.000110864745011086,0.000110864745011086,0.000110864745011086,0.000110864745011086,0.00155210643015521,0.00155210643015521,0.00155210643015521,0.00155210643015521,"nonsyn","nonsyn","nonsyn",4.2e-06,5.36e-07,1.17e-06,1.17e-06,"0.00315699999999999","0.0052767","0.00483472000000002","0.0105534","A","A","T","P","S",1,1,1,0,0,0,0
"1148",1411,9034,9034,"c","c","t","t",0.0032100951959265,0.0032100951959265,0.000221385875581138,0.000221385875581138,0.000110692937790569,0.000110692937790569,0.000110692937790569,0.000110692937790569,0.00343148107150764,0.00343148107150764,0.00343148107150764,0.00343148107150764,"nonsyn","nonsyn","nonsyn",4.58e-06,8.37e-07,4.33e-07,4.33e-07,"0.00142674896551724","0.001955861","0.007561458","0.003911722","A","A","V","E","G",0,1,1,0,0,0,0
"1149",1412,8991,8991,"g","g","a","a",0.00233566900233567,0.00233566900233567,0.00111222333444556,0.00111222333444556,0,0.00111222333444556,0,0.00111222333444556,0.00344789233678123,0.00344789233678123,0.00344789233678123,0.00344789233678123,"syn","syn","syn",4.2e-06,5.36e-07,1.17e-06,1.17e-06,"0.0017982","0.001051947","1","0.001051947","A","A","A","A","A",0,0,0,0,1,1,0
"1150",1413,8918,8918,"g","g","a","a",0.00224265530387979,0.00224265530387979,0.000448531060775959,0.000448531060775959,0.00011213276519399,0.000336398295581969,0.00011213276519399,0.000336398295581969,0.00269118636465575,0.00269118636465575,0.00269118636465575,0.00269118636465575,"nonsyn","nonsyn","nonsyn",4.2e-06,5.36e-07,1.17e-06,1.17e-06,"0.00187278","0.002608515","0.00478004799999999","0.00347802","G","G","S","R","C",1,1,0,0,1,1,0
"1151",1414,8817,8817,"g","g","a","a",0.00192809345582398,0.00192809345582398,0.000453669048429171,0.000453669048429171,0.000226834524214585,0.000226834524214585,0.000226834524214585,0.000226834524214585,0.00238176250425315,0.00238176250425315,0.00238176250425315,0.00238176250425315,"nonsyn","nonsyn","nonsyn",4.2e-06,5.36e-07,1.17e-06,1.17e-06,"0.00217831764705882","0.0025789725","0.00236295600000001","0.00515794500000001","G","G","D","A","V",1,1,1,0,0,0,0
"1152",1415,8776,8776,"c","c","t","t",0.00102552415679125,0.00102552415679125,0,0,0,0,0,0,0.00102552415679125,0.00102552415679125,0.00102552415679125,0.00102552415679125,"syn","syn","syn",4.58e-06,8.37e-07,4.33e-07,4.33e-07,"0.00446600888888888","1","1","1","G","G","G","G","G",0,0,0,0,0,0,0
"1153",1416,8523,8523,"a","a","g","g",0.0167781297665141,0.0167781297665141,0.000703977472720873,0.000703977472720873,0.000117329578786812,0.000586647893934061,0.000117329578786812,0.000586647893934061,0.017482107239235,0.017482107239235,0.017482107239235,0.017482107239235,"nonsyn","nonsyn","nonsyn",1.77e-05,1.76e-06,1.7e-06,1.7e-06,"0.00105494475524476","0.00241485","0.01500048","0.00289782","I","I","V","L","L",0,0,0,1,0,0,0
"1154",1417,8599,8599,"t","t","c","c",0.00418653331782765,0.00418653331782765,0.000348877776485638,0.000348877776485638,0.000232585184323759,0.000116292592161879,0.000232585184323759,0.000116292592161879,0.00453541109431329,0.00453541109431329,0.00453541109431329,0.00453541109431329,"nonsyn","nonsyn","nonsyn",1.7e-05,1.07e-06,1.21e-06,1.21e-06,"0.00406063888888889","0.00346826333333333","0.00460046499999999","0.01040479","I","I","T","K","R",1,1,1,0,0,0,0
"1155",1418,8610,8610,"a","a","g","g",0.00301974448315912,0.00301974448315912,0.00104529616724739,0.00104529616724739,0.000232288037166086,0.000813008130081301,0.000232288037166086,0.000813008130081301,0.0040650406504065,0.0040650406504065,0.0040650406504065,0.0040650406504065,"nonsyn","syn","syn",1.77e-05,1.76e-06,1.7e-06,1.7e-06,"0.00586142307692307","0.00162633333333333","0.0075768","0.002091","I","I","M","I","I",0,0,0,0,1,1,0
"1156",1419,8600,8600,"g","g","a","a",0.00174418604651163,0.00174418604651163,0.000348837209302326,0.000348837209302326,0.000116279069767442,0.000232558139534884,0.000116279069767442,0.000232558139534884,0.00209302325581395,0.00209302325581395,0.00209302325581395,0.00209302325581395,"nonsyn","nonsyn","nonsyn",4.2e-06,5.36e-07,1.17e-06,1.17e-06,"0.002408","0.003354","0.00460959999999999","0.00503099999999999","A","A","T","P","S",1,1,1,0,0,0,0
"1157",1420,8614,8614,"c","c","t","t",0.00348270257719991,0.00348270257719991,0.000464360343626654,0.000464360343626654,0.000348270257719991,0.000116090085906664,0.000348270257719991,0.000116090085906664,0.00394706292082656,0.00394706292082656,0.00394706292082656,0.00394706292082656,"nonsyn","nonsyn","nonsyn",4.58e-06,8.37e-07,4.33e-07,4.33e-07,"0.00131507066666667","0.000932465500000001","0.002403306","0.00372986199999999","A","A","V","E","G",0,1,1,0,0,0,0
"1158",1421,8595,8595,"g","g","a","a",0.00232693426410704,0.00232693426410704,0.000116346713205352,0.000116346713205352,0.000116346713205352,0,0.000116346713205352,0,0.00244328097731239,0.00244328097731239,0.00244328097731239,0.00244328097731239,"syn","syn","syn",4.2e-06,5.36e-07,1.17e-06,1.17e-06,"0.00180495","0.01005615","0.00460692","1","A","A","A","A","A",0,0,0,0,0,0,0
"1159",1422,8522,8522,"t","t","c","c",0.00316827035907064,0.00316827035907064,0.000704060079793476,0.000704060079793476,0.00058671673316123,0.000117343346632246,0.00058671673316123,0.000117343346632246,0.00387233043886412,0.00387233043886412,0.00387233043886412,0.00387233043886412,"nonsyn","nonsyn","nonsyn",1.7e-05,1.07e-06,1.21e-06,1.21e-06,"0.0053657037037037","0.00171860333333333","0.001823708","0.01031162","Y","Y","H","N","D",1,1,1,0,0,0,0
"1160",1423,8535,8535,"a","a","g","g",0.00164030462800234,0.00164030462800234,0,0,0,0,0,0,0.00164030462800234,0.00164030462800234,0.00164030462800234,0.00164030462800234,"nonsyn","nonsyn","nonsyn",1.77e-05,1.76e-06,1.7e-06,1.7e-06,"0.0107906785714286","1","1","1","Y","Y","C","S","F",1,1,0,0,0,0,0
"1161",1424,8535,8536,"t","t","c","c",0.00363210310486233,0.00363210310486233,0.000468658465143527,0.000468658465143527,0.000234329232571763,0.000234329232571763,0.000234329232571763,0.000234329232571763,0.00410076157000586,0.00410076157000586,0.00410028116213683,0.00410028116213683,"syn","stop","stop",1.7e-05,1.07e-06,1.21e-06,1.21e-06,"0.00468048387096774","0.0025818375","0.00456622500000001","0.00516367500000001","Y","Y","Y","*","*",0,1,1,0,0,0,0
"1162",1425,8778,8778,"t","t","c","c",0.00227842333105491,0.00227842333105491,0.000341763499658237,0.000341763499658237,0.000113921166552745,0.000227842333105491,0.000113921166552745,0.000227842333105491,0.00262018683071315,0.00262018683071315,0.00262018683071315,0.00262018683071315,"nonsyn","nonsyn","nonsyn",1.7e-05,1.07e-06,1.21e-06,1.21e-06,"0.0074613","0.00354045999999999","0.00939246000000004","0.00531069","F","F","L","I","V",0,0,0,0,0,0,0
"1163",1426,8892,8892,"t","t","c","c",0.0035987404408457,0.0035987404408457,0.000337381916329285,0.000337381916329285,0.000337381916329285,0,0.000337381916329285,0,0.00393612235717499,0.00393612235717499,0.00393612235717499,0.00393612235717499,"nonsyn","nonsyn","nonsyn",1.7e-05,1.07e-06,1.21e-06,1.21e-06,"0.00472387500000001","0.00358644","0.00317148","1","F","F","S","Y","C",1,0,1,0,0,0,0
"1164",1427,8935,8935,"c","c","t","t",0.000223838836038053,0.000223838836038053,0,0,0,0,0,0,0.000223838836038053,0.000223838836038053,0.000223838836038053,0.000223838836038053,"syn","nonsyn","nonsyn",4.58e-06,8.37e-07,4.33e-07,4.33e-07,"0.02046115","1","1","1","F","F","F","L","L",0,0,0,0,0,0,0
"1165",1428,8896,8896,"t","t","c","c",0.0070818345323741,0.0070818345323741,0.00056205035971223,0.00056205035971223,0.00056205035971223,0,0.00056205035971223,0,0.00764388489208633,0.00764388489208633,0.00764388489208633,0.00764388489208633,"nonsyn","nonsyn","nonsyn",1.7e-05,1.07e-06,1.21e-06,1.21e-06,"0.00240050793650794","0.002152832","0.001903744","1","S","S","P","T","A",1,0,1,0,1,0,1
"1166",1429,9023,9023,"c","c","t","t",0.000775795190069822,0.000775795190069822,0.000443311537182755,0.000443311537182755,0.000443311537182755,0,0.000443311537182755,0,0.00121910672725258,0.00121910672725258,0.00121910672725258,0.00121910672725258,"nonsyn","nonsyn","nonsyn",4.58e-06,8.37e-07,4.33e-07,4.33e-07,"0.00590362","0.000976739750000001","0.00188806275","1","S","S","F","Y","C",1,1,1,0,0,0,0
"1167",1430,8949,8949,"c","c","t","t",0.000893954631802436,0.000893954631802436,0.000558721644876522,0.000558721644876522,0.000558721644876522,0,0.000558721644876522,0,0.00145267627667896,0.00145267627667896,0.00145267627667896,0.00145267627667896,"syn","syn","syn",4.58e-06,8.37e-07,4.33e-07,4.33e-07,"0.0051233025","0.000774983400000001","0.0014980626","1","S","S","S","S","S",0,0,0,0,1,0,1
"1168",1431,8967,8967,"a","a","g","g",0.00223040035686406,0.00223040035686406,0.000223040035686406,0.000223040035686406,0,0.000223040035686406,0,0.000223040035686406,0.00245344039255046,0.00245344039255046,0.00245344039255046,0.00245344039255046,"nonsyn","nonsyn","nonsyn",1.77e-05,1.76e-06,1.7e-06,1.7e-06,"0.00793579499999999","0.00762194999999999","1","0.00762194999999999","M","M","V","L","L",0,0,0,1,0,0,0
"1169",1432,8815,8815,"t","t","c","c",0.0022688598979013,0.0022688598979013,0.000680657969370391,0.000680657969370391,0.000340328984685196,0.000340328984685196,0.000340328984685196,0.000340328984685196,0.0029495178672717,0.0029495178672717,0.0029495178672717,0.0029495178672717,"nonsyn","nonsyn","nonsyn",1.7e-05,1.07e-06,1.21e-06,1.21e-06,"0.00749275000000002","0.00177769166666667","0.00314401666666666","0.00355538333333333","M","M","T","K","R",1,1,1,1,0,0,0
"1170",1433,8825,8825,"g","g","a","a",0.000906515580736544,0.000906515580736544,0.000113314447592068,0.000113314447592068,0,0.000113314447592068,0,0.000113314447592068,0.00101983002832861,0.00101983002832861,0.00101983002832861,0.00101983002832861,"nonsyn","nonsyn","nonsyn",4.2e-06,5.36e-07,1.17e-06,1.17e-06,"0.004633125","0.01032525","1","0.01032525","M","M","I","I","I",0,0,0,0,1,1,0
"1171",1434,8844,8844,"g","g","a","a",0.00192220714608774,0.00192220714608774,0,0,0,0,0,0,0.00192220714608774,0.00192220714608774,0.00192220714608774,0.00192220714608774,"nonsyn","nonsyn","nonsyn",4.2e-06,5.36e-07,1.17e-06,1.17e-06,"0.00218498823529412","1","1","1","V","V","M","L","L",0,0,0,0,0,0,0
"1172",1435,8620,8621,"t","t","c","c",0.00324825986078886,0.00324825986078886,0.000580046403712297,0.000580046403712297,0.000464037122969838,0.000116009280742459,0.000464037122969838,0.000116009280742459,0.00382830626450116,0.00382830626450116,0.00382786219696091,0.00382786219696091,"nonsyn","nonsyn","nonsyn",1.7e-05,1.07e-06,1.21e-06,1.21e-06,"0.00523357142857143","0.00208604","0.00230585","0.0104302","V","V","A","E","G",0,1,1,1,0,0,0
"1173",1436,8696,8706,"g","g","a","a",0.00126494940202392,0.00126494940202392,0.000574977000919963,0.000574977000919963,0,0.000574977000919963,0,0.000574977000919963,0.00183992640294388,0.00183992640294388,0.00183781300252699,0.00183781300252699,"syn","syn","syn",4.2e-06,5.36e-07,1.17e-06,1.17e-06,"0.00332029090909091","0.002034864","1","0.002034864","V","V","V","V","V",0,0,0,0,1,1,0
"1174",1437,8731,8731,"g","g","a","a",0.00183255068147978,0.00183255068147978,0.000801740923147406,0.000801740923147406,0.000229068835184973,0.000572672087962433,0.000229068835184973,0.000572672087962433,0.00263429160462719,0.00263429160462719,0.00263429160462719,0.00263429160462719,"nonsyn","nonsyn","nonsyn",4.2e-06,5.36e-07,1.17e-06,1.17e-06,"0.00229188750000001","0.00145932428571429","0.002339908","0.002043054","G","G","R","R","W",1,1,1,0,1,1,0
"1175",1438,8571,8571,"g","g","a","a",0.00128339750320849,0.00128339750320849,0.000116672500291681,0.000116672500291681,0,0.000116672500291681,0,0.000116672500291681,0.00140007000350017,0.00140007000350017,0.00140007000350017,0.00140007000350017,"nonsyn","nonsyn","nonsyn",4.2e-06,5.36e-07,1.17e-06,1.17e-06,"0.00327256363636365","0.01002807","1","0.01002807","G","G","E","A","V",1,1,1,0,1,1,0
"1176",1439,8605,8605,"g","g","a","a",0.00139453805926787,0.00139453805926787,0.000348634514816967,0.000348634514816967,0,0.000348634514816967,0,0.000348634514816967,0.00174317257408483,0.00174317257408483,0.00174317257408483,0.00174317257408483,"syn","syn","syn",4.2e-06,5.36e-07,1.17e-06,1.17e-06,"0.00301174999999999","0.00335595","1","0.00335595","G","G","G","G","G",0,0,0,0,0,0,0
"1177",1440,8613,8613,"a","a","g","g",0.00348310693138279,0.00348310693138279,0.000348310693138279,0.000348310693138279,0,0.000348310693138279,0,0.000348310693138279,0.00383141762452107,0.00383141762452107,0.00383141762452107,0.00383141762452107,"nonsyn","nonsyn","nonsyn",1.77e-05,1.76e-06,1.7e-06,1.7e-06,"0.00508167000000001","0.00488070000000001","1","0.00488070000000001","N","N","D","H","Y",1,1,1,0,0,0,0
"1178",1441,8648,8648,"a","a","g","g",0.00520351526364477,0.00520351526364477,0,0,0,0,0,0,0.00520351526364477,0.00520351526364477,0.00520351526364477,0.00520351526364477,"nonsyn","nonsyn","nonsyn",1.77e-05,1.76e-06,1.7e-06,1.7e-06,"0.00340154666666667","1","1","1","N","N","S","T","I",0,0,1,0,0,0,0
"1179",1442,8565,8565,"c","c","t","t",0.00128429655575015,0.00128429655575015,0.000116754232340922,0.000116754232340922,0.000116754232340922,0,0.000116754232340922,0,0.00140105078809107,0.00140105078809107,0.00140105078809107,0.00140105078809107,"syn","nonsyn","nonsyn",4.58e-06,8.37e-07,4.33e-07,4.33e-07,"0.00356615454545453","0.00370864500000001","0.00716890500000002","1","N","N","N","K","K",0,1,1,0,0,0,0
"1180",1443,8981,8981,"t","t","c","c",0.00311769290724864,0.00311769290724864,0.000445384701035519,0.000445384701035519,0.00033403852577664,0.00011134617525888,0.00033403852577664,0.00011134617525888,0.00356307760828416,0.00356307760828416,0.00356307760828416,0.00356307760828416,"nonsyn","nonsyn","nonsyn",1.7e-05,1.07e-06,1.21e-06,1.21e-06,"0.00545274999999999","0.0027167525","0.00320322333333333","0.01086701","W","W","R","R","G",1,1,1,1,1,0,1
"1181",1444,9039,9040,"g","g","a","a",0.00132758048456688,0.00132758048456688,0.000774421949330678,0.000774421949330678,0.000221263414094479,0.000553158535236199,0.000221263414094479,0.000553158535236199,0.00210200243389755,0.00210200243389755,0.00210176991150442,0.00210176991150442,"stop","nonsyn","nonsyn",4.2e-06,5.36e-07,1.17e-06,1.17e-06,"0.00316364999999999","0.00151080428571429","0.00242245200000001","0.002115126","W","W","*","S","L",1,1,0,0,1,1,0
"1182",1445,9072,9072,"g","g","a","a",0.00286596119929453,0.00286596119929453,0.000771604938271605,0.000771604938271605,0,0.000771604938271605,0,0.000771604938271605,0.00363756613756614,0.00363756613756614,0.00363756613756614,0.00363756613756614,"stop","nonsyn","nonsyn",4.2e-06,5.36e-07,1.17e-06,1.17e-06,"0.00146547692307692","0.00151632","1","0.00151632","W","W","*","C","C",1,1,1,0,1,1,0
"1183",1446,9091,9091,"g","g","a","a",0.001649983500165,0.001649983500165,0.000109998900011,0.000109998900011,0,0.000109998900011,0,0.000109998900011,0.001759982400176,0.001759982400176,0.001759982400176,0.001759982400176,"nonsyn","nonsyn","nonsyn",4.2e-06,5.36e-07,1.17e-06,1.17e-06,"0.00254548","0.01063647","1","0.01063647","A","A","T","P","S",1,1,1,0,0,0,0
"1184",1447,9110,9110,"c","c","t","t",0.00186608122941822,0.00186608122941822,0.00021953896816685,0.00021953896816685,0.000109769484083425,0.000109769484083425,0.000109769484083425,0.000109769484083425,0.00208562019758507,0.00208562019758507,0.00208562019758507,0.00208562019758507,"nonsyn","nonsyn","nonsyn",4.58e-06,8.37e-07,4.33e-07,4.33e-07,"0.00245434117647059","0.001972315","0.00762506999999999","0.00394462999999999","A","A","V","E","G",0,1,1,0,0,0,0
"1185",1448,9115,9115,"g","g","a","a",0.00109709270433352,0.00109709270433352,0.000219418540866703,0.000219418540866703,0,0.000219418540866703,0,0.000219418540866703,0.00131651124520022,0.00131651124520022,0.00131651124520022,0.00131651124520022,"syn","syn","syn",4.2e-06,5.36e-07,1.17e-06,1.17e-06,"0.00382829999999999","0.00533227500000001","1","0.00533227500000001","A","A","A","A","A",0,0,0,0,0,0,0
"1186",1449,9098,9100,"a","a","g","g",0.00351725653989888,0.00351725653989888,0.00087931413497472,0.00087931413497472,0.00010991426687184,0.00076939986810288,0.00010991426687184,0.00076939986810288,0.0043965706748736,0.0043965706748736,0.0043956043956044,0.0043956043956044,"nonsyn","nonsyn","stop",1.77e-05,1.76e-06,1.7e-06,1.7e-06,"0.00503233125","0.001933325","0.01601248","0.00220951428571429","K","K","E","Q","*",1,1,1,0,0,0,0
"1187",1450,9127,9127,"a","a","g","g",0.00460173112742413,0.00460173112742413,0.00230086556371206,0.00230086556371206,0.000547825134217158,0.00175304042949491,0.000547825134217158,0.00175304042949491,0.00690259669113619,0.00690259669113619,0.00690259669113619,0.00690259669113619,"nonsyn","nonsyn","nonsyn",1.77e-05,1.76e-06,1.7e-06,1.7e-06,"0.00384637857142857","0.000738852380952382","0.003212704","0.000969743749999997","K","K","R","T","M",0,1,1,0,1,1,0
"1188",1451,9180,9181,"g","g","a","a",0.00152505446623094,0.00152505446623094,0.000435729847494553,0.000435729847494553,0,0.000435729847494553,0,0.000435729847494553,0.00196078431372549,0.00196078431372549,0.00196057074392768,0.00196057074392768,"syn","nonsyn","nonsyn",4.2e-06,5.36e-07,1.17e-06,1.17e-06,"0.00275399999999999","0.00268515","1","0.00268515","K","K","K","N","N",0,1,1,0,1,1,0
"1189",1452,9190,9190,"g","g","a","a",0.00119695321001088,0.00119695321001088,0.000108813928182807,0.000108813928182807,0,0.000108813928182807,0,0.000108813928182807,0.00130576713819369,0.00130576713819369,0.00130576713819369,0.00130576713819369,"nonsyn","nonsyn","nonsyn",4.2e-06,5.36e-07,1.17e-06,1.17e-06,"0.00350890909090909","0.0107523","1","0.0107523","V","V","I","L","F",0,0,0,0,0,0,0
"1190",1453,9201,9201,"t","t","c","c",0.00304314748396913,0.00304314748396913,0.000108683838713183,0.000108683838713183,0.000108683838713183,0,0.000108683838713183,0,0.00315183132268232,0.00315183132268232,0.00315183132268232,0.00315183132268232,"nonsyn","nonsyn","nonsyn",1.7e-05,1.07e-06,1.21e-06,1.21e-06,"0.00558632142857144","0.01113321","0.00984507000000003","1","V","V","A","D","G",0,1,1,0,0,0,0
"1191",1454,9343,9343,"c","c","t","t",0.00107032002568768,0.00107032002568768,0.000749224017981376,0.000749224017981376,0.000749224017981376,0,0.000749224017981376,0,0.00181954404366906,0.00181954404366906,0.00181954404366906,0.00181954404366906,"syn","syn","syn",4.58e-06,8.37e-07,4.33e-07,4.33e-07,"0.004279094","0.000577931285714286","0.00111715585714286","1","V","V","V","V","V",0,0,0,0,0,0,0
"1192",1455,9209,9209,"t","c","c","t",0.0045607557823868,0.994353349983712,0.00108589423390162,0.00108589423390162,0.00108589423390162,0,0.00108589423390162,0,0.00564665001628841,0.995439244217613,0.00564665001628841,0.995439244217613,"syn","nonsyn","nonsyn",4.58e-06,8.37e-07,4.33e-07,4.33e-07,"4.6060085180736e-06","0.000398749699999999","0.000770793299999998","1","L","L","L","M","V",0,0,0,0,1,0,1
"1193",1456,9453,9453,"t","t","c","c",0.00158679784195493,0.00158679784195493,0.000952078705172961,0.000952078705172961,0.00074050565957897,0.000211573045593991,0.00074050565957897,0.000211573045593991,0.0025388765471279,0.0025388765471279,0.0025388765471279,0.0025388765471279,"nonsyn","nonsyn","nonsyn",1.7e-05,1.07e-06,1.21e-06,1.21e-06,"0.0107134","0.00127090333333333","0.00144495857142857","0.00571906500000001","L","L","P","Q","R",1,1,1,1,1,0,1
"1194",1457,9500,9500,"g","g","a","a",0.00157894736842105,0.00157894736842105,0.000421052631578947,0.000421052631578947,0.000105263157894737,0.000315789473684211,0.000105263157894737,0.000315789473684211,0.002,0.002,0.002,0.002,"syn","syn","syn",4.2e-06,5.36e-07,1.17e-06,1.17e-06,"0.00266","0.00277875","0.00509199999999999","0.00370499999999999","L","L","L","L","L",0,0,0,0,1,1,0
"1195",1458,9524,9524,"g","g","a","a",0.00251994960100798,0.00251994960100798,0.000104997900041999,0.000104997900041999,0,0.000104997900041999,0,0.000104997900041999,0.00262494750104998,0.00262494750104998,0.00262494750104998,0.00262494750104998,"nonsyn","nonsyn","nonsyn",4.2e-06,5.36e-07,1.17e-06,1.17e-06,"0.0016667","0.01114308","1","0.01114308","V","V","I","L","L",0,0,0,0,0,0,0
"1196",1459,9514,9514,"t","t","c","c",0.00367878915282741,0.00367878915282741,0.000315324784528064,0.000315324784528064,0.000105108261509355,0.000210216523018709,0.000105108261509355,0.000210216523018709,0.00399411393735548,0.00399411393735548,0.00399411393735548,0.00399411393735548,"nonsyn","nonsyn","nonsyn",1.7e-05,1.07e-06,1.21e-06,1.21e-06,"0.00462108571428572","0.00383731333333333","0.01017998","0.00575597000000001","V","V","A","E","G",0,1,1,0,0,0,0
"1197",1460,9501,9501,"a","a","g","g",0.00294705820439954,0.00294705820439954,0.000842016629828439,0.000842016629828439,0.00042100831491422,0.00042100831491422,0.00042100831491422,0.00042100831491422,0.00378907483422798,0.00378907483422798,0.00378907483422798,0.00378907483422798,"syn","syn","syn",1.77e-05,1.76e-06,1.7e-06,1.7e-06,"0.00600598928571428","0.0020189625","0.00418044","0.004037925","V","V","V","V","V",0,0,0,0,1,1,0
"1198",1461,9592,9594,"g","g","a","a",0.00104253544620517,0.00104253544620517,0.000208507089241034,0.000208507089241034,0,0.000208507089241034,0,0.000208507089241034,0.00125104253544621,0.00125104253544621,0.00125078173858662,0.00125078173858662,"nonsyn","nonsyn","nonsyn",4.2e-06,5.36e-07,1.17e-06,1.17e-06,"0.00402864","0.00561132000000001","1","0.00561132000000001","V","V","M","L","L",0,0,0,0,0,0,0
"1199",1462,9599,9601,"t","t","c","c",0.00281279299927076,0.00281279299927076,0.000416710073966038,0.000416710073966038,0.000416710073966038,0,0.000416710073966038,0,0.0032295030732368,0.0032295030732368,0.00322883033017394,0.00322883033017394,"nonsyn","nonsyn","nonsyn",1.7e-05,1.07e-06,1.21e-06,1.21e-06,"0.00604381481481481","0.0029036975","0.0025677325","1","V","V","A","E","G",0,1,1,1,0,0,0
"1200",1463,9671,9672,"g","g","a","a",0.00217144038879123,0.00217144038879123,0,0,0,0,0,0,0.00217144038879123,0.00217144038879123,0.0021712158808933,0.0021712158808933,"syn","syn","syn",4.2e-06,5.36e-07,1.17e-06,1.17e-06,"0.0019342","1","1","1","V","V","V","V","V",0,0,0,0,0,0,0
"1201",1464,9683,9684,"c","c","t","t",0.00309821336362698,0.00309821336362698,0.000413095115150263,0.000413095115150263,0.000309821336362698,0.000103273778787566,0.000309821336362698,0.000103273778787566,0.00351130847877724,0.00351130847877724,0.00351094589012805,0.00351094589012805,"syn","nonsyn","nonsyn",4.58e-06,8.37e-07,4.33e-07,4.33e-07,"0.00147827133333333","0.00104818475","0.002701557","0.00419273899999999","L","L","L","M","V",0,0,0,0,0,0,0
"1202",1465,9677,9677,"t","t","c","c",0.00454686369742689,0.00454686369742689,0.00134339154696704,0.00134339154696704,0.000723364679136096,0.000620026867830939,0.000723364679136096,0.000620026867830939,0.00589025524439392,0.00589025524439392,0.00589025524439392,0.00589025524439392,"nonsyn","nonsyn","nonsyn",1.7e-05,1.07e-06,1.21e-06,1.21e-06,"0.00373884090909091","0.000900705384615381","0.00147919857142857","0.00195152833333333","L","L","P","Q","R",1,1,1,1,1,0,1
"1203",1466,9708,9708,"g","g","a","a",0.00278121137206428,0.00278121137206428,0.000103007828594973,0.000103007828594973,0,0.000103007828594973,0,0.000103007828594973,0.00288421920065925,0.00288421920065925,0.00288421920065925,0.00288421920065925,"syn","syn","syn",4.2e-06,5.36e-07,1.17e-06,1.17e-06,"0.00151013333333333","0.01135836","1","0.01135836","L","L","L","L","L",0,0,0,0,0,0,0
"1204",1467,9701,9701,"c","c","t","t",0.00123698587774456,0.00123698587774456,0.000618492938872281,0.000618492938872281,0.000515410782393568,0.000103082156478714,0.000515410782393568,0.000103082156478714,0.00185547881661684,0.00185547881661684,0.00185547881661684,0.00185547881661684,"syn","nonsyn","nonsyn",4.58e-06,8.37e-07,4.33e-07,4.33e-07,"0.00370254833333334","0.000700088833333334","0.0016239474","0.00420053299999998","L","L","L","M","V",0,0,0,0,0,0,0
"1205",1468,9649,9649,"t","t","c","c",0.00310913047984247,0.00310913047984247,0.00124365219193699,0.00124365219193699,0.00103637682661416,0.000207275365322831,0.00103637682661416,0.000207275365322831,0.00435278267177946,0.00435278267177946,0.00435278267177946,0.00435278267177946,"nonsyn","nonsyn","nonsyn",1.7e-05,1.07e-06,1.21e-06,1.21e-06,"0.00546776666666667","0.000972940833333332","0.001032443","0.00583764500000001","L","L","P","Q","R",1,1,1,1,1,0,1
"1206",1469,9724,9724,"g","g","a","a",0.00411353352529823,0.00411353352529823,0.000102838338132456,0.000102838338132456,0,0.000102838338132456,0,0.000102838338132456,0.00421637186343069,0.00421637186343069,0.00421637186343069,0.00421637186343069,"syn","syn","syn",4.2e-06,5.36e-07,1.17e-06,1.17e-06,"0.00102102","0.01137708","1","0.01137708","L","L","L","L","L",0,0,0,0,0,0,0
"1207",1470,9693,9693,"c","c","t","t",0.00237284638398845,0.00237284638398845,0.000206334468172908,0.000206334468172908,0.000206334468172908,0,0.000206334468172908,0,0.00257918085216135,0.00257918085216135,0.00257918085216135,0.00257918085216135,"syn","nonsyn","nonsyn",4.58e-06,8.37e-07,4.33e-07,4.33e-07,"0.00193017130434782","0.0020985345","0.00405652050000001","1","L","L","L","I","V",0,0,0,0,0,0,0
"1208",1471,9561,9561,"t","t","c","c",0.00428825436669804,0.00428825436669804,0.000836732559355716,0.000836732559355716,0.000836732559355716,0,0.000836732559355716,0,0.00512498692605376,0.00512498692605376,0.00512498692605376,0.00512498692605376,"nonsyn","nonsyn","nonsyn",1.7e-05,1.07e-06,1.21e-06,1.21e-06,"0.00396431707317074","0.00144610125","0.00127878375","1","L","L","P","Q","R",1,1,1,0,1,0,1
"1209",1472,9551,9551,"c","a","t","g",0.000628206470526646,0,0.000314103235263323,0.999685896764737,0.000314103235263323,0,0.99905769029421,0.000628206470526646,0.00094230970578997,0.999685896764737,0.00094230970578997,0.999685896764737,"syn","syn","syn",1.77e-05,1.76e-06,1.7e-06,1.7e-06,"1","1.70053414327608e-06","1.76166002934395e-06","0.00270611666666667","L","L","L","L","L",0,0,0,0,0,0,0
"1210",1473,9515,9515,"t","t","c","c",0.00304781923279033,0.00304781923279033,0.000630583289542827,0.000630583289542827,0.000525486074619023,0.000105097214923805,0.000525486074619023,0.000105097214923805,0.00367840252233316,0.00367840252233316,0.00367840252233316,0.00367840252233316,"nonsyn","nonsyn","nonsyn",1.7e-05,1.07e-06,1.21e-06,1.21e-06,"0.00557775862068966","0.00191885833333333","0.00203621","0.0115131499999999","F","F","L","I","V",0,0,0,0,0,0,0
"1211",1474,9575,9575,"t","t","c","c",0.0014621409921671,0.0014621409921671,0.00010443864229765,0.00010443864229765,0.00010443864229765,0,0.00010443864229765,0,0.00156657963446475,0.00156657963446475,0.00156657963446475,0.00156657963446475,"nonsyn","nonsyn","nonsyn",1.7e-05,1.07e-06,1.21e-06,1.21e-06,"0.0116267857142857","0.01158575","0.01024525","1","F","F","S","Y","C",1,0,1,0,0,0,0
"1212",1475,9616,9617,"c","t","t","c",0.000935940099833611,0.99896006655574,0.000103993344425957,0.000103993344425957,0.000103993344425957,0,0.000103993344425957,0,0.00103993344425957,0.999064059900166,0.00103982530934803,0.998960174690652,"syn","nonsyn","nonsyn",1.7e-05,1.07e-06,1.21e-06,1.21e-06,"1.7017697272538e-05","0.01163536","0.01028912","1","F","F","F","L","L",0,0,0,1,0,0,0
"1213",1476,9611,9612,"g","g","a","a",0.00260118614088024,0.00260118614088024,0.00010404744563521,0.00010404744563521,0.00010404744563521,0,0.00010404744563521,0,0.00270523358651545,0.00270523358651545,0.00270495214315439,0.00270495214315439,"nonsyn","nonsyn","nonsyn",4.2e-06,5.36e-07,1.17e-06,1.17e-06,"0.001614648","0.01124487","0.00515149599999998","1","A","A","T","P","S",1,1,1,0,0,0,0
"1214",1477,9608,9608,"c","c","t","t",0.00166527893422148,0.00166527893422148,0.000416319733555371,0.000416319733555371,0.000208159866777685,0.000208159866777685,0.000208159866777685,0.000208159866777685,0.00208159866777685,0.00208159866777685,0.00208159866777685,0.00208159866777685,"nonsyn","nonsyn","nonsyn",4.58e-06,8.37e-07,4.33e-07,4.33e-07,"0.00275029","0.001040066","0.00402094800000001","0.002080132","A","A","V","D","G",0,1,1,0,0,0,0
"1215",1478,9607,9607,"c","c","t","t",0.00416363068595816,0.00416363068595816,0.00114499843863849,0.00114499843863849,0.000936816904340585,0.000208181534297908,0.000936816904340585,0.000208181534297908,0.00530862912459665,0.00530862912459665,0.00530862912459665,0.00530862912459665,"syn","syn","syn",4.58e-06,8.37e-07,4.33e-07,4.33e-07,"0.0011000015","0.000378166454545455","0.000893451","0.0020799155","A","A","A","A","A",0,0,0,0,1,0,1
"1216",1479,9601,9602,"g","g","a","a",0.00218727215915009,0.00218727215915009,0.000312467451307156,0.000312467451307156,0.000104155817102385,0.00020831163420477,0.000104155817102385,0.00020831163420477,0.00249973961045724,0.00249973961045724,0.00249947927515101,0.00249947927515101,"nonsyn","nonsyn","nonsyn",4.2e-06,5.36e-07,1.17e-06,1.17e-06,"0.0019202","0.00374438999999999","0.00514613600000001","0.00561658500000001","G","G","S","R","C",1,1,0,0,1,1,0
"1217",1480,9611,9611,"g","g","a","a",0.00114452190198731,0.00114452190198731,0.00010404744563521,0.00010404744563521,0,0.00010404744563521,0,0.00010404744563521,0.00124856934762252,0.00124856934762252,0.00124856934762252,0.00124856934762252,"nonsyn","nonsyn","nonsyn",4.2e-06,5.36e-07,1.17e-06,1.17e-06,"0.00366965454545453","0.01124487","1","0.01124487","G","G","D","A","V",1,1,1,0,0,0,0
"1218",1481,9630,9631,"c","c","t","t",0.00301142263759086,0.00301142263759086,0.000726895119418484,0.000726895119418484,0.000726895119418484,0,0.000726895119418484,0,0.00373831775700935,0.00373831775700935,0.00373792960232582,0.00373792960232582,"syn","syn","syn",4.58e-06,8.37e-07,4.33e-07,4.33e-07,"0.00152087586206897","0.000595684285714286","0.00115147285714286","1","G","G","G","G","G",0,0,0,0,0,0,0
"1219",1482,9641,9641,"g","g","a","a",0.00134840784151022,0.00134840784151022,0,0,0,0,0,0,0.00134840784151022,0.00134840784151022,0.00134840784151022,0.00134840784151022,"nonsyn","nonsyn","nonsyn",4.2e-06,5.36e-07,1.17e-06,1.17e-06,"0.00311478461538461","1","1","1","V","V","I","L","F",0,0,0,0,0,0,0
"1220",1483,9581,9581,"t","t","c","c",0.00260933096753992,0.00260933096753992,0,0,0,0,0,0,0.00260933096753992,0.00260933096753992,0.00260933096753992,0.00260933096753992,"nonsyn","nonsyn","nonsyn",1.7e-05,1.07e-06,1.21e-06,1.21e-06,"0.00651508000000001","1","1","1","V","V","A","D","G",0,1,1,0,0,0,0
"1221",1484,9664,9664,"c","c","t","t",0.00134519867549669,0.00134519867549669,0.000310430463576159,0.000310430463576159,0.000206953642384106,0.000103476821192053,0.000206953642384106,0.000103476821192053,0.00165562913907285,0.00165562913907285,0.00165562913907285,0.00165562913907285,"syn","syn","syn",4.58e-06,8.37e-07,4.33e-07,4.33e-07,"0.00340470153846154","0.00139483733333333","0.004044384","0.004184512","V","V","V","V","V",0,0,0,0,0,0,0
"1222",1485,9664,9664,"g","g","a","a",0.00279387417218543,0.00279387417218543,0.000413907284768212,0.000413907284768212,0.000103476821192053,0.000310430463576159,0.000103476821192053,0.000310430463576159,0.00320778145695364,0.00320778145695364,0.00320778145695364,0.00320778145695364,"nonsyn","nonsyn","nonsyn",4.2e-06,5.36e-07,1.17e-06,1.17e-06,"0.00150328888888889","0.00282672","0.005179904","0.00376896","D","D","N","H","Y",1,1,1,0,0,0,0
"1223",1486,9697,9697,"a","a","g","g",0.00598123130865216,0.00598123130865216,0.000412498710941528,0.000412498710941528,0.000103124677735382,0.000309374033206146,0.000103124677735382,0.000309374033206146,0.00639373001959369,0.00639373001959369,0.00639373001959369,0.00639373001959369,"nonsyn","nonsyn","nonsyn",1.77e-05,1.76e-06,1.7e-06,1.7e-06,"0.00295925689655172","0.004121225","0.01706672","0.00549496666666667","D","D","G","A","V",1,1,1,0,0,0,0
"1224",1487,9733,9733,"c","c","t","t",0.0029795540943183,0.0029795540943183,0.000102743244631665,0.000102743244631665,0,0.000102743244631665,0,0.000102743244631665,0.00308229733894996,0.00308229733894996,0.00308229733894996,0.00308229733894996,"syn","nonsyn","nonsyn",4.58e-06,8.37e-07,4.33e-07,4.33e-07,"0.00153714275862069","0.00421438900000002","1","0.00421438900000002","D","D","D","E","E",0,0,0,0,0,0,0
"1225",1488,9762,9762,"g","g","a","a",0.00297070272485146,0.00297070272485146,0.000819504199959025,0.000819504199959025,0.000102438024994878,0.000717066174964147,0.000102438024994878,0.000717066174964147,0.00379020692481049,0.00379020692481049,0.00379020692481049,0.00379020692481049,"nonsyn","nonsyn","nonsyn",4.2e-06,5.36e-07,1.17e-06,1.17e-06,"0.00141380689655173","0.0014276925","0.005232432","0.00163164857142857","A","A","T","P","S",1,1,1,0,0,0,0
"1226",1489,9767,9767,"c","c","t","t",0.000921470256987816,0.000921470256987816,0.000102385584109757,0.000102385584109757,0,0.000102385584109757,0,0.000102385584109757,0.00102385584109757,0.00102385584109757,0.00102385584109757,0.00102385584109757,"nonsyn","nonsyn","nonsyn",4.58e-06,8.37e-07,4.33e-07,4.33e-07,"0.00497031777777778","0.00422911100000001","1","0.00422911100000001","A","A","V","E","G",0,1,1,0,0,0,0
"1227",1490,9777,9777,"a","g","g","a",0.00409123453001943,0.994579114247724,0.00132965122225632,0.00132965122225632,0.000204561726500972,0.00112508949575534,0.000204561726500972,0.00112508949575534,0.00542088575227575,0.995908765469981,0.00542088575227575,0.995908765469981,"syn","syn","syn",4.2e-06,5.36e-07,1.17e-06,1.17e-06,"4.22289181406829e-06","0.000879929999999997","0.002620236","0.00103991727272728","A","A","A","A","A",0,0,0,0,1,1,0
"1228",1491,9785,9785,"g","g","a","a",0.000510986203372509,0.000510986203372509,0.000306591722023505,0.000306591722023505,0,0.000306591722023505,0,0.000306591722023505,0.000817577925396014,0.000817577925396014,0.000817577925396014,0.000817577925396014,"nonsyn","nonsyn","stop",4.2e-06,5.36e-07,1.17e-06,1.17e-06,"0.0082194","0.00381615","1","0.00381615","E","E","K","Q","*",1,1,1,0,0,0,0
"1229",1492,9702,9703,"a","a","g","g",0.00309214594928881,0.00309214594928881,0.000412286126571841,0.000412286126571841,0.00020614306328592,0.00020614306328592,0.00020614306328592,0.00020614306328592,0.00350443207586065,0.00350443207586065,0.00350407090590539,0.00350407090590539,"nonsyn","nonsyn","nonsyn",1.77e-05,1.76e-06,1.7e-06,1.7e-06,"0.00572417999999999","0.00412335","0.00853776000000002","0.00824670000000002","E","E","G","A","V",1,1,1,0,0,0,0
"1230",1493,9712,9712,"a","a","g","g",0.00772240527182867,0.00772240527182867,0.000411861614497529,0.000411861614497529,0.000205930807248764,0.000205930807248764,0.000205930807248764,0.000205930807248764,0.00813426688632619,0.00813426688632619,0.00813426688632619,0.00813426688632619,"syn","nonsyn","nonsyn",1.77e-05,1.76e-06,1.7e-06,1.7e-06,"0.002292032","0.0041276","0.00854656000000002","0.00825520000000002","E","E","E","D","D",0,0,0,0,0,0,0
"1231",1494,9608,9608,"a","a","g","g",0.00333055786844296,0.00333055786844296,0.000624479600333056,0.000624479600333056,0.000208159866777685,0.000416319733555371,0.000208159866777685,0.000416319733555371,0.00395503746877602,0.00395503746877602,0.00395503746877602,0.00395503746877602,"nonsyn","nonsyn","nonsyn",1.77e-05,1.76e-06,1.7e-06,1.7e-06,"0.00531442500000001","0.00272226666666667","0.00845504000000001","0.00408339999999999","T","T","A","P","S",1,1,0,0,0,0,0
"1232",1495,9647,9653,"c","c","t","t",0.00114025085518814,0.00114025085518814,0.000621955011920804,0.000621955011920804,0.000518295843267337,0.000103659168653467,0.000518295843267337,0.000103659168653467,0.00176220586710895,0.00176220586710895,0.00176111053558479,0.00176111053558479,"nonsyn","nonsyn","nonsyn",4.58e-06,8.37e-07,4.33e-07,4.33e-07,"0.00401666000000001","0.000696191833333334","0.0016149078","0.00417715100000002","T","T","I","N","S",1,0,0,0,0,0,0
"1233",1496,9660,9660,"c","c","t","t",0.0020703933747412,0.0020703933747412,0.00041407867494824,0.00041407867494824,0.00031055900621118,0.00010351966873706,0.00031055900621118,0.00010351966873706,0.00248447204968944,0.00248447204968944,0.00248447204968944,0.00248447204968944,"syn","syn","syn",4.58e-06,8.37e-07,4.33e-07,4.33e-07,"0.00221214","0.001045695","0.00269514","0.00418278","T","T","T","T","T",0,0,0,0,1,0,1
"1234",1497,9637,9637,"c","c","t","t",0.00197156791532635,0.00197156791532635,0.000830133859084777,0.000830133859084777,0.000830133859084777,0,0.000830133859084777,0,0.00280170177441112,0.00280170177441112,0.00280170177441112,0.00280170177441112,"nonsyn","nonsyn","nonsyn",4.58e-06,8.37e-07,4.33e-07,4.33e-07,"0.00232302421052631","0.000521602625","0.001008271125","1","H","H","Y","N","D",1,1,1,0,1,0,1
"1235",1498,9541,9542,"a","a","g","g",0.00450686510847919,0.00450686510847919,0.000838486531810083,0.000838486531810083,0.00010481081647626,0.000733675715333822,0.00010481081647626,0.000733675715333822,0.00534535164028928,0.00534535164028928,0.00534479144833368,0.00534479144833368,"nonsyn","nonsyn","nonsyn",1.77e-05,1.76e-06,1.7e-06,1.7e-06,"0.00392734186046512","0.0020274625","0.0167921600000001","0.0023171","H","H","R","P","L",0,1,1,1,0,0,0
"1236",1499,9612,9612,"c","c","t","t",0.00374531835205993,0.00374531835205993,0.000104036620890553,0.000104036620890553,0.000104036620890553,0,0.000104036620890553,0,0.00384935497295048,0.00384935497295048,0.00384935497295048,0.00384935497295048,"syn","nonsyn","nonsyn",4.58e-06,8.37e-07,4.33e-07,4.33e-07,"0.00122286","0.00416199600000002","0.00804524400000004","1","H","H","H","Q","Q",0,1,1,0,0,0,0
"1237",1500,9611,9611,"g","g","a","a",0.00124856934762252,0.00124856934762252,0,0,0,0,0,0,0.00124856934762252,0.00124856934762252,0.00124856934762252,0.00124856934762252,"nonsyn","nonsyn","nonsyn",4.2e-06,5.36e-07,1.17e-06,1.17e-06,"0.00336384999999999","1","1","1","V","V","I","L","F",0,0,0,0,0,0,0
"1238",1501,9575,9575,"t","t","c","c",0.00971279373368146,0.00971279373368146,0.000731070496083551,0.000731070496083551,0.000417754569190601,0.00031331592689295,0.000417754569190601,0.00031331592689295,0.010443864229765,0.010443864229765,0.010443864229765,0.010443864229765,"nonsyn","nonsyn","nonsyn",1.7e-05,1.07e-06,1.21e-06,1.21e-06,"0.0017502688172043","0.00165510714285714","0.0025613125","0.00386191666666667","V","V","A","D","G",0,1,1,0,0,0,0
"1239",1502,9520,9520,"c","c","t","t",0.000525210084033613,0.000525210084033613,0.000210084033613445,0.000210084033613445,0.000105042016806723,0.000105042016806723,0.000105042016806723,0.000105042016806723,0.000735294117647059,0.000735294117647059,0.000735294117647059,0.000735294117647059,"syn","syn","syn",4.58e-06,8.37e-07,4.33e-07,4.33e-07,"0.00872032000000001","0.00206108","0.00796823999999998","0.00412215999999999","V","V","V","V","V",0,0,0,0,0,0,0
"1240",1503,9479,9480,"a","a","g","g",0.00411435805464711,0.00411435805464711,0.000421985441502268,0.000421985441502268,0.000105496360375567,0.000316489081126701,0.000105496360375567,0.000316489081126701,0.00453634349614938,0.00453634349614938,0.00453586497890295,0.00453586497890295,"nonsyn","nonsyn","nonsyn",1.77e-05,1.76e-06,1.7e-06,1.7e-06,"0.0043020076923077","0.004028575","0.01668304","0.00537143333333334","T","T","A","P","S",1,1,0,1,0,0,0
"1241",1504,9547,9548,"c","c","t","t",0.00104744946056353,0.00104744946056353,0,0,0,0,0,0,0.00104744946056353,0.00104744946056353,0.00104733975701718,0.00104733975701718,"nonsyn","nonsyn","nonsyn",4.58e-06,8.37e-07,4.33e-07,4.33e-07,"0.00437252599999999","1","1","1","T","T","I","N","S",1,0,0,0,0,0,0
"1242",1505,9621,9626,"c","c","t","t",0.00187090739008419,0.00187090739008419,0.000831514395592974,0.000831514395592974,0.000727575096143852,0.000103939299449122,0.000727575096143852,0.000103939299449122,0.00270242178567716,0.00270242178567716,0.00270101807604405,0.00270101807604405,"syn","syn","syn",4.58e-06,8.37e-07,4.33e-07,4.33e-07,"0.00244801","0.000520736625","0.00115039671428571","0.00416589299999999","T","T","T","T","T",0,0,0,0,1,0,1
"1243",1506,9625,9645,"g","g","a","a",0.00166233766233766,0.00166233766233766,0.000311688311688312,0.000311688311688312,0,0.000311688311688312,0,0.000311688311688312,0.00197402597402597,0.00197402597402597,0.00196993260756869,0.00196993260756869,"nonsyn","nonsyn","nonsyn",4.2e-06,5.36e-07,1.17e-06,1.17e-06,"0.0025265625","0.00375375","1","0.00375375","G","G","R","R","W",1,1,1,0,1,1,0
"1244",1507,9671,9671,"g","g","a","a",0.0011374211560335,0.0011374211560335,0.00072381346293041,0.00072381346293041,0.000103401923275773,0.000620411539654638,0.000103401923275773,0.000620411539654638,0.00186123461896391,0.00186123461896391,0.00186123461896391,0.00186123461896391,"nonsyn","nonsyn","nonsyn",4.2e-06,5.36e-07,1.17e-06,1.17e-06,"0.00369256363636364","0.00161643857142857","0.005183656","0.001885845","G","G","E","A","V",1,1,1,0,1,1,0
"1245",1508,9676,9676,"g","g","a","a",0.0020669698222406,0.0020669698222406,0.00144687887556842,0.00144687887556842,0,0.00144687887556842,0,0.00144687887556842,0.00351384869780901,0.00351384869780901,0.00351384869780901,0.00351384869780901,"syn","syn","syn",4.2e-06,5.36e-07,1.17e-06,1.17e-06,"0.00203196","0.000808637142857141","1","0.000808637142857141","G","G","G","G","G",0,0,0,0,1,1,0
"1246",1509,9658,9658,"g","g","a","a",0.00196728101056119,0.00196728101056119,0.00020708221163802,0.00020708221163802,0,0.00020708221163802,0,0.00020708221163802,0.00217436322219921,0.00217436322219921,0.00217436322219921,0.00217436322219921,"nonsyn","nonsyn","stop",4.2e-06,5.36e-07,1.17e-06,1.17e-06,"0.00213492631578948","0.00564993000000001","1","0.00564993000000001","G","G","R","R","*",1,1,1,0,1,1,0
"1247",1510,9577,9577,"g","g","a","a",0.00313250495979952,0.00313250495979952,0.000104416831993317,0.000104416831993317,0,0.000104416831993317,0,0.000104416831993317,0.00323692179179284,0.00323692179179284,0.00323692179179284,0.00323692179179284,"nonsyn","nonsyn","nonsyn",4.2e-06,5.36e-07,1.17e-06,1.17e-06,"0.00134078","0.01120509","1","0.01120509","G","G","E","A","V",1,1,1,0,0,0,0
"1248",1511,9593,9595,"a","a","g","g",0.0237673303450433,0.0237673303450433,0.000416970707807776,0.000416970707807776,0,0.000416970707807776,0,0.000416970707807776,0.024184301052851,0.024184301052851,0.0241792600312663,0.0241792600312663,"syn","syn","syn",1.77e-05,1.76e-06,1.7e-06,1.7e-06,"0.000744719736842104","0.004077025","1","0.004077025","G","G","G","G","G",0,0,0,0,0,0,0
"1249",1512,9530,9530,"a","a","g","g",0.00577124868835257,0.00577124868835257,0.000104931794333683,0.000104931794333683,0,0.000104931794333683,0,0.000104931794333683,0.00587618048268625,0.00587618048268625,0.00587618048268625,0.00587618048268625,"nonsyn","nonsyn","nonsyn",1.77e-05,1.76e-06,1.7e-06,1.7e-06,"0.00306692727272727","0.016201","1","0.016201","T","N","D","H","Y",1,1,1,0,0,0,0
"1250",1513,9581,9582,"c","a","t","g",0.00292245068364471,0,0,1,0,0,0.997077549316355,0.00292245068364471,0.00292245068364471,1,0.00292214568983511,0.999895637653934,"nonsyn","nonsyn","nonsyn",1.77e-05,1.76e-06,1.7e-06,1.7e-06,"1","1.7e-06","1.76515858892495e-06","0.000581703571428572","T","N","S","T","I",0,0,1,0,0,0,0
"1251",1514,9597,9597,"c","t","t","c",0.00364697301239971,0.995727831614046,0.000625195373554236,0.000625195373554236,0.00052099614462853,0.000104199228925706,0.00052099614462853,0.000104199228925706,0.00427216838595394,0.9963530269876,0.00427216838595394,0.9963530269876,"syn","nonsyn","nonsyn",1.7e-05,1.07e-06,1.21e-06,1.21e-06,"1.70729384679782e-05","0.001935395","0.002053758","0.01161237","T","N","N","K","K",0,1,1,1,0,0,0
"1252",1515,9599,9600,"g","g","a","a",0.0011459527034066,0.0011459527034066,0,0,0,0,0,0,0.0011459527034066,0.0011459527034066,0.00114583333333333,0.00114583333333333,"nonsyn","nonsyn","nonsyn",4.2e-06,5.36e-07,1.17e-06,1.17e-06,"0.00366507272727274","1","1","1","V","A","T","P","S",1,1,1,0,0,0,0
"1253",1516,9620,9620,"t","c","c","t",0.00426195426195426,0.995426195426195,0.000311850311850312,0.000311850311850312,0.000207900207900208,0.000103950103950104,0.000207900207900208,0.000103950103950104,0.00457380457380457,0.995738045738046,0.00457380457380457,0.995738045738046,"nonsyn","nonsyn","nonsyn",4.58e-06,8.37e-07,4.33e-07,4.33e-07,"4.60104427736007e-06","0.00138848666666667","0.00402597","0.00416546","V","A","V","D","G",0,1,1,0,0,0,0
"1254",1517,9653,9653,"c","c","t","t",0.00207189474774681,0.00207189474774681,0.000310784212162022,0.000310784212162022,0.000207189474774681,0.000103594737387341,0.000207189474774681,0.000103594737387341,0.00238267895990884,0.00238267895990884,0.00238267895990884,0.00238267895990884,"syn","syn","syn",4.58e-06,8.37e-07,4.33e-07,4.33e-07,"0.002210537","0.00139324966666667","0.00403978050000001","0.00417974899999999","V","A","A","A","A",0,0,0,0,1,0,1
"1255",1518,9666,9666,"g","g","a","a",0.0032071177322574,0.0032071177322574,0.000620732464307883,0.000620732464307883,0.000310366232153942,0.000310366232153942,0.000310366232153942,0.000310366232153942,0.00382785019656528,0.00382785019656528,0.00382785019656528,0.00382785019656528,"nonsyn","nonsyn","nonsyn",4.2e-06,5.36e-07,1.17e-06,1.17e-06,"0.00130958709677419","0.00188487","0.001726992","0.00376974","A","G","S","R","C",1,1,0,0,1,1,0
"1256",1519,9703,9711,"c","g","t","a",0.000927548180974956,0.000309182726991652,0.0179325981655158,0.982067401834484,0.000309182726991652,0.0176234154385242,0.981139853653509,0.000927548180974956,0.0188601463464908,0.982376584561476,0.018844609206055,0.981567294820307,"nonsyn","nonsyn","nonsyn",4.2e-06,5.36e-07,1.17e-06,1.17e-06,"0.0135842","1.19136425648022e-06","5.46303361344538e-07","0.00126139","A","G","D","A","V",1,1,1,0,0,0,0
"1257",1520,9726,9726,"c","c","t","t",0.00133662348344643,0.00133662348344643,0.000719720337240387,0.000719720337240387,0.000719720337240387,0,0.000719720337240387,0,0.00205634382068682,0.00205634382068682,0.00205634382068682,0.00205634382068682,"syn","syn","syn",4.58e-06,8.37e-07,4.33e-07,4.33e-07,"0.00342654461538462","0.000601622571428571","0.00116295171428571","1","A","G","G","G","G",0,0,0,0,0,0,0
"1258",1521,9747,9747,"c","c","t","t",0.00235970042064225,0.00235970042064225,0.000512978352313532,0.000512978352313532,0.000410382681850826,0.000102595670462706,0.000410382681850826,0.000102595670462706,0.00287267877295578,0.00287267877295578,0.00287267877295578,0.00287267877295578,"nonsyn","nonsyn","nonsyn",4.58e-06,8.37e-07,4.33e-07,4.33e-07,"0.00194092434782609","0.000844090200000001","0.00203955975","0.00422045100000002","H","R","C","S","G",1,1,1,0,1,0,1
"1259",1522,9682,9682,"a","g","g","a",0.00278868002478827,0.996591613303037,0.00061970667217517,0.00061970667217517,0.000103284445362528,0.000516422226812642,0.000103284445362528,0.000516422226812642,0.00340838669696344,0.997211319975212,0.00340838669696344,0.997211319975212,"nonsyn","nonsyn","nonsyn",4.2e-06,5.36e-07,1.17e-06,1.17e-06,"4.21436418281687e-06","0.00188799","0.00518955200000002","0.002265588","H","R","H","P","L",0,1,1,0,0,0,0
"1260",1523,9787,9787,"t","c","c","t",0.00633493409625013,0.993154184121794,0.000510881781955655,0.000510881781955655,0.000204352712782262,0.000306529069173393,0.000204352712782262,0.000306529069173393,0.00684581587820578,0.99366506590375,0.00684581587820578,0.99366506590375,"syn","syn","syn",4.58e-06,8.37e-07,4.33e-07,4.33e-07,"4.61156995884774e-06","0.000847554200000001","0.0040958595","0.00141259033333333","H","R","R","R","R",0,0,0,0,0,0,0
"1261",1524,9802,9802,"g","a","a","g",0.0024484799020608,0.99744950010202,0.0001020199959192,0.0001020199959192,0,0.0001020199959192,0,0.0001020199959192,0.00255049989798,0.997551520097939,0.00255049989798,0.997551520097939,"nonsyn","nonsyn","nonsyn",1.77e-05,1.76e-06,1.7e-06,1.7e-06,"1.77452592819883e-05","0.0166634","1","0.0166634","G","T","A","P","S",1,1,0,1,0,0,0
"1262",1525,9787,9787,"g","c","a","t",0.00531317053233882,0.000204352712782262,0.000306529069173393,0.999693470930827,0.000102176356391131,0.000204352712782262,0.00531317053233882,0.994380300398488,0.00561969960151221,0.999897823643609,0.00561969960151221,0.999897823643609,"nonsyn","nonsyn","nonsyn",4.58e-06,8.37e-07,4.33e-07,4.33e-07,"0.02241223","4.33132767784137e-07","0.000157533057692308","4.35447081792026e-07","G","T","I","N","S",1,0,0,0,0,0,0
"1263",1526,9802,9802,"c","c","t","t",0.002040399918384,0.002040399918384,0.0001020199959192,0.0001020199959192,0.0001020199959192,0,0.0001020199959192,0,0.0021424199143032,0.0021424199143032,0.0021424199143032,0.0021424199143032,"syn","syn","syn",4.58e-06,8.37e-07,4.33e-07,4.33e-07,"0.002244658","0.00424426600000001","0.00820427400000001","1","G","T","T","T","T",0,0,0,0,1,0,1
"1264",1527,9806,9806,"g","a","a","g",0.00316132979808281,0.996532735060167,0.000305935141749949,0.000305935141749949,0.000101978380583316,0.000203956761166633,0.000101978380583316,0.000203956761166633,0.00346726493983276,0.996838670201917,0.00346726493983276,0.996838670201917,"nonsyn","nonsyn","nonsyn",1.77e-05,1.76e-06,1.7e-06,1.7e-06,"1.77615841178878e-05","0.00555673333333333","0.0172585600000001","0.00833509999999999","A","T","A","P","S",1,1,0,1,0,0,0
"1265",1528,9818,9818,"c","c","t","t",0.00162965980851497,0.00162965980851497,0,0,0,0,0,0,0.00162965980851497,0.00162965980851497,0.00162965980851497,0.00162965980851497,"nonsyn","nonsyn","nonsyn",4.58e-06,8.37e-07,4.33e-07,4.33e-07,"0.0028104025","1","1","1","A","T","M","K","R",1,1,1,0,0,0,0
"1266",1529,9803,9803,"a","g","g","a",0.00693665204529226,0.992247271243497,0.000816076711210854,0.000816076711210854,0.000102009588901357,0.000714067122309497,0.000102009588901357,0.000714067122309497,0.00775272875650311,0.993063347954708,0.00775272875650311,0.993063347954708,"syn","syn","syn",4.2e-06,5.36e-07,1.17e-06,1.17e-06,"4.23281587334224e-06","0.00143368875","0.00525440799999999","0.00163850142857143","A","T","T","T","T",0,0,0,0,1,1,0
"1267",1530,9801,9801,"g","g","a","a",0.00326497296194266,0.00326497296194266,0.000102030405060708,0.000102030405060708,0,0.000102030405060708,0,0.000102030405060708,0.00336700336700337,0.00336700336700337,0.00336700336700337,0.00336700336700337,"nonsyn","nonsyn","nonsyn",4.2e-06,5.36e-07,1.17e-06,1.17e-06,"0.00128638125","0.01146717","1","0.01146717","A","A","T","P","S",1,1,1,0,0,0,0
"1268",1531,9798,9798,"c","c","t","t",0.00183710961420698,0.00183710961420698,0.000204123290467442,0.000204123290467442,0.000204123290467442,0,0.000204123290467442,0,0.00204123290467442,0.00204123290467442,0.00204123290467442,0.00204123290467442,"nonsyn","nonsyn","nonsyn",4.58e-06,8.37e-07,4.33e-07,4.33e-07,"0.00249304666666667","0.002121267","0.00410046300000001","1","A","A","V","D","G",0,1,1,0,0,0,0
"1269",1532,9809,9809,"t","t","c","c",0.0032623101233561,0.0032623101233561,0.00224283820980732,0.00224283820980732,0.00203894382709756,0.000203894382709756,0.00203894382709756,0.000203894382709756,0.00550514833316342,0.00550514833316342,0.00550514833316342,0.00550514833316342,"syn","syn","syn",1.7e-05,1.07e-06,1.21e-06,1.21e-06,"0.00521103125","0.000539495","0.000524781500000001","0.00593444500000001","A","A","A","A","A",0,0,0,1,1,0,1
"1270",1533,9830,9831,"g","g","a","a",0.00132248219735504,0.00132248219735504,0.000101729399796541,0.000101729399796541,0,0.000101729399796541,0,0.000101729399796541,0.00142421159715158,0.00142421159715158,0.0014240667276981,0.0014240667276981,"nonsyn","nonsyn","nonsyn",4.2e-06,5.36e-07,1.17e-06,1.17e-06,"0.00317584615384614","0.0115011","1","0.0115011","G","G","R","R","W",1,1,1,0,1,1,0
"1271",1534,9819,9819,"g","g","a","a",0.000712903554333435,0.000712903554333435,0.000305530094714329,0.000305530094714329,0,0.000305530094714329,0,0.000305530094714329,0.00101843364904776,0.00101843364904776,0.00101843364904776,0.00101843364904776,"nonsyn","nonsyn","nonsyn",4.2e-06,5.36e-07,1.17e-06,1.17e-06,"0.0058914","0.00382941","1","0.00382941","G","G","E","A","V",1,1,1,0,1,1,0
"1272",1535,9820,9820,"a","g","g","a",0.00570264765784114,0.993686354378819,0.000610997963340122,0.000610997963340122,0,0.000610997963340122,0,0.000610997963340122,0.00631364562118126,0.994297352342159,0.00631364562118126,0.994297352342159,"syn","syn","syn",4.2e-06,5.36e-07,1.17e-06,1.17e-06,"4.22668579626973e-06","0.0019149","1","0.0019149","G","G","G","G","G",0,0,0,0,0,0,0
"1273",1536,9809,9809,"c","c","t","t",0.0613722091956367,0.0613722091956367,0,0,0,0,0,0,0.0613722091956367,0.0613722091956367,0.0613722091956367,0.0613722091956367,"nonsyn","nonsyn","nonsyn",4.58e-06,8.37e-07,4.33e-07,4.33e-07,"7.4626611295681e-05","1","1","1","L","L","F","I","V",0,0,0,0,0,0,0
"1274",1537,9765,9765,"t","t","c","c",0.00184331797235023,0.00184331797235023,0.00102406554019457,0.00102406554019457,0.000716845878136201,0.000307219662058372,0.000716845878136201,0.000307219662058372,0.0028673835125448,0.0028673835125448,0.0028673835125448,0.0028673835125448,"nonsyn","nonsyn","nonsyn",1.7e-05,1.07e-06,1.21e-06,1.21e-06,"0.0092225","0.001181565","0.00149265","0.00393855","L","L","P","H","R",1,1,1,0,1,0,1
"1275",1538,9817,9817,"t","t","c","c",0.00234287460527656,0.00234287460527656,0.000916777019456046,0.000916777019456046,0.000916777019456046,0,0.000916777019456046,0,0.00325965162473261,0.00325965162473261,0.00325965162473261,0.00325965162473261,"syn","syn","syn",1.7e-05,1.07e-06,1.21e-06,1.21e-06,"0.00725604347826087","0.00131984111111111","0.00116713222222222","1","L","L","L","L","L",0,0,0,1,0,0,0
"1276",1539,9809,9809,"g","g","a","a",0.00254867978387195,0.00254867978387195,0.000305841574064635,0.000305841574064635,0.000101947191354878,0.000203894382709756,0.000101947191354878,0.000203894382709756,0.00285452135793659,0.00285452135793659,0.00285452135793659,0.00285452135793659,"nonsyn","nonsyn","nonsyn",4.2e-06,5.36e-07,1.17e-06,1.17e-06,"0.001647912","0.00382550999999999","0.00525762400000001","0.00573826500000001","A","V","I","L","F",0,0,0,0,0,0,0
"1277",1540,9782,9782,"c","t","t","c",0.00153342874667757,0.998057656920875,0.000408914332447352,0.000408914332447352,0.000306685749335514,0.000102228583111838,0.000306685749335514,0.000102228583111838,0.00194234307912492,0.998466571253322,0.00194234307912492,0.998466571253322,"nonsyn","nonsyn","nonsyn",1.7e-05,1.07e-06,1.21e-06,1.21e-06,"1.70330840930042e-05","0.002959055","0.00348891333333334","0.01183622","A","V","A","D","G",0,1,1,0,0,0,0
"1278",1541,9715,9715,"t","t","c","c",0.00329387545033453,0.00329387545033453,0.000926402470406588,0.000926402470406588,0.000720535254760679,0.000205867215645908,0.000720535254760679,0.000205867215645908,0.00422027792074112,0.00422027792074112,0.00422027792074112,0.00422027792074112,"syn","syn","syn",1.7e-05,1.07e-06,1.21e-06,1.21e-06,"0.00516109375000001","0.00130612777777778","0.00148500714285714","0.00587757500000001","A","V","V","V","V",0,0,0,1,0,0,0
"1279",1542,9497,9497,"a","g","g","a",0.0249552490260082,0.974623565336422,0.000421185637569759,0.000421185637569759,0,0.000421185637569759,0,0.000421185637569759,0.025376434663578,0.975044750973992,0.025376434663578,0.975044750973992,"nonsyn","nonsyn","nonsyn",4.2e-06,5.36e-07,1.17e-06,1.17e-06,"4.30935609334486e-06","0.0027778725","1","0.0027778725","S","G","S","R","C",1,1,0,0,1,1,0
"1280",1543,9141,9142,"g","g","a","a",0.281150858768187,0.281150858768187,0.0140028443277541,0.0140028443277541,0.0134558582212012,0.000546986106552894,0.0134558582212012,0.000546986106552894,0.295153703095941,0.295153703095941,0.295121417632903,0.295121417632903,"nonsyn","nonsyn","nonsyn",4.2e-06,5.36e-07,1.17e-06,1.17e-06,"1.49385992217899e-05","8.35544531249998e-05","3.98339512195121e-05","0.002138994","S","G","D","A","V",1,1,1,0,0,0,0
"1281",1544,9333,9333,"c","t","t","c",0.00160720025715204,0.885138754955534,0.113254044787314,0.113254044787314,0.0481088610307511,0.0651451837565627,0.0481088610307511,0.0651451837565627,0.114861245044466,0.998392799742848,0.114861245044466,0.998392799742848,"syn","syn","syn",1.7e-05,1.07e-06,1.21e-06,1.21e-06,"1.92060283258685e-05","1.06839451277199e-05","2.22412249443207e-05","1.85738980263158e-05","S","G","G","G","G",0,0,0,0,0,0,0
"1282",1545,9398,9398,"c","c","t","t",0.00798042136624814,0.00798042136624814,0.000212811236433284,0.000212811236433284,0.000212811236433284,0,0.000212811236433284,0,0.00819323260268142,0.00819323260268142,0.00819323260268142,0.00819323260268142,"nonsyn","nonsyn","nonsyn",4.58e-06,8.37e-07,4.33e-07,4.33e-07,"0.000573904533333333","0.002034667","0.00393306299999999","1","L","L","F","I","V",0,0,0,0,0,0,0
"1283",1546,9397,9397,"t","t","c","c",0.00457592848781526,0.00457592848781526,0.000319250824731297,0.000319250824731297,0.000319250824731297,0,0.000319250824731297,0,0.00489517931254656,0.00489517931254656,0.00489517931254656,0.00489517931254656,"nonsyn","nonsyn","nonsyn",1.7e-05,1.07e-06,1.21e-06,1.21e-06,"0.00371509302325581","0.00379012333333334","0.00335159666666667","1","L","L","P","H","R",1,1,1,0,1,0,1
"1284",1547,9504,9504,"c","c","t","t",0.000526094276094276,0.000526094276094276,0.000315656565656566,0.000315656565656566,0.000315656565656566,0,0.000315656565656566,0,0.000841750841750842,0.000841750841750842,0.000841750841750842,0.000841750841750842,"syn","syn","syn",4.58e-06,8.37e-07,4.33e-07,4.33e-07,"0.008705664","0.001371744","0.002651616","1","L","L","L","L","L",0,0,0,0,0,0,0
"1285",1548,9508,9509,"t","c","c","t",0.00420698359276399,0.995056794278502,0.000736222128733698,0.000736222128733698,0.000315523769457299,0.000420698359276399,0.000315523769457299,0.000420698359276399,0.00494320572149769,0.995793016407236,0.00494268587653802,0.99568829529919,"nonsyn","nonsyn","nonsyn",4.58e-06,8.37e-07,4.33e-07,4.33e-07,"4.60275235175986e-06","0.000588137714285714","0.002652732","0.001029241","F","L","F","I","V",0,0,0,0,1,0,1
"1286",1549,9489,9490,"t","t","c","c",0.00284539993676889,0.00284539993676889,0.000421540731373169,0.000421540731373169,0.000210770365686584,0.000210770365686584,0.000210770365686584,0.000210770365686584,0.00326694066814206,0.00326694066814206,0.00326659641728135,0.00326659641728135,"nonsyn","nonsyn","nonsyn",1.7e-05,1.07e-06,1.21e-06,1.21e-06,"0.00597455555555556","0.0028704225","0.00507661500000001","0.00574084500000001","F","L","P","H","R",1,1,1,0,1,0,1
"1287",1550,9073,9073,"c","t","t","c",0.000551085638708255,0.999448914361292,0,0,0,0,0,0,0.000551085638708255,0.999448914361292,0.000551085638708255,0.999448914361292,"syn","syn","syn",1.7e-05,1.07e-06,1.21e-06,1.21e-06,"1.70093736215262e-05","1","1","1","F","L","L","L","L",0,0,0,0,0,0,0
"1288",1551,8388,8388,"a","a","g","g",0.00369575584167859,0.00369575584167859,0.000119217930376729,0.000119217930376729,0,0.000119217930376729,0,0.000119217930376729,0.00381497377205532,0.00381497377205532,0.00381497377205532,0.00381497377205532,"nonsyn","nonsyn","nonsyn",1.77e-05,1.76e-06,1.7e-06,1.7e-06,"0.00478927741935484","0.0142596","1","0.0142596","R","T","A","P","S",1,1,0,0,0,0,0
"1289",1552,8682,8687,"g","c","a","t",0.239230592029486,0,0,1,0,0,0.239230592029486,0.760769407970514,0.239230592029486,1,0.239092897432946,0.999424427305169,"nonsyn","nonsyn","nonsyn",4.58e-06,8.37e-07,4.33e-07,4.33e-07,"1","4.33e-07","3.49871641791045e-06","5.69160635881908e-07","R","T","I","K","R",1,1,1,0,0,0,0
"1290",1553,8614,8616,"a","a","g","g",0.00139308103087996,0.00139308103087996,0.243673090318087,0.243673090318087,0.195147434409101,0.0485256559089854,0.195147434409101,0.0485256559089854,0.245066171348967,0.245066171348967,0.245009285051068,0.245009285051068,"syn","syn","syn",1.77e-05,1.76e-06,1.7e-06,1.7e-06,"0.01270565","6.97656026679371e-06","9.01882212968473e-06","3.5033014354067e-05","R","T","T","T","T",0,0,0,1,0,0,0
"1291",1554,8119,8119,"t","c","c","t",0.373445005542554,0.593546003202365,0.0330089912550807,0.0330089912550807,0.0328858233772632,0.000123167877817465,0.0328858233772632,0.000123167877817465,0.406453996797635,0.626554994457445,0.406453996797635,0.626554994457445,"nonsyn","nonsyn","nonsyn",4.58e-06,8.37e-07,4.33e-07,4.33e-07,"7.71633533928201e-06","1.31176380597015e-05","2.54516966292135e-05","0.00351552700000001","S","P","S","T","A",1,1,1,0,0,0,0
"1292",1555,8368,8368,"c","c","t","t",0.000717017208413002,0.000717017208413002,0.000239005736137667,0.000239005736137667,0.000239005736137667,0,0.000239005736137667,0,0.000956022944550669,0.000956022944550669,0.000956022944550669,0.000956022944550669,"nonsyn","nonsyn","nonsyn",4.58e-06,8.37e-07,4.33e-07,4.33e-07,"0.00638757333333333","0.001811672","0.003502008","1","S","P","L","Q","R",1,1,1,0,1,0,1
"1293",1556,8382,8382,"a","a","g","g",0.00393700787401575,0.00393700787401575,0.000835122882366977,0.000835122882366977,0,0.000835122882366977,0,0.000835122882366977,0.00477213075638272,0.00477213075638272,0.00477213075638272,0.00477213075638272,"syn","syn","syn",1.77e-05,1.76e-06,1.7e-06,1.7e-06,"0.0044958","0.00203562857142857","1","0.00203562857142857","S","P","P","P","P",0,0,0,1,1,1,0
"1294",1557,8388,8388,"g","g","a","a",0.00107296137339056,0.00107296137339056,0.000596089651883643,0.000596089651883643,0,0.000596089651883643,0,0.000596089651883643,0.0016690510252742,0.0016690510252742,0.0016690510252742,0.0016690510252742,"nonsyn","nonsyn","nonsyn",4.2e-06,5.36e-07,1.17e-06,1.17e-06,"0.00391439999999999","0.001962792","1","0.001962792","G","G","S","R","C",1,1,0,0,1,1,0
"1295",1558,8400,8400,"g","g","a","a",0.00142857142857143,0.00142857142857143,0.000119047619047619,0.000119047619047619,0,0.000119047619047619,0,0.000119047619047619,0.00154761904761905,0.00154761904761905,0.00154761904761905,0.00154761904761905,"nonsyn","nonsyn","nonsyn",4.2e-06,5.36e-07,1.17e-06,1.17e-06,"0.00294","0.00982800000000001","1","0.00982800000000001","G","G","D","A","V",1,1,1,0,0,0,0
"1296",1559,9757,9757,"t","c","c","t",0.00338218714768884,0.995900379214923,0.000717433637388542,0.000717433637388542,0.000614943117761607,0.000102490519626935,0.000614943117761607,0.000102490519626935,0.00409962078507738,0.996617812852311,0.00409962078507738,0.996617812852311,"syn","syn","syn",4.58e-06,8.37e-07,4.33e-07,4.33e-07,"4.59885355562416e-06","0.000603540142857143","0.0013611015","0.00422478099999998","G","G","G","G","G",0,0,0,0,0,0,0
"1297",1560,10157,10157,"g","g","a","a",0.00265826523579797,0.00265826523579797,0.000492271339962587,0.000492271339962587,0,0.000492271339962587,0,0.000492271339962587,0.00315053657576056,0.00315053657576056,0.00315053657576056,0.00315053657576056,"nonsyn","nonsyn","nonsyn",4.2e-06,5.36e-07,1.17e-06,1.17e-06,"0.00157997777777778","0.002376738","1","0.002376738","A","A","T","P","S",1,1,1,0,0,0,0
"1298",1561,10250,10252,"c","c","t","t",0.00234146341463415,0.00234146341463415,0.000390243902439024,0.000390243902439024,0.000292682926829268,9.75609756097561e-05,0.000292682926829268,9.75609756097561e-05,0.00273170731707317,0.00273170731707317,0.00273117440499415,0.00273117440499415,"nonsyn","nonsyn","nonsyn",4.58e-06,8.37e-07,4.33e-07,4.33e-07,"0.00195604166666666","0.0011095625","0.00285975","0.00443825","A","A","V","D","G",0,1,1,0,0,0,0
"1299",1562,10324,10324,"c","c","t","t",0.00145292522278187,0.00145292522278187,0.000387446726075165,0.000387446726075165,0.000387446726075165,0,0.000387446726075165,0,0.00184037194885703,0.00184037194885703,0.00184037194885703,0.00184037194885703,"syn","syn","syn",4.58e-06,8.37e-07,4.33e-07,4.33e-07,"0.00315226133333333","0.001117573","0.002160297","1","A","A","A","A","A",0,0,0,0,1,0,1
"1300",1563,10372,10372,"a","a","g","g",0.00318164288468955,0.00318164288468955,0.00462784419591207,0.00462784419591207,0.00395295025067489,0.000674893945237177,0.00395295025067489,0.000674893945237177,0.00780948708060162,0.00780948708060162,0.00780948708060162,0.00780948708060162,"nonsyn","nonsyn","stop",1.77e-05,1.76e-06,1.7e-06,1.7e-06,"0.00556316363636363","0.000367341666666667","0.000445237073170732","0.00251891428571429","K","K","E","Q","*",1,1,1,1,0,0,0
"1301",1564,10363,10363,"a","a","g","g",0.0028949146000193,0.0028949146000193,0.000771977226671813,0.000771977226671813,0,0.000771977226671813,0,0.000771977226671813,0.00366689182669111,0.00366689182669111,0.00366689182669111,0.00366689182669111,"nonsyn","nonsyn","nonsyn",1.77e-05,1.76e-06,1.7e-06,1.7e-06,"0.00611417","0.0022021375","1","0.0022021375","K","K","R","T","M",0,1,1,0,1,1,0
"1302",1565,10375,10375,"g","g","a","a",0.00134939759036145,0.00134939759036145,0.000192771084337349,0.000192771084337349,0,0.000192771084337349,0,0.000192771084337349,0.0015421686746988,0.0015421686746988,0.0015421686746988,0.0015421686746988,"syn","nonsyn","nonsyn",4.2e-06,5.36e-07,1.17e-06,1.17e-06,"0.00311249999999999","0.00606937500000001","1","0.00606937500000001","K","K","K","N","N",0,1,1,0,0,0,0
"1303",1566,10389,10389,"c","c","t","t",0.00221388006545385,0.00221388006545385,0.00038502262007893,0.00038502262007893,0.00038502262007893,0,0.00038502262007893,0,0.00259890268553278,0.00259890268553278,0.00259890268553278,0.00259890268553278,"stop","nonsyn","nonsyn",4.58e-06,8.37e-07,4.33e-07,4.33e-07,"0.00206876608695652","0.00112460925","0.00217389825","1","Q","Q","*","K","E",1,1,1,0,0,0,0
"1304",1567,10426,10426,"a","a","g","g",0.0080567811241128,0.0080567811241128,0.000575484366008057,0.000575484366008057,0.000191828122002686,0.000383656244005371,0.000191828122002686,0.000383656244005371,0.00863226549012085,0.00863226549012085,0.00863226549012085,0.00863226549012085,"nonsyn","nonsyn","nonsyn",1.77e-05,1.76e-06,1.7e-06,1.7e-06,"0.00219690714285714","0.00295403333333333","0.00917487999999998","0.00443105","Q","Q","R","P","L",1,1,1,1,1,1,0
"1305",1568,10456,10456,"g","g","a","a",0.00105202754399388,0.00105202754399388,9.56388676358072e-05,9.56388676358072e-05,0,9.56388676358072e-05,0,9.56388676358072e-05,0.00114766641162969,0.00114766641162969,0.00114766641162969,0.00114766641162969,"syn","nonsyn","nonsyn",4.2e-06,5.36e-07,1.17e-06,1.17e-06,"0.00399229090909091","0.01223352","1","0.01223352","Q","Q","Q","H","H",0,1,1,0,0,0,0
"1306",1569,10446,10446,"a","a","g","g",0.00325483438636799,0.00325483438636799,0.000478652115642351,0.000478652115642351,9.57304231284702e-05,0.000382921692513881,9.57304231284702e-05,0.000382921692513881,0.00373348650201034,0.00373348650201034,0.00373348650201034,0.00373348650201034,"nonsyn","nonsyn","nonsyn",1.77e-05,1.76e-06,1.7e-06,1.7e-06,"0.00543806470588235","0.00355164","0.01838496","0.00443955","N","N","D","H","Y",1,1,1,0,0,0,0
"1307",1570,10481,10481,"a","a","g","g",0.00486594790573419,0.00486594790573419,9.54107432496899e-05,9.54107432496899e-05,0,9.54107432496899e-05,0,9.54107432496899e-05,0.00496135864898388,0.00496135864898388,0.00496135864898388,0.00496135864898388,"nonsyn","nonsyn","nonsyn",1.77e-05,1.76e-06,1.7e-06,1.7e-06,"0.00363752352941176","0.0178177","1","0.0178177","N","N","S","T","I",0,0,1,0,0,0,0
"1308",1571,10497,10497,"c","c","t","t",0.000571591883395256,0.000571591883395256,9.52653138992093e-05,9.52653138992093e-05,9.52653138992093e-05,0,9.52653138992093e-05,0,0.000666857197294465,0.000666857197294465,0.000666857197294465,0.000666857197294465,"syn","nonsyn","nonsyn",4.58e-06,8.37e-07,4.33e-07,4.33e-07,"0.00801271","0.004545201","0.008785989","1","N","N","N","K","K",0,1,1,0,0,0,0
"1309",1572,10485,10485,"a","a","g","g",0.00200286123032904,0.00200286123032904,0.000190748688602766,0.000190748688602766,9.53743443013829e-05,9.53743443013829e-05,9.53743443013829e-05,9.53743443013829e-05,0.00219360991893181,0.00219360991893181,0.00219360991893181,0.00219360991893181,"nonsyn","nonsyn","nonsyn",1.77e-05,1.76e-06,1.7e-06,1.7e-06,"0.00883735714285715","0.00891224999999999","0.0184536","0.0178245","I","I","V","L","F",0,0,0,1,0,0,0
"1310",1573,10472,10472,"t","t","c","c",0.00362872421695951,0.00362872421695951,0.000572956455309397,0.000572956455309397,0.000572956455309397,0,0.000572956455309397,0,0.00420168067226891,0.00420168067226891,0.00420168067226891,0.00420168067226891,"nonsyn","nonsyn","nonsyn",1.7e-05,1.07e-06,1.21e-06,1.21e-06,"0.00468484210526316","0.00211185333333333","0.00186750666666666","1","I","I","T","N","S",1,1,1,0,0,0,0
"1311",1574,10476,10479,"c","c","t","t",0.00133638793432608,0.00133638793432608,0.000381825124093165,0.000381825124093165,0.000190912562046583,0.000190912562046583,0.000190912562046583,0.000190912562046583,0.00171821305841924,0.00171821305841924,0.00171772115659891,0.00171772115659891,"syn","syn","nonsyn",4.58e-06,8.37e-07,4.33e-07,4.33e-07,"0.00342714857142857","0.001134027","0.00438420599999999","0.002268054","I","I","I","I","M",0,0,0,0,0,0,0
"1312",1575,10528,10528,"c","c","t","t",0.00123480243161094,0.00123480243161094,0.000664893617021277,0.000664893617021277,0.000474924012158055,0.000189969604863222,0.000474924012158055,0.000189969604863222,0.00189969604863222,0.00189969604863222,0.00189969604863222,0.00189969604863222,"stop","nonsyn","nonsyn",4.58e-06,8.37e-07,4.33e-07,4.33e-07,"0.00370909538461539","0.000651232","0.0017623872","0.002279312","Q","Q","*","K","E",1,1,1,0,1,0,1
"1313",1576,10539,10539,"a","a","g","g",0.00265679855773793,0.00265679855773793,0.00113862795331625,0.00113862795331625,0.000189771325552709,0.000948856627763545,0.000189771325552709,0.000948856627763545,0.00379542651105418,0.00379542651105418,0.00379542651105418,0.00379542651105418,"nonsyn","nonsyn","nonsyn",1.77e-05,1.76e-06,1.7e-06,1.7e-06,"0.00666215357142856","0.00149302500000001","0.00927432","0.00179163","Q","Q","R","P","L",1,1,1,1,0,0,0
"1314",1577,10550,10550,"g","a","a","g",0.00161137440758294,0.998199052132701,0.00018957345971564,0.00018957345971564,0,0.00018957345971564,0,0.00018957345971564,0.00180094786729858,0.998388625592417,0.00180094786729858,0.998388625592417,"syn","nonsyn","nonsyn",1.77e-05,1.76e-06,1.7e-06,1.7e-06,"1.77319342892413e-05","0.00896749999999999","1","0.00896749999999999","Q","Q","Q","H","H",0,1,1,0,0,0,0
"1315",1578,10565,10565,"c","c","t","t",0.00132513014671084,0.00132513014671084,0.000473260766682442,0.000473260766682442,0.000378608613345954,9.46521533364884e-05,0.000378608613345954,9.46521533364884e-05,0.00179839091339328,0.00179839091339328,0.00179839091339328,0.00179839091339328,"syn","nonsyn","nonsyn",4.58e-06,8.37e-07,4.33e-07,4.33e-07,"0.00345626428571428","0.000914929","0.00221072625","0.004574645","L","L","L","M","V",0,0,0,0,0,0,0
"1316",1579,10539,10539,"t","t","c","c",0.00483916880159408,0.00483916880159408,0.00085397096498719,0.00085397096498719,0.000759085302210836,9.48856627763545e-05,0.000759085302210836,9.48856627763545e-05,0.00569313976658127,0.00569313976658127,0.00569313976658127,0.00569313976658127,"nonsyn","nonsyn","nonsyn",1.7e-05,1.07e-06,1.21e-06,1.21e-06,"0.003513","0.00141691","0.00140959125","0.01275219","L","L","P","Q","R",1,1,1,1,1,0,1
"1317",1580,10581,10581,"g","g","a","a",0.0012286173329553,0.0012286173329553,0.000189018051223892,0.000189018051223892,0,0.000189018051223892,0,0.000189018051223892,0.00141763538417919,0.00141763538417919,0.00141763538417919,0.00141763538417919,"syn","syn","syn",4.2e-06,5.36e-07,1.17e-06,1.17e-06,"0.00341847692307691","0.006189885","1","0.006189885","L","L","L","L","L",0,0,0,0,0,0,0
"1318",1581,10574,10574,"a","a","g","g",0.00387743521846037,0.00387743521846037,0.000283714772082466,0.000283714772082466,9.45715906941555e-05,0.000189143181388311,9.45715906941555e-05,0.000189143181388311,0.00416114999054284,0.00416114999054284,0.00416114999054284,0.00416114999054284,"nonsyn","nonsyn","nonsyn",1.77e-05,1.76e-06,1.7e-06,1.7e-06,"0.00456487317073171","0.00599193333333334","0.01861024","0.0089879","I","I","V","L","F",0,0,0,0,0,0,0
"1319",1582,10592,10592,"t","t","c","c",0.00396525679758308,0.00396525679758308,0.000377643504531722,0.000377643504531722,0.000283232628398792,9.44108761329305e-05,0.000283232628398792,9.44108761329305e-05,0.0043429003021148,0.0043429003021148,0.0043429003021148,0.0043429003021148,"nonsyn","nonsyn","nonsyn",1.7e-05,1.07e-06,1.21e-06,1.21e-06,"0.0042872380952381","0.00320408","0.00377781333333333","0.01281632","I","I","T","N","S",1,1,1,0,0,0,0
"1320",1583,10559,10559,"c","c","t","t",0.000947059380623165,0.000947059380623165,0.226441897906999,0.226441897906999,0.000757647504498532,0.2256842504025,0.000757647504498532,0.2256842504025,0.227388957287622,0.227388957287622,0.227388957287622,0.227388957287622,"syn","syn","nonsyn",4.58e-06,8.37e-07,4.33e-07,4.33e-07,"0.004836022","1.91219029694688e-06","0.001104735375","1.91860973562736e-06","I","I","I","I","M",0,0,0,0,0,0,0
"1321",1584,9802,9803,"a","a","g","g",0.00387675984492961,0.00387675984492961,0.001020199959192,0.001020199959192,0.000510099979596001,0.000510099979596001,0.000510099979596001,0.000510099979596001,0.00489695980412161,0.00489695980412161,0.00489646026726512,0.00489646026726512,"nonsyn","nonsyn","nonsyn",1.77e-05,1.76e-06,1.7e-06,1.7e-06,"0.00456566842105263","0.00166634","0.003450304","0.00333268","N","N","D","H","Y",1,1,1,1,0,0,0
"1322",1585,10465,10466,"a","a","g","g",0.00344003822264692,0.00344003822264692,0.000573339703774486,0.000573339703774486,0.000286669851887243,0.000286669851887243,0.000286669851887243,0.000286669851887243,0.0040133779264214,0.0040133779264214,0.00401299445824575,0.00401299445824575,"nonsyn","nonsyn","nonsyn",1.77e-05,1.76e-06,1.7e-06,1.7e-06,"0.00514529166666666","0.00296508333333334","0.00613946666666667","0.00593016666666667","N","N","S","T","I",0,0,1,0,0,0,0
"1323",1586,10412,10413,"t","c","c","t",0.00172877449097196,0.997694967345371,0.000576258163657318,0.000576258163657318,0.00019208605455244,0.000384172109104879,0.00019208605455244,0.000384172109104879,0.00230503265462927,0.998271225509028,0.00230481129357534,0.998175357725919,"syn","nonsyn","nonsyn",4.58e-06,8.37e-07,4.33e-07,4.33e-07,"4.59058144012322e-06","0.000751399333333334","0.00435742199999999","0.001127099","N","N","N","K","K",0,1,1,0,0,0,0
"1324",1587,10245,10245,"a","a","g","g",0.00312347486578819,0.00312347486578819,0.000585651537335285,0.000585651537335285,0.000195217179111762,0.000390434358223524,0.000195217179111762,0.000390434358223524,0.00370912640312347,0.00370912640312347,0.00370912640312347,0.00370912640312347,"nonsyn","nonsyn","nonsyn",1.77e-05,1.76e-06,1.7e-06,1.7e-06,"0.005666765625","0.00290275","0.00901559999999999","0.004354125","T","T","A","P","S",1,1,0,1,0,0,0
"1325",1588,10155,10155,"c","c","t","t",0.000984736582964057,0.000984736582964057,0.000295420974889217,0.000295420974889217,0.000295420974889217,0,0.000295420974889217,0,0.00128015755785327,0.00128015755785327,0.00128015755785327,0.00128015755785327,"nonsyn","nonsyn","nonsyn",4.58e-06,8.37e-07,4.33e-07,4.33e-07,"0.00465099","0.001465705","0.002833245","1","T","T","I","N","S",1,0,0,0,0,0,0
"1326",1589,10110,10110,"c","c","t","t",0.00168150346191889,0.00168150346191889,0.00039564787339268,0.00039564787339268,0.00039564787339268,0,0.00039564787339268,0,0.00207715133531157,0.00207715133531157,0.00207715133531157,0.00207715133531157,"syn","syn","syn",4.58e-06,8.37e-07,4.33e-07,4.33e-07,"0.00272375294117647","0.0010944075","0.0021155175","1","T","T","T","T","T",0,0,0,0,1,0,1
"1327",1590,10060,10060,"a","a","g","g",0.262524850894632,0.262524850894632,0.00099403578528827,0.00099403578528827,0,0.00099403578528827,0,0.00099403578528827,0.26351888667992,0.26351888667992,0.26351888667992,0.26351888667992,"nonsyn","nonsyn","nonsyn",1.77e-05,1.76e-06,1.7e-06,1.7e-06,"6.74221885649376e-05","0.0017102","1","0.0017102","N","N","D","H","Y",1,1,1,1,0,0,0
"1328",1591,9680,9680,"a","a","g","g",0.109297520661157,0.109297520661157,0.000206611570247934,0.000206611570247934,0,0.000206611570247934,0,0.000206611570247934,0.109504132231405,0.109504132231405,0.109504132231405,0.109504132231405,"nonsyn","nonsyn","nonsyn",1.77e-05,1.76e-06,1.7e-06,1.7e-06,"0.000161943289224953","0.008228","1","0.008228","N","N","S","T","I",0,0,1,0,0,0,0
"1329",1592,9680,9682,"c","c","t","t",0.00144628099173554,0.00144628099173554,0.210847107438017,0.210847107438017,0.209297520661157,0.0015495867768595,0.209297520661157,0.0015495867768595,0.212293388429752,0.212293388429752,0.212249535219996,0.212249535219996,"syn","nonsyn","nonsyn",4.58e-06,8.37e-07,4.33e-07,4.33e-07,"0.00316674285714285","2.05362077413032e-06","3.9990918065153e-06","0.000279429333333334","N","N","N","K","K",0,1,1,0,0,0,0
"1330",1593,9665,9665,"g","g","a","a",0.00382824624935334,0.00382824624935334,0.000206932229694775,0.000206932229694775,0,0.000206932229694775,0,0.000206932229694775,0.00403517847904811,0.00403517847904811,0.00403517847904811,0.00403517847904811,"nonsyn","nonsyn","nonsyn",4.2e-06,5.36e-07,1.17e-06,1.17e-06,"0.00109710810810811","0.005654025","1","0.005654025","G","G","S","R","C",1,1,0,0,1,1,0
"1331",1594,9683,9683,"g","g","a","a",0.00557678405452855,0.00557678405452855,0,0,0,0,0,0,0.00557678405452855,0.00557678405452855,0.00557678405452855,0.00557678405452855,"nonsyn","nonsyn","nonsyn",4.2e-06,5.36e-07,1.17e-06,1.17e-06,"0.000753122222222223","1","1","1","G","G","D","A","V",1,1,1,0,0,0,0
"1332",1595,9723,9723,"c","c","t","t",0.00154273372415921,0.00154273372415921,0.000411395659775789,0.000411395659775789,0.000411395659775789,0,0.000411395659775789,0,0.001954129383935,0.001954129383935,0.001954129383935,0.001954129383935,"syn","syn","syn",4.58e-06,8.37e-07,4.33e-07,4.33e-07,"0.002968756","0.00105251475","0.00203453775","1","G","G","G","G","G",0,0,0,0,0,0,0
"1333",1596,9714,9714,"a","a","g","g",0.00350010294420424,0.00350010294420424,0.00113238624665431,0.00113238624665431,0.000102944204241301,0.00102944204241301,0.000102944204241301,0.00102944204241301,0.00463248919085855,0.00463248919085855,0.00463248919085855,0.00463248919085855,"nonsyn","nonsyn","nonsyn",1.77e-05,1.76e-06,1.7e-06,1.7e-06,"0.00505699411764706","0.00150125454545455","0.01709664","0.00165138","S","S","G","R","C",1,1,1,1,1,1,0
"1334",1597,9863,9863,"g","g","a","a",0.0531278515664605,0.0531278515664605,0,0,0,0,0,0,0.0531278515664605,0.0531278515664605,0.0531278515664605,0.0531278515664605,"nonsyn","nonsyn","nonsyn",4.2e-06,5.36e-07,1.17e-06,1.17e-06,"7.90545801526718e-05","1","1","1","S","S","N","T","I",0,0,1,0,0,0,0
"1335",1598,10635,10635,"t","t","c","c",0.00150446638457922,0.00150446638457922,0.0381758345086977,0.0381758345086977,0.0269863657733897,0.0111894687353079,0.0269863657733897,0.0111894687353079,0.0396803008932769,0.0396803008932769,0.0396803008932769,0.0396803008932769,"syn","nonsyn","nonsyn",1.7e-05,1.07e-06,1.21e-06,1.21e-06,"0.0112996875","3.16954433497537e-05","3.96496515679443e-05","0.000108137394957984","S","S","S","R","R",0,1,1,0,0,0,0
"1336",1599,10846,10846,"t","t","c","c",0.00414899502120597,0.00414899502120597,0.00331919601696478,0.00331919601696478,0.00331919601696478,0,0.00331919601696478,0,0.00746819103817075,0.00746819103817075,0.00746819103817075,0.00746819103817075,"nonsyn","nonsyn","nonsyn",1.7e-05,1.07e-06,1.21e-06,1.21e-06,"0.00409737777777778","0.000364546111111111","0.000322367222222222","1","W","W","R","R","G",1,1,1,1,0,0,0
"1337",1600,10866,10869,"g","g","a","a",0.00165654334621756,0.00165654334621756,0.000552181115405853,0.000552181115405853,0.000184060371801951,0.000368120743603902,0.000184060371801951,0.000368120743603902,0.00220872446162341,0.00220872446162341,0.00220811482197074,0.00220811482197074,"stop","nonsyn","nonsyn",4.2e-06,5.36e-07,1.17e-06,1.17e-06,"0.0025354","0.00211887","0.002912088","0.003178305","W","W","*","S","L",1,1,0,0,1,1,0
"1338",1601,10885,10885,"g","g","a","a",0.00275608635737253,0.00275608635737253,0.000826825907211759,0.000826825907211759,0.000183739090491502,0.000643086816720257,0.000183739090491502,0.000643086816720257,0.00358291226458429,0.00358291226458429,0.00358291226458429,0.00358291226458429,"stop","nonsyn","nonsyn",4.2e-06,5.36e-07,1.17e-06,1.17e-06,"0.0015239","0.00141505","0.00291718","0.00181935","W","W","*","C","C",1,1,1,0,0,0,0
"1339",1602,10913,10913,"c","c","t","t",0.00302391642994594,0.00302391642994594,0.000366535324841932,0.000366535324841932,0.000274901493631449,9.16338312104829e-05,0.000274901493631449,9.16338312104829e-05,0.00339045175478787,0.00339045175478787,0.00339045175478787,0.00339045175478787,"nonsyn","nonsyn","nonsyn",4.58e-06,8.37e-07,4.33e-07,4.33e-07,"0.00151459212121212","0.00118133225","0.003044727","0.004725329","H","H","Y","N","D",1,1,1,0,0,0,0
"1340",1603,10875,10875,"a","a","g","g",0.00551724137931034,0.00551724137931034,0.000459770114942529,0.000459770114942529,9.19540229885057e-05,0.000367816091954023,9.19540229885057e-05,0.000367816091954023,0.00597701149425287,0.00597701149425287,0.00597701149425287,0.00597701149425287,"nonsyn","nonsyn","nonsyn",1.77e-05,1.76e-06,1.7e-06,1.7e-06,"0.003208125","0.0036975","0.01914","0.004621875","H","H","R","P","L",0,1,1,1,0,0,0
"1341",1604,10918,10918,"c","c","t","t",0.000732734933137937,0.000732734933137937,9.15918666422422e-05,9.15918666422422e-05,9.15918666422422e-05,0,9.15918666422422e-05,0,0.000824326799780179,0.000824326799780179,0.000824326799780179,0.000824326799780179,"syn","nonsyn","nonsyn",4.58e-06,8.37e-07,4.33e-07,4.33e-07,"0.006250555","0.004727494","0.009138366","1","H","H","H","Q","Q",0,1,1,0,0,0,0
"1342",1605,10916,10916,"a","a","g","g",0.00705386588493954,0.00705386588493954,0.000549651887138146,0.000549651887138146,9.16086478563576e-05,0.000458043239281788,9.16086478563576e-05,0.000458043239281788,0.00760351777207768,0.00760351777207768,0.00760351777207768,0.00760351777207768,"nonsyn","nonsyn","nonsyn",1.77e-05,1.76e-06,1.7e-06,1.7e-06,"0.00250926233766234","0.00309286666666667","0.01921216","0.00371144","I","I","V","L","F",0,0,0,1,0,0,0
"1343",1606,10913,10913,"t","t","c","c",0.00458169156052415,0.00458169156052415,0,0,0,0,0,0,0.00458169156052415,0.00458169156052415,0.00458169156052415,0.00458169156052415,"nonsyn","nonsyn","nonsyn",1.7e-05,1.07e-06,1.21e-06,1.21e-06,"0.00371042","1","1","1","I","I","T","N","S",1,1,1,0,0,0,0
"1344",1607,10952,10953,"c","c","t","t",0.00109569028487947,0.00109569028487947,9.13075237399562e-05,9.13075237399562e-05,9.13075237399562e-05,0,9.13075237399562e-05,0,0.00118699780861943,0.00118699780861943,0.00118688943668401,0.00118688943668401,"syn","syn","nonsyn",4.58e-06,8.37e-07,4.33e-07,4.33e-07,"0.00418001333333335","0.004742216","0.009166824","1","I","I","I","I","M",0,0,0,0,0,0,0
"1345",1608,10835,10835,"a","a","g","g",0.00286109829257037,0.00286109829257037,0.000276880479926165,0.000276880479926165,9.22934933087217e-05,0.000184586986617443,9.22934933087217e-05,0.000184586986617443,0.00313797877249654,0.00313797877249654,0.00313797877249654,0.00313797877249654,"nonsyn","nonsyn","nonsyn",1.77e-05,1.76e-06,1.7e-06,1.7e-06,"0.00618643548387098","0.00613983333333334","0.0190696","0.00920975000000002","N","N","D","H","Y",1,1,1,1,0,0,0
"1346",1609,10896,10896,"a","a","g","g",0.00550660792951542,0.00550660792951542,9.1776798825257e-05,9.1776798825257e-05,0,9.1776798825257e-05,0,9.1776798825257e-05,0.00559838472834068,0.00559838472834068,0.00559838472834068,0.00559838472834068,"nonsyn","nonsyn","nonsyn",1.77e-05,1.76e-06,1.7e-06,1.7e-06,"0.00321432","0.0185232","1","0.0185232","N","N","S","T","I",0,0,1,0,0,0,0
"1347",1610,10892,10892,"t","t","c","c",0.00238707308116048,0.00238707308116048,0.000275431509364671,0.000275431509364671,0.000183621006243114,9.18105031215571e-05,0.000183621006243114,9.18105031215571e-05,0.00266250459052516,0.00266250459052516,0.00266250459052516,0.00266250459052516,"syn","nonsyn","nonsyn",1.7e-05,1.07e-06,1.21e-06,1.21e-06,"0.00712169230769232","0.00439310666666667","0.00582722000000001","0.01317932","N","N","N","K","K",0,1,1,0,0,0,0
"1348",1611,10773,10773,"a","a","g","g",0.00232061635570407,0.00232061635570407,0.000278473962684489,0.000278473962684489,0,0.000278473962684489,0,0.000278473962684489,0.00259909031838856,0.00259909031838856,0.00259909031838856,0.00259909031838856,"nonsyn","nonsyn","nonsyn",1.77e-05,1.76e-06,1.7e-06,1.7e-06,"0.00762728400000002","0.0061047","1","0.0061047","S","S","G","R","C",1,1,1,0,1,1,0
"1349",1612,10790,10790,"g","g","a","a",0.00278035217794254,0.00278035217794254,0.00046339202965709,0.00046339202965709,0.00046339202965709,0,0.00046339202965709,0,0.00324374420759963,0.00324374420759963,0.00324374420759963,0.00324374420759963,"nonsyn","nonsyn","nonsyn",4.2e-06,5.36e-07,1.17e-06,1.17e-06,"0.0015106","0.00252486","0.001156688","1","S","S","N","T","I",0,0,1,0,0,0,0
"1350",1613,10789,10789,"c","c","t","t",0.00185373992028918,0.00185373992028918,0.000648808972101214,0.000648808972101214,0.000370747984057837,0.000278060988043378,0.000370747984057837,0.000278060988043378,0.0025025488923904,0.0025025488923904,0.0025025488923904,0.0025025488923904,"syn","nonsyn","nonsyn",4.58e-06,8.37e-07,4.33e-07,4.33e-07,"0.002470681","0.000667376714285714","0.00225759825","0.00155721233333333","S","S","S","R","R",0,1,1,0,0,0,0
"1351",1614,10545,10545,"a","a","g","g",0.00568990042674253,0.00568990042674253,0.00085348506401138,0.00085348506401138,0.000189663347558084,0.000663821716453295,0.000189663347558084,0.000663821716453295,0.00654338549075391,0.00654338549075391,0.00654338549075391,0.00654338549075391,"nonsyn","nonsyn","nonsyn",1.77e-05,1.76e-06,1.7e-06,1.7e-06,"0.003110775","0.00199183333333333","0.00927960000000002","0.00256092857142857","T","T","A","P","S",1,1,0,1,0,0,0
"1352",1615,10552,10552,"c","c","t","t",0.00161106899166035,0.00161106899166035,9.47687642153146e-05,9.47687642153146e-05,9.47687642153146e-05,0,9.47687642153146e-05,0,0.00170583775587566,0.00170583775587566,0.00170583775587566,0.00170583775587566,"nonsyn","nonsyn","nonsyn",4.58e-06,8.37e-07,4.33e-07,4.33e-07,"0.00284283294117647","0.004569016","0.008832024","1","T","T","M","K","R",1,1,1,0,0,0,0
"1353",1616,10515,10515,"g","g","a","a",0.00218735140275796,0.00218735140275796,0.000285306704707561,0.000285306704707561,0,0.000285306704707561,0,0.000285306704707561,0.00247265810746553,0.00247265810746553,0.00247265810746553,0.00247265810746553,"syn","syn","syn",4.2e-06,5.36e-07,1.17e-06,1.17e-06,"0.00192013043478261","0.00410084999999999","1","0.00410084999999999","T","T","T","T","T",0,0,0,0,1,1,0
"1354",1617,10502,10502,"g","g","a","a",0.00228527899447724,0.00228527899447724,0,0,0,0,0,0,0.00228527899447724,0.00228527899447724,0.00228527899447724,0.00228527899447724,"nonsyn","nonsyn","nonsyn",4.2e-06,5.36e-07,1.17e-06,1.17e-06,"0.00183785","1","1","1","A","A","T","P","S",1,1,1,0,0,0,0
"1355",1618,10555,10556,"c","c","t","t",0.000947418285172904,0.000947418285172904,9.47418285172904e-05,9.47418285172904e-05,9.47418285172904e-05,0,9.47418285172904e-05,0,0.00104216011369019,0.00104216011369019,0.00104206138688897,0.00104206138688897,"nonsyn","nonsyn","nonsyn",4.58e-06,8.37e-07,4.33e-07,4.33e-07,"0.00483419","0.004570315","0.008834535","1","A","A","V","D","G",0,1,1,0,0,0,0
"1356",1619,10638,10638,"c","c","t","t",0.00178605000940026,0.00178605000940026,0.000376010528294792,0.000376010528294792,0.000376010528294792,0,0.000376010528294792,0,0.00216206053769506,0.00216206053769506,0.00216206053769506,0.00216206053769506,"syn","syn","syn",4.58e-06,8.37e-07,4.33e-07,4.33e-07,"0.00256431789473685","0.0011515635","0.0022260015","1","A","A","A","A","A",0,0,0,0,1,0,1
"1357",1620,10666,10676,"t","t","c","c",0.00412525782861429,0.00412525782861429,0.00150009375585974,0.00150009375585974,0.00131258203637727,0.000187511719482468,0.00131258203637727,0.000187511719482468,0.00562535158447403,0.00562535158447403,0.00562008242787561,0.00562008242787561,"syn","nonsyn","nonsyn",1.7e-05,1.07e-06,1.21e-06,1.21e-06,"0.00412095454545454","0.000806616250000001","0.000815187142857145","0.00645292999999999","L","L","L","M","V",0,0,0,0,1,0,1
"1358",1621,10557,10557,"t","t","c","c",0.00208392535758265,0.00208392535758265,0.000473619399450601,0.000473619399450601,0.000189447759780241,0.000284171639670361,0.000189447759780241,0.000284171639670361,0.00255754475703325,0.00255754475703325,0.00255754475703325,0.00255754475703325,"nonsyn","stop","nonsyn",1.7e-05,1.07e-06,1.21e-06,1.21e-06,"0.00815768181818181","0.002554794","0.00564799499999999","0.00425799","L","L","S","*","W",1,1,0,1,0,0,0
"1359",1622,10800,10801,"g","g","a","a",0.000833333333333333,0.000833333333333333,0.000277777777777778,0.000277777777777778,0,0.000277777777777778,0,0.000277777777777778,0.00111111111111111,0.00111111111111111,0.00111100823997778,0.00111100823997778,"syn","nonsyn","nonsyn",4.2e-06,5.36e-07,1.17e-06,1.17e-06,"0.00504","0.004212","1","0.004212","L","L","L","F","F",0,0,0,0,0,0,0
"1360",1623,10787,10787,"a","a","g","g",0.00398627978121813,0.00398627978121813,0.000185408361917122,0.000185408361917122,9.27041809585612e-05,9.27041809585612e-05,9.27041809585612e-05,9.27041809585612e-05,0.00417168814313526,0.00417168814313526,0.00417168814313526,0.00417168814313526,"nonsyn","nonsyn","nonsyn",1.77e-05,1.76e-06,1.7e-06,1.7e-06,"0.00444023023255814","0.00916895000000002","0.01898512","0.0183379","N","N","D","H","Y",1,1,1,0,0,0,0
"1361",1624,10820,10820,"a","a","g","g",0.00277264325323475,0.00277264325323475,0.000369685767097967,0.000369685767097967,0.000184842883548983,0.000184842883548983,0.000184842883548983,0.000184842883548983,0.00314232902033272,0.00314232902033272,0.00314232902033272,0.00314232902033272,"nonsyn","nonsyn","nonsyn",1.77e-05,1.76e-06,1.7e-06,1.7e-06,"0.0063838","0.0045985","0.00952160000000002","0.00919700000000002","N","N","S","T","I",0,0,1,0,0,0,0
"1362",1625,10843,10843,"c","c","t","t",0.00285898736512035,0.00285898736512035,0.000737803190998801,0.000737803190998801,0,0.000737803190998801,0,0.000737803190998801,0.00359679055611916,0.00359679055611916,0.00359679055611916,0.00359679055611916,"syn","nonsyn","nonsyn",4.58e-06,8.37e-07,4.33e-07,4.33e-07,"0.00160196580645162","0.000586877375","1","0.000586877375","N","N","N","K","K",0,1,1,0,0,0,0
"1363",1626,10753,10753,"t","t","c","c",0.00427787594159769,0.00427787594159769,0.00288291639542453,0.00288291639542453,0.0026039244861899,0.000278991909234632,0.0026039244861899,0.000278991909234632,0.00716079233702223,0.00716079233702223,0.00716079233702223,0.00716079233702223,"nonsyn","nonsyn","nonsyn",1.7e-05,1.07e-06,1.21e-06,1.21e-06,"0.0039739347826087","0.000419713870967742","0.000410918214285714","0.00433704333333334","C","C","R","S","G",1,1,0,1,1,0,1
"1364",1627,10777,10777,"g","g","a","a",0.00185580402709474,0.00185580402709474,0.000185580402709474,0.000185580402709474,0,0.000185580402709474,0,0.000185580402709474,0.00204138442980421,0.00204138442980421,0.00204138442980421,0.00204138442980421,"nonsyn","nonsyn","nonsyn",4.2e-06,5.36e-07,1.17e-06,1.17e-06,"0.00226317","0.006304545","1","0.006304545","C","C","Y","S","F",1,1,1,0,0,0,0
"1365",1628,10770,10770,"c","c","t","t",0.00204271123491179,0.00204271123491179,9.28505106778087e-05,9.28505106778087e-05,0,9.28505106778087e-05,0,9.28505106778087e-05,0.0021355617455896,0.0021355617455896,0.0021355617455896,0.0021355617455896,"syn","stop","nonsyn",4.58e-06,8.37e-07,4.33e-07,4.33e-07,"0.00224211818181818","0.00466341","1","0.00466341","C","C","C","*","W",0,1,1,0,0,0,0
"1366",1629,10720,10720,"a","a","g","g",0.00345149253731343,0.00345149253731343,0.000932835820895522,0.000932835820895522,9.32835820895522e-05,0.00083955223880597,9.32835820895522e-05,0.00083955223880597,0.00438432835820896,0.00438432835820896,0.00438432835820896,0.00438432835820896,"nonsyn","nonsyn","nonsyn",1.77e-05,1.76e-06,1.7e-06,1.7e-06,"0.00512821621621622","0.0018224","0.0188672","0.00202488888888889","N","N","D","H","Y",1,1,1,1,0,0,0
"1367",1630,10702,10702,"a","a","g","g",0.00364417865819473,0.00364417865819473,0.000560642870491497,0.000560642870491497,9.34404784152495e-05,0.000467202392076247,9.34404784152495e-05,0.000467202392076247,0.00420482152868623,0.00420482152868623,0.00420482152868623,0.00420482152868623,"nonsyn","nonsyn","nonsyn",1.77e-05,1.76e-06,1.7e-06,1.7e-06,"0.00485706153846154","0.00303223333333333","0.01883552","0.00363868","N","N","S","T","I",0,0,1,0,0,0,0
"1368",1631,10661,10661,"t","t","c","c",0.00206359628552669,0.00206359628552669,0.000562798986961823,0.000562798986961823,0.000281399493480912,0.000281399493480912,0.000281399493480912,0.000281399493480912,0.00262639527248851,0.00262639527248851,0.00262639527248851,0.00262639527248851,"syn","nonsyn","nonsyn",1.7e-05,1.07e-06,1.21e-06,1.21e-06,"0.00823804545454544","0.00214996833333334","0.00380242333333333","0.00429993666666666","N","N","N","K","K",0,1,1,1,0,0,0
"1369",1632,10657,10657,"g","g","a","a",0.000375340152012762,0.000375340152012762,0,0,0,0,0,0,0.000375340152012762,0.000375340152012762,0.000375340152012762,0.000375340152012762,"nonsyn","nonsyn","stop",4.2e-06,5.36e-07,1.17e-06,1.17e-06,"0.01118985","1","1","1","D","E","K","Q","*",1,1,1,0,0,0,0
"1370",1633,10646,10646,"a","a","g","g",0.00441480368213413,0.00441480368213413,0.000563591959421379,0.000563591959421379,0,0.000563591959421379,0,0.000563591959421379,0.00497839564155551,0.00497839564155551,0.00497839564155551,0.00497839564155551,"nonsyn","nonsyn","nonsyn",1.77e-05,1.76e-06,1.7e-06,1.7e-06,"0.00400923829787234","0.00301636666666667","1","0.00301636666666667","D","E","G","A","V",1,1,1,0,0,0,0
"1371",1634,10486,10486,"t","a","c","g",0.0364295250810605,0,0.000190730497806599,0.999809269502193,0.000190730497806599,0,0.0364295250810605,0.963379744421133,0.0366202555788671,0.999809269502193,0.0366202555788671,0.999809269502193,"syn","nonsyn","nonsyn",1.77e-05,1.76e-06,1.7e-06,1.7e-06,"1","1.70032430370088e-06","4.83124607329842e-05","1.76462086715502e-06","D","E","E","D","D",0,0,0,0,0,0,0
"1372",1635,10561,10561,"a","a","g","g",0.00274595208787047,0.00274595208787047,0.00151500804848026,0.00151500804848026,9.46880030300161e-05,0.00142032004545024,9.46880030300161e-05,0.00142032004545024,0.00426096013635072,0.00426096013635072,0.00426096013635072,0.00426096013635072,"nonsyn","nonsyn","nonsyn",1.77e-05,1.76e-06,1.7e-06,1.7e-06,"0.00644585172413792","0.00112210625","0.01858736","0.00119691333333333","S","S","G","R","C",1,1,1,0,1,1,0
"1373",1636,10527,10527,"g","g","a","a",0.00123491973021754,0.00123491973021754,0,0,0,0,0,0,0.00123491973021754,0.00123491973021754,0.00123491973021754,0.00123491973021754,"nonsyn","nonsyn","nonsyn",4.2e-06,5.36e-07,1.17e-06,1.17e-06,"0.00340103076923076","1","1","1","S","S","N","T","I",0,0,1,0,0,0,0
"1374",1637,10505,10505,"c","c","t","t",0.0167539267015707,0.0167539267015707,9.51927653498334e-05,9.51927653498334e-05,9.51927653498334e-05,0,9.51927653498334e-05,0,0.0168491194669205,0.0168491194669205,0.0168491194669205,0.0168491194669205,"syn","nonsyn","nonsyn",4.58e-06,8.37e-07,4.33e-07,4.33e-07,"0.00027336875","0.004548665","0.008792685","1","S","S","S","R","R",0,1,1,0,0,0,0
"1375",1638,10518,10518,"c","c","t","t",0.00142612664004564,0.00142612664004564,0.000570450656018254,0.000570450656018254,0.000570450656018254,0,0.000570450656018254,0,0.00199657729606389,0.00199657729606389,0.00199657729606389,0.00199657729606389,"nonsyn","nonsyn","nonsyn",4.58e-06,8.37e-07,4.33e-07,4.33e-07,"0.00321149599999999","0.000759049000000001","0.001467261","1","L","L","F","I","V",0,0,0,0,1,0,1
"1376",1639,10191,10192,"t","t","c","c",0.0035325287017957,0.0035325287017957,0.00215876753998626,0.00215876753998626,0.00196251594544206,0.000196251594544206,0.00196251594544206,0.000196251594544206,0.00569129624178196,0.00569129624178196,0.00569073783359498,0.00569073783359498,"nonsyn","nonsyn","nonsyn",1.7e-05,1.07e-06,1.21e-06,1.21e-06,"0.00481241666666667","0.000560505000000001","0.000545218499999999","0.00616555499999999","L","L","P","H","R",1,1,1,0,1,0,1
"1377",1640,10178,10178,"t","t","c","c",0.0114953821968953,0.0114953821968953,0.000982511298879937,0.000982511298879937,0.000982511298879937,0,0.000982511298879937,0,0.0124778934957752,0.0124778934957752,0.0124778934957752,0.0124778934957752,"syn","syn","syn",1.7e-05,1.07e-06,1.21e-06,1.21e-06,"0.0014788547008547","0.001231538","0.001089046","1","L","L","L","L","L",0,0,0,0,0,0,0
"1378",1641,9916,9917,"a","a","g","g",0.00110931827349738,0.00110931827349738,0.000201694231544978,0.000201694231544978,0.000100847115772489,0.000100847115772489,0.000100847115772489,0.000100847115772489,0.00131101250504236,0.00131101250504236,0.00131088030654432,0.00131088030654432,"nonsyn","nonsyn","nonsyn",1.77e-05,1.76e-06,1.7e-06,1.7e-06,"0.0159557454545454","0.00842859999999999","0.01745216","0.0168572","N","N","D","H","Y",1,1,1,0,0,0,0
"1379",1642,9932,9932,"a","a","g","g",0.00261780104712042,0.00261780104712042,0.000302053966975433,0.000302053966975433,0,0.000302053966975433,0,0.000302053966975433,0.00291985501409585,0.00291985501409585,0.00291985501409585,0.00291985501409585,"nonsyn","nonsyn","nonsyn",1.77e-05,1.76e-06,1.7e-06,1.7e-06,"0.0067614","0.00562813333333333","1","0.00562813333333333","N","N","S","T","I",0,0,1,0,0,0,0
"1380",1643,9888,9888,"c","c","t","t",0.00171925566343042,0.00171925566343042,0.000101132686084142,0.000101132686084142,0,0.000101132686084142,0,0.000101132686084142,0.00182038834951456,0.00182038834951456,0.00182038834951456,0.00182038834951456,"syn","nonsyn","nonsyn",4.58e-06,8.37e-07,4.33e-07,4.33e-07,"0.00266394352941177","0.00428150400000002","1","0.00428150400000002","N","N","N","K","K",0,1,1,0,0,0,0
"1381",1644,9793,9795,"a","a","g","g",0.353415705095476,0.353415705095476,0.000102113754722761,0.000102113754722761,0,0.000102113754722761,0,0.000102113754722761,0.353517818850199,0.353517818850199,0.353445635528331,0.353445635528331,"nonsyn","nonsyn","nonsyn",1.77e-05,1.76e-06,1.7e-06,1.7e-06,"5.00826639699509e-05","0.0166481","1","0.0166481","T","T","A","P","S",1,1,0,1,0,0,0
"1382",1645,9804,9804,"c","c","t","t",0.000917992656058752,0.000917992656058752,0.000305997552019584,0.000305997552019584,0.000101999184006528,0.000203998368013056,0.000101999184006528,0.000203998368013056,0.00122399020807834,0.00122399020807834,0.00122399020807834,0.00122399020807834,"nonsyn","nonsyn","nonsyn",4.58e-06,8.37e-07,4.33e-07,4.33e-07,"0.00498914666666666","0.001415044","0.008205948","0.002122566","T","T","I","N","S",1,0,0,0,0,0,0
"1383",1646,9693,9693,"c","c","t","t",0.0470442587434231,0.0470442587434231,0.000515836170432271,0.000515836170432271,0.000412668936345817,0.000103167234086454,0.000412668936345817,0.000103167234086454,0.0475600949138554,0.0475600949138554,0.0475600949138554,0.0475600949138554,"syn","syn","syn",4.58e-06,8.37e-07,4.33e-07,4.33e-07,"9.73551315789474e-05","0.0008394138","0.00202826025","0.00419706900000001","T","T","T","T","T",0,0,0,0,1,0,1
"1384",1647,9681,9681,"g","g","a","a",0.00216919739696312,0.00216919739696312,0.000516475570705506,0.000516475570705506,0.000103295114141101,0.000413180456564405,0.000103295114141101,0.000413180456564405,0.00268567296766863,0.00268567296766863,0.00268567296766863,0.00268567296766863,"nonsyn","nonsyn","nonsyn",4.2e-06,5.36e-07,1.17e-06,1.17e-06,"0.0019362","0.002265354","0.00518901600000001","0.0028316925","G","G","S","R","C",1,1,0,0,1,1,0
"1385",1648,9690,9690,"g","g","a","a",0.0022703818369453,0.0022703818369453,0.000103199174406605,0.000103199174406605,0,0.000103199174406605,0,0.000103199174406605,0.00237358101135191,0.00237358101135191,0.00237358101135191,0.00237358101135191,"nonsyn","nonsyn","nonsyn",4.2e-06,5.36e-07,1.17e-06,1.17e-06,"0.00184990909090909","0.0113373","1","0.0113373","G","G","D","A","V",1,1,1,0,0,0,0
"1386",1649,9754,9754,"c","c","t","t",0.00174287471806438,0.00174287471806438,0.000205044084478163,0.000205044084478163,0.000102522042239081,0.000102522042239081,0.000102522042239081,0.000102522042239081,0.00194791880254255,0.00194791880254255,0.00194791880254255,0.00194791880254255,"syn","syn","syn",4.58e-06,8.37e-07,4.33e-07,4.33e-07,"0.00262784235294118","0.002111741","0.00816409800000003","0.00422348200000002","G","G","G","G","G",0,0,0,0,0,0,0
"1387",1650,9758,9758,"t","t","c","c",0.00276696044271367,0.00276696044271367,0.000614880098380816,0.000614880098380816,0.000307440049190408,0.000307440049190408,0.000307440049190408,0.000307440049190408,0.00338184054109449,0.00338184054109449,0.00338184054109449,0.00338184054109449,"nonsyn","nonsyn","nonsyn",1.7e-05,1.07e-06,1.21e-06,1.21e-06,"0.00614392592592593","0.00196786333333333","0.00348035333333333","0.00393572666666667","W","W","R","R","G",1,1,1,1,1,0,1
"1388",1651,9756,9756,"g","g","a","a",0.0211152111521115,0.0211152111521115,0.00030750307503075,0.00030750307503075,0.00010250102501025,0.0002050020500205,0.00010250102501025,0.0002050020500205,0.0214227142271423,0.0214227142271423,0.0214227142271423,0.0214227142271423,"stop","nonsyn","nonsyn",4.2e-06,5.36e-07,1.17e-06,1.17e-06,"0.000198908737864078","0.00380484","0.00522921600000001","0.00570726000000001","W","W","*","S","L",1,1,0,0,1,1,0
"1389",1652,9779,9779,"g","g","a","a",0.00112485939257593,0.00112485939257593,0.00020451988955926,0.00020451988955926,0,0.00020451988955926,0,0.00020451988955926,0.00132937928213519,0.00132937928213519,0.00132937928213519,0.00132937928213519,"stop","nonsyn","nonsyn",4.2e-06,5.36e-07,1.17e-06,1.17e-06,"0.00373379999999999","0.00572071499999999","1","0.00572071499999999","W","W","*","C","C",1,1,1,0,0,0,0
"1390",1653,9786,9789,"t","t","c","c",0.00235029634171265,0.00235029634171265,0.000613120784794605,0.000613120784794605,0.000306560392397302,0.000306560392397302,0.000306560392397302,0.000306560392397302,0.00296341712650726,0.00296341712650726,0.00296250893860456,0.00296250893860456,"syn","nonsyn","nonsyn",1.7e-05,1.07e-06,1.21e-06,1.21e-06,"0.00723313043478261","0.00197351","0.00349034","0.00394702","L","L","L","I","V",0,0,0,0,0,0,0
"1391",1654,9853,9853,"t","t","c","c",0.00304475794174363,0.00304475794174363,0.000101491931391454,0.000101491931391454,0.000101491931391454,0,0.000101491931391454,0,0.00314624987313509,0.00314624987313509,0.00314624987313509,0.00314624987313509,"nonsyn","stop","stop",1.7e-05,1.07e-06,1.21e-06,1.21e-06,"0.00558336666666667","0.01192213","0.01054271","1","L","L","S","*","*",1,1,1,0,0,0,0
"1392",1655,9790,9791,"a","a","g","g",0.0024514811031665,0.0024514811031665,0.00112359550561798,0.00112359550561798,0.000204290091930541,0.000919305413687436,0.000204290091930541,0.000919305413687436,0.00357507660878447,0.00357507660878447,0.00357471146971709,0.00357471146971709,"syn","nonsyn","nonsyn",1.77e-05,1.76e-06,1.7e-06,1.7e-06,"0.00722012499999999","0.001513","0.00861520000000002","0.00184922222222222","L","L","L","F","F",0,0,0,0,1,1,0
"1393",1656,9769,9770,"g","g","a","a",0.00163783396458184,0.00163783396458184,0.000307093868359095,0.000307093868359095,0,0.000307093868359095,0,0.000307093868359095,0.00194492783294094,0.00194492783294094,0.00194472876151484,0.00194472876151484,"nonsyn","nonsyn","nonsyn",4.2e-06,5.36e-07,1.17e-06,1.17e-06,"0.0025643625","0.00380991","1","0.00380991","A","A","T","P","S",1,1,1,0,0,0,0
"1394",1657,9777,9778,"c","c","t","t",0.00327298762401555,0.00327298762401555,0,0,0,0,0,0,0.00327298762401555,0.00327298762401555,0.0032726528942524,0.0032726528942524,"nonsyn","nonsyn","nonsyn",4.58e-06,8.37e-07,4.33e-07,4.33e-07,"0.001399333125","1","1","1","A","A","V","E","G",0,1,1,0,0,0,0
"1395",1658,9713,9713,"a","a","g","g",0.00360341809945434,0.00360341809945434,0.00144136723978174,0.00144136723978174,0.000308864408524658,0.00113250283125708,0.000308864408524658,0.00113250283125708,0.00504478533923608,0.00504478533923608,0.00504478533923608,0.00504478533923608,"syn","syn","syn",1.77e-05,1.76e-06,1.7e-06,1.7e-06,"0.00491200285714286","0.00117943571428571","0.00569829333333333","0.0015011","A","A","A","A","A",0,0,0,1,1,1,0
"1396",1659,9613,9615,"g","g","a","a",0.00166441277436804,0.00166441277436804,0.000312077395194008,0.000312077395194008,0,0.000312077395194008,0,0.000312077395194008,0.00197649016956205,0.00197649016956205,0.00197607904316173,0.00197607904316173,"nonsyn","nonsyn","nonsyn",4.2e-06,5.36e-07,1.17e-06,1.17e-06,"0.0025234125","0.00374907","1","0.00374907","G","G","R","R","W",1,1,1,0,1,1,0
"1397",1660,9605,9605,"g","g","a","a",0.00114523685580427,0.00114523685580427,0,0,0,0,0,0,0.00114523685580427,0.00114523685580427,0.00114523685580427,0.00114523685580427,"nonsyn","nonsyn","nonsyn",4.2e-06,5.36e-07,1.17e-06,1.17e-06,"0.00366736363636363","1","1","1","G","G","E","A","V",1,1,1,0,1,1,0
"1398",1661,9591,9592,"g","g","a","a",0.0404545928474612,0.0404545928474612,0.000312793243665937,0.000312793243665937,0,0.000312793243665937,0,0.000312793243665937,0.0407673860911271,0.0407673860911271,0.0407631359466222,0.0407631359466222,"syn","syn","syn",4.2e-06,5.36e-07,1.17e-06,1.17e-06,"0.000103820103092783","0.00374049","1","0.00374049","G","G","G","G","G",0,0,0,0,0,0,0
"1399",1662,9589,9589,"c","c","t","t",0.00657002815726353,0.00657002815726353,0.000312858483679216,0.000312858483679216,0.000312858483679216,0,0.000312858483679216,0,0.00688288664094275,0.00688288664094275,0.00688288664094275,0.00688288664094275,"nonsyn","nonsyn","nonsyn",4.58e-06,8.37e-07,4.33e-07,4.33e-07,"0.00069710507936508","0.00138401233333333","0.002675331","1","L","L","F","I","V",0,0,0,0,0,0,0
"1400",1663,9513,9517,"t","t","c","c",0.0114580048354883,0.0114580048354883,0.000105119310417324,0.000105119310417324,0.000105119310417324,0,0.000105119310417324,0,0.0115631241459056,0.0115631241459056,0.0115582641588736,0.0115582641588736,"nonsyn","nonsyn","nonsyn",1.7e-05,1.07e-06,1.21e-06,1.21e-06,"0.00148367889908257","0.01151073","0.01017891","1","L","L","P","H","R",1,1,1,0,1,0,1
"1401",1664,9260,9260,"t","c","c","t",0.0701943844492441,0.929373650107991,0.000431965442764579,0.000431965442764579,0.000215982721382289,0.000215982721382289,0.000215982721382289,0.000215982721382289,0.0706263498920086,0.929805615550756,0.0706263498920086,0.929805615550756,"syn","syn","syn",4.58e-06,8.37e-07,4.33e-07,4.33e-07,"4.9280501975366e-06","0.001002395","0.00387531000000001","0.00200479","L","L","L","L","L",0,0,0,0,0,0,0
"1402",1665,9312,9312,"t","t","c","c",0.00257731958762887,0.00257731958762887,0.101052405498282,0.101052405498282,0.100408075601375,0.000644329896907216,0.100408075601375,0.000644329896907216,0.103629725085911,0.103629725085911,0.103629725085911,0.103629725085911,"nonsyn","nonsyn","nonsyn",1.7e-05,1.07e-06,1.21e-06,1.21e-06,"0.00659599999999999","1.19739851222104e-05","1.06565133689839e-05","0.00187792","F","F","L","I","V",0,0,0,0,1,0,1
"1403",1666,8946,8946,"t","t","c","c",0.001900290632685,0.001900290632685,0.000447127207690588,0.000447127207690588,0.000447127207690588,0,0.000447127207690588,0,0.00234741784037559,0.00234741784037559,0.00234741784037559,0.00234741784037559,"nonsyn","nonsyn","nonsyn",1.7e-05,1.07e-06,1.21e-06,1.21e-06,"0.00894599999999999","0.002706165","0.002393055","1","F","F","S","Y","C",1,0,1,0,0,0,0
"1404",1667,8966,8966,"c","c","t","t",0.000780727191612759,0.000780727191612759,0.00011153245594468,0.00011153245594468,0.00011153245594468,0,0.00011153245594468,0,0.000892259647557439,0.000892259647557439,0.000892259647557439,0.000892259647557439,"syn","nonsyn","nonsyn",4.58e-06,8.37e-07,4.33e-07,4.33e-07,"0.00586632571428572","0.003882278","0.00750454199999999","1","F","F","F","L","L",0,0,0,0,0,0,0
"1405",1668,8899,8900,"t","t","c","c",0.0023598157096303,0.0023598157096303,0.000224744353298123,0.000224744353298123,0.000112372176649062,0.000112372176649062,0.000112372176649062,0.000112372176649062,0.00258456006292842,0.00258456006292842,0.00258426966292135,0.00258426966292135,"nonsyn","nonsyn","nonsyn",1.7e-05,1.07e-06,1.21e-06,1.21e-06,"0.00720395238095237","0.00538389500000001","0.00952192999999997","0.01076779","Y","Y","H","N","D",1,1,1,0,1,0,1
"1406",1669,8869,8869,"a","a","g","g",0.00383357762994701,0.00383357762994701,0.000112752283233735,0.000112752283233735,0,0.000112752283233735,0,0.000112752283233735,0.00394632991318074,0.00394632991318074,0.00394632991318074,0.00394632991318074,"nonsyn","nonsyn","nonsyn",1.77e-05,1.76e-06,1.7e-06,1.7e-06,"0.00461709705882353","0.0150773000000001","1","0.0150773000000001","Y","Y","C","S","F",1,1,0,0,0,0,0
"1407",1670,8877,8877,"c","t","t","c",0.00123915737298637,0.998760842627014,0,0,0,0,0,0,0.00123915737298637,0.998760842627014,0.00123915737298637,0.998760842627014,"syn","stop","stop",1.7e-05,1.07e-06,1.21e-06,1.21e-06,"1.70210918114144e-05","1","1","1","Y","Y","Y","*","*",0,1,1,0,0,0,0
"1408",1671,8637,8637,"t","c","c","t",0.178186870441125,0.82123422484659,0.000578904712284358,0.000578904712284358,0.000578904712284358,0,0.000578904712284358,0,0.17876577515341,0.821813129558875,0.17876577515341,0.821813129558875,"stop","nonsyn","nonsyn",4.58e-06,8.37e-07,4.33e-07,4.33e-07,"5.57697166220217e-06","0.0007479642","0.0014458338","1","Y","Q","*","K","E",1,1,1,0,0,0,0
"1409",1672,8618,8618,"a","a","g","g",0.00208865165931771,0.00208865165931771,0.000232072406590856,0.000232072406590856,0.000116036203295428,0.000116036203295428,0.000116036203295428,0.000116036203295428,0.00232072406590856,0.00232072406590856,0.00232072406590856,0.00232072406590856,"nonsyn","nonsyn","nonsyn",1.77e-05,1.76e-06,1.7e-06,1.7e-06,"0.00847436666666665","0.00732530000000001","0.01516768","0.0146506","Y","Q","R","P","L",1,1,1,1,1,1,0
"1410",1673,8567,8567,"t","g","c","a",0.00350180926812186,0.000116726975604062,0.000350180926812186,0.999649819073188,0.000116726975604062,0.000233453951208124,0.00350180926812186,0.996148009805066,0.00385199019493405,0.999766546048792,0.00385199019493405,0.999766546048792,"syn","nonsyn","nonsyn",4.2e-06,5.36e-07,1.17e-06,1.17e-06,"0.0359814","1.17040985520785e-06","0.000153063733333333","1.17452425591751e-06","Y","Q","Q","H","H",0,1,1,0,0,0,0
"1411",1674,8509,8509,"c","c","t","t",0.060641673522153,0.060641673522153,0.0227993888823599,0.0227993888823599,0.0226818662592549,0.000117522623104948,0.0226818662592549,0.000117522623104948,0.0834410624045129,0.0834410624045129,0.0834410624045129,0.0834410624045129,"nonsyn","nonsyn","nonsyn",4.58e-06,8.37e-07,4.33e-07,4.33e-07,"7.55256201550388e-05","1.8991737113402e-05","3.6901725388601e-05","0.00368439699999999","H","H","Y","N","D",1,1,1,0,0,0,0
"1412",1675,8538,8538,"a","a","g","g",0.00386507378777231,0.00386507378777231,0.00046849379245725,0.00046849379245725,0.000351370344342937,0.000117123448114312,0.000351370344342937,0.000117123448114312,0.00433356758022956,0.00433356758022956,0.00433356758022956,0.00433356758022956,"nonsyn","nonsyn","nonsyn",1.77e-05,1.76e-06,1.7e-06,1.7e-06,"0.00457947272727273","0.00362865","0.00500896000000001","0.0145146000000001","H","H","R","P","L",0,1,1,1,0,0,0
"1413",1676,8552,8552,"c","c","t","t",0.000233863423760524,0.000233863423760524,0.000116931711880262,0.000116931711880262,0.000116931711880262,0,0.000116931711880262,0,0.000350795135640786,0.000350795135640786,0.000350795135640786,0.000350795135640786,"syn","nonsyn","nonsyn",4.58e-06,8.37e-07,4.33e-07,4.33e-07,"0.01958408","0.003703016","0.007158024","1","H","H","H","Q","Q",0,1,1,0,0,0,0
"1414",1677,8553,8553,"a","a","g","g",0.00303986905179469,0.00303986905179469,0.0014030164854437,0.0014030164854437,0.000701508242721852,0.000701508242721852,0.000701508242721852,0.000701508242721852,0.0044428855372384,0.0044428855372384,0.0044428855372384,0.0044428855372384,"nonsyn","nonsyn","stop",1.77e-05,1.76e-06,1.7e-06,1.7e-06,"0.00582261923076923","0.001211675","0.00250888","0.00242335","K","K","E","Q","*",1,1,1,1,0,0,0
"1415",1678,8507,8507,"a","a","g","g",0.00188080404372869,0.00188080404372869,0.000587751263665217,0.000587751263665217,0,0.000587751263665217,0,0.000587751263665217,0.00246855530739391,0.00246855530739391,0.00246855530739391,0.00246855530739391,"nonsyn","nonsyn","nonsyn",1.77e-05,1.76e-06,1.7e-06,1.7e-06,"0.00941086875000002","0.00289238","1","0.00289238","K","K","R","T","I",0,1,1,0,0,0,0
"1416",1679,8489,8489,"a","a","g","g",0.00153139356814701,0.00153139356814701,0,0,0,0,0,0,0.00153139356814701,0.00153139356814701,0.00153139356814701,0.00153139356814701,"syn","nonsyn","nonsyn",1.77e-05,1.76e-06,1.7e-06,1.7e-06,"0.0115581","1","1","1","K","K","K","N","N",0,1,1,0,0,0,0
"1417",1680,8478,8478,"t","t","c","c",0.00483604623732012,0.00483604623732012,0.000471809389006841,0.000471809389006841,0.000235904694503421,0.000235904694503421,0.000235904694503421,0.000235904694503421,0.00530785562632696,0.00530785562632696,0.00530785562632696,0.00530785562632696,"nonsyn","nonsyn","nonsyn",1.7e-05,1.07e-06,1.21e-06,1.21e-06,"0.00351526829268293","0.002564595","0.00453572999999999","0.00512918999999999","F","F","L","I","V",0,0,0,0,0,0,0
"1418",1681,8447,8447,"t","t","c","c",0.00556410559962117,0.00556410559962117,0.000591926127619273,0.000591926127619273,0.000473540902095418,0.000118385225523855,0.000473540902095418,0.000118385225523855,0.00615603172724044,0.00615603172724044,0.00615603172724044,0.00615603172724044,"nonsyn","nonsyn","nonsyn",1.7e-05,1.07e-06,1.21e-06,1.21e-06,"0.00305529787234042","0.002044174","0.0022595725","0.01022087","F","F","S","Y","C",1,0,1,0,0,0,0
"1419",1682,8429,8429,"c","c","t","t",0.00154229445960375,0.00154229445960375,0.000711828212124807,0.000711828212124807,0.000711828212124807,0,0.000711828212124807,0,0.00225412267172856,0.00225412267172856,0.00225412267172856,0.00225412267172856,"syn","nonsyn","nonsyn",4.58e-06,8.37e-07,4.33e-07,4.33e-07,"0.00296960153846154","0.000608292833333334","0.0011758455","1","F","F","F","L","L",0,0,0,0,0,0,0
"1420",1683,8364,8364,"a","a","g","g",0.00478240076518412,0.00478240076518412,0.00179340028694405,0.00179340028694405,0.000119560019129603,0.00167384026781444,0.000119560019129603,0.00167384026781444,0.00657580105212817,0.00657580105212817,0.00657580105212817,0.00657580105212817,"nonsyn","nonsyn","nonsyn",1.77e-05,1.76e-06,1.7e-06,1.7e-06,"0.00370107","0.000947919999999998","0.01472064","0.00101562857142857","N","N","D","H","Y",1,1,1,1,0,0,0
"1421",1684,8332,8332,"a","a","g","g",0.00348055688910226,0.00348055688910226,0.000360057609217475,0.000360057609217475,0.000240038406144983,0.000120019203072492,0.000240038406144983,0.000120019203072492,0.00384061449831973,0.00384061449831973,0.00384061449831973,0.00384061449831973,"nonsyn","nonsyn","nonsyn",1.77e-05,1.76e-06,1.7e-06,1.7e-06,"0.00508539310344827","0.00472146666666666","0.00733216000000001","0.0141644","N","N","S","T","I",0,0,1,0,0,0,0
"1422",1685,8335,8335,"c","c","t","t",0.00107978404319136,0.00107978404319136,0.00023995200959808,0.00023995200959808,0.00011997600479904,0.00011997600479904,0.00011997600479904,0.00011997600479904,0.00131973605278944,0.00131973605278944,0.00131973605278944,0.00131973605278944,"syn","nonsyn","nonsyn",4.58e-06,8.37e-07,4.33e-07,4.33e-07,"0.0042415888888889","0.0018045275","0.00697639500000001","0.00360905500000001","N","N","N","K","K",0,1,1,0,0,0,0
"1423",1686,8247,8247,"t","t","c","c",0.00412271128895356,0.00412271128895356,0.000121256214380987,0.000121256214380987,0,0.000121256214380987,0,0.000121256214380987,0.00424396750333455,0.00424396750333455,0.00424396750333455,0.00424396750333455,"nonsyn","nonsyn","nonsyn",1.7e-05,1.07e-06,1.21e-06,1.21e-06,"0.0041235","0.00997887","1","0.00997887","S","S","P","T","A",1,0,1,0,1,0,1
"1424",1687,8263,8263,"c","c","t","t",0.00036306426237444,0.00036306426237444,0.00036306426237444,0.00036306426237444,0.00036306426237444,0,0.00036306426237444,0,0.000726128524748881,0.000726128524748881,0.000726128524748881,0.000726128524748881,"nonsyn","nonsyn","nonsyn",4.58e-06,8.37e-07,4.33e-07,4.33e-07,"0.0126148466666667","0.00119262633333333","0.002305377","1","S","S","F","Y","C",1,1,1,0,0,0,0
"1425",1688,8218,8218,"t","t","c","c",0.0030421027013872,0.0030421027013872,0.000486736432221952,0.000486736432221952,0.000365052324166464,0.000121684108055488,0.000365052324166464,0.000121684108055488,0.00352883913360915,0.00352883913360915,0.00352883913360915,0.00352883913360915,"syn","syn","syn",1.7e-05,1.07e-06,1.21e-06,1.21e-06,"0.00558824","0.002485945","0.00293108666666667","0.00994378","S","S","S","S","S",0,0,0,0,1,0,1
"1426",1689,8199,8199,"t","t","c","c",0.00292718624222466,0.00292718624222466,0.000243932186852055,0.000243932186852055,0.000243932186852055,0,0.000243932186852055,0,0.00317111842907672,0.00317111842907672,0.00317111842907672,0.00317111842907672,"nonsyn","nonsyn","nonsyn",1.7e-05,1.07e-06,1.21e-06,1.21e-06,"0.005807625","0.004960395","0.004386465","1","S","S","P","T","A",1,0,1,0,0,0,0
"1427",1690,8119,8119,"c","c","t","t",0.000862175144722256,0.000862175144722256,0,0,0,0,0,0,0.000862175144722256,0.000862175144722256,0.000862175144722256,0.000862175144722256,"nonsyn","stop","stop",4.58e-06,8.37e-07,4.33e-07,4.33e-07,"0.00531214571428572","1","1","1","S","S","L","*","*",1,1,1,0,0,0,0
"1428",1691,8030,8030,"a","a","g","g",0.00572851805728518,0.00572851805728518,0.0012453300124533,0.0012453300124533,0,0.0012453300124533,0,0.0012453300124533,0.00697384806973848,0.00697384806973848,0.00697384806973848,0.00697384806973848,"syn","syn","syn",1.77e-05,1.76e-06,1.7e-06,1.7e-06,"0.00308980434782609","0.0013651","1","0.0013651","S","S","S","S","S",0,0,0,1,1,1,0
"1429",1692,7981,7981,"g","g","a","a",0.000375892745270016,0.000375892745270016,0.000751785490540033,0.000751785490540033,0.000125297581756672,0.000626487908783361,0.000125297581756672,0.000626487908783361,0.00112767823581005,0.00112767823581005,0.00112767823581005,0.00112767823581005,"nonsyn","nonsyn","nonsyn",4.2e-06,5.36e-07,1.17e-06,1.17e-06,"0.0111734","0.001556295","0.004277816","0.001867554","G","G","S","R","C",1,1,0,0,1,1,0
"1430",1693,7772,7772,"g","g","a","a",0.00244467318579516,0.00244467318579516,0.000257334019557386,0.000257334019557386,0.000128667009778693,0.000128667009778693,0.000128667009778693,0.000128667009778693,0.00270200720535255,0.00270200720535255,0.00270200720535255,0.00270200720535255,"nonsyn","nonsyn","nonsyn",4.2e-06,5.36e-07,1.17e-06,1.17e-06,"0.00171802105263158","0.00454661999999999","0.00416579199999999","0.00909323999999998","G","G","D","A","V",1,1,1,0,0,0,0
"1431",1694,7779,7779,"c","c","t","t",0.00179971718729914,0.00179971718729914,0.000257102455328448,0.000257102455328448,0.000128551227664224,0.000128551227664224,0.000128551227664224,0.000128551227664224,0.00205681964262759,0.00205681964262759,0.00205681964262759,0.00205681964262759,"syn","syn","syn",4.58e-06,8.37e-07,4.33e-07,4.33e-07,"0.00254484428571428","0.0016841535","0.00651102300000001","0.00336830700000001","G","G","G","G","G",0,0,0,0,0,0,0
"1432",1695,7772,7772,"t","t","c","c",0.00501801338136902,0.00501801338136902,0.00102933607822954,0.00102933607822954,0.000514668039114771,0.000514668039114771,0.000514668039114771,0.000514668039114771,0.00604734945959856,0.00604734945959856,0.00604734945959856,0.00604734945959856,"nonsyn","nonsyn","nonsyn",1.7e-05,1.07e-06,1.21e-06,1.21e-06,"0.00338779487179487","0.001175515","0.00207901","0.00235103","C","C","R","S","G",1,1,0,1,1,0,1
"1433",1696,7771,7771,"g","g","a","a",0.0012868356710848,0.0012868356710848,0,0,0,0,0,0,0.0012868356710848,0.0012868356710848,0.0012868356710848,0.0012868356710848,"nonsyn","nonsyn","nonsyn",4.2e-06,5.36e-07,1.17e-06,1.17e-06,"0.00326382000000001","1","1","1","C","C","Y","S","F",1,1,1,0,0,0,0
"1434",1697,7767,7768,"t","t","c","c",0.00424874468906914,0.00424874468906914,0.000386249517188104,0.000386249517188104,0.000386249517188104,0,0.000386249517188104,0,0.00463499420625724,0.00463499420625724,0.00463439752832132,0.00463439752832132,"syn","stop","nonsyn",1.7e-05,1.07e-06,1.21e-06,1.21e-06,"0.00400118181818182","0.00313269","0.00277023","1","C","C","C","*","W",0,1,1,0,0,0,0
"1435",1698,7772,7772,"c","c","t","t",0.00128667009778693,0.00128667009778693,0.000643335048893464,0.000643335048893464,0.000514668039114771,0.000128667009778693,0.000514668039114771,0.000128667009778693,0.00193000514668039,0.00193000514668039,0.00193000514668039,0.00193000514668039,"nonsyn","nonsyn","nonsyn",4.58e-06,8.37e-07,4.33e-07,4.33e-07,"0.00355957599999999","0.0006730552","0.001626291","0.00336527599999999","P","P","S","T","A",1,1,1,0,0,0,0
"1436",1699,7749,7749,"c","c","t","t",0.00219383146212415,0.00219383146212415,0.000387146728610143,0.000387146728610143,0.000387146728610143,0,0.000387146728610143,0,0.00258097819073429,0.00258097819073429,0.00258097819073429,0.00258097819073429,"nonsyn","nonsyn","nonsyn",4.58e-06,8.37e-07,4.33e-07,4.33e-07,"0.00208767176470588","0.001118439","0.002161971","1","P","P","L","H","R",1,1,1,0,1,0,1
"1437",1700,7456,7456,"t","t","c","c",0.00335300429184549,0.00335300429184549,0.00160944206008584,0.00160944206008584,0.00107296137339056,0.000536480686695279,0.00107296137339056,0.000536480686695279,0.00496244635193133,0.00496244635193133,0.00496244635193133,0.00496244635193133,"syn","syn","syn",1.7e-05,1.07e-06,1.21e-06,1.21e-06,"0.00507008000000001","0.000751813333333332","0.000997239999999998","0.00225544","P","P","P","P","P",0,0,0,1,1,0,1
"1438",1701,7559,7559,"g","g","a","a",0.000793755787802619,0.000793755787802619,0.000264585262600873,0.000264585262600873,0.000132292631300437,0.000132292631300437,0.000132292631300437,0.000132292631300437,0.00105834105040349,0.00105834105040349,0.00105834105040349,0.00105834105040349,"nonsyn","nonsyn","stop",4.2e-06,5.36e-07,1.17e-06,1.17e-06,"0.0052913","0.004422015","0.00405162399999999","0.00884402999999997","E","E","K","Q","*",1,1,1,0,0,0,0
"1439",1702,7384,7384,"a","a","g","g",0.0037919826652221,0.0037919826652221,0.000406283856988082,0.000406283856988082,0.000270855904658722,0.000135427952329361,0.000270855904658722,0.000135427952329361,0.00419826652221018,0.00419826652221018,0.00419826652221018,0.00419826652221018,"nonsyn","nonsyn","nonsyn",1.77e-05,1.76e-06,1.7e-06,1.7e-06,"0.00466774285714286","0.00418426666666667","0.00649791999999999","0.0125528","E","E","G","A","V",1,1,1,0,1,1,0
"1440",1703,7394,7394,"g","g","a","a",0,0,0.0004057343792264,0.0004057343792264,0,0.0004057343792264,0,0.0004057343792264,0.0004057343792264,0.0004057343792264,0.0004057343792264,0.0004057343792264,"syn","nonsyn","nonsyn",4.2e-06,5.36e-07,1.17e-06,1.17e-06,"1","0.00288366","1","0.00288366","E","E","E","D","D",0,0,0,0,0,0,0
"1441",1704,7315,7315,"a","a","g","g",0.00533151059466849,0.00533151059466849,0.000820232399179768,0.000820232399179768,0.000273410799726589,0.000546821599453178,0.000273410799726589,0.000546821599453178,0.00615174299384826,0.00615174299384826,0.00615174299384826,0.00615174299384826,"nonsyn","syn","nonsyn",1.77e-05,1.76e-06,1.7e-06,1.7e-06,"0.00331988461538462","0.00207258333333333","0.0064372","0.003108875","R","R","G","R","W",1,0,1,0,1,1,0
"1442",1705,7209,7209,"g","g","a","a",0.00194201692329033,0.00194201692329033,0.000138715494520738,0.000138715494520738,0,0.000138715494520738,0,0.000138715494520738,0.00208073241781107,0.00208073241781107,0.00208073241781107,0.00208073241781107,"nonsyn","nonsyn","nonsyn",4.2e-06,5.36e-07,1.17e-06,1.17e-06,"0.0021627","0.00843453","1","0.00843453","R","R","K","T","M",0,1,1,0,1,1,0
"1443",1706,7167,7167,"g","g","a","a",0.000558113576112739,0.000558113576112739,0.000139528394028185,0.000139528394028185,0,0.000139528394028185,0,0.000139528394028185,0.000697641970140924,0.000697641970140924,0.000697641970140924,0.000697641970140924,"syn","nonsyn","nonsyn",4.2e-06,5.36e-07,1.17e-06,1.17e-06,"0.00752535","0.00838538999999998","1","0.00838538999999998","R","R","R","S","S",0,1,1,0,0,0,0
"1444",1707,7145,7145,"t","t","c","c",0.0046186144156753,0.0046186144156753,0.000699790062981106,0.000699790062981106,0.000559832050384885,0.000139958012596221,0.000559832050384885,0.000139958012596221,0.0053184044786564,0.0053184044786564,0.0053184044786564,0.0053184044786564,"syn","nonsyn","nonsyn",1.7e-05,1.07e-06,1.21e-06,1.21e-06,"0.00368075757575757","0.00172909","0.0019112875","0.00864545000000001","L","L","L","M","V",0,0,0,0,0,0,0
"1445",1708,7190,7190,"t","t","c","c",0.00472878998609179,0.00472878998609179,0.000834492350486787,0.000834492350486787,0.000695410292072323,0.000139082058414465,0.000695410292072323,0.000139082058414465,0.00556328233657858,0.00556328233657858,0.00556328233657858,0.00556328233657858,"nonsyn","stop","nonsyn",1.7e-05,1.07e-06,1.21e-06,1.21e-06,"0.003595","0.00144998333333333","0.00153866","0.00869989999999997","L","L","S","*","W",1,1,0,1,0,0,0
"1446",1709,7184,7185,"g","g","a","a",0.00375835189309577,0.00375835189309577,0.000139198218262806,0.000139198218262806,0,0.000139198218262806,0,0.000139198218262806,0.00389755011135857,0.00389755011135857,0.00389700765483646,0.00389700765483646,"syn","nonsyn","nonsyn",4.2e-06,5.36e-07,1.17e-06,1.17e-06,"0.00111751111111111","0.00840528000000001","1","0.00840528000000001","L","L","L","F","F",0,0,0,0,0,0,0
"1447",1710,7140,7140,"g","a","a","g",0.00406162464985994,0.995378151260504,0.000560224089635854,0.000560224089635854,0,0.000560224089635854,0,0.000560224089635854,0.0046218487394958,0.99593837535014,0.0046218487394958,0.99593837535014,"nonsyn","nonsyn","nonsyn",1.77e-05,1.76e-06,1.7e-06,1.7e-06,"1.77821865766146e-05","0.0030345","1","0.0030345","A","T","A","P","S",1,1,0,0,0,0,0
"1448",1711,7159,7161,"c","c","t","t",0.00377147646319318,0.00377147646319318,0.000698421567257997,0.000698421567257997,0.000558737253806398,0.000139684313451599,0.000558737253806398,0.000139684313451599,0.00446989803045118,0.00446989803045118,0.00446864962993995,0.00446864962993995,"nonsyn","nonsyn","nonsyn",4.58e-06,8.37e-07,4.33e-07,4.33e-07,"0.00121437851851852","0.0006199694","0.00149802075","0.00309984700000001","A","T","I","N","S",1,0,0,0,0,0,0
"1449",1712,7157,7157,"c","c","t","t",0.00349308369428532,0.00349308369428532,0.00055889339108565,0.00055889339108565,0.00055889339108565,0,0.00055889339108565,0,0.00405197708537097,0.00405197708537097,0.00405197708537097,0.00405197708537097,"syn","syn","syn",4.58e-06,8.37e-07,4.33e-07,4.33e-07,"0.0013111624","0.000774745250000001","0.00149760225","1","A","T","T","T","T",0,0,0,0,1,0,1
"1450",1713,7126,7126,"a","a","g","g",0.00982318271119843,0.00982318271119843,0.00196463654223969,0.00196463654223969,0.000420993544765647,0.00154364299747404,0.000420993544765647,0.00154364299747404,0.0117878192534381,0.0117878192534381,0.0117878192534381,0.0117878192534381,"nonsyn","nonsyn","nonsyn",1.77e-05,1.76e-06,1.7e-06,1.7e-06,"0.00180186","0.000865299999999998","0.00418058666666667","0.00110129090909091","S","S","G","R","C",1,1,1,1,1,1,0
"1451",1714,7012,7013,"g","g","a","a",0.00199657729606389,0.00199657729606389,0.000570450656018254,0.000570450656018254,0,0.000570450656018254,0,0.000570450656018254,0.00256702795208214,0.00256702795208214,0.00256666191358905,0.00256666191358905,"nonsyn","nonsyn","nonsyn",4.2e-06,5.36e-07,1.17e-06,1.17e-06,"0.0021036","0.00205101","1","0.00205101","S","S","N","T","I",0,0,1,0,0,0,0
"1452",1715,6979,6979,"c","c","t","t",0.00200601805416249,0.00200601805416249,0.000143287003868749,0.000143287003868749,0,0.000143287003868749,0,0.000143287003868749,0.00214930505803124,0.00214930505803124,0.00214930505803124,0.00214930505803124,"syn","nonsyn","nonsyn",4.58e-06,8.37e-07,4.33e-07,4.33e-07,"0.00228313","0.003021907","1","0.003021907","S","S","S","R","R",0,1,1,0,0,0,0
"1453",1716,6986,6986,"t","t","c","c",0.00458058975093043,0.00458058975093043,0.00257658173489837,0.00257658173489837,0.00229029487546522,0.000286286859433152,0.00229029487546522,0.000286286859433152,0.0071571714858288,0.0071571714858288,0.0071571714858288,0.0071571714858288,"nonsyn","nonsyn","nonsyn",1.7e-05,1.07e-06,1.21e-06,1.21e-06,"0.0037113125","0.000469614444444444","0.000467188749999999","0.00422653","C","C","R","S","G",1,1,0,1,1,0,1
"1454",1717,6986,6986,"g","g","a","a",0.00486687661036358,0.00486687661036358,0.000572573718866304,0.000572573718866304,0,0.000572573718866304,0,0.000572573718866304,0.00543945032922989,0.00543945032922989,0.00543945032922989,0.00543945032922989,"nonsyn","nonsyn","nonsyn",4.2e-06,5.36e-07,1.17e-06,1.17e-06,"0.000862976470588236","0.002043405","1","0.002043405","C","C","Y","S","F",1,1,1,0,0,0,0
"1455",1718,6961,6961,"c","c","t","t",0.00186754776612556,0.00186754776612556,0.00043097256141359,0.00043097256141359,0.00043097256141359,0,0.00043097256141359,0,0.00229852032753915,0.00229852032753915,0.00229852032753915,0.00229852032753915,"syn","stop","nonsyn",4.58e-06,8.37e-07,4.33e-07,4.33e-07,"0.00245241384615384","0.00100470433333333","0.001942119","1","C","C","C","*","W",0,1,1,0,0,0,0
"1456",1719,6933,6933,"c","c","t","t",0.00389441800086543,0.00389441800086543,0.000721188518678783,0.000721188518678783,0.000721188518678783,0,0.000721188518678783,0,0.00461560651954421,0.00461560651954421,0.00461560651954421,0.00461560651954421,"stop","syn","nonsyn",4.58e-06,8.37e-07,4.33e-07,4.33e-07,"0.00117604222222222","0.0006003978","0.0011605842","1","R","R","*","R","G",1,0,1,0,1,0,1
"1457",1720,6886,6886,"g","g","a","a",0.00261399941911124,0.00261399941911124,0.000290444379901249,0.000290444379901249,0,0.000290444379901249,0,0.000290444379901249,0.00290444379901249,0.00290444379901249,0.00290444379901249,0.00290444379901249,"nonsyn","nonsyn","nonsyn",4.2e-06,5.36e-07,1.17e-06,1.17e-06,"0.00160673333333333","0.00402831","1","0.00402831","R","R","Q","P","L",1,1,1,0,0,0,0
"1458",1721,6839,6839,"a","a","g","g",0.00657990934347127,0.00657990934347127,0.00131598186869425,0.00131598186869425,0.00029244041526539,0.00102354145342886,0.00029244041526539,0.00102354145342886,0.00789589121216552,0.00789589121216552,0.00789589121216552,0.00789589121216552,"syn","syn","syn",1.77e-05,1.76e-06,1.7e-06,1.7e-06,"0.00269000666666667","0.00129181111111111","0.00601831999999999","0.00166090000000001","R","R","R","R","R",0,0,0,0,0,0,0
"1459",1722,6817,6817,"c","c","t","t",0.00176030511955406,0.00176030511955406,0,0,0,0,0,0,0.00176030511955406,0.00176030511955406,0.00176030511955406,0.00176030511955406,"nonsyn","nonsyn","nonsyn",4.58e-06,8.37e-07,4.33e-07,4.33e-07,"0.00260182166666666","1","1","1","R","R","C","S","G",1,1,1,0,0,0,0
"1460",1723,6814,6814,"g","g","a","a",0.00176108012914588,0.00176108012914588,0.000440270032286469,0.000440270032286469,0.000146756677428823,0.000293513354857646,0.000146756677428823,0.000293513354857646,0.00220135016143235,0.00220135016143235,0.00220135016143235,0.00220135016143235,"nonsyn","nonsyn","nonsyn",4.2e-06,5.36e-07,1.17e-06,1.17e-06,"0.00238489999999999","0.00265746","0.003652304","0.00398619","R","R","H","P","L",0,1,1,0,0,0,0
"1461",1724,6796,6798,"c","c","t","t",0.00161859917598587,0.00161859917598587,0.000294290759270159,0.000294290759270159,0.000294290759270159,0,0.000294290759270159,0,0.00191288993525603,0.00191288993525603,0.0019123271550456,0.0019123271550456,"syn","syn","syn",4.58e-06,8.37e-07,4.33e-07,4.33e-07,"0.00282960727272728","0.001471334","0.002844126","1","R","R","R","R","R",0,0,0,0,0,0,0
"1462",1725,6805,6805,"c","c","t","t",0.00161645848640705,0.00161645848640705,0.000881704628949302,0.000881704628949302,0.000881704628949302,0,0.000881704628949302,0,0.00249816311535636,0.00249816311535636,0.00249816311535636,0.00249816311535636,"nonsyn","nonsyn","nonsyn",4.58e-06,8.37e-07,4.33e-07,4.33e-07,"0.00283335454545455","0.000491094166666667","0.0009492975","1","L","L","F","I","V",0,0,0,0,1,0,1
"1463",1726,6778,6791,"t","t","c","c",0.00368840365889643,0.00368840365889643,0.003098259073473,0.003098259073473,0.000885216878135143,0.00221304219533786,0.000885216878135143,0.00221304219533786,0.00678666273236943,0.00678666273236943,0.00677367103519364,0.00677367103519364,"nonsyn","nonsyn","nonsyn",1.7e-05,1.07e-06,1.21e-06,1.21e-06,"0.00460904","0.000390541904761905","0.00120874333333333","0.000546758666666666","L","L","P","H","R",1,1,1,0,1,0,1
"1464",1727,6793,6793,"t","t","c","c",0.00235536581775357,0.00235536581775357,0.000736051818047991,0.000736051818047991,0.000441631090828794,0.000294420727219196,0.000441631090828794,0.000294420727219196,0.00309141763580156,0.00309141763580156,0.00309141763580156,0.00309141763580156,"syn","syn","syn",1.7e-05,1.07e-06,1.21e-06,1.21e-06,"0.0072175625","0.001643906","0.00242283666666667","0.004109765","L","L","L","L","L",0,0,0,0,0,0,0
"1465",1728,6795,6795,"g","a","a","g",0.00117733627667403,0.998233995584989,0.000588668138337013,0.000588668138337013,0,0.000588668138337013,0,0.000588668138337013,0.00176600441501104,0.998822663723326,0.00176600441501104,0.998822663723326,"nonsyn","nonsyn","nonsyn",1.77e-05,1.76e-06,1.7e-06,1.7e-06,"1.77313135780628e-05","0.002887875","1","0.002887875","D","T","A","P","S",1,1,0,0,0,0,0
"1466",1729,6742,6742,"a","c","g","t",0.00400474636606348,0.000444971818451498,0.000444971818451498,0.999555028181549,0,0.000444971818451498,0.995550281815485,0.00400474636606348,0.00444971818451498,1,0.00444971818451498,1,"nonsyn","nonsyn","nonsyn",4.58e-06,8.37e-07,4.33e-07,4.33e-07,"0.0102927866666667","4.33192758569521e-07","8.40741060786651e-07","0.000108121703703704","D","T","I","N","S",1,0,0,0,0,0,0
"1467",1730,6751,6751,"c","c","t","t",0.00281439786698267,0.00281439786698267,0.000296252407050807,0.000296252407050807,0.000296252407050807,0,0.000296252407050807,0,0.00311065027403348,0.00311065027403348,0.00311065027403348,0.00311065027403348,"syn","syn","syn",4.58e-06,8.37e-07,4.33e-07,4.33e-07,"0.00162734631578947","0.0014615915","0.0028252935","1","D","T","T","T","T",0,0,0,0,1,0,1
"1468",1731,6747,6747,"g","g","a","a",0.00192678227360308,0.00192678227360308,0.000296428042092782,0.000296428042092782,0,0.000296428042092782,0,0.000296428042092782,0.00222321031569586,0.00222321031569586,0.00222321031569586,0.00222321031569586,"nonsyn","nonsyn","nonsyn",4.2e-06,5.36e-07,1.17e-06,1.17e-06,"0.0021798","0.003946995","1","0.003946995","D","D","N","H","Y",1,1,1,0,0,0,0
"1469",1732,6697,6697,"a","a","g","g",0.00164252650440496,0.00164252650440496,0.000447961773928625,0.000447961773928625,0.000149320591309542,0.000298641182619083,0.000149320591309542,0.000298641182619083,0.00209048827833358,0.00209048827833358,0.00209048827833358,0.00209048827833358,"nonsyn","nonsyn","nonsyn",1.77e-05,1.76e-06,1.7e-06,1.7e-06,"0.0107760818181818","0.00379496666666666","0.01178672","0.00569245","D","D","G","A","V",1,1,1,0,0,0,0
"1470",1733,6700,6708,"t","t","c","c",0.115074626865672,0.115074626865672,0.000597014925373134,0.000597014925373134,0.000298507462686567,0.000298507462686567,0.000298507462686567,0.000298507462686567,0.115671641791045,0.115671641791045,0.115533691115086,0.115533691115086,"syn","nonsyn","nonsyn",1.7e-05,1.07e-06,1.21e-06,1.21e-06,"0.000147730220492866","0.00202675","0.0035845","0.0040535","D","D","D","E","E",0,0,0,0,0,0,0
"1471",1734,6728,6728,"t","t","c","c",0.00282401902497027,0.00282401902497027,0.000297265160523187,0.000297265160523187,0,0.000297265160523187,0,0.000297265160523187,0.00312128418549346,0.00312128418549346,0.00312128418549346,0.00312128418549346,"nonsyn","nonsyn","nonsyn",1.7e-05,1.07e-06,1.21e-06,1.21e-06,"0.00601978947368422","0.00407044","1","0.00407044","F","F","L","I","V",0,0,0,0,0,0,0
"1472",1735,6647,6647,"t","t","c","c",0.002407100947796,0.002407100947796,0.000902662855423499,0.000902662855423499,0.0003008876184745,0.000601775236949,0.0003008876184745,0.000601775236949,0.0033097638032195,0.0033097638032195,0.0033097638032195,0.0033097638032195,"nonsyn","nonsyn","nonsyn",1.7e-05,1.07e-06,1.21e-06,1.21e-06,"0.00706243749999999","0.00134047833333333","0.003556145","0.0020107175","F","F","S","Y","C",1,0,1,0,0,0,0
"1473",1736,6736,6736,"t","t","c","c",0.00445368171021378,0.00445368171021378,0.000148456057007126,0.000148456057007126,0.000148456057007126,0,0.000148456057007126,0,0.0046021377672209,0.0046021377672209,0.0046021377672209,0.0046021377672209,"syn","nonsyn","nonsyn",1.7e-05,1.07e-06,1.21e-06,1.21e-06,"0.00381706666666666","0.00815055999999999","0.00720751999999999","1","F","F","F","L","L",0,0,0,1,0,0,0
"1474",1737,6764,6765,"g","g","a","a",0.00206978119455943,0.00206978119455943,0.00990538143110585,0.00990538143110585,0,0.00990538143110585,0,0.00990538143110585,0.0119751626256653,0.0119751626256653,0.0119733924611973,0.0119733924611973,"nonsyn","nonsyn","nonsyn",4.2e-06,5.36e-07,1.17e-06,1.17e-06,"0.0020292","0.000118117611940299","1","0.000118117611940299","A","A","T","P","S",1,1,1,0,0,0,0
"1475",1738,6752,6755,"c","c","t","t",0.0034063981042654,0.0034063981042654,0.000148104265402844,0.000148104265402844,0.000148104265402844,0,0.000148104265402844,0,0.00355450236966825,0.00355450236966825,0.00355292376017765,0.00355292376017765,"nonsyn","nonsyn","nonsyn",4.58e-06,8.37e-07,4.33e-07,4.33e-07,"0.00134452869565218","0.00292361599999999","0.00565142399999998","1","A","A","V","D","G",0,1,1,0,0,0,0
"1476",1739,6735,6735,"c","c","t","t",0.00311804008908686,0.00311804008908686,0.00193021529324425,0.00193021529324425,0.00178173719376392,0.000148478099480327,0.00178173719376392,0.000148478099480327,0.00504825538233111,0.00504825538233111,0.00504825538233111,0.00504825538233111,"syn","syn","syn",4.58e-06,8.37e-07,4.33e-07,4.33e-07,"0.00146887142857143","0.000224327307692307","0.00046976625","0.00291625499999999","A","A","A","A","A",0,0,0,0,1,0,1
"1477",1740,6723,6723,"c","c","t","t",0.00118994496504537,0.00118994496504537,0.000446229361892012,0.000446229361892012,0.000446229361892012,0,0.000446229361892012,0,0.00163617432693738,0.00163617432693738,0.00163617432693738,0.00163617432693738,"stop","nonsyn","nonsyn",4.58e-06,8.37e-07,4.33e-07,4.33e-07,"0.00384891749999999","0.000970353000000001","0.001875717","1","Q","Q","*","K","E",1,1,1,0,1,0,1
"1478",1741,6696,6698,"a","a","g","g",0.00328554360812425,0.00328554360812425,0.000896057347670251,0.000896057347670251,0.00029868578255675,0.000597371565113501,0.00029868578255675,0.000597371565113501,0.0041816009557945,0.0041816009557945,0.00418035234398328,0.00418035234398328,"nonsyn","nonsyn","nonsyn",1.77e-05,1.76e-06,1.7e-06,1.7e-06,"0.00538723636363637","0.0018972","0.00589248000000001","0.0028458","Q","Q","R","P","L",1,1,1,1,1,1,0
"1479",1742,6417,6418,"g","g","a","a",0.000467508181393174,0.000467508181393174,0.000467508181393174,0.000467508181393174,0,0.000467508181393174,0,0.000467508181393174,0.000935016362786349,0.000935016362786349,0.000934870676223122,0.000934870676223122,"syn","nonsyn","nonsyn",4.2e-06,5.36e-07,1.17e-06,1.17e-06,"0.00898380000000001","0.00250263","1","0.00250263","Q","Q","Q","H","H",0,1,1,0,1,1,0
"1480",1743,6373,6373,"g","g","a","a",0.000156911972383493,0.000156911972383493,0,0,0,0,0,0,0.000156911972383493,0.000156911972383493,0.000156911972383493,0.000156911972383493,"nonsyn","nonsyn","nonsyn",4.2e-06,5.36e-07,1.17e-06,1.17e-06,"0.0267666","1","1","1","G","G","S","R","C",1,1,0,0,1,1,0
"1481",1744,6360,6360,"g","g","a","a",0.00408805031446541,0.00408805031446541,0,0,0,0,0,0,0.00408805031446541,0.00408805031446541,0.00408805031446541,0.00408805031446541,"nonsyn","nonsyn","nonsyn",4.2e-06,5.36e-07,1.17e-06,1.17e-06,"0.00102738461538462","1","1","1","G","G","D","A","V",1,1,1,0,0,0,0
"1482",1745,6259,6259,"c","c","t","t",0.0027160888320818,0.0027160888320818,0.000319539862597859,0.000319539862597859,0.000319539862597859,0,0.000319539862597859,0,0.00303562869467966,0.00303562869467966,0.00303562869467966,0.00303562869467966,"syn","syn","syn",4.58e-06,8.37e-07,4.33e-07,4.33e-07,"0.00168624823529412","0.0013550735","0.0026193915","1","G","G","G","G","G",0,0,0,0,0,0,0
"1483",1746,6248,6248,"t","t","c","c",0.00272087067861716,0.00272087067861716,0.000800256081946223,0.000800256081946223,0.000640204865556978,0.000160051216389245,0.000640204865556978,0.000160051216389245,0.00352112676056338,0.00352112676056338,0.00352112676056338,0.00352112676056338,"nonsyn","nonsyn","nonsyn",1.7e-05,1.07e-06,1.21e-06,1.21e-06,"0.00624799999999999","0.001512016","0.00167134","0.00756007999999998","W","W","R","R","G",1,1,1,1,1,0,1
"1484",1747,6191,6207,"g","g","a","a",0.000807623970279438,0.000807623970279438,0.000484574382167663,0.000484574382167663,0,0.000484574382167663,0,0.000484574382167663,0.0012921983524471,0.0012921983524471,0.00128886740776543,0.00128886740776543,"stop","nonsyn","nonsyn",4.2e-06,5.36e-07,1.17e-06,1.17e-06,"0.00520044","0.00241449","1","0.00241449","W","W","*","S","L",1,1,0,0,1,1,0
"1485",1748,6169,6170,"g","g","a","a",0.00291781488085589,0.00291781488085589,0.000162100826714216,0.000162100826714216,0.000162100826714216,0,0.000162100826714216,0,0.00307991570757011,0.00307991570757011,0.00307941653160454,0.00307941653160454,"stop","nonsyn","nonsyn",4.2e-06,5.36e-07,1.17e-06,1.17e-06,"0.00143943333333333","0.00721773000000001","0.00330658400000001","1","W","W","*","C","C",1,1,1,0,1,1,0
"1486",1749,6209,6209,"g","g","a","a",0.00322113061684651,0.00322113061684651,0.00128845224673861,0.00128845224673861,0,0.00128845224673861,0,0.00128845224673861,0.00450958286358512,0.00450958286358512,0.00450958286358512,0.00450958286358512,"nonsyn","nonsyn","nonsyn",4.2e-06,5.36e-07,1.17e-06,1.17e-06,"0.00130389","0.000908066249999997","1","0.000908066249999997","G","G","S","R","C",1,1,0,0,1,1,0
"1487",1750,6207,6207,"g","g","a","a",0.00418881907523763,0.00418881907523763,0.000161108425970678,0.000161108425970678,0,0.000161108425970678,0,0.000161108425970678,0.00434992750120831,0.00434992750120831,0.00434992750120831,0.00434992750120831,"nonsyn","nonsyn","nonsyn",4.2e-06,5.36e-07,1.17e-06,1.17e-06,"0.00100266923076923","0.00726219000000001","1","0.00726219000000001","G","G","D","A","V",1,1,1,0,0,0,0
"1488",1751,6165,6166,"c","t","t","c",0.00178426601784266,0.997729115977291,0.00048661800486618,0.00048661800486618,0.00032441200324412,0.00016220600162206,0.00032441200324412,0.00016220600162206,0.00227088402270884,0.998215733982157,0.00227051573143042,0.998053843658774,"syn","syn","syn",1.7e-05,1.07e-06,1.21e-06,1.21e-06,"1.70386928954642e-05","0.00248655","0.003298275","0.00745965","G","G","G","G","G",0,0,0,0,0,0,0
"1489",1752,6143,6143,"c","c","t","t",0.0218134461989256,0.0218134461989256,0.000976721471593684,0.000976721471593684,0.000976721471593684,0,0.000976721471593684,0,0.0227901676705193,0.0227901676705193,0.0227901676705193,0.0227901676705193,"nonsyn","nonsyn","nonsyn",4.58e-06,8.37e-07,4.33e-07,4.33e-07,"0.00020996223880597","0.000443319833333333","0.0008569485","1","P","P","S","T","A",1,1,1,0,0,0,0
"1490",1753,6023,6023,"c","c","t","t",0.00116221152249709,0.00116221152249709,0.00033206043499917,0.00033206043499917,0.00033206043499917,0,0.00033206043499917,0,0.00149427195749626,0.00149427195749626,0.00149427195749626,0.00149427195749626,"nonsyn","nonsyn","nonsyn",4.58e-06,8.37e-07,4.33e-07,4.33e-07,"0.00394076285714287","0.0013039795","0.0025206255","1","P","P","L","H","R",1,1,1,0,1,0,1
"1491",1754,6239,6239,"t","t","c","c",0.00304535983330662,0.00304535983330662,0.000480846289469466,0.000480846289469466,0.000480846289469466,0,0.000480846289469466,0,0.00352620612277609,0.00352620612277609,0.00352620612277609,0.00352620612277609,"syn","syn","syn",1.7e-05,1.07e-06,1.21e-06,1.21e-06,"0.00558226315789474","0.00251639666666667","0.00222524333333333","1","P","P","P","P","P",0,0,0,0,1,0,1
"1492",1755,6336,6336,"a","a","g","g",0.00268308080808081,0.00268308080808081,0,0,0,0,0,0,0.00268308080808081,0.00268308080808081,0.00268308080808081,0.00268308080808081,"nonsyn","nonsyn","nonsyn",1.77e-05,1.76e-06,1.7e-06,1.7e-06,"0.00659689411764705","1","1","1","I","I","V","L","F",0,0,0,0,0,0,0
"1493",1756,6334,6334,"t","t","c","c",0.00378907483422798,0.00378907483422798,0,0,0,0,0,0,0.00378907483422798,0.00378907483422798,0.00378907483422798,0.00378907483422798,"nonsyn","nonsyn","nonsyn",1.7e-05,1.07e-06,1.21e-06,1.21e-06,"0.00448658333333333","1","1","1","I","I","T","N","S",1,1,1,0,0,0,0
"1494",1757,6363,6363,"c","c","t","t",0.000785792865000786,0.000785792865000786,0.000471475719000471,0.000471475719000471,0.000314317146000314,0.000157158573000157,0.000314317146000314,0.000157158573000157,0.00125726858400126,0.00125726858400126,0.00125726858400126,0.00125726858400126,"syn","syn","nonsyn",4.58e-06,8.37e-07,4.33e-07,4.33e-07,"0.005828508","0.000918393000000001","0.0026629155","0.002755179","I","I","I","I","M",0,0,0,0,0,0,0
"1495",1758,6385,6385,"g","a","a","g",0.00140955364134691,0.998433829287392,0.000156617071260767,0.000156617071260767,0,0.000156617071260767,0,0.000156617071260767,0.00156617071260767,0.998590446358653,0.00156617071260767,0.998590446358653,"nonsyn","nonsyn","nonsyn",1.77e-05,1.76e-06,1.7e-06,1.7e-06,"1.77277647058824e-05","0.0108545","1","0.0108545","G","S","G","R","C",1,1,1,1,1,1,0
"1496",1759,6367,6367,"g","g","a","a",0.0017276582377886,0.0017276582377886,0.000157059839798963,0.000157059839798963,0,0.000157059839798963,0,0.000157059839798963,0.00188471807758756,0.00188471807758756,0.00188471807758756,0.00188471807758756,"nonsyn","nonsyn","nonsyn",4.2e-06,5.36e-07,1.17e-06,1.17e-06,"0.00243103636363636","0.00744939000000002","1","0.00744939000000002","G","S","N","T","I",0,0,1,0,0,0,0
"1497",1760,6348,6348,"t","t","c","c",0.00236294896030246,0.00236294896030246,0.000157529930686831,0.000157529930686831,0,0.000157529930686831,0,0.000157529930686831,0.00252047889098929,0.00252047889098929,0.00252047889098929,0.00252047889098929,"syn","nonsyn","nonsyn",1.7e-05,1.07e-06,1.21e-06,1.21e-06,"0.00719439999999999","0.00768107999999998","1","0.00768107999999998","G","S","S","R","R",0,1,1,0,0,0,0
"1498",1761,6369,6369,"t","t","c","c",0.0023551577955723,0.0023551577955723,0.00031402103940964,0.00031402103940964,0.00031402103940964,0,0.00031402103940964,0,0.00266917883498194,0.00266917883498194,0.00266917883498194,0.00266917883498194,"nonsyn","nonsyn","nonsyn",1.7e-05,1.07e-06,1.21e-06,1.21e-06,"0.00721820000000001","0.00385324500000001","0.003407415","1","Y","Y","H","N","D",1,1,1,0,0,0,0
"1499",1762,6308,6308,"a","a","g","g",0.00190234622701332,0.00190234622701332,0,0,0,0,0,0,0.00190234622701332,0.00190234622701332,0.00190234622701332,0.00190234622701332,"nonsyn","nonsyn","nonsyn",1.77e-05,1.76e-06,1.7e-06,1.7e-06,"0.00930429999999998","1","1","1","Y","Y","C","S","F",1,1,0,0,0,0,0
"1500",1763,6483,6483,"t","t","c","c",0.019898195279963,0.019898195279963,0.000925497454881999,0.000925497454881999,0.000925497454881999,0,0.000925497454881999,0,0.020823692734845,0.020823692734845,0.020823692734845,0.020823692734845,"syn","stop","stop",1.7e-05,1.07e-06,1.21e-06,1.21e-06,"0.000854348837209301","0.001307405","0.001156135","1","Y","Y","Y","*","*",0,1,1,1,0,0,0
"1501",1764,6484,6484,"g","g","a","a",0.00200493522516965,0.00200493522516965,0.000462677359654534,0.000462677359654534,0.000154225786551511,0.000308451573103023,0.000154225786551511,0.000308451573103023,0.00246761258482418,0.00246761258482418,0.00246761258482418,0.00246761258482418,"nonsyn","nonsyn","nonsyn",4.2e-06,5.36e-07,1.17e-06,1.17e-06,"0.00209483076923077","0.00252876","0.00347542400000001","0.00379314","A","A","T","P","S",1,1,1,0,0,0,0
"1502",1765,6463,6465,"c","c","t","t",0.00324926504719171,0.00324926504719171,0.000464180721027387,0.000464180721027387,0.000154726907009129,0.000309453814018258,0.000154726907009129,0.000309453814018258,0.00371344576821909,0.00371344576821909,0.0037122969837587,0.0037122969837587,"nonsyn","nonsyn","nonsyn",4.58e-06,8.37e-07,4.33e-07,4.33e-07,"0.00140954952380952","0.000932826333333333","0.005409531","0.0013992395","A","A","V","D","G",0,1,1,0,0,0,0
"1503",1766,6431,6431,"c","c","t","t",0.00108847768620743,0.00108847768620743,0.00062198724926139,0.00062198724926139,0.00062198724926139,0,0.00062198724926139,0,0.00171046493546882,0.00171046493546882,0.00171046493546882,0.00171046493546882,"syn","syn","syn",4.58e-06,8.37e-07,4.33e-07,4.33e-07,"0.00420771142857144","0.00069615575","0.00134568675","1","A","A","A","A","A",0,0,0,0,1,0,1
"1504",1767,6427,6427,"a","a","g","g",0.0029562782013381,0.0029562782013381,0.000311187179088222,0.000311187179088222,0,0.000311187179088222,0,0.000311187179088222,0.00326746538042633,0.00326746538042633,0.00326746538042633,0.00326746538042633,"nonsyn","nonsyn","nonsyn",1.77e-05,1.76e-06,1.7e-06,1.7e-06,"0.00598725789473685","0.00546294999999999","1","0.00546294999999999","N","N","D","H","Y",1,1,1,1,0,0,0
"1505",1768,6407,6407,"a","a","g","g",0.00234118932417668,0.00234118932417668,0.000624317153113782,0.000624317153113782,0.000312158576556891,0.000312158576556891,0.000312158576556891,0.000312158576556891,0.00296550647729046,0.00296550647729046,0.00296550647729046,0.00296550647729046,"nonsyn","nonsyn","nonsyn",1.77e-05,1.76e-06,1.7e-06,1.7e-06,"0.00756026000000001","0.002722975","0.00563816","0.00544595","N","N","S","T","I",0,0,1,0,0,0,0
"1506",1769,6400,6400,"c","c","t","t",0.00078125,0.00078125,0,0,0,0,0,0,0.00078125,0.00078125,0.00078125,0.00078125,"syn","nonsyn","nonsyn",4.58e-06,8.37e-07,4.33e-07,4.33e-07,"0.0058624","1","1","1","N","N","N","K","K",0,1,1,0,0,0,0
"1507",1770,6397,6397,"g","g","a","a",0.00109426293575113,0.00109426293575113,0.000156323276535876,0.000156323276535876,0,0.000156323276535876,0,0.000156323276535876,0.00125058621228701,0.00125058621228701,0.00125058621228701,0.00125058621228701,"nonsyn","nonsyn","stop",4.2e-06,5.36e-07,1.17e-06,1.17e-06,"0.00383820000000001","0.00748449000000001","1","0.00748449000000001","G","G","R","R","*",1,1,1,0,1,1,0
"1508",1771,6344,6344,"g","g","a","a",0.000788146279949559,0.000788146279949559,0.000157629255989912,0.000157629255989912,0,0.000157629255989912,0,0.000157629255989912,0.00094577553593947,0.00094577553593947,0.00094577553593947,0.00094577553593947,"nonsyn","nonsyn","nonsyn",4.2e-06,5.36e-07,1.17e-06,1.17e-06,"0.00532896","0.00742247999999999","1","0.00742247999999999","G","G","E","A","V",1,1,1,0,0,0,0
"1509",1772,6301,6302,"a","a","g","g",0.00317409934930963,0.00317409934930963,0.00206316457705126,0.00206316457705126,0.000317409934930963,0.0017457546421203,0.000317409934930963,0.0017457546421203,0.00523726392636089,0.00523726392636089,0.00523643287845129,0.00523643287845129,"syn","syn","syn",1.77e-05,1.76e-06,1.7e-06,1.7e-06,"0.00557638500000001","0.000823976923076924","0.00554488000000001","0.000973790909090908","G","G","G","G","G",0,0,0,0,0,0,0
"1510",1773,6265,6265,"a","a","g","g",0.00415003990422985,0.00415003990422985,0.00111731843575419,0.00111731843575419,0.000478850758180367,0.000638467677573823,0.000478850758180367,0.000638467677573823,0.00526735833998404,0.00526735833998404,0.00526735833998404,0.00526735833998404,"nonsyn","nonsyn","nonsyn",1.77e-05,1.76e-06,1.7e-06,1.7e-06,"0.00426501923076923","0.0015215","0.00367546666666667","0.002662625","S","S","G","R","C",1,1,1,0,1,1,0
"1511",1774,6156,6156,"g","g","a","a",0.00162443144899285,0.00162443144899285,0.00032488628979857,0.00032488628979857,0,0.00032488628979857,0,0.00032488628979857,0.00194931773879142,0.00194931773879142,0.00194931773879142,0.00194931773879142,"nonsyn","nonsyn","nonsyn",4.2e-06,5.36e-07,1.17e-06,1.17e-06,"0.00258552","0.00360126000000001","1","0.00360126000000001","S","S","N","T","I",0,0,1,0,0,0,0
"1512",1775,6169,6171,"c","c","t","t",0.00421462149456962,0.00421462149456962,0.000648403306856865,0.000648403306856865,0.000324201653428432,0.000324201653428432,0.000324201653428432,0.000324201653428432,0.00486302480142649,0.00486302480142649,0.00486144871171609,0.00486144871171609,"syn","nonsyn","nonsyn",4.58e-06,8.37e-07,4.33e-07,4.33e-07,"0.00108669307692308","0.00066779425","0.0025817265","0.0013355885","S","S","S","R","R",0,1,1,0,0,0,0
"1513",1776,6129,6129,"g","g","a","a",0.00734214390602056,0.00734214390602056,0.000163158753467124,0.000163158753467124,0,0.000163158753467124,0,0.000163158753467124,0.00750530265948768,0.00750530265948768,0.00750530265948768,0.00750530265948768,"nonsyn","nonsyn","nonsyn",4.2e-06,5.36e-07,1.17e-06,1.17e-06,"0.00057204","0.00717092999999998","1","0.00717092999999998","G","G","S","R","C",1,1,0,0,1,1,0
"1514",1777,6084,6084,"g","g","a","a",0.0014792899408284,0.0014792899408284,0.000657462195923734,0.000657462195923734,0.000164365548980934,0.000493096646942801,0.000164365548980934,0.000493096646942801,0.00213675213675214,0.00213675213675214,0.00213675213675214,0.00213675213675214,"nonsyn","nonsyn","nonsyn",4.2e-06,5.36e-07,1.17e-06,1.17e-06,"0.0028392","0.00177957","0.00326102399999999","0.00237276","G","G","D","A","V",1,1,1,0,0,0,0
"1515",1778,6087,6094,"c","c","t","t",0.00229998357154592,0.00229998357154592,0,0,0,0,0,0,0.00229998357154592,0.00229998357154592,0.00229734164752215,0.00229734164752215,"syn","syn","syn",4.58e-06,8.37e-07,4.33e-07,4.33e-07,"0.00199131857142857","1","1","1","G","G","G","G","G",0,0,0,0,0,0,0
"1516",1779,6083,6083,"c","c","t","t",0.00410981423639652,0.00410981423639652,0.000328785138911721,0.000328785138911721,0.000328785138911721,0,0.000328785138911721,0,0.00443859937530824,0.00443859937530824,0.00443859937530824,0.00443859937530824,"nonsyn","nonsyn","nonsyn",4.58e-06,8.37e-07,4.33e-07,4.33e-07,"0.0011144056","0.0013169695","0.0025457355","1","P","L","F","I","V",0,0,0,0,1,0,1
"1517",1780,6080,6080,"c","t","t","c",0.00115131578947368,0.998190789473684,0.000657894736842105,0.000657894736842105,0.000657894736842105,0,0.000657894736842105,0,0.00180921052631579,0.998848684210526,0.00180921052631579,0.998848684210526,"nonsyn","nonsyn","nonsyn",1.7e-05,1.07e-06,1.21e-06,1.21e-06,"1.703081232493e-05","0.0018392","0.0016264","1","P","L","P","H","R",1,1,1,0,1,0,1
"1518",1781,6076,6076,"c","c","t","t",0.00345622119815668,0.00345622119815668,0.000493745885450955,0.000493745885450955,0.000493745885450955,0,0.000493745885450955,0,0.00394996708360764,0.00394996708360764,0.00394996708360764,0.00394996708360764,"syn","syn","syn",4.58e-06,8.37e-07,4.33e-07,4.33e-07,"0.00132514666666667","0.000876969333333333","0.001695204","1","P","L","L","L","L",0,0,0,0,0,0,0
"1519",1782,6079,6079,"g","g","a","a",0.0021385096232933,0.0021385096232933,0.000493502220759993,0.000493502220759993,0,0.000493502220759993,0,0.000493502220759993,0.0026320118440533,0.0026320118440533,0.0026320118440533,0.0026320118440533,"nonsyn","nonsyn","nonsyn",4.2e-06,5.36e-07,1.17e-06,1.17e-06,"0.00196398461538462","0.00237081","1","0.00237081","D","D","N","H","Y",1,1,1,0,0,0,0
"1520",1783,6082,6082,"a","a","g","g",0.00476816836566919,0.00476816836566919,0.000328839197632358,0.000328839197632358,0,0.000328839197632358,0,0.000328839197632358,0.00509700756330155,0.00509700756330155,0.00509700756330155,0.00509700756330155,"nonsyn","nonsyn","nonsyn",1.77e-05,1.76e-06,1.7e-06,1.7e-06,"0.00371211724137931","0.0051697","1","0.0051697","D","D","G","A","V",1,1,1,0,0,0,0
"1521",1784,6098,6098,"c","c","t","t",0.000819940964250574,0.000819940964250574,0.00032797638570023,0.00032797638570023,0.000163988192850115,0.000163988192850115,0.000163988192850115,0.000163988192850115,0.0011479173499508,0.0011479173499508,0.0011479173499508,0.0011479173499508,"syn","nonsyn","nonsyn",4.58e-06,8.37e-07,4.33e-07,4.33e-07,"0.005585768","0.001320217","0.00510402599999999","0.002640434","D","D","D","E","E",0,0,0,0,0,0,0
"1522",1785,6039,6039,"g","g","a","a",0.0014903129657228,0.0014903129657228,0,0,0,0,0,0,0.0014903129657228,0.0014903129657228,0.0014903129657228,0.0014903129657228,"nonsyn","nonsyn","stop",4.2e-06,5.36e-07,1.17e-06,1.17e-06,"0.0028182","1","1","1","E","E","K","Q","*",1,1,1,0,0,0,0
"1523",1786,6014,6014,"a","a","g","g",0.00199534419687396,0.00199534419687396,0.00033255736614566,0.00033255736614566,0.00016627868307283,0.00016627868307283,0.00016627868307283,0.00016627868307283,0.00232790156301962,0.00232790156301962,0.00232790156301962,0.00232790156301962,"nonsyn","nonsyn","nonsyn",1.77e-05,1.76e-06,1.7e-06,1.7e-06,"0.00887065","0.0051119","0.01058464","0.0102238","E","E","G","A","V",1,1,1,0,0,0,0
"1524",1787,5965,5965,"a","a","g","g",0.0303436714165968,0.0303436714165968,0.000335289186923722,0.000335289186923722,0,0.000335289186923722,0,0.000335289186923722,0.0306789606035205,0.0306789606035205,0.0306789606035205,0.0306789606035205,"syn","nonsyn","nonsyn",1.77e-05,1.76e-06,1.7e-06,1.7e-06,"0.000583317679558011","0.00507025","1","0.00507025","E","E","E","D","D",0,0,0,0,0,0,0
"1525",1788,5985,5985,"c","c","t","t",0.00183792815371763,0.00183792815371763,0,0,0,0,0,0,0.00183792815371763,0.00183792815371763,0.00183792815371763,0.00183792815371763,"nonsyn","nonsyn","nonsyn",4.58e-06,8.37e-07,4.33e-07,4.33e-07,"0.00249193636363636","1","1","1","R","R","C","S","G",1,1,1,0,0,0,0
"1526",1789,6039,6039,"g","g","a","a",0.00182149362477231,0.00182149362477231,0.000993541977148535,0.000993541977148535,0.000331180659049512,0.000662361318099023,0.000331180659049512,0.000662361318099023,0.00281503560192085,0.00281503560192085,0.00281503560192085,0.00281503560192085,"nonsyn","nonsyn","nonsyn",4.2e-06,5.36e-07,1.17e-06,1.17e-06,"0.0023058","0.001177605","0.001618452","0.0017664075","R","R","H","P","L",0,1,1,0,0,0,0
"1527",1790,6052,6052,"c","c","t","t",0.00198281559814937,0.00198281559814937,0.000330469266358229,0.000330469266358229,0.000165234633179114,0.000165234633179114,0.000165234633179114,0.000165234633179114,0.0023132848645076,0.0023132848645076,0.0023132848645076,0.0023132848645076,"syn","syn","syn",4.58e-06,8.37e-07,4.33e-07,4.33e-07,"0.00230984666666667","0.001310258","0.00506552400000001","0.00262051600000001","R","R","R","R","R",0,0,0,0,0,0,0
"1528",1791,6067,6067,"c","c","t","t",0.00197791330146695,0.00197791330146695,0.000659304433822317,0.000659304433822317,0.000659304433822317,0,0.000659304433822317,0,0.00263721773528927,0.00263721773528927,0.00263721773528927,0.00263721773528927,"nonsyn","nonsyn","nonsyn",4.58e-06,8.37e-07,4.33e-07,4.33e-07,"0.00231557166666667","0.000656752750000001","0.00126951975","1","P","P","S","T","A",1,1,1,0,1,0,1
"1529",1792,6068,6068,"c","c","t","t",0.00115359261700725,0.00115359261700725,0.0003295978905735,0.0003295978905735,0.0003295978905735,0,0.0003295978905735,0,0.00148319050758075,0.00148319050758075,0.00148319050758075,0.00148319050758075,"nonsyn","nonsyn","nonsyn",4.58e-06,8.37e-07,4.33e-07,4.33e-07,"0.00397020571428572","0.001313722","0.002539458","1","P","P","L","H","R",1,1,1,0,1,0,1
"1530",1793,6067,6070,"t","c","c","t",0.00214273940992253,0.997527608373166,0.000329652216911159,0.000329652216911159,0,0.000329652216911159,0,0.000329652216911159,0.00247239162683369,0.997857260590078,0.00247116968698517,0.997364085667216,"syn","syn","syn",4.58e-06,8.37e-07,4.33e-07,4.33e-07,"4.59135161929941e-06","0.0013135055","1","0.0013135055","P","P","P","P","P",0,0,0,0,1,0,1
"1531",1794,6074,6074,"t","t","c","c",0.00148172538689496,0.00148172538689496,0.000493908462298321,0.000493908462298321,0.00032927230819888,0.00016463615409944,0.00032927230819888,0.00016463615409944,0.00197563384919328,0.00197563384919328,0.00197563384919328,0.00197563384919328,"nonsyn","nonsyn","nonsyn",1.7e-05,1.07e-06,1.21e-06,1.21e-06,"0.0114731111111111","0.00244984666666667","0.00324959","0.00734954000000001","Y","Y","H","N","D",1,1,1,0,1,0,1
"1532",1795,6195,6195,"a","a","g","g",0.00112994350282486,0.00112994350282486,0.000161420500403551,0.000161420500403551,0,0.000161420500403551,0,0.000161420500403551,0.00129136400322841,0.00129136400322841,0.00129136400322841,0.00129136400322841,"nonsyn","nonsyn","nonsyn",1.77e-05,1.76e-06,1.7e-06,1.7e-06,"0.0156645","0.0105315","1","0.0105315","Y","Y","C","S","F",1,1,0,0,0,0,0
"1533",1796,6219,6219,"c","c","t","t",0.000643190223508603,0.000643190223508603,0.000160797555877151,0.000160797555877151,0,0.000160797555877151,0,0.000160797555877151,0.000803987779385753,0.000803987779385753,0.000803987779385753,0.000803987779385753,"syn","stop","stop",4.58e-06,8.37e-07,4.33e-07,4.33e-07,"0.007120755","0.00269282699999999","1","0.00269282699999999","Y","Y","Y","*","*",0,1,1,0,0,0,0
"1534",1797,6221,6221,"t","t","c","c",0.00225044205111718,0.00225044205111718,0.000803729303970423,0.000803729303970423,0.000321491721588169,0.000482237582382254,0.000321491721588169,0.000482237582382254,0.00305417135508761,0.00305417135508761,0.00305417135508761,0.00305417135508761,"nonsyn","nonsyn","nonsyn",1.7e-05,1.07e-06,1.21e-06,1.21e-06,"0.00755407142857144","0.001505482","0.003328235","0.00250913666666666","C","C","R","S","G",1,1,0,1,1,0,1
"1535",1798,6182,6182,"g","g","a","a",0.00226463927531543,0.00226463927531543,0.000161759948236817,0.000161759948236817,0.000161759948236817,0,0.000161759948236817,0,0.00242639922355225,0.00242639922355225,0.00242639922355225,0.00242639922355225,"nonsyn","nonsyn","nonsyn",4.2e-06,5.36e-07,1.17e-06,1.17e-06,"0.0018546","0.00723293999999998","0.00331355199999999","1","C","C","Y","S","F",1,1,1,0,0,0,0
"1536",1799,6175,6175,"c","c","t","t",0.00323886639676113,0.00323886639676113,0.00048582995951417,0.00048582995951417,0.000323886639676113,0.000161943319838057,0.000323886639676113,0.000161943319838057,0.0037246963562753,0.0037246963562753,0.0037246963562753,0.0037246963562753,"syn","stop","nonsyn",4.58e-06,8.37e-07,4.33e-07,4.33e-07,"0.001414075","0.000891258333333333","0.0025842375","0.00267377499999999","C","C","C","*","W",0,1,1,0,0,0,0
"1537",1800,6146,6146,"t","t","c","c",0.00260331923202083,0.00260331923202083,0.00097624471200781,0.00097624471200781,0.000813537260006508,0.000162707452001302,0.000813537260006508,0.000162707452001302,0.00357956394402864,0.00357956394402864,0.00357956394402864,0.00357956394402864,"nonsyn","nonsyn","nonsyn",1.7e-05,1.07e-06,1.21e-06,1.21e-06,"0.00653012499999999","0.00123944333333333","0.001315244","0.00743665999999998","W","W","R","R","G",1,1,1,1,1,0,1
"1538",1801,6131,6131,"g","g","a","a",0.00260968846843908,0.00260968846843908,0.000326211058554885,0.000326211058554885,0.000163105529277443,0.000163105529277443,0.000163105529277443,0.000163105529277443,0.00293589952699397,0.00293589952699397,0.00293589952699397,0.00293589952699397,"stop","nonsyn","nonsyn",4.2e-06,5.36e-07,1.17e-06,1.17e-06,"0.0016093875","0.003586635","0.00328621599999999","0.00717326999999998","W","W","*","S","L",1,1,0,0,1,1,0
"1539",1802,6111,6111,"g","g","a","a",0.00196367206676485,0.00196367206676485,0.000163639338897071,0.000163639338897071,0,0.000163639338897071,0,0.000163639338897071,0.00212731140566192,0.00212731140566192,0.00212731140566192,0.00212731140566192,"stop","nonsyn","nonsyn",4.2e-06,5.36e-07,1.17e-06,1.17e-06,"0.00213885","0.00714986999999999","1","0.00714986999999999","W","W","*","C","C",1,1,1,0,0,0,0
"1540",1803,6102,6102,"c","c","t","t",0.00262209111766634,0.00262209111766634,0.000163880694854146,0.000163880694854146,0.000163880694854146,0,0.000163880694854146,0,0.00278597181252049,0.00278597181252049,0.00278597181252049,0.00278597181252049,"nonsyn","nonsyn","nonsyn",4.58e-06,8.37e-07,4.33e-07,4.33e-07,"0.0017466975","0.002642166","0.00510737400000001","1","H","H","Y","N","D",1,1,1,0,0,0,0
"1541",1804,6070,6070,"a","a","g","g",0.00411861614497529,0.00411861614497529,0.000164744645799012,0.000164744645799012,0,0.000164744645799012,0,0.000164744645799012,0.0042833607907743,0.0042833607907743,0.0042833607907743,0.0042833607907743,"nonsyn","nonsyn","nonsyn",1.77e-05,1.76e-06,1.7e-06,1.7e-06,"0.00429756","0.010319","1","0.010319","H","H","R","P","L",0,1,1,1,0,0,0
"1542",1805,5977,5977,"c","c","t","t",0.00150577212648486,0.00150577212648486,0,0,0,0,0,0,0.00150577212648486,0.00150577212648486,0.00150577212648486,0.00150577212648486,"syn","nonsyn","nonsyn",4.58e-06,8.37e-07,4.33e-07,4.33e-07,"0.00304162888888889","1","1","1","H","H","H","Q","Q",0,1,1,0,0,0,0
"1543",1806,5926,5926,"t","t","c","c",0.0025312183597705,0.0025312183597705,0.0020249746878164,0.0020249746878164,0.000843739453256834,0.00118123523455957,0.000843739453256834,0.00118123523455957,0.0045561930475869,0.0045561930475869,0.0045561930475869,0.0045561930475869,"nonsyn","nonsyn","nonsyn",1.7e-05,1.07e-06,1.21e-06,1.21e-06,"0.00671613333333334","0.000597538333333334","0.001268164","0.00102435142857143","Y","Y","H","N","D",1,1,1,0,1,0,1
"1544",1807,5611,5621,"a","a","g","g",0.00552486187845304,0.00552486187845304,0,0,0,0,0,0,0.00552486187845304,0.00552486187845304,0.00551503291229319,0.00551503291229319,"nonsyn","nonsyn","nonsyn",1.77e-05,1.76e-06,1.7e-06,1.7e-06,"0.0032037","1","1","1","Y","Y","C","S","F",1,1,0,0,0,0,0
"1545",1808,5480,5498,"c","c","t","t",0.00109489051094891,0.00109489051094891,0.000364963503649635,0.000364963503649635,0.000364963503649635,0,0.000364963503649635,0,0.00145985401459854,0.00145985401459854,0.00145507457257184,0.00145507457257184,"syn","stop","stop",4.58e-06,8.37e-07,4.33e-07,4.33e-07,"0.00418306666666665","0.00118642","0.00229338","1","Y","Y","Y","*","*",0,1,1,0,0,0,0
"1546",1809,5343,5344,"c","c","t","t",0.00168444693992139,0.00168444693992139,0.000187160771102377,0.000187160771102377,0.000187160771102377,0,0.000187160771102377,0,0.00187160771102377,0.00187160771102377,0.00187125748502994,0.00187125748502994,"nonsyn","nonsyn","nonsyn",4.58e-06,8.37e-07,4.33e-07,4.33e-07,"0.00271899333333334","0.002313519","0.004472091","1","P","P","S","T","A",1,1,1,0,1,0,1
"1547",1810,5345,5345,"c","c","t","t",0.00168381665107577,0.00168381665107577,0.000561272217025257,0.000561272217025257,0.000561272217025257,0,0.000561272217025257,0,0.00224508886810103,0.00224508886810103,0.00224508886810103,0.00224508886810103,"nonsyn","nonsyn","nonsyn",4.58e-06,8.37e-07,4.33e-07,4.33e-07,"0.00272001111111111","0.000771461666666667","0.001491255","1","P","P","L","H","R",1,1,1,0,1,0,1
"1548",1811,5366,5366,"c","t","t","c",0.00149086843086098,0.998322773015281,0.000186358553857622,0.000186358553857622,0.000186358553857622,0,0.000186358553857622,0,0.0016772269847186,0.998509131569139,0.0016772269847186,0.998509131569139,"syn","syn","syn",1.7e-05,1.07e-06,1.21e-06,1.21e-06,"1.70285607616203e-05","0.00649286","0.00574162","1","P","P","P","P","P",0,0,0,0,1,0,1
"1549",1812,5370,5370,"c","c","t","t",0.00130353817504655,0.00130353817504655,0.00037243947858473,0.00037243947858473,0.00037243947858473,0,0.00037243947858473,0,0.00167597765363128,0.00167597765363128,0.00167597765363128,0.00167597765363128,"nonsyn","nonsyn","nonsyn",4.58e-06,8.37e-07,4.33e-07,4.33e-07,"0.0035135142857143","0.001162605","0.002247345","1","P","P","S","T","A",1,1,1,0,0,0,0
"1550",1813,5373,5374,"c","c","t","t",0.000930578820026056,0.000930578820026056,0.000930578820026056,0.000930578820026056,0.000744463056020845,0.000186115764005211,0.000744463056020845,0.000186115764005211,0.00186115764005211,0.00186115764005211,0.00186081131373279,0.00186081131373279,"nonsyn","nonsyn","nonsyn",4.58e-06,8.37e-07,4.33e-07,4.33e-07,"0.004921668","0.0004653018","0.00112430025","0.002326509","P","P","L","Q","R",1,1,1,0,1,0,1
"1551",1814,5320,5330,"a","a","g","g",0.00075187969924812,0.00075187969924812,0.00056390977443609,0.00056390977443609,0.00056390977443609,0,0.00056390977443609,0,0.00131578947368421,0.00131578947368421,0.00131332082551595,0.00131332082551595,"syn","syn","syn",1.77e-05,1.76e-06,1.7e-06,1.7e-06,"0.023541","0.00301466666666667","0.00312106666666667","1","P","P","P","P","P",0,0,0,1,0,0,0
"1552",1815,5200,5200,"a","a","g","g",0.00269230769230769,0.00269230769230769,0.000192307692307692,0.000192307692307692,0,0.000192307692307692,0,0.000192307692307692,0.00288461538461538,0.00288461538461538,0.00288461538461538,0.00288461538461538,"nonsyn","syn","stop",1.77e-05,1.76e-06,1.7e-06,1.7e-06,"0.00657428571428572","0.00884000000000001","1","0.00884000000000001","K","R","G","R","*",1,0,1,0,1,1,0
"1553",1816,5183,5183,"a","g","g","a",0.243102450318348,0.756125795871117,0.00077175381053444,0.00077175381053444,0,0.00077175381053444,0,0.00077175381053444,0.243874204128883,0.756897549681652,0.243874204128883,0.756897549681652,"nonsyn","nonsyn","nonsyn",4.2e-06,5.36e-07,1.17e-06,1.17e-06,"5.55463128349069e-06","0.0015160275","1","0.0015160275","K","R","K","T","I",0,1,1,0,0,0,0
"1554",1817,5295,5295,"a","a","g","g",0.00339943342776204,0.00339943342776204,0.00056657223796034,0.00056657223796034,0.000188857412653447,0.000377714825306893,0.000188857412653447,0.000377714825306893,0.00396600566572238,0.00396600566572238,0.00396600566572238,0.00396600566572238,"syn","nonsyn","nonsyn",1.77e-05,1.76e-06,1.7e-06,1.7e-06,"0.00520675","0.0030005","0.00931919999999998","0.00450075","K","R","R","S","S",0,1,1,0,0,0,0
"1555",1818,5728,5728,"c","c","t","t",0.00122206703910615,0.00122206703910615,0,0,0,0,0,0,0.00122206703910615,0.00122206703910615,0.00122206703910615,0.00122206703910615,"nonsyn","nonsyn","nonsyn",4.58e-06,8.37e-07,4.33e-07,4.33e-07,"0.00374774857142856","1","1","1","P","P","S","T","A",1,1,1,0,0,0,0
"1556",1819,5721,5721,"c","c","t","t",0.00122356231428072,0.00122356231428072,0,0,0,0,0,0,0.00122356231428072,0.00122356231428072,0.00122356231428072,0.00122356231428072,"nonsyn","nonsyn","nonsyn",4.58e-06,8.37e-07,4.33e-07,4.33e-07,"0.00374316857142857","1","1","1","P","P","L","H","R",1,1,1,0,1,0,1
"1557",1820,6068,6068,"t","t","c","c",0.00346077785102175,0.00346077785102175,0.000494396835860251,0.000494396835860251,0.0003295978905735,0.00016479894528675,0.0003295978905735,0.00016479894528675,0.003955174686882,0.003955174686882,0.003955174686882,0.003955174686882,"syn","syn","syn",1.7e-05,1.07e-06,1.21e-06,1.21e-06,"0.00491219047619048","0.00244742666666666","0.00324638","0.00734228000000001","P","P","P","P","P",0,0,0,0,1,0,1
"1558",1821,6114,6114,"t","t","c","c",0.00261694471704285,0.00261694471704285,0.000327118089630357,0.000327118089630357,0.000327118089630357,0,0.000327118089630357,0,0.00294406280667321,0.00294406280667321,0.00294406280667321,0.00294406280667321,"nonsyn","nonsyn","nonsyn",1.7e-05,1.07e-06,1.21e-06,1.21e-06,"0.00649612500000001","0.00369897","0.00327099","1","C","C","R","S","G",1,1,0,1,0,0,0
"1559",1822,6160,6161,"g","g","a","a",0.000649350649350649,0.000649350649350649,0.000162337662337662,0.000162337662337662,0,0.000162337662337662,0,0.000162337662337662,0.000811688311688312,0.000811688311688312,0.000811556565492615,0.000811556565492615,"nonsyn","nonsyn","nonsyn",4.2e-06,5.36e-07,1.17e-06,1.17e-06,"0.006468","0.00720720000000001","1","0.00720720000000001","C","C","Y","S","F",1,1,1,0,0,0,0
"1560",1823,6137,6137,"t","t","c","c",0.00244419097278801,0.00244419097278801,0.000814730324262669,0.000814730324262669,0.000651784259410135,0.000162946064852534,0.000651784259410135,0.000162946064852534,0.00325892129705068,0.00325892129705068,0.00325892129705068,0.00325892129705068,"syn","stop","nonsyn",1.7e-05,1.07e-06,1.21e-06,1.21e-06,"0.00695526666666666","0.001485154","0.0016416475","0.00742576999999999","C","C","C","*","W",0,1,1,1,0,0,0
"1561",1824,6130,6131,"g","g","a","a",0.00212071778140294,0.00212071778140294,0.00065252854812398,0.00065252854812398,0.000163132137030995,0.000489396411092985,0.000163132137030995,0.000489396411092985,0.00277324632952692,0.00277324632952692,0.00277279399771652,0.00277279399771652,"nonsyn","nonsyn","nonsyn",4.2e-06,5.36e-07,1.17e-06,1.17e-06,"0.00198046153846153","0.001793025","0.00328568","0.0023907","G","G","S","R","C",1,1,0,0,1,1,0
"1562",1825,6143,6143,"g","g","a","a",0.000976721471593684,0.000976721471593684,0,0,0,0,0,0,0.000976721471593684,0.000976721471593684,0.000976721471593684,0.000976721471593684,"nonsyn","nonsyn","nonsyn",4.2e-06,5.36e-07,1.17e-06,1.17e-06,"0.0043001","1","1","1","G","G","D","A","V",1,1,1,0,0,0,0
"1563",1826,6043,6043,"t","c","c","t",0.00297865298692702,0.996855866291577,0.000165480721495946,0.000165480721495946,0.000165480721495946,0,0.000165480721495946,0,0.00314413370842297,0.997021347013073,0.00314413370842297,0.997021347013073,"syn","syn","syn",4.58e-06,8.37e-07,4.33e-07,4.33e-07,"4.59444555112882e-06","0.002616619","0.00505799099999999","1","G","G","G","G","G",0,0,0,0,0,0,0
"1564",1827,6266,6266,"a","a","g","g",0.00319182891797,0.00319182891797,0.0001595914458985,0.0001595914458985,0,0.0001595914458985,0,0.0001595914458985,0.0033514203638685,0.0033514203638685,0.0033514203638685,0.0033514203638685,"nonsyn","nonsyn","nonsyn",1.77e-05,1.76e-06,1.7e-06,1.7e-06,"0.00554540999999999","0.0106522","1","0.0106522","I","I","V","L","F",0,0,0,1,0,0,0
"1565",1828,6294,6294,"t","t","c","c",0.00428979980934223,0.00428979980934223,0.000158881474420083,0.000158881474420083,0.000158881474420083,0,0.000158881474420083,0,0.00444868128376231,0.00444868128376231,0.00444868128376231,0.00444868128376231,"nonsyn","nonsyn","nonsyn",1.7e-05,1.07e-06,1.21e-06,1.21e-06,"0.00396288888888889","0.00761573999999998","0.00673457999999998","1","I","I","T","N","S",1,1,1,0,0,0,0
"1566",1829,6303,6303,"t","t","c","c",0.002855782960495,0.002855782960495,0.00158654608916389,0.00158654608916389,0.0014278914802475,0.000158654608916389,0.0014278914802475,0.000158654608916389,0.00444232904965889,0.00444232904965889,0.00444232904965889,0.00444232904965889,"syn","syn","nonsyn",1.7e-05,1.07e-06,1.21e-06,1.21e-06,"0.00595283333333334","0.000762663","0.000749356666666667","0.00762663","I","I","I","I","M",0,0,0,1,0,0,0
"1567",1830,6291,6291,"g","g","a","a",0.00222540136703227,0.00222540136703227,0,0,0,0,0,0,0.00222540136703227,0.00222540136703227,0.00222540136703227,0.00222540136703227,"nonsyn","nonsyn","nonsyn",4.2e-06,5.36e-07,1.17e-06,1.17e-06,"0.0018873","1","1","1","V","V","M","L","L",0,0,0,0,0,0,0
"1568",1831,6261,6261,"t","t","c","c",0.00191662673694298,0.00191662673694298,0.000159718894745248,0.000159718894745248,0.000159718894745248,0,0.000159718894745248,0,0.00207634563168823,0.00207634563168823,0.00207634563168823,0.00207634563168823,"nonsyn","nonsyn","nonsyn",1.7e-05,1.07e-06,1.21e-06,1.21e-06,"0.00886975","0.00757581000000002","0.00669927000000001","1","V","V","A","E","G",0,1,1,1,0,0,0
"1569",1832,6230,6230,"g","g","a","a",0.0014446227929374,0.0014446227929374,0.000321027287319422,0.000321027287319422,0,0.000321027287319422,0,0.000321027287319422,0.00176565008025682,0.00176565008025682,0.00176565008025682,0.00176565008025682,"syn","syn","syn",4.2e-06,5.36e-07,1.17e-06,1.17e-06,"0.00290733333333333","0.00364455","1","0.00364455","V","V","V","V","V",0,0,0,0,0,0,0
"1570",1833,6252,6253,"c","c","t","t",0.00223928342930262,0.00223928342930262,0.000319897632757518,0.000319897632757518,0.000319897632757518,0,0.000319897632757518,0,0.00255918106206014,0.00255918106206014,0.00255877178954102,0.00255877178954102,"nonsyn","nonsyn","nonsyn",4.58e-06,8.37e-07,4.33e-07,4.33e-07,"0.00204529714285715","0.001353558","0.002616462","1","P","P","S","T","A",1,1,1,0,0,0,0
"1571",1834,6263,6263,"c","c","t","t",0.00239501836180744,0.00239501836180744,0.000319335781574325,0.000319335781574325,0.000319335781574325,0,0.000319335781574325,0,0.00271435414338177,0.00271435414338177,0.00271435414338177,0.00271435414338177,"nonsyn","nonsyn","nonsyn",4.58e-06,8.37e-07,4.33e-07,4.33e-07,"0.00191230266666667","0.0013559395","0.0026210655","1","P","P","L","H","R",1,1,1,0,1,0,1
"1572",1835,6321,6321,"c","c","t","t",0.002531245056162,0.002531245056162,0.00094921689606075,0.00094921689606075,0.000791014080050625,0.000158202816010125,0.000791014080050625,0.000158202816010125,0.00348046195222275,0.00348046195222275,0.00348046195222275,0.00348046195222275,"syn","syn","syn",4.58e-06,8.37e-07,4.33e-07,4.33e-07,"0.00180938625","0.0004561655","0.0010581354","0.002736993","P","P","P","P","P",0,0,0,0,1,0,1
"1573",1836,6361,6361,"g","g","a","a",0.00282974375098255,0.00282974375098255,0.000628831944662789,0.000628831944662789,0.000314415972331394,0.000314415972331394,0.000314415972331394,0.000314415972331394,0.00345857569564534,0.00345857569564534,0.00345857569564534,0.00345857569564534,"nonsyn","nonsyn","nonsyn",4.2e-06,5.36e-07,1.17e-06,1.17e-06,"0.00148423333333333","0.0018605925","0.001704748","0.003721185","A","A","T","P","S",1,1,1,0,0,0,0
"1574",1837,6376,6376,"c","c","t","t",0.00219573400250941,0.00219573400250941,0.000156838143036386,0.000156838143036386,0,0.000156838143036386,0,0.000156838143036386,0.0023525721455458,0.0023525721455458,0.0023525721455458,0.0023525721455458,"nonsyn","nonsyn","nonsyn",4.58e-06,8.37e-07,4.33e-07,4.33e-07,"0.00208586285714286","0.00276080800000001","1","0.00276080800000001","A","A","V","E","G",0,1,1,0,0,0,0
"1575",1838,6363,6364,"a","a","g","g",0.00188590287600189,0.00188590287600189,0.000314317146000314,0.000314317146000314,0.000157158573000157,0.000157158573000157,0.000157158573000157,0.000157158573000157,0.0022002200220022,0.0022002200220022,0.00219987429289755,0.00219987429289755,"syn","syn","syn",1.77e-05,1.76e-06,1.7e-06,1.7e-06,"0.00938542499999998","0.00540855000000001","0.01119888","0.0108171","A","A","A","A","A",0,0,0,1,0,0,0
"1576",1839,6325,6325,"a","a","g","g",0.000948616600790514,0.000948616600790514,0.000474308300395257,0.000474308300395257,0.000158102766798419,0.000316205533596838,0.000158102766798419,0.000316205533596838,0.00142292490118577,0.00142292490118577,0.00142292490118577,0.00142292490118577,"nonsyn","nonsyn","stop",1.77e-05,1.76e-06,1.7e-06,1.7e-06,"0.01865875","0.00358416666666667","0.011132","0.00537625","K","K","E","Q","*",1,1,1,0,0,0,0
"1577",1840,6203,6203,"a","a","g","g",0.00499758181525068,0.00499758181525068,0.00048363694986297,0.00048363694986297,0.00016121231662099,0.00032242463324198,0.00016121231662099,0.00032242463324198,0.00548121876511366,0.00548121876511366,0.00548121876511366,0.00548121876511366,"nonsyn","nonsyn","nonsyn",1.77e-05,1.76e-06,1.7e-06,1.7e-06,"0.00354171290322581","0.00351503333333333","0.01091728","0.00527254999999999","K","K","R","T","M",0,1,1,0,1,1,0
"1578",1841,6374,6375,"g","g","a","a",0.00047066206463759,0.00047066206463759,0.000156887354879197,0.000156887354879197,0,0.000156887354879197,0,0.000156887354879197,0.000627549419516787,0.000627549419516787,0.000627450980392157,0.000627450980392157,"syn","nonsyn","nonsyn",4.2e-06,5.36e-07,1.17e-06,1.17e-06,"0.0089236","0.00745757999999999","1","0.00745757999999999","K","K","K","N","N",0,1,1,0,0,0,0
"1579",1842,6355,6355,"a","a","g","g",0.0044059795436664,0.0044059795436664,0.000786782061369001,0.000786782061369001,0.0001573564122738,0.000629425649095201,0.0001573564122738,0.000629425649095201,0.00519276160503541,0.00519276160503541,0.00519276160503541,0.00519276160503541,"nonsyn","nonsyn","nonsyn",1.77e-05,1.76e-06,1.7e-06,1.7e-06,"0.00401726785714286","0.0021607","0.0111848","0.002700875","S","S","G","R","C",1,1,1,0,1,1,0
"1580",1843,6273,6276,"g","g","a","a",0.00127530687071577,0.00127530687071577,0.000318826717678941,0.000318826717678941,0.000159413358839471,0.000159413358839471,0.000159413358839471,0.000159413358839471,0.00159413358839471,0.00159413358839471,0.00159337157425112,0.00159337157425112,"nonsyn","nonsyn","nonsyn",4.2e-06,5.36e-07,1.17e-06,1.17e-06,"0.00329332499999999","0.00366970500000001","0.00336232799999999","0.00733940999999999","S","S","N","T","I",0,0,1,0,0,0,0
"1581",1844,6249,6252,"c","c","t","t",0.00240038406144983,0.00240038406144983,0.000480076812289966,0.000480076812289966,0.000480076812289966,0,0.000480076812289966,0,0.0028804608737398,0.0028804608737398,0.00287907869481766,0.00287907869481766,"syn","nonsyn","nonsyn",4.58e-06,8.37e-07,4.33e-07,4.33e-07,"0.001908028","0.000901939000000001","0.001743471","1","S","S","S","R","R",0,1,1,0,0,0,0
"1582",1845,6271,6281,"g","g","a","a",0.00175410620315739,0.00175410620315739,0,0,0,0,0,0,0.00175410620315739,0.00175410620315739,0.00175131348511384,0.00175131348511384,"nonsyn","nonsyn","nonsyn",4.2e-06,5.36e-07,1.17e-06,1.17e-06,"0.00239438181818182","1","1","1","V","V","M","L","L",0,0,0,0,0,0,0
"1583",1846,6265,6275,"t","t","c","c",0.00335195530726257,0.00335195530726257,0.00159616919393456,0.00159616919393456,0.00159616919393456,0,0.00159616919393456,0,0.00494812450119713,0.00494812450119713,0.0049402390438247,0.0049402390438247,"nonsyn","nonsyn","nonsyn",1.7e-05,1.07e-06,1.21e-06,1.21e-06,"0.00507166666666667","0.000758064999999999","0.000670354999999999","1","V","V","A","E","G",0,1,1,1,0,0,0
"1584",1847,6310,6310,"g","g","a","a",0.00142630744849445,0.00142630744849445,0.000475435816164818,0.000475435816164818,0.000158478605388273,0.000316957210776545,0.000158478605388273,0.000316957210776545,0.00190174326465927,0.00190174326465927,0.00190174326465927,0.00190174326465927,"syn","syn","syn",4.2e-06,5.36e-07,1.17e-06,1.17e-06,"0.00294466666666667","0.0024609","0.00338215999999999","0.00369135","V","V","V","V","V",0,0,0,0,0,0,0
"1585",1848,6330,6330,"t","t","c","c",0.00458135860979463,0.00458135860979463,0.000789889415481833,0.000789889415481833,0.0004739336492891,0.000315955766192733,0.0004739336492891,0.000315955766192733,0.00537124802527646,0.00537124802527646,0.00537124802527646,0.00537124802527646,"nonsyn","nonsyn","nonsyn",1.7e-05,1.07e-06,1.21e-06,1.21e-06,"0.00371068965517241","0.00153186","0.0022577","0.00382965","C","C","R","S","G",1,1,0,1,0,0,0
"1586",1849,6340,6340,"g","g","a","a",0.000946372239747634,0.000946372239747634,0.0457413249211356,0.0457413249211356,0.000157728706624606,0.045583596214511,0.000157728706624606,0.045583596214511,0.0466876971608833,0.0466876971608833,0.0466876971608833,0.0466876971608833,"nonsyn","nonsyn","nonsyn",4.2e-06,5.36e-07,1.17e-06,1.17e-06,"0.004438","2.55786206896552e-05","0.00339823999999999","2.56671280276817e-05","C","C","Y","S","F",1,1,1,0,0,0,0
"1587",1850,6436,6436,"t","t","c","c",0.0362026103169671,0.0362026103169671,0.000776880049720323,0.000776880049720323,0.000621504039776259,0.000155376009944065,0.000621504039776259,0.000155376009944065,0.0369794903666874,0.0369794903666874,0.0369794903666874,0.0369794903666874,"syn","stop","nonsyn",1.7e-05,1.07e-06,1.21e-06,1.21e-06,"0.00046957939914163","0.001557512","0.00172163","0.00778755999999998","C","C","C","*","W",0,1,1,1,0,0,0
"1588",1851,6444,6444,"g","g","a","a",0.00170701427684668,0.00170701427684668,0.000155183116076971,0.000155183116076971,0,0.000155183116076971,0,0.000155183116076971,0.00186219739292365,0.00186219739292365,0.00186219739292365,0.00186219739292365,"nonsyn","nonsyn","nonsyn",4.2e-06,5.36e-07,1.17e-06,1.17e-06,"0.00246043636363636","0.00753947999999999","1","0.00753947999999999","G","G","S","R","C",1,1,0,0,1,1,0
"1589",1852,6445,6445,"g","g","a","a",0.00201706749418154,0.00201706749418154,0.000155159038013964,0.000155159038013964,0,0.000155159038013964,0,0.000155159038013964,0.0021722265321955,0.0021722265321955,0.0021722265321955,0.0021722265321955,"nonsyn","nonsyn","nonsyn",4.2e-06,5.36e-07,1.17e-06,1.17e-06,"0.00208223076923077","0.00754065000000002","1","0.00754065000000002","G","G","D","A","V",1,1,1,0,0,0,0
"1590",1853,6473,6473,"c","c","t","t",0.00386219681754982,0.00386219681754982,0.000154487872701993,0.000154487872701993,0.000154487872701993,0,0.000154487872701993,0,0.00401668469025182,0.00401668469025182,0.00401668469025182,0.00401668469025182,"syn","syn","syn",4.58e-06,8.37e-07,4.33e-07,4.33e-07,"0.0011858536","0.002802809","0.005417901","1","G","G","G","G","G",0,0,0,0,0,0,0
"1591",1854,6503,6503,"c","c","t","t",0.00153775180685837,0.00153775180685837,0.00199907734891589,0.00199907734891589,0.00184530216823005,0.000153775180685837,0.00184530216823005,0.000153775180685837,0.00353682915577426,0.00353682915577426,0.00353682915577426,0.00353682915577426,"nonsyn","nonsyn","nonsyn",4.58e-06,8.37e-07,4.33e-07,4.33e-07,"0.00297837400000001","0.000216599923076923","0.000453584249999999","0.00281579900000001","P","P","S","T","A",1,1,1,0,1,0,1
"1592",1855,6533,6533,"c","c","t","t",0.00168375937547834,0.00168375937547834,0.000765345170671973,0.000765345170671973,0.000612276136537578,0.000153069034134395,0.000612276136537578,0.000153069034134395,0.00244910454615031,0.00244910454615031,0.00244910454615031,0.00244910454615031,"nonsyn","nonsyn","nonsyn",4.58e-06,8.37e-07,4.33e-07,4.33e-07,"0.00272010363636364","0.0005657578","0.00136703025","0.00282878899999999","P","P","L","Q","R",1,1,1,0,1,0,1
"1593",1856,6586,6586,"g","g","a","a",0.00136653507440024,0.00136653507440024,0.000911023382933495,0.000911023382933495,0,0.000911023382933495,0,0.000911023382933495,0.00227755845733374,0.00227755845733374,0.00227755845733374,0.00227755845733374,"syn","syn","syn",4.2e-06,5.36e-07,1.17e-06,1.17e-06,"0.00307346666666667","0.00128427","1","0.00128427","P","P","P","P","P",0,0,0,0,1,1,0
"1594",1857,6657,6657,"g","g","a","a",0.00195283160582845,0.00195283160582845,0.000150217815832958,0.000150217815832958,0,0.000150217815832958,0,0.000150217815832958,0.00210304942166141,0.00210304942166141,0.00210304942166141,0.00210304942166141,"nonsyn","nonsyn","nonsyn",4.2e-06,5.36e-07,1.17e-06,1.17e-06,"0.00215072307692308","0.00778868999999999","1","0.00778868999999999","V","V","I","L","L",0,0,0,0,0,0,0
"1595",1858,6770,6773,"t","t","c","c",0.00354505169867061,0.00354505169867061,0.0017725258493353,0.0017725258493353,0.000443131462333826,0.00132939438700148,0.000443131462333826,0.00132939438700148,0.00531757754800591,0.00531757754800591,0.00531522220581722,0.00531522220581722,"nonsyn","nonsyn","nonsyn",1.7e-05,1.07e-06,1.21e-06,1.21e-06,"0.00479541666666666","0.000682641666666668","0.00241463333333333","0.000910188888888887","V","V","A","E","G",0,1,1,0,0,0,0
"1596",1859,6870,6870,"t","a","c","g",0.00320232896652111,0.000145560407569141,0.000436681222707424,0.999563318777293,0.000291120815138282,0.000145560407569141,0.00320232896652111,0.996360989810771,0.00363901018922853,0.999708879184862,0.00363901018922853,0.999708879184862,"syn","syn","syn",1.77e-05,1.76e-06,1.7e-06,1.7e-06,"0.121599","1.70074268239406e-06","0.000549599999999999","1.70620891161432e-06","V","V","V","V","V",0,0,0,0,0,0,0
"1597",1860,6861,6861,"t","t","c","c",0.00160326483019968,0.00160326483019968,0.000291502696399942,0.000291502696399942,0.000291502696399942,0,0.000291502696399942,0,0.00189476752659962,0.00189476752659962,0.00189476752659962,0.00189476752659962,"nonsyn","nonsyn","nonsyn",1.7e-05,1.07e-06,1.21e-06,1.21e-06,"0.0106033636363636","0.004150905","0.003670635","1","Y","Y","H","N","D",1,1,1,0,0,0,0
"1598",1861,6947,6947,"a","a","g","g",0.0015834173024327,0.0015834173024327,0.000431841082481647,0.000431841082481647,0.000143947027493882,0.000287894054987765,0.000143947027493882,0.000287894054987765,0.00201525838491435,0.00201525838491435,0.00201525838491435,0.00201525838491435,"nonsyn","nonsyn","nonsyn",1.77e-05,1.76e-06,1.7e-06,1.7e-06,"0.0111783545454546","0.00393663333333333","0.01222672","0.00590494999999999","Y","Y","C","S","F",1,1,0,0,0,0,0
"1599",1862,7074,7074,"c","t","t","c",0.000989539157478089,0.998869098105739,0.000141362736782584,0.000141362736782584,0.000141362736782584,0,0.000141362736782584,0,0.00113090189426067,0.999010460842522,0.00113090189426067,0.999010460842522,"syn","stop","stop",1.7e-05,1.07e-06,1.21e-06,1.21e-06,"1.70192470987829e-05","0.00855954000000001","0.00756918000000001","1","Y","Y","Y","*","*",0,1,1,0,0,0,0
"1600",1863,7071,7071,"t","t","c","c",0.00424268137462877,0.00424268137462877,0.001131381699901,0.001131381699901,0.000707113562438128,0.000424268137462877,0.000707113562438128,0.000424268137462877,0.00537406307452977,0.00537406307452977,0.00537406307452977,0.00537406307452977,"nonsyn","nonsyn","nonsyn",1.7e-05,1.07e-06,1.21e-06,1.21e-06,"0.0040069","0.00106948875","0.001513194","0.00285197","C","C","R","S","G",1,1,0,1,0,0,0
"1601",1864,7094,7094,"g","g","a","a",0.000845785170566676,0.000845785170566676,0.000281928390188892,0.000281928390188892,0,0.000281928390188892,0,0.000281928390188892,0.00112771356075557,0.00112771356075557,0.00112771356075557,0.00112771356075557,"nonsyn","nonsyn","nonsyn",4.2e-06,5.36e-07,1.17e-06,1.17e-06,"0.0049658","0.00414999","1","0.00414999","C","C","Y","S","F",1,1,1,0,0,0,0
"1602",1865,7088,7092,"t","c","c","t",0.00395033860045147,0.994920993227991,0.00112866817155756,0.00112866817155756,0.000141083521444695,0.000987584650112867,0.000141083521444695,0.000987584650112867,0.00507900677200903,0.996049661399549,0.0050761421319797,0.995487873660463,"syn","stop","nonsyn",4.58e-06,8.37e-07,4.33e-07,4.33e-07,"4.60338060124787e-06","0.000383638000000001","0.00593265600000001","0.000438443428571428","C","C","C","*","W",0,1,1,0,0,0,0
"1603",1866,7089,7089,"t","t","c","c",0.00352659049231203,0.00352659049231203,0.000423190859077444,0.000423190859077444,0.000423190859077444,0,0.000423190859077444,0,0.00394978135138948,0.00394978135138948,0.00394978135138948,0.00394978135138948,"nonsyn","nonsyn","nonsyn",1.7e-05,1.07e-06,1.21e-06,1.21e-06,"0.00482052","0.00285923","0.00252841","1","F","F","L","I","V",0,0,0,0,1,0,1
"1604",1867,7112,7112,"t","t","c","c",0.00492125984251968,0.00492125984251968,0.000421822272215973,0.000421822272215973,0.000281214848143982,0.000140607424071991,0.000281214848143982,0.000140607424071991,0.00534308211473566,0.00534308211473566,0.00534308211473566,0.00534308211473566,"nonsyn","nonsyn","nonsyn",1.7e-05,1.07e-06,1.21e-06,1.21e-06,"0.0034544","0.00286850666666667","0.00380492","0.00860552","F","F","S","Y","C",1,0,1,0,0,0,0
"1605",1868,7056,7056,"c","c","t","t",0.000850340136054422,0.000850340136054422,0.000283446712018141,0.000283446712018141,0.000283446712018141,0,0.000283446712018141,0,0.00113378684807256,0.00113378684807256,0.00113378684807256,0.00113378684807256,"syn","nonsyn","nonsyn",4.58e-06,8.37e-07,4.33e-07,4.33e-07,"0.00538608","0.001527624","0.002952936","1","F","F","F","L","L",0,0,0,0,0,0,0
"1606",1869,6996,6996,"a","a","g","g",0.00414522584333905,0.00414522584333905,0.000142938822184105,0.000142938822184105,0,0.000142938822184105,0,0.000142938822184105,0.00428816466552316,0.00428816466552316,0.00428816466552316,0.00428816466552316,"nonsyn","nonsyn","nonsyn",1.77e-05,1.76e-06,1.7e-06,1.7e-06,"0.0042699724137931","0.0118932","1","0.0118932","T","T","A","P","S",1,1,0,1,0,0,0
"1607",1870,7031,7031,"c","c","t","t",0.000995590954345043,0.000995590954345043,0.000284454558384298,0.000284454558384298,0.000284454558384298,0,0.000284454558384298,0,0.00128004551272934,0.00128004551272934,0.00128004551272934,0.00128004551272934,"nonsyn","nonsyn","nonsyn",4.58e-06,8.37e-07,4.33e-07,4.33e-07,"0.00460028285714286","0.0015222115","0.0029424735","1","T","T","I","N","S",1,0,0,0,0,0,0
"1608",1871,7038,7038,"t","t","c","c",0.00326797385620915,0.00326797385620915,0.000852514919011083,0.000852514919011083,0.000710429099175902,0.00014208581983518,0.000710429099175902,0.00014208581983518,0.00412048877522023,0.00412048877522023,0.00412048877522023,0.00412048877522023,"syn","syn","syn",1.7e-05,1.07e-06,1.21e-06,1.21e-06,"0.005202","0.00141933","0.001506132","0.00851598000000003","T","T","T","T","T",0,0,0,0,1,0,1
"1609",1872,7020,7024,"c","c","t","t",0.00156695156695157,0.00156695156695157,0.00056980056980057,0.00056980056980057,0.000427350427350427,0.000142450142450142,0.000427350427350427,0.000142450142450142,0.00213675213675214,0.00213675213675214,0.00213553530751708,0.00213553530751708,"nonsyn","nonsyn","nonsyn",4.58e-06,8.37e-07,4.33e-07,4.33e-07,"0.00292287272727272","0.000759915","0.00195858","0.00303966000000001","P","P","S","T","A",1,1,1,0,0,0,0
"1610",1873,6872,6872,"c","c","t","t",0.00174621653084983,0.00174621653084983,0.000291036088474971,0.000291036088474971,0.000145518044237485,0.000145518044237485,0.000145518044237485,0.000145518044237485,0.0020372526193248,0.0020372526193248,0.0020372526193248,0.0020372526193248,"nonsyn","nonsyn","nonsyn",4.58e-06,8.37e-07,4.33e-07,4.33e-07,"0.00262281333333333","0.001487788","0.00575186400000002","0.00297557600000001","P","P","L","H","R",1,1,1,0,1,0,1
"1611",1874,6878,6878,"c","c","t","t",0.00101773771445188,0.00101773771445188,0.000726955510322768,0.000726955510322768,0.000726955510322768,0,0.000726955510322768,0,0.00174469322477464,0.00174469322477464,0.00174469322477464,0.00174469322477464,"syn","syn","syn",4.58e-06,8.37e-07,4.33e-07,4.33e-07,"0.00450017714285712","0.0005956348","0.0011513772","1","P","P","P","P","P",0,0,0,0,1,0,1
"1612",1875,6998,6998,"a","a","g","g",0.0020005715918834,0.0020005715918834,0.0010002857959417,0.0010002857959417,0.000428693912546442,0.000571591883395256,0.000428693912546442,0.000571591883395256,0.00300085738782509,0.00300085738782509,0.00300085738782509,0.00300085738782509,"nonsyn","nonsyn","nonsyn",1.77e-05,1.76e-06,1.7e-06,1.7e-06,"0.00884747142857141","0.00169951428571428","0.00410549333333333","0.00297415","S","S","G","R","C",1,1,1,1,1,1,0
"1613",1876,6988,6988,"g","g","a","a",0.000572409845449342,0.000572409845449342,0.000143102461362335,0.000143102461362335,0,0.000143102461362335,0,0.000143102461362335,0.000715512306811677,0.000715512306811677,0.000715512306811677,0.000715512306811677,"nonsyn","nonsyn","nonsyn",4.2e-06,5.36e-07,1.17e-06,1.17e-06,"0.0073374","0.00817596000000003","1","0.00817596000000003","S","S","N","T","I",0,0,1,0,0,0,0
"1614",1877,7003,7003,"t","c","c","t",0.00385549050406968,0.995716121662145,0.000428387833785521,0.000428387833785521,0.000285591889190347,0.000142795944595173,0.000285591889190347,0.000142795944595173,0.00428387833785521,0.99614450949593,0.00428387833785521,0.99614450949593,"syn","nonsyn","nonsyn",4.58e-06,8.37e-07,4.33e-07,4.33e-07,"4.59970457478847e-06","0.00101076633333333","0.0029307555","0.00303229900000001","S","S","S","R","R",0,1,1,0,0,0,0
"1615",1878,7022,7023,"c","c","t","t",0.000712047849615494,0.000712047849615494,0.000569638279692395,0.000569638279692395,0.000569638279692395,0,0.000569638279692395,0,0.00128168612930789,0.00128168612930789,0.00128150363092695,0.00128150363092695,"nonsyn","nonsyn","nonsyn",4.58e-06,8.37e-07,4.33e-07,4.33e-07,"0.006432152","0.0007601315","0.0014693535","1","P","P","S","T","A",1,1,1,0,1,0,1
"1616",1879,7032,7032,"c","c","t","t",0.00113765642775882,0.00113765642775882,0.000568828213879408,0.000568828213879408,0.000568828213879408,0,0.000568828213879408,0,0.00170648464163823,0.00170648464163823,0.00170648464163823,0.00170648464163823,"nonsyn","nonsyn","nonsyn",4.58e-06,8.37e-07,4.33e-07,4.33e-07,"0.00402581999999999","0.000761214000000001","0.001471446","1","P","P","L","H","R",1,1,1,0,1,0,1
"1617",1880,6810,6810,"t","c","c","t",0.0187958883994126,0.979882525697504,0.0013215859030837,0.0013215859030837,0.00102790014684288,0.000293685756240822,0.00102790014684288,0.000293685756240822,0.0201174743024963,0.981204111600587,0.0201174743024963,0.981204111600587,"syn","syn","syn",4.58e-06,8.37e-07,4.33e-07,4.33e-07,"4.67402967181178e-06","0.000327636666666667","0.000814281428571427","0.001474365","P","P","P","P","P",0,0,0,0,1,0,1
"1618",1881,6968,6978,"g","g","a","a",0.00272675086107922,0.00272675086107922,0,0,0,0,0,0,0.00272675086107922,0.00272675086107922,0.00272284322155345,0.00272284322155345,"nonsyn","nonsyn","nonsyn",4.2e-06,5.36e-07,1.17e-06,1.17e-06,"0.0015402947368421","1","1","1","V","V","M","L","L",0,0,0,0,0,0,0
"1619",1882,6921,6931,"t","t","c","c",0.00187834128016183,0.00187834128016183,0.000288975581563358,0.000288975581563358,0.000144487790781679,0.000144487790781679,0.000144487790781679,0.000144487790781679,0.00216731686172518,0.00216731686172518,0.0021641898715914,0.0021641898715914,"nonsyn","nonsyn","nonsyn",1.7e-05,1.07e-06,1.21e-06,1.21e-06,"0.00905053846153844","0.004187205","0.00740547","0.00837441","V","V","A","E","G",0,1,1,1,0,0,0
"1620",1883,6907,6917,"g","g","a","a",0.00159258723034603,0.00159258723034603,0.000144780657304184,0.000144780657304184,0,0.000144780657304184,0,0.000144780657304184,0.00173736788765021,0.00173736788765021,0.00173485615151077,0.00173485615151077,"syn","syn","syn",4.2e-06,5.36e-07,1.17e-06,1.17e-06,"0.00263721818181817","0.00808119000000001","1","0.00808119000000001","V","V","V","V","V",0,0,0,0,1,1,0
"1621",1884,6901,6901,"g","g","a","a",0.000579626141138965,0.000579626141138965,0,0,0,0,0,0,0.000579626141138965,0.000579626141138965,0.000579626141138965,0.000579626141138965,"nonsyn","nonsyn","nonsyn",4.2e-06,5.36e-07,1.17e-06,1.17e-06,"0.00724605","1","1","1","V","V","M","L","L",0,0,0,0,0,0,0
"1622",1885,6818,6818,"t","t","c","c",0.00161337635670285,0.00161337635670285,0.000440011733646231,0.000440011733646231,0.000440011733646231,0,0.000440011733646231,0,0.00205338809034908,0.00205338809034908,0.00205338809034908,0.00205338809034908,"nonsyn","nonsyn","nonsyn",1.7e-05,1.07e-06,1.21e-06,1.21e-06,"0.0105369090909091","0.00274992666666666","0.00243175333333333","1","V","V","A","E","G",0,1,1,1,0,0,0
"1623",1886,6833,6834,"g","g","a","a",0.00146348602370847,0.00146348602370847,0,0,0,0,0,0,0.00146348602370847,0.00146348602370847,0.00146327187591454,0.00146327187591454,"syn","syn","syn",4.2e-06,5.36e-07,1.17e-06,1.17e-06,"0.00286986000000001","1","1","1","V","V","V","V","V",0,0,0,0,1,1,0
"1624",1887,6832,6832,"g","g","a","a",0.00175644028103044,0.00175644028103044,0,0,0,0,0,0,0.00175644028103044,0.00175644028103044,0.00175644028103044,0.00175644028103044,"nonsyn","nonsyn","nonsyn",4.2e-06,5.36e-07,1.17e-06,1.17e-06,"0.00239120000000001","1","1","1","V","V","M","L","L",0,0,0,0,0,0,0
"1625",1888,6889,6889,"t","t","c","c",0.00188706633763972,0.00188706633763972,0.00145158949049209,0.00145158949049209,0.000725794745246044,0.000725794745246044,0.000725794745246044,0.000725794745246044,0.0033386558281318,0.0033386558281318,0.0033386558281318,0.0033386558281318,"nonsyn","nonsyn","nonsyn",1.7e-05,1.07e-06,1.21e-06,1.21e-06,"0.00900869230769229","0.000833568999999999","0.001474246","0.001667138","V","V","A","E","G",0,1,1,1,0,0,0
"1626",1889,6930,6941,"g","g","a","a",0.00303030303030303,0.00303030303030303,0.000577200577200577,0.000577200577200577,0,0.000577200577200577,0,0.000577200577200577,0.00360750360750361,0.00360750360750361,0.0036017864860971,0.0036017864860971,"syn","syn","syn",4.2e-06,5.36e-07,1.17e-06,1.17e-06,"0.001386","0.002027025","1","0.002027025","V","V","V","V","V",0,0,0,0,1,1,0
"1627",1890,6955,6956,"g","g","a","a",0.00301941049604601,0.00301941049604601,0.000718907260963336,0.000718907260963336,0.000143781452192667,0.000575125808770669,0.000143781452192667,0.000575125808770669,0.00373831775700935,0.00373831775700935,0.00373778033352501,0.00373778033352501,"nonsyn","nonsyn","stop",4.2e-06,5.36e-07,1.17e-06,1.17e-06,"0.001391","0.00162747","0.00372788","0.0020343375","G","G","R","R","*",1,1,1,0,1,1,0
"1628",1891,6968,6968,"g","g","a","a",0.000861079219288174,0.000861079219288174,0.000287026406429392,0.000287026406429392,0.000143513203214696,0.000143513203214696,0.000143513203214696,0.000143513203214696,0.00114810562571757,0.00114810562571757,0.00114810562571757,0.00114810562571757,"nonsyn","nonsyn","nonsyn",4.2e-06,5.36e-07,1.17e-06,1.17e-06,"0.0048776","0.00407627999999999","0.00373484799999999","0.00815255999999999","G","G","E","A","V",1,1,1,0,0,0,0
"1629",1892,6909,6910,"a","a","g","g",0.00376320741062382,0.00376320741062382,0.000144738746562455,0.000144738746562455,0,0.000144738746562455,0,0.000144738746562455,0.00390794615718628,0.00390794615718628,0.00390738060781476,0.00390738060781476,"syn","syn","syn",1.77e-05,1.76e-06,1.7e-06,1.7e-06,"0.00470343461538462","0.0117453","1","0.0117453","G","G","G","G","G",0,0,0,0,0,0,0
"1630",1893,6918,6918,"a","a","g","g",0.0040474125469789,0.0040474125469789,0.000289100896212778,0.000289100896212778,0.000144550448106389,0.000144550448106389,0.000144550448106389,0.000144550448106389,0.00433651344319167,0.00433651344319167,0.00433651344319167,0.00433651344319167,"nonsyn","nonsyn","nonsyn",1.77e-05,1.76e-06,1.7e-06,1.7e-06,"0.00437316428571428","0.0058803","0.01217568","0.0117606","T","T","A","P","S",1,1,0,0,0,0,0
"1631",1894,6889,6889,"c","c","t","t",0.00246770213383655,0.00246770213383655,0.000145158949049209,0.000145158949049209,0.000145158949049209,0,0.000145158949049209,0,0.00261286108288576,0.00261286108288576,0.00261286108288576,0.00261286108288576,"nonsyn","nonsyn","nonsyn",4.58e-06,8.37e-07,4.33e-07,4.33e-07,"0.00185597764705882","0.002982937","0.00576609299999999","1","T","T","M","K","R",1,1,1,0,0,0,0
"1632",1895,6873,6873,"g","g","a","a",0.00101847810272079,0.00101847810272079,0.000581987487269024,0.000581987487269024,0,0.000581987487269024,0,0.000581987487269024,0.00160046558998982,0.00160046558998982,0.00160046558998982,0.00160046558998982,"syn","syn","syn",4.2e-06,5.36e-07,1.17e-06,1.17e-06,"0.00412380000000001","0.0020103525","1","0.0020103525","T","T","T","T","T",0,0,0,0,0,0,0
"1633",1896,6892,6892,"a","a","g","g",0.00420777713290772,0.00420777713290772,0.000580383052814858,0.000580383052814858,0,0.000580383052814858,0,0.000580383052814858,0.00478816018572258,0.00478816018572258,0.00478816018572258,0.00478816018572258,"nonsyn","nonsyn","nonsyn",1.77e-05,1.76e-06,1.7e-06,1.7e-06,"0.00420649655172414","0.0029291","1","0.0029291","T","T","A","P","S",1,1,0,0,0,0,0
"1634",1897,6900,6901,"c","c","t","t",0.00144927536231884,0.00144927536231884,0.000289855072463768,0.000289855072463768,0.000144927536231884,0.000144927536231884,0.000144927536231884,0.000144927536231884,0.00173913043478261,0.00173913043478261,0.0017388784234169,0.0017388784234169,"nonsyn","nonsyn","nonsyn",4.58e-06,8.37e-07,4.33e-07,4.33e-07,"0.0031602","0.00149385","0.0057753","0.0029877","T","T","I","N","S",1,0,0,0,0,0,0
"1635",1898,6957,6957,"c","c","t","t",0.00229984188587035,0.00229984188587035,0.00086244070720138,0.00086244070720138,0.00086244070720138,0,0.00086244070720138,0,0.00316228259307173,0.00316228259307173,0.00316228259307173,0.00316228259307173,"syn","syn","syn",4.58e-06,8.37e-07,4.33e-07,4.33e-07,"0.00199144125","0.0005020635","0.0009705015","1","T","T","T","T","T",0,0,0,0,1,0,1
"1636",1899,6968,6968,"g","g","a","a",0.00129161882893226,0.00129161882893226,0.000574052812858783,0.000574052812858783,0,0.000574052812858783,0,0.000574052812858783,0.00186567164179104,0.00186567164179104,0.00186567164179104,0.00186567164179104,"nonsyn","nonsyn","nonsyn",4.2e-06,5.36e-07,1.17e-06,1.17e-06,"0.00325173333333334","0.00203814","1","0.00203814","D","D","N","H","Y",1,1,1,0,0,0,0
"1637",1900,6946,6946,"a","a","g","g",0.00475093579038295,0.00475093579038295,0.000863806507342355,0.000863806507342355,0,0.000863806507342355,0,0.000863806507342355,0.00561474229772531,0.00561474229772531,0.00561474229772531,0.00561474229772531,"nonsyn","nonsyn","nonsyn",1.77e-05,1.76e-06,1.7e-06,1.7e-06,"0.00372558181818182","0.00196803333333333","1","0.00196803333333333","D","D","G","A","V",1,1,1,0,0,0,0
"1638",1901,6985,6985,"c","c","t","t",0.00171796707229778,0.00171796707229778,0.000286327845382964,0.000286327845382964,0.000143163922691482,0.000143163922691482,0.000143163922691482,0.000143163922691482,0.00200429491768074,0.00200429491768074,0.00200429491768074,0.00200429491768074,"syn","nonsyn","nonsyn",4.58e-06,8.37e-07,4.33e-07,4.33e-07,"0.00266594166666667","0.0015122525","0.00584644499999999","0.00302450499999999","D","D","D","E","E",0,0,0,0,0,0,0
"1639",1902,6909,6909,"a","a","g","g",0.00361846866406137,0.00361846866406137,0.00101317122593718,0.00101317122593718,0,0.00101317122593718,0,0.00101317122593718,0.00463163988999855,0.00463163988999855,0.00463163988999855,0.00463163988999855,"nonsyn","syn","nonsyn",1.77e-05,1.76e-06,1.7e-06,1.7e-06,"0.004891572","0.00167790000000001","1","0.00167790000000001","R","R","G","R","W",1,0,1,1,1,1,0
"1640",1903,6895,6895,"g","g","a","a",0.00145032632342277,0.00145032632342277,0.000435097897026831,0.000435097897026831,0,0.000435097897026831,0,0.000435097897026831,0.0018854242204496,0.0018854242204496,0.0018854242204496,0.0018854242204496,"nonsyn","nonsyn","nonsyn",4.2e-06,5.36e-07,1.17e-06,1.17e-06,"0.0028959","0.00268905","1","0.00268905","R","R","K","T","M",0,1,1,0,1,1,0
"1641",1904,6887,6887,"g","g","a","a",0.00493683751996515,0.00493683751996515,0.000145201103528387,0.000145201103528387,0,0.000145201103528387,0,0.000145201103528387,0.00508203862349354,0.00508203862349354,0.00508203862349354,0.00508203862349354,"syn","nonsyn","nonsyn",4.2e-06,5.36e-07,1.17e-06,1.17e-06,"0.00085074705882353","0.00805778999999999","1","0.00805778999999999","R","R","R","S","S",0,1,1,0,0,0,0
"1642",1905,6928,6928,"t","t","c","c",0.00303117782909931,0.00303117782909931,0.000577367205542725,0.000577367205542725,0.000433025404157044,0.000144341801385681,0.000433025404157044,0.000144341801385681,0.00360854503464203,0.00360854503464203,0.00360854503464203,0.00360854503464203,"nonsyn","nonsyn","nonsyn",1.7e-05,1.07e-06,1.21e-06,1.21e-06,"0.00560838095238095","0.00209572","0.00247098666666667","0.00838288000000002","S","S","P","T","A",1,0,1,0,0,0,0
"1643",1906,6963,6963,"c","c","t","t",0.00114893005888267,0.00114893005888267,0.000574465029441333,0.000574465029441333,0.000574465029441333,0,0.000574465029441333,0,0.001723395088324,0.001723395088324,0.001723395088324,0.001723395088324,"nonsyn","stop","nonsyn",4.58e-06,8.37e-07,4.33e-07,4.33e-07,"0.00398631749999998","0.00075374475","0.00145700775","1","S","S","L","*","W",1,1,1,0,0,0,0
"1644",1907,6926,6926,"g","g","a","a",0.00187698527288478,0.00187698527288478,0.000433150447588796,0.000433150447588796,0,0.000433150447588796,0,0.000433150447588796,0.00231013572047358,0.00231013572047358,0.00231013572047358,0.00231013572047358,"syn","syn","syn",4.2e-06,5.36e-07,1.17e-06,1.17e-06,"0.00223763076923077","0.00270114","1","0.00270114","S","S","S","S","S",0,0,0,0,1,1,0
"1645",1908,6916,6916,"g","g","a","a",0.00101214574898785,0.00101214574898785,0.000433776749566223,0.000433776749566223,0,0.000433776749566223,0,0.000433776749566223,0.00144592249855408,0.00144592249855408,0.00144592249855408,0.00144592249855408,"nonsyn","nonsyn","nonsyn",4.2e-06,5.36e-07,1.17e-06,1.17e-06,"0.00414960000000002","0.00269724","1","0.00269724","G","G","S","R","C",1,1,0,0,1,1,0
"1646",1909,6872,6872,"g","g","a","a",0.00160069848661234,0.00160069848661234,0.000291036088474971,0.000291036088474971,0,0.000291036088474971,0,0.000291036088474971,0.00189173457508731,0.00189173457508731,0.00189173457508731,0.00189173457508731,"nonsyn","nonsyn","nonsyn",4.2e-06,5.36e-07,1.17e-06,1.17e-06,"0.00262385454545454","0.00402012","1","0.00402012","G","G","D","A","V",1,1,1,0,0,0,0
"1647",1910,6882,6883,"c","c","t","t",0.0358907294391165,0.0358907294391165,0.000726532984597501,0.000726532984597501,0.000581226387678001,0.0001453065969195,0.000581226387678001,0.0001453065969195,0.036617262423714,0.036617262423714,0.0366119424669476,0.0366119424669476,"syn","syn","syn",4.58e-06,8.37e-07,4.33e-07,4.33e-07,"0.000127609554655871","0.0005959812","0.0014400585","0.002979906","G","G","G","G","G",0,0,0,0,0,0,0
"1648",1911,6860,6860,"g","g","a","a",0.00247813411078717,0.00247813411078717,0.000291545189504373,0.000291545189504373,0.000145772594752187,0.000145772594752187,0.000145772594752187,0.000145772594752187,0.00276967930029155,0.00276967930029155,0.00276967930029155,0.00276967930029155,"nonsyn","nonsyn","nonsyn",4.2e-06,5.36e-07,1.17e-06,1.17e-06,"0.00169482352941177","0.0040131","0.00367695999999999","0.00802619999999998","A","A","T","P","S",1,1,1,0,0,0,0
"1649",1912,6860,6860,"c","c","t","t",0.00102040816326531,0.00102040816326531,0,0,0,0,0,0,0.00102040816326531,0.00102040816326531,0.00102040816326531,0.00102040816326531,"nonsyn","nonsyn","nonsyn",4.58e-06,8.37e-07,4.33e-07,4.33e-07,"0.00448839999999998","1","1","1","A","A","V","E","G",0,1,1,0,0,0,0
"1650",1913,6899,6900,"g","g","a","a",0.00449340484128135,0.00449340484128135,0.0014494854326714,0.0014494854326714,0.00101463980286998,0.00043484562980142,0.00101463980286998,0.00043484562980142,0.00594289027395275,0.00594289027395275,0.00594202898550725,0.00594202898550725,"syn","syn","syn",4.2e-06,5.36e-07,1.17e-06,1.17e-06,"0.000934703225806451","0.000807183000000001","0.000528266285714286","0.00269061","A","A","A","A","A",0,0,0,0,0,0,0
"1651",1914,6843,6843,"c","c","t","t",0.00146134736226801,0.00146134736226801,0.000292269472453602,0.000292269472453602,0.000292269472453602,0,0.000292269472453602,0,0.00175361683472161,0.00175361683472161,0.00175361683472161,0.00175361683472161,"nonsyn","nonsyn","nonsyn",4.58e-06,8.37e-07,4.33e-07,4.33e-07,"0.003134094","0.0014815095","0.0028637955","1","P","P","S","T","A",1,1,1,0,0,0,0
"1652",1915,6886,6886,"c","c","t","t",0.001161777519605,0.001161777519605,0.000145222189950624,0.000145222189950624,0.000145222189950624,0,0.000145222189950624,0,0.00130699970955562,0.00130699970955562,0.00130699970955562,0.00130699970955562,"nonsyn","nonsyn","nonsyn",4.58e-06,8.37e-07,4.33e-07,4.33e-07,"0.00394223499999999","0.00298163800000001","0.00576358200000002","1","P","P","L","H","R",1,1,1,0,1,0,1
"1653",1916,6927,6928,"t","t","c","c",0.00158798902843944,0.00158798902843944,0.00086617583369424,0.00086617583369424,0.0007218131947452,0.00014436263894904,0.0007218131947452,0.00014436263894904,0.00245416486213368,0.00245416486213368,0.00245381062355658,0.00245381062355658,"syn","syn","syn",1.7e-05,1.07e-06,1.21e-06,1.21e-06,"0.0107053636363636","0.001396945","0.001482378","0.00838167","P","P","P","P","P",0,0,0,0,1,0,1
"1654",1917,6921,6921,"a","a","g","g",0.00144487790781679,0.00144487790781679,0.000288975581563358,0.000288975581563358,0.000144487790781679,0.000144487790781679,0.000144487790781679,0.000144487790781679,0.00173385348938015,0.00173385348938015,0.00173385348938015,0.00173385348938015,"nonsyn","nonsyn","nonsyn",1.77e-05,1.76e-06,1.7e-06,1.7e-06,"0.01225017","0.00588285","0.01218096","0.0117657","T","T","A","P","S",1,1,0,0,0,0,0
"1655",1918,6993,6993,"c","c","t","t",0.002002002002002,0.002002002002002,0,0,0,0,0,0,0.002002002002002,0.002002002002002,0.002002002002002,0.002002002002002,"nonsyn","nonsyn","nonsyn",4.58e-06,8.37e-07,4.33e-07,4.33e-07,"0.00228771","1","1","1","T","T","I","N","S",1,0,0,0,0,0,0
"1656",1919,7056,7056,"c","c","t","t",0.00155895691609977,0.00155895691609977,0.000425170068027211,0.000425170068027211,0.000425170068027211,0,0.000425170068027211,0,0.00198412698412698,0.00198412698412698,0.00198412698412698,0.00198412698412698,"syn","syn","syn",4.58e-06,8.37e-07,4.33e-07,4.33e-07,"0.00293786181818182","0.001018416","0.001968624","1","T","T","T","T","T",0,0,0,0,1,0,1
"1657",1920,7052,7052,"t","t","c","c",0.00482132728304027,0.00482132728304027,0.00113442994895065,0.00113442994895065,0.000850822461712989,0.000283607487237663,0.000850822461712989,0.000283607487237663,0.00595575723199092,0.00595575723199092,0.00595575723199092,0.00595575723199092,"nonsyn","nonsyn","nonsyn",1.7e-05,1.07e-06,1.21e-06,1.21e-06,"0.003526","0.001066615","0.00125760666666667","0.00426646","Y","Y","H","N","D",1,1,1,0,1,0,1
"1658",1921,6809,6809,"a","a","g","g",0.00117491555294463,0.00117491555294463,0.000146864444118079,0.000146864444118079,0,0.000146864444118079,0,0.000146864444118079,0.00132177999706271,0.00132177999706271,0.00132177999706271,0.00132177999706271,"nonsyn","nonsyn","nonsyn",1.77e-05,1.76e-06,1.7e-06,1.7e-06,"0.0150649125","0.0115753","1","0.0115753","Y","Y","C","S","F",1,1,0,0,0,0,0
"1659",1922,7113,7113,"c","c","t","t",0.000140587656403768,0.000140587656403768,0,0,0,0,0,0,0.000140587656403768,0.000140587656403768,0.000140587656403768,0.000140587656403768,"syn","stop","stop",4.58e-06,8.37e-07,4.33e-07,4.33e-07,"0.0325775399999999","1","1","1","Y","Y","Y","*","*",0,1,1,0,0,0,0
"1660",1923,7194,7194,"a","a","g","g",0.00139004726160689,0.00139004726160689,0.000139004726160689,0.000139004726160689,0,0.000139004726160689,0,0.000139004726160689,0.00152905198776758,0.00152905198776758,0.00152905198776758,0.00152905198776758,"nonsyn","nonsyn","nonsyn",1.77e-05,1.76e-06,1.7e-06,1.7e-06,"0.01273338","0.0122298","1","0.0122298","N","S","G","R","C",1,1,1,1,1,1,0
"1661",1924,7219,7219,"a","g","g","a",0.00304751350602577,0.996259869788059,0.000692616705914947,0.000692616705914947,0.000415570023548968,0.000277046682365979,0.000415570023548968,0.000277046682365979,0.00374013021194071,0.996952486493974,0.00374013021194071,0.996952486493974,"nonsyn","nonsyn","nonsyn",4.2e-06,5.36e-07,1.17e-06,1.17e-06,"4.21576751946607e-06","0.001689246","0.00128979466666667","0.00422311499999999","N","S","N","T","I",0,0,1,0,0,0,0
"1662",1925,7125,7125,"c","c","t","t",0.00056140350877193,0.00056140350877193,0,0,0,0,0,0,0.00056140350877193,0.00056140350877193,0.00056140350877193,0.00056140350877193,"syn","nonsyn","nonsyn",4.58e-06,8.37e-07,4.33e-07,4.33e-07,"0.008158125","1","1","1","N","S","S","R","R",0,1,1,0,0,0,0
"1663",1926,7133,7133,"t","t","c","c",0.000700967334922193,0.000700967334922193,0.000700967334922193,0.000700967334922193,0.000280386933968877,0.000420580400953316,0.000280386933968877,0.000420580400953316,0.00140193466984439,0.00140193466984439,0.00140193466984439,0.00140193466984439,"nonsyn","nonsyn","nonsyn",1.7e-05,1.07e-06,1.21e-06,1.21e-06,"0.0242522","0.001726186","0.003816155","0.00287697666666666","W","W","R","R","G",1,1,1,1,1,0,1
"1664",1927,7126,7135,"g","g","a","a",0.00126298063429694,0.00126298063429694,0.00140331181588549,0.00140331181588549,0,0.00140331181588549,0,0.00140331181588549,0.00266629245018243,0.00266629245018243,0.00266292922214436,0.00266292922214436,"stop","nonsyn","nonsyn",4.2e-06,5.36e-07,1.17e-06,1.17e-06,"0.00332546666666667","0.000833742","1","0.000833742","W","W","*","S","L",1,1,0,0,1,1,0
"1665",1928,7136,7136,"g","g","a","a",0.00168161434977578,0.00168161434977578,0.000420403587443946,0.000420403587443946,0.000140134529147982,0.000280269058295964,0.000140134529147982,0.000280269058295964,0.00210201793721973,0.00210201793721973,0.00210201793721973,0.00210201793721973,"stop","nonsyn","nonsyn",4.2e-06,5.36e-07,1.17e-06,1.17e-06,"0.00249760000000001","0.00278304","0.003824896","0.00417456","W","W","*","C","C",1,1,1,0,1,1,0
"1666",1929,7124,7124,"g","g","a","a",0.000982594048287479,0.000982594048287479,0.000982594048287479,0.000982594048287479,0,0.000982594048287479,0,0.000982594048287479,0.00196518809657496,0.00196518809657496,0.00196518809657496,0.00196518809657496,"nonsyn","nonsyn","nonsyn",4.2e-06,5.36e-07,1.17e-06,1.17e-06,"0.0042744","0.00119072571428571","1","0.00119072571428571","G","G","S","R","C",1,1,0,0,1,1,0
"1667",1930,7084,7084,"g","g","a","a",0.000564652738565782,0.000564652738565782,0.000282326369282891,0.000282326369282891,0.000141163184641446,0.000141163184641446,0.000141163184641446,0.000141163184641446,0.000846979107848673,0.000846979107848673,0.000846979107848673,0.000846979107848673,"nonsyn","nonsyn","nonsyn",4.2e-06,5.36e-07,1.17e-06,1.17e-06,"0.0074382","0.00414414","0.00379702399999999","0.00828827999999997","G","G","D","A","V",1,1,1,0,0,0,0
"1668",1931,6980,6981,"t","t","c","c",0.00358166189111748,0.00358166189111748,0.000429799426934097,0.000429799426934097,0.000429799426934097,0,0.000429799426934097,0,0.00401146131805158,0.00401146131805158,0.00401088669245094,0.00401088669245094,"syn","syn","syn",1.7e-05,1.07e-06,1.21e-06,1.21e-06,"0.0047464","0.00281526666666667","0.00248953333333334","1","G","G","G","G","G",0,0,0,1,0,0,0
"1669",1932,7042,7042,"g","g","a","a",0.00198807157057654,0.00198807157057654,0.000568020448736154,0.000568020448736154,0.000142005112184039,0.000426015336552116,0.000142005112184039,0.000426015336552116,0.0025560920193127,0.0025560920193127,0.0025560920193127,0.0025560920193127,"nonsyn","nonsyn","nonsyn",4.2e-06,5.36e-07,1.17e-06,1.17e-06,"0.0021126","0.002059785","0.00377451199999999","0.00274638","A","A","T","P","S",1,1,1,0,0,0,0
"1670",1933,7066,7066,"c","c","t","t",0.00283045570336824,0.00283045570336824,0,0,0,0,0,0,0.00283045570336824,0.00283045570336824,0.00283045570336824,0.00283045570336824,"nonsyn","nonsyn","nonsyn",4.58e-06,8.37e-07,4.33e-07,4.33e-07,"0.001618114","1","1","1","A","A","V","E","G",0,1,1,0,0,0,0
"1671",1934,7164,7164,"g","a","a","g",0.00181462869905081,0.997906197654941,0.000279173646007817,0.000279173646007817,0,0.000279173646007817,0,0.000279173646007817,0.00209380234505863,0.998185371300949,0.00209380234505863,0.998185371300949,"syn","syn","syn",1.77e-05,1.76e-06,1.7e-06,1.7e-06,"1.77371380612673e-05","0.0060894","1","0.0060894","A","A","A","A","A",0,0,0,1,0,0,0
"1672",1935,7174,7174,"a","a","g","g",0.00278784499581823,0.00278784499581823,0.000557568999163646,0.000557568999163646,0.000139392249790912,0.000418176749372735,0.000139392249790912,0.000418176749372735,0.00334541399498188,0.00334541399498188,0.00334541399498188,0.00334541399498188,"nonsyn","nonsyn","nonsyn",1.77e-05,1.76e-06,1.7e-06,1.7e-06,"0.00634899000000001","0.00304895","0.01262624","0.00406526666666667","N","N","D","H","Y",1,1,1,0,0,0,0
"1673",1936,7182,7182,"a","a","g","g",0.00194931773879142,0.00194931773879142,0.000417710944026733,0.000417710944026733,0.000139236981342244,0.000278473962684489,0.000139236981342244,0.000278473962684489,0.00236702868281816,0.00236702868281816,0.00236702868281816,0.00236702868281816,"nonsyn","nonsyn","nonsyn",1.77e-05,1.76e-06,1.7e-06,1.7e-06,"0.00908010000000001","0.00406980000000001","0.01264032","0.0061047","N","N","S","T","I",0,0,1,0,0,0,0
"1674",1937,7158,7158,"t","t","c","c",0.0463816708577815,0.0463816708577815,0.000279407655769768,0.000279407655769768,0.000139703827884884,0.000139703827884884,0.000139703827884884,0.000139703827884884,0.0466610785135513,0.0466610785135513,0.0466610785135513,0.0466610785135513,"syn","nonsyn","nonsyn",1.7e-05,1.07e-06,1.21e-06,1.21e-06,"0.000366524096385542","0.00433059","0.00765906","0.00866118","N","N","N","K","K",0,1,1,1,0,0,0
"1675",1938,7222,7222,"g","g","a","a",0.00027693159789532,0.00027693159789532,0.00027693159789532,0.00027693159789532,0,0.00027693159789532,0,0.00027693159789532,0.00055386319579064,0.00055386319579064,0.00055386319579064,0.00055386319579064,"nonsyn","nonsyn","nonsyn",4.2e-06,5.36e-07,1.17e-06,1.17e-06,"0.0151662","0.00422487","1","0.00422487","D","D","N","H","Y",1,1,1,0,0,0,0
"1676",1939,7257,7257,"a","a","g","g",0.00399614165633182,0.00399614165633182,0.000413393964448119,0.000413393964448119,0.000137797988149373,0.000275595976298746,0.000137797988149373,0.000275595976298746,0.00440953562077994,0.00440953562077994,0.00440953562077994,0.00440953562077994,"nonsyn","nonsyn","nonsyn",1.77e-05,1.76e-06,1.7e-06,1.7e-06,"0.0044292724137931","0.0041123","0.01277232","0.00616845","D","D","G","A","V",1,1,1,0,0,0,0
"1677",1940,7250,7250,"t","t","c","c",0.00248275862068966,0.00248275862068966,0.000275862068965517,0.000275862068965517,0.000137931034482759,0.000137931034482759,0.000137931034482759,0.000137931034482759,0.00275862068965517,0.00275862068965517,0.00275862068965517,0.00275862068965517,"syn","nonsyn","nonsyn",1.7e-05,1.07e-06,1.21e-06,1.21e-06,"0.00684722222222221","0.00438625","0.00775749999999998","0.00877249999999998","D","D","D","E","E",0,0,0,0,0,0,0
"1678",1941,7067,7067,"a","a","g","g",0.00551860761284845,0.00551860761284845,0.00183953587094948,0.00183953587094948,0.000141502759303806,0.00169803311164568,0.000141502759303806,0.00169803311164568,0.00735814348379793,0.00735814348379793,0.00735814348379793,0.00735814348379793,"nonsyn","nonsyn","nonsyn",1.77e-05,1.76e-06,1.7e-06,1.7e-06,"0.00320733076923077","0.000924146153846156","0.01243792","0.00100115833333333","T","T","A","P","S",1,1,0,0,0,0,0
"1679",1942,7071,7071,"c","c","t","t",0.00141422712487626,0.00141422712487626,0.000282845424975251,0.000282845424975251,0.000141422712487626,0.000141422712487626,0.000141422712487626,0.000141422712487626,0.00169707254985151,0.00169707254985151,0.00169707254985151,0.00169707254985151,"nonsyn","nonsyn","nonsyn",4.58e-06,8.37e-07,4.33e-07,4.33e-07,"0.00323851799999999","0.0015308715","0.00591842699999998","0.00306174299999999","T","T","M","K","R",1,1,1,0,0,0,0
"1680",1943,7061,7061,"g","g","a","a",0.00269083699192749,0.00269083699192749,0.000141622999575131,0.000141622999575131,0,0.000141622999575131,0,0.000141622999575131,0.00283245999150262,0.00283245999150262,0.00283245999150262,0.00283245999150262,"syn","syn","syn",4.2e-06,5.36e-07,1.17e-06,1.17e-06,"0.00156085263157895","0.00826137","1","0.00826137","T","T","T","T","T",0,0,0,0,1,1,0
"1681",1944,7068,7068,"g","g","a","a",0.00127334465195246,0.00127334465195246,0.000424448217317487,0.000424448217317487,0,0.000424448217317487,0,0.000424448217317487,0.00169779286926995,0.00169779286926995,0.00169779286926995,0.00169779286926995,"nonsyn","nonsyn","nonsyn",4.2e-06,5.36e-07,1.17e-06,1.17e-06,"0.0032984","0.00275652","1","0.00275652","D","D","N","H","Y",1,1,1,0,0,0,0
"1682",1945,7028,7028,"a","a","g","g",0.0102447353443369,0.0102447353443369,0.00099601593625498,0.00099601593625498,0.000142287990893569,0.000853727945361412,0.000142287990893569,0.000853727945361412,0.0112407512805919,0.0112407512805919,0.0112407512805919,0.0112407512805919,"nonsyn","nonsyn","nonsyn",1.77e-05,1.76e-06,1.7e-06,1.7e-06,"0.00172771666666667","0.0017068","0.01236928","0.00199126666666667","D","D","G","A","V",1,1,1,0,0,0,0
"1683",1946,7063,7063,"c","c","t","t",0.00155741186464675,0.00155741186464675,0.000424748690358205,0.000424748690358205,0.000283165793572136,0.000141582896786068,0.000283165793572136,0.000141582896786068,0.00198216055500496,0.00198216055500496,0.00198216055500496,0.00198216055500496,"syn","nonsyn","nonsyn",4.58e-06,8.37e-07,4.33e-07,4.33e-07,"0.00294077636363637","0.00101942633333333","0.00295586550000001","0.00305827900000001","D","D","D","E","E",0,0,0,0,0,0,0
"1684",1947,7080,7080,"g","g","a","a",0.000564971751412429,0.000564971751412429,0,0,0,0,0,0,0.000564971751412429,0.000564971751412429,0.000564971751412429,0.000564971751412429,"nonsyn","nonsyn","nonsyn",4.2e-06,5.36e-07,1.17e-06,1.17e-06,"0.007434","1","1","1","V","V","I","L","F",0,0,0,0,0,0,0
"1685",1948,7065,7065,"t","t","c","c",0.00750176928520878,0.00750176928520878,0.000141542816702052,0.000141542816702052,0.000141542816702052,0,0.000141542816702052,0,0.00764331210191083,0.00764331210191083,0.00764331210191083,0.00764331210191083,"nonsyn","nonsyn","nonsyn",1.7e-05,1.07e-06,1.21e-06,1.21e-06,"0.0022661320754717","0.00854865000000002","0.00755955000000002","1","V","V","A","D","G",0,1,1,0,0,0,0
"1686",1949,7135,7135,"c","c","t","t",0.010791871058164,0.010791871058164,0.000420462508759636,0.000420462508759636,0.000420462508759636,0,0.000420462508759636,0,0.0112123335669236,0.0112123335669236,0.0112123335669236,0.0112123335669236,"syn","syn","syn",4.58e-06,8.37e-07,4.33e-07,4.33e-07,"0.000424393506493506","0.00102981833333333","0.001990665","1","V","V","V","V","V",0,0,0,0,0,0,0
"1687",1950,7269,7269,"t","t","c","c",0.00371440363186133,0.00371440363186133,0.00178841656348879,0.00178841656348879,0.00137570504883753,0.000412711514651259,0.00137570504883753,0.000412711514651259,0.00550282019535012,0.00550282019535012,0.00550282019535012,0.00550282019535012,"nonsyn","nonsyn","nonsyn",1.7e-05,1.07e-06,1.21e-06,1.21e-06,"0.00457677777777778","0.000676576153846153","0.000777783","0.00293183","F","F","L","I","V",0,0,0,0,1,0,1
"1688",1951,7306,7306,"t","t","c","c",0.00369559266356419,0.00369559266356419,0.000410621407062688,0.000410621407062688,0.000273747604708459,0.000136873802354229,0.000273747604708459,0.000136873802354229,0.00410621407062688,0.00410621407062688,0.00410621407062688,0.00410621407062688,"nonsyn","nonsyn","nonsyn",1.7e-05,1.07e-06,1.21e-06,1.21e-06,"0.00460007407407408","0.00294675333333334","0.00390871","0.00884026000000003","F","F","S","Y","C",1,0,1,0,0,0,0
"1689",1952,7347,7347,"c","c","t","t",0.00176942969919695,0.00176942969919695,0.000272219953722608,0.000272219953722608,0.000272219953722608,0,0.000272219953722608,0,0.00204164965291956,0.00204164965291956,0.00204164965291956,0.00204164965291956,"syn","nonsyn","nonsyn",4.58e-06,8.37e-07,4.33e-07,4.33e-07,"0.00258840461538462","0.0015906255","0.0030747195","1","F","F","F","L","L",0,0,0,0,0,0,0
"1690",1953,7379,7379,"g","g","a","a",0.00243935492614175,0.00243935492614175,0.000135519718118986,0.000135519718118986,0,0.000135519718118986,0,0.000135519718118986,0.00257487464426074,0.00257487464426074,0.00257487464426074,0.00257487464426074,"nonsyn","nonsyn","nonsyn",4.2e-06,5.36e-07,1.17e-06,1.17e-06,"0.00172176666666667","0.00863343000000002","1","0.00863343000000002","V","V","I","L","F",0,0,0,0,0,0,0
"1691",1954,7377,7377,"t","t","c","c",0.0105734038226922,0.0105734038226922,0.00067778229632642,0.00067778229632642,0.00067778229632642,0,0.00067778229632642,0,0.0112511861190186,0.0112511861190186,0.0112511861190186,0.0112511861190186,"nonsyn","nonsyn","nonsyn",1.7e-05,1.07e-06,1.21e-06,1.21e-06,"0.00160780769230769","0.001785234","0.001578678","1","V","V","A","D","G",0,1,1,0,0,0,0
"1692",1955,7383,7384,"c","c","t","t",0.000812677773262901,0.000812677773262901,0.000270892591087634,0.000270892591087634,0.000270892591087634,0,0.000270892591087634,0,0.00108357036435054,0.00108357036435054,0.00108342361863489,0.00108342361863489,"syn","syn","syn",4.58e-06,8.37e-07,4.33e-07,4.33e-07,"0.00563569","0.0015984195","0.0030897855","1","V","V","V","V","V",0,0,0,0,0,0,0
"1693",1956,7413,7413,"c","c","t","t",0.000539592607581276,0.000539592607581276,0.000404694455685957,0.000404694455685957,0.000404694455685957,0,0.000404694455685957,0,0.000944287063267233,0.000944287063267233,0.000944287063267233,0.000944287063267233,"nonsyn","nonsyn","nonsyn",4.58e-06,8.37e-07,4.33e-07,4.33e-07,"0.008487885","0.001069943","0.002068227","1","L","L","F","I","V",0,0,0,0,1,0,1
"1694",1957,7273,7276,"t","t","c","c",0.00371236078647051,0.00371236078647051,0.000687474219716761,0.000687474219716761,0.000549979375773409,0.000137494843943352,0.000549979375773409,0.000137494843943352,0.00439983500618727,0.00439983500618727,0.00439802089059923,0.00439802089059923,"nonsyn","nonsyn","nonsyn",1.7e-05,1.07e-06,1.21e-06,1.21e-06,"0.00457929629629629","0.001760066","0.0019455275","0.00880033000000001","L","L","P","H","R",1,1,1,0,1,0,1
"1695",1958,7554,7554,"t","t","c","c",0.00158856235107228,0.00158856235107228,0.00013238019592269,0.00013238019592269,0.00013238019592269,0,0.00013238019592269,0,0.00172094254699497,0.00172094254699497,0.00172094254699497,0.00172094254699497,"syn","syn","syn",1.7e-05,1.07e-06,1.21e-06,1.21e-06,"0.0107015","0.00914034","0.00808278","1","L","L","L","L","L",0,0,0,0,0,0,0
"1696",1959,7496,7496,"a","a","g","g",0.00200106723585912,0.00200106723585912,0.000533617929562433,0.000533617929562433,0.000133404482390608,0.000400213447171825,0.000133404482390608,0.000400213447171825,0.00253468516542156,0.00253468516542156,0.00253468516542156,0.00253468516542156,"nonsyn","nonsyn","nonsyn",1.77e-05,1.76e-06,1.7e-06,1.7e-06,"0.00884528000000002","0.0031858","0.01319296","0.00424773333333333","N","N","D","H","Y",1,1,1,0,0,0,0
"1697",1960,7471,7471,"a","a","g","g",0.00548788649444519,0.00548788649444519,0.000401552670325258,0.000401552670325258,0.000267701780216838,0.000133850890108419,0.000267701780216838,0.000133850890108419,0.00588943916477045,0.00588943916477045,0.00588943916477045,0.00588943916477045,"nonsyn","nonsyn","nonsyn",1.77e-05,1.76e-06,1.7e-06,1.7e-06,"0.00322528536585366","0.00423356666666666","0.00657448000000001","0.0127007","N","N","S","T","I",0,0,1,0,0,0,0
"1698",1961,7333,7333,"c","c","t","t",0.000681849174962498,0.000681849174962498,0.0001363698349925,0.0001363698349925,0.0001363698349925,0,0.0001363698349925,0,0.000818219009954998,0.000818219009954998,0.000818219009954998,0.000818219009954998,"syn","nonsyn","nonsyn",4.58e-06,8.37e-07,4.33e-07,4.33e-07,"0.006717028","0.00317518899999999","0.00613772099999998","1","N","N","N","K","K",0,1,1,0,0,0,0
"1699",1962,7323,7323,"a","a","g","g",0.00355045746278847,0.00355045746278847,0.000819336337566571,0.000819336337566571,0.000136556056261095,0.000682780281305476,0.000136556056261095,0.000682780281305476,0.00436979380035505,0.00436979380035505,0.00436979380035505,0.00436979380035505,"nonsyn","nonsyn","nonsyn",1.77e-05,1.76e-06,1.7e-06,1.7e-06,"0.00498527307692308","0.00207485","0.01288848","0.00248982","N","N","D","H","Y",1,1,1,1,0,0,0
"1700",1963,7298,7298,"a","a","g","g",0.00260345300082214,0.00260345300082214,0,0,0,0,0,0,0.00260345300082214,0.00260345300082214,0.00260345300082214,0.00260345300082214,"nonsyn","nonsyn","nonsyn",1.77e-05,1.76e-06,1.7e-06,1.7e-06,"0.00679866315789474","1","1","1","N","N","S","T","I",0,0,1,0,0,0,0
"1701",1964,7290,7290,"c","c","t","t",0.000960219478737997,0.000960219478737997,0,0,0,0,0,0,0.000960219478737997,0.000960219478737997,0.000960219478737997,0.000960219478737997,"syn","nonsyn","nonsyn",4.58e-06,8.37e-07,4.33e-07,4.33e-07,"0.00476974285714286","1","1","1","N","N","N","K","K",0,1,1,0,0,0,0
"1702",1965,7250,7250,"a","a","g","g",0.0213793103448276,0.0213793103448276,0.000137931034482759,0.000137931034482759,0.000137931034482759,0,0.000137931034482759,0,0.0215172413793103,0.0215172413793103,0.0215172413793103,0.0215172413793103,"nonsyn","nonsyn","nonsyn",1.77e-05,1.76e-06,1.7e-06,1.7e-06,"0.000827903225806451","0.012325","0.01276","1","T","T","A","P","S",1,1,0,1,0,0,0
"1703",1966,7289,7292,"c","c","t","t",0.000823158183564275,0.000823158183564275,0,0,0,0,0,0,0.000823158183564275,0.000823158183564275,0.000822819528250137,0.000822819528250137,"nonsyn","nonsyn","nonsyn",4.58e-06,8.37e-07,4.33e-07,4.33e-07,"0.00556393666666667","1","1","1","T","T","I","N","S",1,0,0,0,0,0,0
"1704",1967,7296,7296,"c","c","t","t",0.00274122807017544,0.00274122807017544,0.000411184210526316,0.000411184210526316,0.000411184210526316,0,0.000411184210526316,0,0.00315241228070175,0.00315241228070175,0.00315241228070175,0.00315241228070175,"syn","syn","syn",4.58e-06,8.37e-07,4.33e-07,4.33e-07,"0.001670784","0.001053056","0.002035584","1","T","T","T","T","T",0,0,0,0,1,0,1
"1705",1968,7299,7299,"a","a","g","g",0.00369913686806412,0.00369913686806412,0.0020550760378134,0.0020550760378134,0.00054802027675024,0.00150705576106316,0.00054802027675024,0.00150705576106316,0.00575421290587752,0.00575421290587752,0.00575421290587752,0.00575421290587752,"nonsyn","syn","nonsyn",1.77e-05,1.76e-06,1.7e-06,1.7e-06,"0.0047849","0.00082722","0.00321156","0.00112802727272727","R","R","G","R","W",1,0,1,1,1,1,0
"1706",1969,7397,7398,"g","g","a","a",0.00851696633770447,0.00851696633770447,0.000946329593078275,0.000946329593078275,0,0.000946329593078275,0,0.000946329593078275,0.00946329593078275,0.00946329593078275,0.00946201676128683,0.00946201676128683,"nonsyn","nonsyn","nonsyn",4.2e-06,5.36e-07,1.17e-06,1.17e-06,"0.000493133333333334","0.00123635571428571","1","0.00123635571428571","R","R","K","T","M",0,1,1,0,1,1,0
"1707",1970,7385,7385,"g","g","a","a",0.0025727826675694,0.0025727826675694,0.000677048070412999,0.000677048070412999,0.000541638456330399,0.0001354096140826,0.000541638456330399,0.0001354096140826,0.0032498307379824,0.0032498307379824,0.0032498307379824,0.0032498307379824,"syn","nonsyn","nonsyn",4.2e-06,5.36e-07,1.17e-06,1.17e-06,"0.00163247368421052","0.00172809","0.000989590000000001","0.00864044999999999","R","R","R","S","S",0,1,1,0,0,0,0
"1708",1971,7237,7237,"c","c","t","t",0.00124360923034407,0.00124360923034407,0.000276357606743126,0.000276357606743126,0.000276357606743126,0,0.000276357606743126,0,0.00151996683708719,0.00151996683708719,0.00151996683708719,0.00151996683708719,"nonsyn","nonsyn","nonsyn",4.58e-06,8.37e-07,4.33e-07,4.33e-07,"0.00368282888888888","0.0015668105","0.0030286845","1","P","P","S","T","A",1,1,1,0,0,0,0
"1709",1972,7230,7231,"c","c","t","t",0.000691562932226833,0.000691562932226833,0.000276625172890733,0.000276625172890733,0.000276625172890733,0,0.000276625172890733,0,0.000968188105117566,0.000968188105117566,0.000968054211035818,0.000968054211035818,"nonsyn","nonsyn","nonsyn",4.58e-06,8.37e-07,4.33e-07,4.33e-07,"0.00662268","0.001565295","0.003025755","1","P","P","L","Q","R",1,1,1,0,1,0,1
"1710",1973,7244,7246,"a","a","g","g",0.00400331308669244,0.00400331308669244,0.000966316951960243,0.000966316951960243,0.000138045278851463,0.00082827167310878,0.000138045278851463,0.00082827167310878,0.00496963003865268,0.00496963003865268,0.00496825834943417,0.00496825834943417,"syn","syn","syn",1.77e-05,1.76e-06,1.7e-06,1.7e-06,"0.00442133793103448","0.00175925714285714","0.01274944","0.00205246666666667","P","P","P","P","P",0,0,0,1,0,0,0
"1711",1974,7290,7290,"c","c","t","t",0.00178326474622771,0.00178326474622771,0.000274348422496571,0.000274348422496571,0.000137174211248285,0.000137174211248285,0.000137174211248285,0.000137174211248285,0.00205761316872428,0.00205761316872428,0.00205761316872428,0.00205761316872428,"nonsyn","nonsyn","nonsyn",4.58e-06,8.37e-07,4.33e-07,4.33e-07,"0.00256832307692308","0.001578285","0.00610173000000001","0.00315657000000001","P","P","S","T","A",1,1,1,0,0,0,0
"1712",1975,7470,7470,"c","c","t","t",0.00789825970548862,0.00789825970548862,0.000669344042838019,0.000669344042838019,0.000669344042838019,0,0.000669344042838019,0,0.00856760374832664,0.00856760374832664,0.00856760374832664,0.00856760374832664,"nonsyn","nonsyn","nonsyn",4.58e-06,8.37e-07,4.33e-07,4.33e-07,"0.000579874576271187","0.000646902","0.001250478","1","P","P","L","Q","R",1,1,1,0,1,0,1
"1713",1976,7558,7559,"g","g","a","a",0.00132310134956338,0.00132310134956338,0.000132310134956338,0.000132310134956338,0,0.000132310134956338,0,0.000132310134956338,0.00145541148451971,0.00145541148451971,0.0014552189443048,0.0014552189443048,"syn","syn","syn",4.2e-06,5.36e-07,1.17e-06,1.17e-06,"0.00317435999999999","0.00884285999999998","1","0.00884285999999998","P","P","P","P","P",0,0,0,0,0,0,0
"1714",1977,7552,7552,"c","c","t","t",0.046875,0.046875,0.000397245762711864,0.000397245762711864,0.000397245762711864,0,0.000397245762711864,0,0.0472722457627119,0.0472722457627119,0.0472722457627119,0.0472722457627119,"syn","nonsyn","nonsyn",4.58e-06,8.37e-07,4.33e-07,4.33e-07,"9.77066666666667e-05","0.00109000533333333","0.002107008","1","L","L","L","M","V",0,0,0,0,0,0,0
"1715",1978,7581,7581,"t","t","c","c",0.00685925339664952,0.00685925339664952,0.00329771797915842,0.00329771797915842,0.000923361034164358,0.00237435694499406,0.000923361034164358,0.00237435694499406,0.0101569713758079,0.0101569713758079,0.0101569713758079,0.0101569713758079,"nonsyn","nonsyn","nonsyn",1.7e-05,1.07e-06,1.21e-06,1.21e-06,"0.00247840384615385","0.0003669204","0.00115881","0.000509611666666667","L","L","P","Q","R",1,1,1,1,1,0,1
"1716",1979,7573,7576,"g","g","a","a",0.00171662485144593,0.00171662485144593,0.000924336458470883,0.000924336458470883,0,0.000924336458470883,0,0.000924336458470883,0.00264096130991681,0.00264096130991681,0.00263991552270327,0.00263991552270327,"syn","syn","syn",4.2e-06,5.36e-07,1.17e-06,1.17e-06,"0.00244666153846153","0.00126577285714286","1","0.00126577285714286","L","L","L","L","L",0,0,0,0,1,1,0
"1717",1980,7602,7602,"g","g","a","a",0.00131544330439358,0.00131544330439358,0.000920810313075506,0.000920810313075506,0.000131544330439358,0.000789265982636148,0.000131544330439358,0.000789265982636148,0.00223625361746909,0.00223625361746909,0.00223625361746909,0.00223625361746909,"nonsyn","nonsyn","nonsyn",4.2e-06,5.36e-07,1.17e-06,1.17e-06,"0.00319284","0.00127062","0.004074672","0.00148239","G","G","S","R","C",1,1,0,0,1,1,0
"1718",1981,7695,7695,"g","g","a","a",0.00233918128654971,0.00233918128654971,0.000389863547758285,0.000389863547758285,0.000129954515919428,0.000259909031838856,0.000129954515919428,0.000259909031838856,0.00272904483430799,0.00272904483430799,0.00272904483430799,0.00272904483430799,"nonsyn","nonsyn","nonsyn",4.2e-06,5.36e-07,1.17e-06,1.17e-06,"0.0017955","0.00300105","0.00412452000000001","0.00450157500000001","G","G","D","A","V",1,1,1,0,0,0,0
"1719",1982,7740,7740,"c","c","t","t",0.00271317829457364,0.00271317829457364,0.000387596899224806,0.000387596899224806,0.000387596899224806,0,0.000387596899224806,0,0.00310077519379845,0.00310077519379845,0.00310077519379845,0.00310077519379845,"syn","syn","syn",4.58e-06,8.37e-07,4.33e-07,4.33e-07,"0.00168805714285715","0.00111714","0.00215946","1","G","G","G","G","G",0,0,0,0,0,0,0
"1720",1983,7809,7809,"a","a","g","g",0.00268920476373415,0.00268920476373415,0.000384172109104879,0.000384172109104879,0.000128057369701626,0.000256114739403253,0.000128057369701626,0.000256114739403253,0.00307337687283903,0.00307337687283903,0.00307337687283903,0.00307337687283903,"nonsyn","nonsyn","nonsyn",1.77e-05,1.76e-06,1.7e-06,1.7e-06,"0.00658187142857144","0.0044251","0.01374384","0.00663764999999999","N","N","D","H","Y",1,1,1,1,0,0,0
"1721",1984,7773,7773,"a","a","g","g",0.00347356233114628,0.00347356233114628,0.000128650456709121,0.000128650456709121,0.000128650456709121,0,0.000128650456709121,0,0.0036022127878554,0.0036022127878554,0.0036022127878554,0.0036022127878554,"nonsyn","nonsyn","nonsyn",1.77e-05,1.76e-06,1.7e-06,1.7e-06,"0.00509563333333333","0.0132141","0.01368048","1","N","N","S","T","I",0,0,1,0,0,0,0
"1722",1985,7859,7859,"t","t","c","c",0.00190863977605293,0.00190863977605293,0.000127242651736862,0.000127242651736862,0,0.000127242651736862,0,0.000127242651736862,0.0020358824277898,0.0020358824277898,0.0020358824277898,0.0020358824277898,"syn","nonsyn","nonsyn",1.7e-05,1.07e-06,1.21e-06,1.21e-06,"0.00890686666666668","0.00950939000000002","1","0.00950939000000002","N","N","N","K","K",0,1,1,0,0,0,0
"1723",1986,7898,7898,"t","t","c","c",0.00721701696632059,0.00721701696632059,0.00101291466193973,0.00101291466193973,0.000886300329197265,0.000126614332742466,0.000886300329197265,0.000126614332742466,0.00822993162826032,0.00822993162826032,0.00822993162826032,0.00822993162826032,"nonsyn","nonsyn","nonsyn",1.7e-05,1.07e-06,1.21e-06,1.21e-06,"0.00235554385964912","0.0011945725","0.00120726571428571","0.00955658000000003","W","W","R","R","G",1,1,1,1,0,0,0
"1724",1987,7886,7886,"g","g","a","a",0.00063403499873193,0.00063403499873193,0.000380420999239158,0.000380420999239158,0,0.000380420999239158,0,0.000380420999239158,0.00101445599797109,0.00101445599797109,0.00101445599797109,0.00101445599797109,"stop","nonsyn","nonsyn",4.2e-06,5.36e-07,1.17e-06,1.17e-06,"0.00662424","0.00307554","1","0.00307554","W","W","*","S","L",1,1,0,0,1,1,0
"1725",1988,7872,7872,"g","g","a","a",0.000889227642276423,0.000889227642276423,0.000127032520325203,0.000127032520325203,0,0.000127032520325203,0,0.000127032520325203,0.00101626016260163,0.00101626016260163,0.00101626016260163,0.00101626016260163,"stop","nonsyn","nonsyn",4.2e-06,5.36e-07,1.17e-06,1.17e-06,"0.0047232","0.00921024000000002","1","0.00921024000000002","W","W","*","C","C",1,1,1,0,0,0,0
"1726",1989,7805,7805,"t","t","c","c",0.00358744394618834,0.00358744394618834,0.00076873798846893,0.00076873798846893,0.00051249199231262,0.00025624599615631,0.00051249199231262,0.00025624599615631,0.00435618193465727,0.00435618193465727,0.00435618193465727,0.00435618193465727,"nonsyn","nonsyn","nonsyn",1.7e-05,1.07e-06,1.21e-06,1.21e-06,"0.00473875","0.00157400833333333","0.0020878375","0.004722025","F","F","L","I","V",0,0,0,0,0,0,0
"1727",1990,7844,7844,"t","t","c","c",0.00356960734319225,0.00356960734319225,0.000382457929627741,0.000382457929627741,0.000254971953085161,0.00012748597654258,0.000254971953085161,0.00012748597654258,0.00395206527281999,0.00395206527281999,0.00395206527281999,0.00395206527281999,"nonsyn","nonsyn","nonsyn",1.7e-05,1.07e-06,1.21e-06,1.21e-06,"0.00476242857142857","0.00316374666666667","0.00419653999999999","0.00949124000000002","F","F","S","Y","C",1,0,1,0,0,0,0
"1728",1991,7892,7892,"c","c","t","t",0.00114039533705018,0.00114039533705018,0.000380131779016726,0.000380131779016726,0.000380131779016726,0,0.000380131779016726,0,0.0015205271160669,0.0015205271160669,0.0015205271160669,0.0015205271160669,"syn","nonsyn","nonsyn",4.58e-06,8.37e-07,4.33e-07,4.33e-07,"0.0040161511111111","0.00113907866666667","0.002201868","1","F","F","F","L","L",0,0,0,0,0,0,0
"1729",1992,7921,7921,"g","g","a","a",0.00189370029036738,0.00189370029036738,0.000126246686024492,0.000126246686024492,0,0.000126246686024492,0,0.000126246686024492,0.00201994697639187,0.00201994697639187,0.00201994697639187,0.00201994697639187,"nonsyn","nonsyn","nonsyn",4.2e-06,5.36e-07,1.17e-06,1.17e-06,"0.00221788","0.00926756999999999","1","0.00926756999999999","G","G","S","R","C",1,1,0,0,1,1,0
"1730",1993,7914,7914,"g","g","a","a",0.00240080869345464,0.00240080869345464,0,0,0,0,0,0,0.00240080869345464,0.00240080869345464,0.00240080869345464,0.00240080869345464,"nonsyn","nonsyn","nonsyn",4.2e-06,5.36e-07,1.17e-06,1.17e-06,"0.00174941052631579","1","1","1","G","G","D","A","V",1,1,1,0,0,0,0
"1731",1994,7933,7933,"t","t","c","c",0.00529434009832346,0.00529434009832346,0.000252111433253498,0.000252111433253498,0,0.000252111433253498,0,0.000252111433253498,0.00554645153157696,0.00554645153157696,0.00554645153157696,0.00554645153157696,"syn","syn","syn",1.7e-05,1.07e-06,1.21e-06,1.21e-06,"0.00321097619047619","0.004799465","1","0.004799465","G","G","G","G","G",0,0,0,0,0,0,0
"1732",1995,7948,7948,"t","t","c","c",0.00742325113236034,0.00742325113236034,0.00490689481630599,0.00490689481630599,0.00465525918470055,0.000251635631605435,0.00465525918470055,0.000251635631605435,0.0123301459486663,0.0123301459486663,0.0123301459486663,0.0123301459486663,"nonsyn","nonsyn","nonsyn",1.7e-05,1.07e-06,1.21e-06,1.21e-06,"0.00229010169491525","0.000246591794871795","0.000229847567567568","0.00480854000000001","C","C","R","S","G",1,1,0,1,0,0,0
"1733",1996,7941,7941,"g","g","a","a",0.00239264576249843,0.00239264576249843,0.000125928724342022,0.000125928724342022,0,0.000125928724342022,0,0.000125928724342022,0.00251857448684045,0.00251857448684045,0.00251857448684045,0.00251857448684045,"nonsyn","nonsyn","nonsyn",4.2e-06,5.36e-07,1.17e-06,1.17e-06,"0.00175537894736842","0.00929097000000003","1","0.00929097000000003","C","C","Y","S","F",1,1,1,0,0,0,0
"1734",1997,8062,8062,"c","t","t","c",0.00520962540312578,0.994542297196725,0.000248077400148846,0.000248077400148846,0,0.000248077400148846,0,0.000248077400148846,0.00545770280327462,0.994790374596874,0.00545770280327462,0.994790374596874,"syn","stop","nonsyn",1.7e-05,1.07e-06,1.21e-06,1.21e-06,"1.70932900972811e-05","0.00487751000000001","1","0.00487751000000001","C","C","C","*","W",0,1,1,0,0,0,0
"1735",1998,8079,8079,"a","a","g","g",0.00556999628666914,0.00556999628666914,0.00160911003837109,0.00160911003837109,0,0.00160911003837109,0,0.00160911003837109,0.00717910632504023,0.00717910632504023,0.00717910632504023,0.00717910632504023,"nonsyn","nonsyn","nonsyn",1.77e-05,1.76e-06,1.7e-06,1.7e-06,"0.00317774","0.00105648461538461","1","0.00105648461538461","T","T","A","P","S",1,1,0,0,0,0,0
"1736",1999,8217,8217,"c","c","t","t",0.00316417183887063,0.00316417183887063,0.0012169891687964,0.0012169891687964,0,0.0012169891687964,0,0.0012169891687964,0.00438116100766703,0.00438116100766703,0.00438116100766703,0.00438116100766703,"nonsyn","nonsyn","nonsyn",4.58e-06,8.37e-07,4.33e-07,4.33e-07,"0.00144745615384616","0.000355796099999999","1","0.000355796099999999","T","T","I","N","S",1,0,0,0,0,0,0
"1737",2000,8214,8214,"c","c","t","t",0.00194789383978573,0.00194789383978573,0.000365230094959825,0.000365230094959825,0.000365230094959825,0,0.000365230094959825,0,0.00231312393474556,0.00231312393474556,0.00231312393474556,0.00231312393474556,"syn","syn","syn",4.58e-06,8.37e-07,4.33e-07,4.33e-07,"0.0023512575","0.001185554","0.002291706","1","T","T","T","T","T",0,0,0,0,1,0,1
"1738",2001,8192,8192,"t","t","c","c",0.002685546875,0.002685546875,0.0008544921875,0.0008544921875,0.000732421875,0.0001220703125,0.000732421875,0.0001220703125,0.0035400390625,0.0035400390625,0.0035400390625,0.0035400390625,"nonsyn","nonsyn","nonsyn",1.7e-05,1.07e-06,1.21e-06,1.21e-06,"0.00633018181818182","0.00141604571428571","0.00146090666666667","0.00991232","W","W","R","R","G",1,1,1,1,1,0,1
"1739",2002,8238,8238,"g","g","a","a",0.00169944161204176,0.00169944161204176,0.000121388686574411,0.000121388686574411,0,0.000121388686574411,0,0.000121388686574411,0.00182083029861617,0.00182083029861617,0.00182083029861617,0.00182083029861617,"stop","nonsyn","nonsyn",4.2e-06,5.36e-07,1.17e-06,1.17e-06,"0.0024714","0.00963846000000002","1","0.00963846000000002","W","W","*","S","L",1,1,0,0,1,1,0
"1740",2003,8250,8250,"g","g","a","a",0.00096969696969697,0.00096969696969697,0.000242424242424242,0.000242424242424242,0.000121212121212121,0.000121212121212121,0.000121212121212121,0.000121212121212121,0.00121212121212121,0.00121212121212121,0.00121212121212121,0.00121212121212121,"stop","nonsyn","nonsyn",4.2e-06,5.36e-07,1.17e-06,1.17e-06,"0.00433125","0.00482625000000001","0.00442200000000001","0.00965250000000002","W","W","*","C","C",1,1,1,0,0,0,0
"1741",2004,8246,8246,"a","a","g","g",0.00400194033470774,0.00400194033470774,0.000485083676934271,0.000485083676934271,0,0.000485083676934271,0,0.000485083676934271,0.00448702401164201,0.00448702401164201,0.00448702401164201,0.00448702401164201,"nonsyn","nonsyn","nonsyn",1.77e-05,1.76e-06,1.7e-06,1.7e-06,"0.00442285454545454","0.00350455","1","0.00350455","M","M","V","L","L",0,0,0,0,0,0,0
"1742",2005,8257,8257,"t","t","c","c",0.00375439021436357,0.00375439021436357,0.000242218723507327,0.000242218723507327,0.000121109361753664,0.000121109361753664,0.000121109361753664,0.000121109361753664,0.0039966089378709,0.0039966089378709,0.0039966089378709,0.0039966089378709,"nonsyn","nonsyn","nonsyn",1.7e-05,1.07e-06,1.21e-06,1.21e-06,"0.00452803225806452","0.004995485","0.00883498999999997","0.00999096999999997","M","M","T","K","R",1,1,1,1,0,0,0
"1743",2006,8249,8249,"g","g","a","a",0.000727360892229361,0.000727360892229361,0,0,0,0,0,0,0.000727360892229361,0.000727360892229361,0.000727360892229361,0.000727360892229361,"nonsyn","nonsyn","nonsyn",4.2e-06,5.36e-07,1.17e-06,1.17e-06,"0.0057743","1","1","1","M","M","I","I","I",0,0,0,0,0,0,0
"1744",2007,8240,8241,"a","a","g","g",0.00364077669902913,0.00364077669902913,0.000606796116504854,0.000606796116504854,0.000242718446601942,0.000364077669902913,0.000242718446601942,0.000364077669902913,0.00424757281553398,0.00424757281553398,0.00424705739594709,0.00424705739594709,"nonsyn","nonsyn","nonsyn",1.77e-05,1.76e-06,1.7e-06,1.7e-06,"0.0048616","0.0028016","0.00725119999999999","0.00466933333333333","N","N","D","H","Y",1,1,1,0,0,0,0
"1745",2008,8256,8256,"a","a","g","g",0.031734496124031,0.031734496124031,0.000242248062015504,0.000242248062015504,0,0.000242248062015504,0,0.000242248062015504,0.0319767441860465,0.0319767441860465,0.0319767441860465,0.0319767441860465,"nonsyn","nonsyn","nonsyn",1.77e-05,1.76e-06,1.7e-06,1.7e-06,"0.000557752671755725","0.0070176","1","0.0070176","N","N","S","T","I",0,0,1,0,0,0,0
"1746",2009,8282,8282,"c","c","t","t",0.00156966916203816,0.00156966916203816,0.000241487563390485,0.000241487563390485,0.000120743781695243,0.000120743781695243,0.000120743781695243,0.000120743781695243,0.00181115672542864,0.00181115672542864,0.00181115672542864,0.00181115672542864,"syn","nonsyn","nonsyn",4.58e-06,8.37e-07,4.33e-07,4.33e-07,"0.0029178123076923","0.001793053","0.00693203399999998","0.00358610599999999","N","N","N","K","K",0,1,1,0,0,0,0
"1747",2010,8250,8250,"t","t","c","c",0.00581818181818182,0.00581818181818182,0.000363636363636364,0.000363636363636364,0.000242424242424242,0.000121212121212121,0.000242424242424242,0.000121212121212121,0.00618181818181818,0.00618181818181818,0.00618181818181818,0.00618181818181818,"nonsyn","nonsyn","nonsyn",1.7e-05,1.07e-06,1.21e-06,1.21e-06,"0.002921875","0.0033275","0.00441375000000001","0.00998250000000002","S","S","P","T","A",1,0,1,0,1,0,1
"1748",2011,8274,8274,"c","c","t","t",0.00132946579647087,0.00132946579647087,0.000120860526951898,0.000120860526951898,0.000120860526951898,0,0.000120860526951898,0,0.00145032632342277,0.00145032632342277,0.00145032632342277,0.00145032632342277,"nonsyn","stop","stop",4.58e-06,8.37e-07,4.33e-07,4.33e-07,"0.00344499272727273","0.00358264199999999","0.00692533799999997","1","S","S","L","*","*",1,1,1,0,0,0,0
"1749",2012,8252,8252,"a","a","g","g",0.00399903053805138,0.00399903053805138,0.000242365487154629,0.000242365487154629,0.000121182743577315,0.000121182743577315,0.000121182743577315,0.000121182743577315,0.00424139602520601,0.00424139602520601,0.00424139602520601,0.00424139602520601,"syn","syn","syn",1.77e-05,1.76e-06,1.7e-06,1.7e-06,"0.00442607272727273","0.00701420000000001","0.01452352","0.0140284","S","S","S","S","S",0,0,0,1,0,0,0
"1750",2013,8273,8273,"a","a","g","g",0.00483500543938112,0.00483500543938112,0.000241750271969056,0.000241750271969056,0,0.000241750271969056,0,0.000241750271969056,0.00507675571135018,0.00507675571135018,0.00507675571135018,0.00507675571135018,"nonsyn","nonsyn","nonsyn",1.77e-05,1.76e-06,1.7e-06,1.7e-06,"0.0036608025","0.00703205","1","0.00703205","T","T","A","P","S",1,1,0,0,0,0,0
"1751",2014,8292,8292,"c","c","t","t",0.00144717800289436,0.00144717800289436,0.000241196333815726,0.000241196333815726,0.000241196333815726,0,0.000241196333815726,0,0.00168837433671008,0.00168837433671008,0.00168837433671008,0.00168837433671008,"nonsyn","nonsyn","nonsyn",4.58e-06,8.37e-07,4.33e-07,4.33e-07,"0.00316477999999999","0.001795218","0.003470202","1","T","T","I","N","S",1,0,0,0,0,0,0
"1752",2015,8223,8223,"t","t","c","c",0.00717499695974705,0.00717499695974705,0.00109449106165633,0.00109449106165633,0.000972880943694515,0.000121610117961814,0.000972880943694515,0.000121610117961814,0.00826948802140338,0.00826948802140338,0.00826948802140338,0.00826948802140338,"syn","syn","syn",1.7e-05,1.07e-06,1.21e-06,1.21e-06,"0.00236933898305085","0.00110553666666667","0.00109982625","0.00994983000000003","T","T","T","T","T",0,0,0,1,1,0,1
"1753",2016,8296,8296,"g","g","a","a",0.00180810028929605,0.00180810028929605,0.000602700096432015,0.000602700096432015,0,0.000602700096432015,0,0.000602700096432015,0.00241080038572806,0.00241080038572806,0.00241080038572806,0.00241080038572806,"nonsyn","nonsyn","stop",4.2e-06,5.36e-07,1.17e-06,1.17e-06,"0.00232288","0.001941264","1","0.001941264","G","G","R","R","*",1,1,1,0,1,1,0
"1754",2017,8272,8272,"g","g","a","a",0.000604448742746615,0.000604448742746615,0,0,0,0,0,0,0.000604448742746615,0.000604448742746615,0.000604448742746615,0.000604448742746615,"nonsyn","nonsyn","nonsyn",4.2e-06,5.36e-07,1.17e-06,1.17e-06,"0.00694848","1","1","1","G","G","E","A","V",1,1,1,0,0,0,0
"1755",2018,8244,8244,"a","a","g","g",0.00327510917030568,0.00327510917030568,0.000121300339640951,0.000121300339640951,0,0.000121300339640951,0,0.000121300339640951,0.00339640950994663,0.00339640950994663,0.00339640950994663,0.00339640950994663,"syn","syn","syn",1.77e-05,1.76e-06,1.7e-06,1.7e-06,"0.00540439999999999","0.0140148","1","0.0140148","G","G","G","G","G",0,0,0,0,0,0,0
"1756",2019,8234,8235,"t","t","c","c",0.0035219820257469,0.0035219820257469,0.00121447656060238,0.00121447656060238,0.00109302890454214,0.000121447656060238,0.00109302890454214,0.000121447656060238,0.00473645858634928,0.00473645858634928,0.00473588342440801,0.00473588342440801,"nonsyn","nonsyn","nonsyn",1.7e-05,1.07e-06,1.21e-06,1.21e-06,"0.0048268275862069","0.000996314","0.000978931111111113","0.00996314","F","F","L","I","V",0,0,0,0,0,0,0
"1757",2020,8216,8216,"t","t","c","c",0.00340798442064265,0.00340798442064265,0.000851996105160662,0.000851996105160662,0.00060856864654333,0.000243427458617332,0.00060856864654333,0.000243427458617332,0.00425998052580331,0.00425998052580331,0.00425998052580331,0.00425998052580331,"nonsyn","nonsyn","nonsyn",1.7e-05,1.07e-06,1.21e-06,1.21e-06,"0.00498828571428571","0.00142019428571429","0.001758224","0.00497068","F","F","S","Y","C",1,0,1,0,0,0,0
"1758",2021,8125,8125,"c","c","t","t",0.00135384615384615,0.00135384615384615,0.000615384615384615,0.000615384615384615,0.000492307692307692,0.000123076923076923,0.000492307692307692,0.000123076923076923,0.00196923076923077,0.00196923076923077,0.00196923076923077,0.00196923076923077,"syn","nonsyn","nonsyn",4.58e-06,8.37e-07,4.33e-07,4.33e-07,"0.00338295454545456","0.000703625","0.00170015625","0.003518125","F","F","F","L","L",0,0,0,0,0,0,0
"1759",2022,8094,8094,"a","a","g","g",0.00345935260686929,0.00345935260686929,0.000494193229552755,0.000494193229552755,0.000123548307388189,0.000370644922164566,0.000123548307388189,0.000370644922164566,0.00395354583642204,0.00395354583642204,0.00395354583642204,0.00395354583642204,"nonsyn","nonsyn","nonsyn",1.77e-05,1.76e-06,1.7e-06,1.7e-06,"0.00511656428571428","0.00343995","0.01424544","0.0045866","T","T","A","P","S",1,1,0,1,0,0,0
"1760",2023,8173,8173,"c","c","t","t",0.00159060320567723,0.00159060320567723,0.000122354092744402,0.000122354092744402,0.000122354092744402,0,0.000122354092744402,0,0.00171295729842163,0.00171295729842163,0.00171295729842163,0.00171295729842163,"nonsyn","nonsyn","nonsyn",4.58e-06,8.37e-07,4.33e-07,4.33e-07,"0.00287941076923077","0.00353890900000001","0.00684080100000002","1","T","T","I","N","S",1,0,0,0,0,0,0
"1761",2024,8173,8173,"c","c","t","t",0.000611770463722012,0.000611770463722012,0.000367062278233207,0.000367062278233207,0.000244708185488805,0.000122354092744402,0.000244708185488805,0.000122354092744402,0.000978832741955218,0.000978832741955218,0.000978832741955218,0.000978832741955218,"syn","syn","syn",4.58e-06,8.37e-07,4.33e-07,4.33e-07,"0.00748646799999999","0.00117963633333333","0.00342040049999999","0.00353890900000001","T","T","T","T","T",0,0,0,0,1,0,1
"1762",2025,8165,8170,"a","a","g","g",0.00220453153704838,0.00220453153704838,0.000244947948560931,0.000244947948560931,0.000122473974280465,0.000122473974280465,0.000122473974280465,0.000122473974280465,0.00244947948560931,0.00244947948560931,0.00244798041615667,0.00244798041615667,"nonsyn","nonsyn","stop",1.77e-05,1.76e-06,1.7e-06,1.7e-06,"0.00802891666666666","0.00694024999999999","0.0143704","0.0138805","K","K","E","Q","*",1,1,1,1,0,0,0
"1763",2026,8119,8119,"a","a","g","g",0.000862175144722256,0.000862175144722256,0.00024633575563493,0.00024633575563493,0,0.00024633575563493,0,0.00024633575563493,0.00110851090035719,0.00110851090035719,0.00110851090035719,0.00110851090035719,"nonsyn","nonsyn","nonsyn",1.77e-05,1.76e-06,1.7e-06,1.7e-06,"0.0205294714285714","0.00690115000000001","1","0.00690115000000001","K","K","R","T","I",0,1,1,0,0,0,0
"1764",2027,8068,8068,"a","a","g","g",0.00272682201289043,0.00272682201289043,0.000495785820525533,0.000495785820525533,0.00037183936539415,0.000123946455131383,0.00037183936539415,0.000123946455131383,0.00322260783341596,0.00322260783341596,0.00322260783341596,0.00322260783341596,"syn","nonsyn","nonsyn",1.77e-05,1.76e-06,1.7e-06,1.7e-06,"0.00649107272727273","0.0034289","0.00473322666666666","0.0137156","K","K","K","N","N",0,1,1,0,1,1,0
"1765",2028,8176,8177,"g","g","a","a",0.000611545988258317,0.000611545988258317,0,0,0,0,0,0,0.000611545988258317,0.000611545988258317,0.000611471199706494,0.000611471199706494,"nonsyn","nonsyn","nonsyn",4.2e-06,5.36e-07,1.17e-06,1.17e-06,"0.00686784","1","1","1","V","V","M","L","L",0,0,0,0,0,0,0
"1766",2029,7934,7934,"t","t","c","c",0.0026468364003025,0.0026468364003025,0.000378119485757499,0.000378119485757499,0.000252079657171666,0.000126039828585833,0.000252079657171666,0.000126039828585833,0.00302495588606,0.00302495588606,0.00302495588606,0.00302495588606,"nonsyn","nonsyn","nonsyn",1.7e-05,1.07e-06,1.21e-06,1.21e-06,"0.00642276190476189","0.00320004666666667","0.00424469","0.00960014000000001","V","V","A","E","G",0,1,1,1,0,0,0
"1767",2030,7952,7952,"g","g","a","a",0.00138329979879276,0.00138329979879276,0.000251509054325956,0.000251509054325956,0.000125754527162978,0.000125754527162978,0.000125754527162978,0.000125754527162978,0.00163480885311871,0.00163480885311871,0.00163480885311871,0.00163480885311871,"syn","syn","syn",4.2e-06,5.36e-07,1.17e-06,1.17e-06,"0.00303621818181817","0.00465191999999999","0.00426227199999999","0.00930383999999999","V","V","V","V","V",0,0,0,0,0,0,0
"1768",2031,7923,7923,"t","t","c","c",0.00530102234002272,0.00530102234002272,0.000378644452858766,0.000378644452858766,0.000378644452858766,0,0.000378644452858766,0,0.00567966679288148,0.00567966679288148,0.00567966679288148,0.00567966679288148,"nonsyn","nonsyn","nonsyn",1.7e-05,1.07e-06,1.21e-06,1.21e-06,"0.00320692857142857","0.00319561","0.00282587","1","C","C","R","S","G",1,1,0,1,0,0,0
"1769",2032,7893,7893,"g","g","a","a",0.00190041809198024,0.00190041809198024,0.000506778157861396,0.000506778157861396,0.000253389078930698,0.000253389078930698,0.000253389078930698,0.000253389078930698,0.00240719624984163,0.00240719624984163,0.00240719624984163,0.00240719624984163,"nonsyn","nonsyn","nonsyn",4.2e-06,5.36e-07,1.17e-06,1.17e-06,"0.00221003999999999","0.0023087025","0.002115324","0.004617405","C","C","Y","S","F",1,1,1,0,0,0,0
"1770",2033,7874,7874,"c","c","t","t",0.0031750063500127,0.0031750063500127,0.00063500127000254,0.00063500127000254,0.000381000762001524,0.000254000508001016,0.000381000762001524,0.000254000508001016,0.00381000762001524,0.00381000762001524,0.00381000762001524,0.00381000762001524,"syn","stop","nonsyn",4.58e-06,8.37e-07,4.33e-07,4.33e-07,"0.0014425168","0.0006818884","0.002196846","0.001704721","C","C","C","*","W",0,1,1,0,0,0,0
"1771",2034,7757,7757,"g","g","a","a",0.00116024236173779,0.00116024236173779,0.00025783163594173,0.00025783163594173,0,0.00025783163594173,0,0.00025783163594173,0.00141807399767952,0.00141807399767952,0.00141807399767952,0.00141807399767952,"nonsyn","nonsyn","stop",4.2e-06,5.36e-07,1.17e-06,1.17e-06,"0.00361993333333332","0.004537845","1","0.004537845","G","G","R","R","*",1,1,1,0,1,1,0
"1772",2035,7689,7689,"g","g","a","a",0.0013005592404734,0.0013005592404734,0.000650279620236702,0.000650279620236702,0,0.000650279620236702,0,0.000650279620236702,0.00195083886071011,0.00195083886071011,0.00195083886071011,0.00195083886071011,"nonsyn","nonsyn","nonsyn",4.2e-06,5.36e-07,1.17e-06,1.17e-06,"0.00322938000000001","0.001799226","1","0.001799226","G","G","E","A","V",1,1,1,0,0,0,0
"1773",2036,7630,7630,"a","a","g","g",0.00615989515072084,0.00615989515072084,0.000524246395806029,0.000524246395806029,0.000262123197903014,0.000262123197903014,0.000262123197903014,0.000262123197903014,0.00668414154652687,0.00668414154652687,0.00668414154652687,0.00668414154652687,"syn","syn","syn",1.77e-05,1.76e-06,1.7e-06,1.7e-06,"0.00287342553191489","0.00324275","0.00671440000000001","0.00648550000000001","G","G","G","G","G",0,0,0,0,1,1,0
"1774",2037,7595,7595,"g","g","a","a",0.00131665569453588,0.00131665569453588,0.000789993416721527,0.000789993416721527,0,0.000789993416721527,0,0.000789993416721527,0.00210664911125741,0.00210664911125741,0.00210664911125741,0.00210664911125741,"nonsyn","nonsyn","nonsyn",4.2e-06,5.36e-07,1.17e-06,1.17e-06,"0.0031899","0.001481025","1","0.001481025","A","A","T","P","S",1,1,1,0,0,0,0
"1775",2038,7420,7421,"c","c","t","t",0.00350404312668464,0.00350404312668464,0.000134770889487871,0.000134770889487871,0.000134770889487871,0,0.000134770889487871,0,0.00363881401617251,0.00363881401617251,0.00363832367605444,0.00363832367605444,"nonsyn","nonsyn","nonsyn",4.58e-06,8.37e-07,4.33e-07,4.33e-07,"0.00130706153846154","0.00321285999999999","0.00621053999999998","1","A","A","V","E","G",0,1,1,0,0,0,0
"1776",2039,7265,7289,"g","g","a","a",0.00206469373709566,0.00206469373709566,0.000963523743977977,0.000963523743977977,0.000412938747419133,0.000550584996558844,0.000412938747419133,0.000550584996558844,0.00302821748107364,0.00302821748107364,0.00301824667306901,0.00301824667306901,"syn","syn","syn",4.2e-06,5.36e-07,1.17e-06,1.17e-06,"0.0020342","0.00121429285714286","0.00129801333333333","0.0021250125","A","A","A","A","A",0,0,0,0,0,0,0
"1777",2040,7211,7290,"c","c","t","t",0.00152544723339343,0.00152544723339343,0.000277354042435168,0.000277354042435168,0.000138677021217584,0.000138677021217584,0.000138677021217584,0.000138677021217584,0.0018028012758286,0.0018028012758286,0.00178326474622771,0.00178326474622771,"nonsyn","nonsyn","nonsyn",4.58e-06,8.37e-07,4.33e-07,4.33e-07,"0.00300239818181818","0.0015611815","0.00603560700000001","0.00312236300000001","P","P","S","T","A",1,1,1,0,0,0,0
"1778",2041,7303,7303,"c","c","t","t",0.00260167054635081,0.00260167054635081,0.00068465014377653,0.00068465014377653,0.000547720115021224,0.000136930028755306,0.000547720115021224,0.000136930028755306,0.00328632069012734,0.00328632069012734,0.00328632069012734,0.00328632069012734,"nonsyn","nonsyn","nonsyn",4.58e-06,8.37e-07,4.33e-07,4.33e-07,"0.00176040736842106","0.0006324398","0.00152815275","0.003162199","P","P","L","H","R",1,1,1,0,1,0,1
"1779",2042,7360,7360,"c","c","t","t",0.00611413043478261,0.00611413043478261,0.000135869565217391,0.000135869565217391,0.000135869565217391,0,0.000135869565217391,0,0.00625,0.00625,0.00625,0.00625,"syn","syn","syn",4.58e-06,8.37e-07,4.33e-07,4.33e-07,"0.000749084444444444","0.00318688000000001","0.00616032000000001","1","P","P","P","P","P",0,0,0,0,1,0,1
"1780",2043,7419,7419,"c","c","t","t",0.000808734330772341,0.000808734330772341,0.000404367165386171,0.000404367165386171,0.000404367165386171,0,0.000404367165386171,0,0.00121310149615851,0.00121310149615851,0.00121310149615851,0.00121310149615851,"nonsyn","nonsyn","nonsyn",4.58e-06,8.37e-07,4.33e-07,4.33e-07,"0.00566317","0.001070809","0.002069901","1","P","P","S","T","A",1,1,1,0,1,0,1
"1781",2044,7446,7446,"c","c","t","t",0.0056406124093473,0.0056406124093473,0.00040290088638195,0.00040290088638195,0.00040290088638195,0,0.00040290088638195,0,0.00604351329572925,0.00604351329572925,0.00604351329572925,0.00604351329572925,"nonsyn","nonsyn","nonsyn",4.58e-06,8.37e-07,4.33e-07,4.33e-07,"0.000811968571428572","0.001074706","0.002077434","1","P","P","L","H","R",1,1,1,0,1,0,1
"1782",2045,7464,7464,"c","t","t","c",0.0368435155412647,0.962754555198285,0.000401929260450161,0.000401929260450161,0.000401929260450161,0,0.000401929260450161,0,0.0372454448017149,0.963156484458735,0.0372454448017149,0.963156484458735,"syn","syn","syn",1.7e-05,1.07e-06,1.21e-06,1.21e-06,"1.76576676871695e-05","0.00301048","0.00266216","1","P","P","P","P","P",0,0,0,0,1,0,1
"1783",2046,7488,7495,"t","t","c","c",0.00387286324786325,0.00387286324786325,0.000400641025641026,0.000400641025641026,0.000267094017094017,0.000133547008547009,0.000267094017094017,0.000133547008547009,0.00427350427350427,0.00427350427350427,0.00426951300867245,0.00426951300867245,"nonsyn","nonsyn","nonsyn",1.7e-05,1.07e-06,1.21e-06,1.21e-06,"0.00438951724137931","0.00302016","0.00400608","0.00906047999999997","C","C","R","S","G",1,1,0,1,0,0,0
"1784",2047,7559,7559,"g","g","a","a",0.00039687789390131,0.00039687789390131,0,0,0,0,0,0,0.00039687789390131,0.00039687789390131,0.00039687789390131,0.00039687789390131,"nonsyn","nonsyn","nonsyn",4.2e-06,5.36e-07,1.17e-06,1.17e-06,"0.0105826","1","1","1","C","C","Y","S","F",1,1,1,0,0,0,0
"1785",2048,7861,7861,"t","t","c","c",0.00470678030784887,0.00470678030784887,0.00050884111436204,0.00050884111436204,0.00038163083577153,0.00012721027859051,0.00038163083577153,0.00012721027859051,0.00521562142221091,0.00521562142221091,0.00521562142221091,0.00521562142221091,"syn","stop","nonsyn",1.7e-05,1.07e-06,1.21e-06,1.21e-06,"0.00361181081081081","0.0023779525","0.00280375666666667","0.00951181000000001","C","C","C","*","W",0,1,1,1,0,0,0
"1786",2049,7871,7871,"g","g","a","a",0.00114343793672977,0.00114343793672977,0,0,0,0,0,0,0.00114343793672977,0.00114343793672977,0.00114343793672977,0.00114343793672977,"nonsyn","nonsyn","nonsyn",4.2e-06,5.36e-07,1.17e-06,1.17e-06,"0.00367313333333333","1","1","1","V","V","I","L","F",0,0,0,0,0,0,0
"1787",2050,7890,7890,"t","t","c","c",0.00418250950570342,0.00418250950570342,0.000253485424588086,0.000253485424588086,0.000126742712294043,0.000126742712294043,0.000126742712294043,0.000126742712294043,0.00443599493029151,0.00443599493029151,0.00443599493029151,0.00443599493029151,"nonsyn","nonsyn","nonsyn",1.7e-05,1.07e-06,1.21e-06,1.21e-06,"0.00406454545454546","0.00477345","0.00844230000000001","0.00954690000000001","V","V","A","D","G",0,1,1,0,0,0,0
"1788",2051,7654,7654,"c","c","t","t",0.000391951920564411,0.000391951920564411,0.000653253200940685,0.000653253200940685,0.000391951920564411,0.000261301280376274,0.000391951920564411,0.000261301280376274,0.0010452051215051,0.0010452051215051,0.0010452051215051,0.0010452051215051,"syn","syn","syn",4.58e-06,8.37e-07,4.33e-07,4.33e-07,"0.0116851066666667","0.0006628364","0.002135466","0.001657091","V","V","V","V","V",0,0,0,0,0,0,0
"1789",2052,7683,7683,"a","a","g","g",0.00234283483014447,0.00234283483014447,0.00117141741507224,0.00117141741507224,0.000520629962254328,0.00065078745281791,0.000520629962254328,0.00065078745281791,0.00351425224521671,0.00351425224521671,0.00351425224521671,0.00351425224521671,"nonsyn","nonsyn","nonsyn",1.77e-05,1.76e-06,1.7e-06,1.7e-06,"0.00755495000000002","0.00145123333333333","0.00338052","0.00261222","I","I","V","L","F",0,0,0,1,0,0,0
"1790",2053,7668,7668,"t","t","c","c",0.00143453312467397,0.00143453312467397,0.000652060511215441,0.000652060511215441,0.000521648408972353,0.000130412102243088,0.000521648408972353,0.000130412102243088,0.00208659363588941,0.00208659363588941,0.00208659363588941,0.00208659363588941,"nonsyn","nonsyn","nonsyn",1.7e-05,1.07e-06,1.21e-06,1.21e-06,"0.0118505454545455","0.001855656","0.00205119","0.00927828000000001","I","I","T","N","S",1,1,1,0,0,0,0
"1791",2054,7697,7697,"c","c","t","t",0.00155904898012213,0.00155904898012213,0.000519682993374042,0.000519682993374042,0.000519682993374042,0,0.000519682993374042,0,0.00207873197349617,0.00207873197349617,0.00207873197349617,0.00207873197349617,"syn","syn","nonsyn",4.58e-06,8.37e-07,4.33e-07,4.33e-07,"0.00293768833333332","0.00083320025","0.00161059725","1","I","I","I","I","M",0,0,0,0,0,0,0
"1792",2055,7674,7674,"g","g","a","a",0.00130310138128746,0.00130310138128746,0.000130310138128746,0.000130310138128746,0,0.000130310138128746,0,0.000130310138128746,0.00143341151941621,0.00143341151941621,0.00143341151941621,0.00143341151941621,"nonsyn","nonsyn","stop",4.2e-06,5.36e-07,1.17e-06,1.17e-06,"0.00322308000000001","0.00897858000000003","1","0.00897858000000003","G","G","R","R","*",1,1,1,0,1,1,0
"1793",2056,7635,7635,"g","g","a","a",0.000785854616895874,0.000785854616895874,0.000523903077930583,0.000523903077930583,0,0.000523903077930583,0,0.000523903077930583,0.00130975769482646,0.00130975769482646,0.00130975769482646,0.00130975769482646,"nonsyn","nonsyn","nonsyn",4.2e-06,5.36e-07,1.17e-06,1.17e-06,"0.0053445","0.0022332375","1","0.0022332375","G","G","E","A","V",1,1,1,0,0,0,0
"1794",2057,7555,7558,"a","a","g","g",0.00476505625413633,0.00476505625413633,0.000529450694904037,0.000529450694904037,0,0.000529450694904037,0,0.000529450694904037,0.00529450694904037,0.00529450694904037,0.00529240539825351,0.00529240539825351,"syn","syn","syn",1.77e-05,1.76e-06,1.7e-06,1.7e-06,"0.00371454166666667","0.003210875","1","0.003210875","G","G","G","G","G",0,0,0,0,1,1,0
"1795",2058,7520,7525,"g","g","a","a",0.00159574468085106,0.00159574468085106,0.000797872340425532,0.000797872340425532,0,0.000797872340425532,0,0.000797872340425532,0.0023936170212766,0.0023936170212766,0.00239202657807309,0.00239202657807309,"nonsyn","nonsyn","nonsyn",4.2e-06,5.36e-07,1.17e-06,1.17e-06,"0.00263200000000001","0.0014664","1","0.0014664","G","G","R","R","W",1,1,1,0,1,1,0
"1796",2059,7542,7542,"g","g","a","a",0.00212145319543888,0.00212145319543888,0.000397772474144789,0.000397772474144789,0,0.000397772474144789,0,0.000397772474144789,0.00251922566958366,0.00251922566958366,0.00251922566958366,0.00251922566958366,"nonsyn","nonsyn","nonsyn",4.2e-06,5.36e-07,1.17e-06,1.17e-06,"0.001979775","0.00294138","1","0.00294138","G","G","E","A","V",1,1,1,0,1,1,0
"1797",2060,7511,7511,"g","g","a","a",0.00173079483424311,0.00173079483424311,0.000399414192517641,0.000399414192517641,0.000133138064172547,0.000266276128345094,0.000133138064172547,0.000266276128345094,0.00213020902676075,0.00213020902676075,0.00213020902676075,0.00213020902676075,"syn","syn","syn",4.2e-06,5.36e-07,1.17e-06,1.17e-06,"0.00242663076923077","0.00292929","0.004025896","0.004393935","G","G","G","G","G",0,0,0,0,1,1,0
"1798",2061,7518,7518,"g","g","a","a",0.00133014099494546,0.00133014099494546,0,0,0,0,0,0,0.00133014099494546,0.00133014099494546,0.00133014099494546,0.00133014099494546,"nonsyn","nonsyn","nonsyn",4.2e-06,5.36e-07,1.17e-06,1.17e-06,"0.00315756000000001","1","1","1","V","V","M","L","L",0,0,0,0,0,0,0
"1799",2062,7488,7488,"t","t","c","c",0.00320512820512821,0.00320512820512821,0.00133547008547009,0.00133547008547009,0.000534188034188034,0.000801282051282051,0.000534188034188034,0.000801282051282051,0.00454059829059829,0.00454059829059829,0.00454059829059829,0.00454059829059829,"nonsyn","nonsyn","nonsyn",1.7e-05,1.07e-06,1.21e-06,1.21e-06,"0.00530399999999999","0.000906047999999997","0.00200304","0.00151008","V","V","A","E","G",0,1,1,1,0,0,0
"1800",2063,7526,7537,"g","g","a","a",0.00132872707945788,0.00132872707945788,0.000930108955620516,0.000930108955620516,0.000132872707945788,0.000797236247674728,0.000132872707945788,0.000797236247674728,0.00225883603507839,0.00225883603507839,0.00225553933925965,0.00225553933925965,"syn","syn","syn",4.2e-06,5.36e-07,1.17e-06,1.17e-06,"0.00316092","0.00125791714285714","0.004033936","0.00146757","V","V","V","V","V",0,0,0,0,1,1,0
"1801",2064,7562,7562,"g","g","a","a",0.00555408622057657,0.00555408622057657,0.000925681036762761,0.000925681036762761,0.000264480296217932,0.000661200740544829,0.000264480296217932,0.000661200740544829,0.00647976725733933,0.00647976725733933,0.00647976725733933,0.00647976725733933,"nonsyn","nonsyn","nonsyn",4.2e-06,5.36e-07,1.17e-06,1.17e-06,"0.0007562","0.00126393428571429","0.002026616","0.001769508","G","G","S","R","C",1,1,0,0,1,1,0
"1802",2065,7665,7665,"g","g","a","a",0.00313111545988258,0.00313111545988258,0.00104370515329419,0.00104370515329419,0.000521852576647097,0.000521852576647097,0.000521852576647097,0.000521852576647097,0.00417482061317678,0.00417482061317678,0.00417482061317678,0.00417482061317678,"nonsyn","nonsyn","nonsyn",4.2e-06,5.36e-07,1.17e-06,1.17e-06,"0.001341375","0.00112100625","0.00102711","0.0022420125","G","G","D","A","V",1,1,1,0,0,0,0
"1803",2066,7679,7679,"c","c","t","t",0.00221382992577158,0.00221382992577158,0.00013022528975127,0.00013022528975127,0.00013022528975127,0,0.00013022528975127,0,0.00234405521552285,0.00234405521552285,0.00234405521552285,0.00234405521552285,"syn","syn","syn",4.58e-06,8.37e-07,4.33e-07,4.33e-07,"0.00206881294117648","0.00332500699999999","0.00642732299999998","1","G","G","G","G","G",0,0,0,0,0,0,0
"1804",2067,7583,7583,"a","a","g","g",0.0278253989186338,0.0278253989186338,0.000791243571145984,0.000791243571145984,0,0.000791243571145984,0,0.000791243571145984,0.0286166424897798,0.0286166424897798,0.0286166424897798,0.0286166424897798,"nonsyn","nonsyn","nonsyn",1.77e-05,1.76e-06,1.7e-06,1.7e-06,"0.000636109478672986","0.00214851666666667","1","0.00214851666666667","N","N","D","H","Y",1,1,1,1,0,0,0
"1805",2068,7578,7578,"a","a","g","g",0.00857746107152283,0.00857746107152283,0.000395882818685669,0.000395882818685669,0,0.000395882818685669,0,0.000395882818685669,0.0089733438902085,0.0089733438902085,0.0089733438902085,0.0089733438902085,"nonsyn","nonsyn","nonsyn",1.77e-05,1.76e-06,1.7e-06,1.7e-06,"0.00206354769230769","0.0042942","1","0.0042942","N","N","S","T","I",0,0,1,0,0,0,0
"1806",2069,7494,7494,"c","c","t","t",0.00213504136642647,0.00213504136642647,0.000133440085401655,0.000133440085401655,0.000133440085401655,0,0.000133440085401655,0,0.00226848145182813,0.00226848145182813,0.00226848145182813,0.00226848145182813,"syn","nonsyn","nonsyn",4.58e-06,8.37e-07,4.33e-07,4.33e-07,"0.0021451575","0.00324490199999999","0.00627247799999998","1","N","N","N","K","K",0,1,1,0,0,0,0
"1807",2070,7511,7511,"a","a","g","g",0.00306217547596858,0.00306217547596858,0.000532552256690188,0.000532552256690188,0.000133138064172547,0.000399414192517641,0.000133138064172547,0.000399414192517641,0.00359472773265877,0.00359472773265877,0.00359472773265877,0.00359472773265877,"nonsyn","nonsyn","nonsyn",1.77e-05,1.76e-06,1.7e-06,1.7e-06,"0.00578020434782609","0.003192175","0.01321936","0.00425623333333333","N","N","D","H","Y",1,1,1,1,0,0,0
"1808",2071,7512,7512,"a","a","g","g",0.00585729499467519,0.00585729499467519,0.000266240681576145,0.000266240681576145,0.000133120340788072,0.000133120340788072,0.000133120340788072,0.000133120340788072,0.00612353567625133,0.00612353567625133,0.00612353567625133,0.00612353567625133,"nonsyn","nonsyn","nonsyn",1.77e-05,1.76e-06,1.7e-06,1.7e-06,"0.00302187272727273","0.0063852","0.01322112","0.0127704","N","N","S","T","I",0,0,1,0,0,0,0
"1809",2072,7502,7502,"c","c","t","t",0.000399893361770195,0.000399893361770195,0,0,0,0,0,0,0.000399893361770195,0.000399893361770195,0.000399893361770195,0.000399893361770195,"syn","nonsyn","nonsyn",4.58e-06,8.37e-07,4.33e-07,4.33e-07,"0.0114530533333333","1","1","1","N","N","N","K","K",0,1,1,0,0,0,0
"1810",2073,7470,7470,"a","a","g","g",0.00589022757697456,0.00589022757697456,0.000669344042838019,0.000669344042838019,0.000267737617135208,0.000401606425702811,0.000267737617135208,0.000401606425702811,0.00655957161981258,0.00655957161981258,0.00655957161981258,0.00655957161981258,"nonsyn","nonsyn","nonsyn",1.77e-05,1.76e-06,1.7e-06,1.7e-06,"0.00300497727272728","0.0025398","0.00657359999999999","0.004233","T","T","A","P","S",1,1,0,1,0,0,0
"1811",2074,7492,7492,"c","c","t","t",0.000800854244527496,0.000800854244527496,0.000133475707421249,0.000133475707421249,0.000133475707421249,0,0.000133475707421249,0,0.000934329951948745,0.000934329951948745,0.000934329951948745,0.000934329951948745,"nonsyn","nonsyn","nonsyn",4.58e-06,8.37e-07,4.33e-07,4.33e-07,"0.00571889333333333","0.00324403600000001","0.00627080400000002","1","T","T","I","N","S",1,0,0,0,0,0,0
"1812",2075,7493,7493,"c","c","t","t",0.00146803683437875,0.00146803683437875,0.000133457894034432,0.000133457894034432,0.000133457894034432,0,0.000133457894034432,0,0.00160149472841319,0.00160149472841319,0.00160149472841319,0.00160149472841319,"syn","syn","syn",4.58e-06,8.37e-07,4.33e-07,4.33e-07,"0.00311981272727274","0.003244469","0.00627164100000001","1","T","T","T","T","T",0,0,0,0,1,0,1
"1813",2076,7713,7714,"t","t","c","c",0.0193180344872294,0.0193180344872294,0.0010372099053546,0.0010372099053546,0.000518604952677298,0.000518604952677298,0.000518604952677298,0.000518604952677298,0.0203552443925839,0.0203552443925839,0.0203526056520612,0.0203526056520612,"syn","nonsyn","nonsyn",1.7e-05,1.07e-06,1.21e-06,1.21e-06,"0.000880006711409394","0.00116659125","0.0020632275","0.0023331825","L","L","L","M","V",0,0,0,0,1,0,1
"1814",2077,7759,7759,"t","t","c","c",0.00257765175924733,0.00257765175924733,0.000644412939811831,0.000644412939811831,0.000386647763887099,0.000257765175924733,0.000386647763887099,0.000257765175924733,0.00322206469905916,0.00322206469905916,0.00322206469905916,0.00322206469905916,"nonsyn","stop","nonsyn",1.7e-05,1.07e-06,1.21e-06,1.21e-06,"0.00659514999999999","0.001877678","0.00276737666666667","0.00469419499999999","L","L","S","*","W",1,1,0,1,0,0,0
"1815",2078,7734,7734,"g","g","a","a",0.00116369278510473,0.00116369278510473,0.00012929919834497,0.00012929919834497,0,0.00012929919834497,0,0.00012929919834497,0.0012929919834497,0.0012929919834497,0.0012929919834497,0.0012929919834497,"syn","nonsyn","nonsyn",4.2e-06,5.36e-07,1.17e-06,1.17e-06,"0.00360920000000001","0.00904878000000002","1","0.00904878000000002","L","L","L","F","F",0,0,0,0,0,0,0
"1816",2079,7744,7744,"c","c","t","t",0.00335743801652893,0.00335743801652893,0.000387396694214876,0.000387396694214876,0.000258264462809917,0.000129132231404959,0.000258264462809917,0.000129132231404959,0.0037448347107438,0.0037448347107438,0.0037448347107438,0.0037448347107438,"nonsyn","nonsyn","nonsyn",4.58e-06,8.37e-07,4.33e-07,4.33e-07,"0.00136413538461538","0.00111771733333333","0.003240864","0.00335315199999999","R","L","F","I","V",0,0,0,0,0,0,0
"1817",2080,7584,7584,"g","t","a","c",0.00210970464135021,0.000131856540084388,0.000395569620253165,0.999604430379747,0.000131856540084388,0.000263713080168776,0.00210970464135021,0.997494725738397,0.00250527426160338,0.999736286919831,0.00250527426160338,0.999736286919831,"nonsyn","nonsyn","nonsyn",1.7e-05,1.07e-06,1.21e-06,1.21e-06,"0.128928","1.21047882865057e-06","0.00050718","1.21303899537343e-06","R","L","P","H","R",1,1,1,0,1,0,1
"1818",2081,7582,7582,"c","c","t","t",0.00145080453706146,0.00145080453706146,0.000395673964653126,0.000395673964653126,0.000395673964653126,0,0.000395673964653126,0,0.00184647850171459,0.00184647850171459,0.00184647850171459,0.00184647850171459,"syn","syn","syn",4.58e-06,8.37e-07,4.33e-07,4.33e-07,"0.00315686909090909","0.00109433533333333","0.002115378","1","R","L","L","L","L",0,0,0,0,0,0,0
"1819",2082,7581,7581,"t","t","c","c",0.00408917029415644,0.00408917029415644,0.00145099591082971,0.00145099591082971,0.00118717847249703,0.000263817438332674,0.00118717847249703,0.000263817438332674,0.00554016620498615,0.00554016620498615,0.00554016620498615,0.00554016620498615,"nonsyn","nonsyn","nonsyn",1.7e-05,1.07e-06,1.21e-06,1.21e-06,"0.00415732258064516","0.000833909999999998","0.000901296666666668","0.004586505","C","C","R","S","G",1,1,0,1,1,0,1
"1820",2083,7597,7597,"g","g","a","a",0.00131630906936949,0.00131630906936949,0.000526523627747795,0.000526523627747795,0,0.000526523627747795,0,0.000526523627747795,0.00184283269711728,0.00184283269711728,0.00184283269711728,0.00184283269711728,"nonsyn","nonsyn","nonsyn",4.2e-06,5.36e-07,1.17e-06,1.17e-06,"0.00319073999999999","0.0022221225","1","0.0022221225","C","C","Y","S","F",1,1,1,0,0,0,0
"1821",2084,7597,7633,"c","c","t","t",0.00131630906936949,0.00131630906936949,0.000131630906936949,0.000131630906936949,0,0.000131630906936949,0,0.000131630906936949,0.00144793997630644,0.00144793997630644,0.00144111096554435,0.00144111096554435,"syn","stop","nonsyn",4.58e-06,8.37e-07,4.33e-07,4.33e-07,"0.00347942599999999","0.003289501","1","0.003289501","C","C","C","*","W",0,1,1,0,0,0,0
"1822",2085,7785,7785,"c","c","t","t",0.0023121387283237,0.0023121387283237,0.000256904303147078,0.000256904303147078,0.000256904303147078,0,0.000256904303147078,0,0.00256904303147078,0.00256904303147078,0.00256904303147078,0.00256904303147078,"nonsyn","nonsyn","nonsyn",4.58e-06,8.37e-07,4.33e-07,4.33e-07,"0.00198085","0.0016854525","0.0032580225","1","P","P","S","T","A",1,1,1,0,1,0,1
"1823",2086,7866,7866,"c","c","t","t",0.00241545893719807,0.00241545893719807,0.000635647088736334,0.000635647088736334,0.000508517670989067,0.000127129417747267,0.000508517670989067,0.000127129417747267,0.0030511060259344,0.0030511060259344,0.0030511060259344,0.0030511060259344,"nonsyn","nonsyn","nonsyn",4.58e-06,8.37e-07,4.33e-07,4.33e-07,"0.00189612","0.0006811956","0.0016459605","0.00340597799999999","P","P","L","H","R",1,1,1,0,1,0,1
"1824",2087,7916,7916,"c","c","t","t",0.0366346639717029,0.0366346639717029,0.000884284992420414,0.000884284992420414,0.000884284992420414,0,0.000884284992420414,0,0.0375189489641233,0.0375189489641233,0.0375189489641233,0.0375189489641233,"syn","syn","syn",4.58e-06,8.37e-07,4.33e-07,4.33e-07,"0.000125018206896552","0.000489661142857143","0.000946527428571429","1","P","P","P","P","P",0,0,0,0,1,0,1
"1825",2088,8011,8011,"a","a","g","g",0.0018724254150543,0.0018724254150543,0.00087379852702534,0.00087379852702534,0.00037448508301086,0.00049931344401448,0.00037448508301086,0.00049931344401448,0.00274622394207964,0.00274622394207964,0.00274622394207964,0.00274622394207964,"nonsyn","nonsyn","nonsyn",1.77e-05,1.76e-06,1.7e-06,1.7e-06,"0.00945298","0.00194552857142857","0.00469978666666667","0.003404675","T","T","A","P","S",1,1,0,1,0,0,0
"1826",2089,8120,8120,"c","c","t","t",0.000492610837438424,0.000492610837438424,0.000123152709359606,0.000123152709359606,0.000123152709359606,0,0.000123152709359606,0,0.00061576354679803,0.00061576354679803,0.00061576354679803,0.00061576354679803,"nonsyn","nonsyn","nonsyn",4.58e-06,8.37e-07,4.33e-07,4.33e-07,"0.00929739999999999","0.00351596","0.00679643999999999","1","T","T","I","N","S",1,0,0,0,0,0,0
"1827",2090,8415,8415,"t","t","c","c",0.00225787284610814,0.00225787284610814,0.00071301247771836,0.00071301247771836,0.00047534165181224,0.00023767082590612,0.00047534165181224,0.00023767082590612,0.0029708853238265,0.0029708853238265,0.0029708853238265,0.0029708853238265,"syn","syn","syn",1.7e-05,1.07e-06,1.21e-06,1.21e-06,"0.00752921052631579","0.001697025","0.0022510125","0.005091075","T","T","T","T","T",0,0,0,1,1,0,1
"1828",2091,8446,8446,"g","g","a","a",0.00177598863367274,0.00177598863367274,0.00011839924224485,0.00011839924224485,0,0.00011839924224485,0,0.00011839924224485,0.00189438787591759,0.00189438787591759,0.00189438787591759,0.00189438787591759,"nonsyn","nonsyn","nonsyn",4.2e-06,5.36e-07,1.17e-06,1.17e-06,"0.00236488000000001","0.00988181999999997","1","0.00988181999999997","D","D","N","H","Y",1,1,1,0,0,0,0
"1829",2092,8453,8453,"a","a","g","g",0.00390393942978824,0.00390393942978824,0.000236602389684136,0.000236602389684136,0.000118301194842068,0.000118301194842068,0.000118301194842068,0.000118301194842068,0.00414054181947238,0.00414054181947238,0.00414054181947238,0.00414054181947238,"nonsyn","nonsyn","nonsyn",1.77e-05,1.76e-06,1.7e-06,1.7e-06,"0.00453388181818182","0.00718504999999999","0.01487728","0.0143701","D","D","G","A","V",1,1,1,0,0,0,0
"1830",2093,8449,8449,"t","t","c","c",0.00272221564682211,0.00272221564682211,0,0,0,0,0,0,0.00272221564682211,0.00272221564682211,0.00272221564682211,0.00272221564682211,"syn","nonsyn","nonsyn",1.7e-05,1.07e-06,1.21e-06,1.21e-06,"0.00624491304347826","1","1","1","D","D","D","E","E",0,0,0,0,0,0,0
"1831",2094,8491,8491,"t","t","c","c",0.00365092450830291,0.00365092450830291,0.00058885879166176,0.00058885879166176,0.000471087033329408,0.000117771758332352,0.000471087033329408,0.000117771758332352,0.00423978329996467,0.00423978329996467,0.00423978329996467,0.00423978329996467,"nonsyn","nonsyn","nonsyn",1.7e-05,1.07e-06,1.21e-06,1.21e-06,"0.00465635483870968","0.002054822","0.0022713425","0.01027411","C","C","R","S","G",1,1,0,1,0,0,0
"1832",2095,8466,8466,"g","g","a","a",0.00106307583274274,0.00106307583274274,0.000118119536971415,0.000118119536971415,0,0.000118119536971415,0,0.000118119536971415,0.00118119536971415,0.00118119536971415,0.00118119536971415,0.00118119536971415,"nonsyn","nonsyn","nonsyn",4.2e-06,5.36e-07,1.17e-06,1.17e-06,"0.00395079999999998","0.00990522000000001","1","0.00990522000000001","C","C","Y","S","F",1,1,1,0,0,0,0
"1833",2096,8434,8436,"t","c","c","t",0.00213421863884278,0.99715437514821,0.000711406212947593,0.000711406212947593,0,0.000711406212947593,0,0.000711406212947593,0.00284562485179037,0.997865781361157,0.00284495021337127,0.997629208155524,"syn","stop","nonsyn",4.58e-06,8.37e-07,4.33e-07,4.33e-07,"4.59307015457788e-06","0.000608653666666667","1","0.000608653666666667","C","C","C","*","W",0,1,1,0,0,0,0
"1834",2097,8454,8454,"t","t","c","c",0.0551218358173646,0.0551218358173646,0.000236574402649633,0.000236574402649633,0,0.000236574402649633,0,0.000236574402649633,0.0553584102200142,0.0553584102200142,0.0553584102200142,0.0553584102200142,"nonsyn","nonsyn","nonsyn",1.7e-05,1.07e-06,1.21e-06,1.21e-06,"0.000308407725321888","0.00511467000000001","1","0.00511467000000001","F","F","L","I","V",0,0,0,0,1,0,1
"1835",2098,8511,8512,"t","t","c","c",0.00293737516155563,0.00293737516155563,0.000352485019386676,0.000352485019386676,0.000234990012924451,0.000117495006462225,0.000234990012924451,0.000117495006462225,0.00328986018094231,0.00328986018094231,0.00328947368421053,0.00328947368421053,"nonsyn","nonsyn","nonsyn",1.7e-05,1.07e-06,1.21e-06,1.21e-06,"0.00578748000000001","0.00343277","0.00455338499999999","0.01029831","F","F","S","Y","C",1,0,1,0,0,0,0
"1836",2099,8553,8553,"c","c","t","t",0.00151993452589735,0.00151993452589735,0.000116918040453642,0.000116918040453642,0.000116918040453642,0,0.000116918040453642,0,0.00163685256635099,0.00163685256635099,0.00163685256635099,0.00163685256635099,"syn","nonsyn","nonsyn",4.58e-06,8.37e-07,4.33e-07,4.33e-07,"0.00301328769230768","0.003703449","0.007158861","1","F","F","F","L","L",0,0,0,0,0,0,0
"1837",2100,8570,8570,"c","c","t","t",0.00198366394399067,0.00198366394399067,0.000466744457409568,0.000466744457409568,0.000466744457409568,0,0.000466744457409568,0,0.00245040840140023,0.00245040840140023,0.00245040840140023,0.00245040840140023,"nonsyn","nonsyn","nonsyn",4.58e-06,8.37e-07,4.33e-07,4.33e-07,"0.00230885882352941","0.000927702500000001","0.0017932725","1","R","R","C","S","G",1,1,1,0,1,0,1
"1838",2101,8576,8576,"g","g","a","a",0.00198227611940299,0.00198227611940299,0.00011660447761194,0.00011660447761194,0.00011660447761194,0,0.00011660447761194,0,0.00209888059701493,0.00209888059701493,0.00209888059701493,0.00209888059701493,"nonsyn","nonsyn","nonsyn",4.2e-06,5.36e-07,1.17e-06,1.17e-06,"0.00211877647058823","0.01003392","0.00459673600000001","1","R","R","H","P","L",0,1,1,0,0,0,0
"1839",2102,8580,8580,"c","c","t","t",0.0013986013986014,0.0013986013986014,0.000116550116550117,0.000116550116550117,0.000116550116550117,0,0.000116550116550117,0,0.00151515151515152,0.00151515151515152,0.00151515151515152,0.00151515151515152,"syn","syn","syn",4.58e-06,8.37e-07,4.33e-07,4.33e-07,"0.0032747","0.00371513999999999","0.00718145999999997","1","R","R","R","R","R",0,0,0,0,0,0,0
"1840",2103,8585,8585,"a","a","g","g",0.00803727431566686,0.00803727431566686,0.00128130460104834,0.00128130460104834,0.00011648223645894,0.0011648223645894,0.00011648223645894,0.0011648223645894,0.0093185789167152,0.0093185789167152,0.0093185789167152,0.0093185789167152,"nonsyn","nonsyn","stop",1.77e-05,1.76e-06,1.7e-06,1.7e-06,"0.00220223913043478","0.00132677272727273","0.0151096","0.00145945","K","K","E","Q","*",1,1,1,1,0,0,0
"1841",2104,8576,8576,"a","a","g","g",0.00419776119402985,0.00419776119402985,0.00104944029850746,0.00104944029850746,0.00011660447761194,0.000932835820895522,0.00011660447761194,0.000932835820895522,0.00524720149253731,0.00524720149253731,0.00524720149253731,0.00524720149253731,"nonsyn","nonsyn","nonsyn",1.77e-05,1.76e-06,1.7e-06,1.7e-06,"0.00421653333333333","0.00161991111111112","0.01509376","0.0018224","K","K","R","T","I",0,1,1,0,0,0,0
"1842",2105,8593,8593,"g","a","a","g",0.00162923309670662,0.99813801931805,0.000232747585243803,0.000232747585243803,0.000116373792621902,0.000116373792621902,0.000116373792621902,0.000116373792621902,0.00186198068195042,0.998370766903293,0.00186198068195042,0.998370766903293,"syn","nonsyn","nonsyn",1.77e-05,1.76e-06,1.7e-06,1.7e-06,"1.77330185379503e-05","0.00730405","0.0151236799999999","0.0146080999999999","K","K","K","N","N",0,1,1,0,0,0,0
"1843",2106,8532,8532,"c","c","t","t",0.00199249882794187,0.00199249882794187,0.00023441162681669,0.00023441162681669,0.00023441162681669,0,0.00023441162681669,0,0.00222691045475856,0.00222691045475856,0.00222691045475856,0.00222691045475856,"nonsyn","nonsyn","nonsyn",4.58e-06,8.37e-07,4.33e-07,4.33e-07,"0.00229862117647058","0.001847178","0.003570642","1","H","H","Y","N","D",1,1,1,0,0,0,0
"1844",2107,8596,8596,"a","a","g","g",0.00151233131689158,0.00151233131689158,0.000348999534667287,0.000348999534667287,0,0.000348999534667287,0,0.000348999534667287,0.00186133085155886,0.00186133085155886,0.00186133085155886,0.00186133085155886,"nonsyn","nonsyn","nonsyn",1.77e-05,1.76e-06,1.7e-06,1.7e-06,"0.0117037846153846","0.00487106666666667","1","0.00487106666666667","H","H","R","P","L",0,1,1,1,0,0,0
"1845",2108,8579,8579,"t","t","c","c",0.00303065625364262,0.00303065625364262,0.000116563702063178,0.000116563702063178,0,0.000116563702063178,0,0.000116563702063178,0.00314721995570579,0.00314721995570579,0.00314721995570579,0.00314721995570579,"syn","nonsyn","nonsyn",1.7e-05,1.07e-06,1.21e-06,1.21e-06,"0.00560934615384615","0.01038059","1","0.01038059","H","H","H","Q","Q",0,1,1,0,0,0,0
"1846",2109,8587,8587,"c","c","t","t",0.00151391638523349,0.00151391638523349,0.000116455106556422,0.000116455106556422,0.000116455106556422,0,0.000116455106556422,0,0.00163037149178992,0.00163037149178992,0.00163037149178992,0.00163037149178992,"nonsyn","nonsyn","nonsyn",4.58e-06,8.37e-07,4.33e-07,4.33e-07,"0.00302526615384616","0.00371817100000002","0.00718731900000003","1","P","P","S","T","A",1,1,1,0,0,0,0
"1847",2110,8601,8601,"c","c","t","t",0.0012789210556912,0.0012789210556912,0.000116265550517382,0.000116265550517382,0.000116265550517382,0,0.000116265550517382,0,0.00139518660620858,0.00139518660620858,0.00139518660620858,0.00139518660620858,"nonsyn","nonsyn","nonsyn",4.58e-06,8.37e-07,4.33e-07,4.33e-07,"0.00358114363636363","0.00372423299999999","0.00719903699999998","1","P","P","L","Q","R",1,1,1,0,1,0,1
"1848",2111,8603,8603,"g","g","a","a",0.00127862373590608,0.00127862373590608,0.000232477042892014,0.000232477042892014,0.000116238521446007,0.000116238521446007,0.000116238521446007,0.000116238521446007,0.00151110077879809,0.00151110077879809,0.00151110077879809,0.00151110077879809,"syn","syn","syn",4.2e-06,5.36e-07,1.17e-06,1.17e-06,"0.00328478181818182","0.00503275500000001","0.00461120800000001","0.01006551","P","P","P","P","P",0,0,0,0,1,1,0
"1849",2112,8595,8595,"g","g","a","a",0.000698080279232112,0.000698080279232112,0.000116346713205352,0.000116346713205352,0,0.000116346713205352,0,0.000116346713205352,0.000814426992437464,0.000814426992437464,0.000814426992437464,0.000814426992437464,"nonsyn","nonsyn","stop",4.2e-06,5.36e-07,1.17e-06,1.17e-06,"0.0060165","0.01005615","1","0.01005615","E","E","K","Q","*",1,1,1,0,0,0,0
"1850",2113,8586,8586,"a","a","g","g",0.00232937339855579,0.00232937339855579,0.00128115536920568,0.00128115536920568,0.000232937339855579,0.0010482180293501,0.000232937339855579,0.0010482180293501,0.00361052876776147,0.00361052876776147,0.00361052876776147,0.00361052876776147,"nonsyn","nonsyn","nonsyn",1.77e-05,1.76e-06,1.7e-06,1.7e-06,"0.00759861","0.00132692727272728","0.00755568","0.00162180000000001","E","E","G","A","V",1,1,1,0,0,0,0
"1851",2114,8574,8574,"a","a","g","g",0.00326568696057849,0.00326568696057849,0.000233263354327035,0.000233263354327035,0,0.000233263354327035,0,0.000233263354327035,0.00349895031490553,0.00349895031490553,0.00349895031490553,0.00349895031490553,"syn","nonsyn","nonsyn",1.77e-05,1.76e-06,1.7e-06,1.7e-06,"0.00541999285714286","0.00728790000000001","1","0.00728790000000001","E","E","E","D","D",0,0,0,0,1,1,0
"1852",2115,8549,8549,"g","g","a","a",0.00116972745350333,0.00116972745350333,0.000233945490700667,0.000233945490700667,0,0.000233945490700667,0,0.000233945490700667,0.001403672944204,0.001403672944204,0.001403672944204,0.001403672944204,"nonsyn","nonsyn","nonsyn",4.2e-06,5.36e-07,1.17e-06,1.17e-06,"0.00359058000000001","0.00500116499999999","1","0.00500116499999999","A","A","T","P","S",1,1,1,0,0,0,0
"1853",2116,8527,8527,"c","c","t","t",0.00211094171455377,0.00211094171455377,0.000117274539697432,0.000117274539697432,0.000117274539697432,0,0.000117274539697432,0,0.0022282162542512,0.0022282162542512,0.0022282162542512,0.0022282162542512,"nonsyn","nonsyn","nonsyn",4.58e-06,8.37e-07,4.33e-07,4.33e-07,"0.00216964777777778","0.00369219099999999","0.00713709899999998","1","A","A","V","D","G",0,1,1,0,0,0,0
"1854",2117,8659,8659,"t","c","c","t",0.00196327520498903,0.997112830580899,0.000923894214112484,0.000923894214112484,0.000577433883820303,0.000346460330292182,0.000577433883820303,0.000346460330292182,0.00288716941910151,0.998036724795011,0.00288716941910151,0.998036724795011,"syn","syn","syn",4.58e-06,8.37e-07,4.33e-07,4.33e-07,"4.59326152420662e-06","0.000468668375","0.0014495166","0.00124978233333333","A","A","A","A","A",0,0,0,0,1,0,1
"1855",2118,8661,8661,"a","a","g","g",0.00265558249624755,0.00265558249624755,0.000808220759727514,0.000808220759727514,0.00057730054266251,0.000230920217065004,0.00057730054266251,0.000230920217065004,0.00346380325597506,0.00346380325597506,0.00346380325597506,0.00346380325597506,"nonsyn","nonsyn","nonsyn",1.77e-05,1.76e-06,1.7e-06,1.7e-06,"0.00666520434782608","0.00210338571428571","0.003048672","0.00736185","T","T","A","P","S",1,1,0,1,0,0,0
"1856",2119,8591,8591,"c","c","t","t",0.00221161680828774,0.00221161680828774,0.000232801769293447,0.000232801769293447,0.000232801769293447,0,0.000232801769293447,0,0.00244441857758119,0.00244441857758119,0.00244441857758119,0.00244441857758119,"nonsyn","nonsyn","nonsyn",4.58e-06,8.37e-07,4.33e-07,4.33e-07,"0.00207088315789474","0.0018599515","0.00359533349999999","1","T","T","I","K","R",1,1,1,0,0,0,0
"1857",2120,8587,8587,"g","a","a","g",0.00221264702457203,0.997554442762315,0.000232910213112845,0.000232910213112845,0.000232910213112845,0,0.000232910213112845,0,0.00244555723768487,0.997787352975428,0.00244555723768487,0.997787352975428,"syn","syn","syn",1.77e-05,1.76e-06,1.7e-06,1.7e-06,"1.77433924819052e-05","0.00729895","0.00755656","1","T","T","T","T","T",0,0,0,1,0,0,0
"1858",2121,8564,8564,"t","t","c","c",0.00175151798225128,0.00175151798225128,0.000700607192900514,0.000700607192900514,0.000233535730966838,0.000467071461933676,0.000233535730966838,0.000467071461933676,0.0024521251751518,0.0024521251751518,0.0024521251751518,0.0024521251751518,"nonsyn","nonsyn","nonsyn",1.7e-05,1.07e-06,1.21e-06,1.21e-06,"0.00970586666666669","0.00172707333333333","0.00458174","0.00259061","Y","Y","H","N","D",1,1,1,0,0,0,0
"1859",2122,8457,8457,"a","a","g","g",0.00283788577509755,0.00283788577509755,0.000236490481258129,0.000236490481258129,0,0.000236490481258129,0,0.000236490481258129,0.00307437625635568,0.00307437625635568,0.00307437625635568,0.00307437625635568,"nonsyn","nonsyn","nonsyn",1.77e-05,1.76e-06,1.7e-06,1.7e-06,"0.0062370375","0.00718845000000001","1","0.00718845000000001","Y","Y","C","S","F",1,1,0,0,0,0,0
"1860",2123,8412,8412,"c","c","t","t",0.00106990014265335,0.00106990014265335,0.000237755587256301,0.000237755587256301,0,0.000237755587256301,0,0.000237755587256301,0.00130765572990965,0.00130765572990965,0.00130765572990965,0.00130765572990965,"syn","stop","stop",4.58e-06,8.37e-07,4.33e-07,4.33e-07,"0.00428077333333334","0.001821198","1","0.001821198","Y","Y","Y","*","*",0,1,1,0,0,0,0
"1861",2124,8381,8381,"t","t","c","c",0.00346020761245675,0.00346020761245675,0.000477270015511275,0.000477270015511275,0.000477270015511275,0,0.000477270015511275,0,0.00393747762796802,0.00393747762796802,0.00393747762796802,0.00393747762796802,"nonsyn","nonsyn","nonsyn",1.7e-05,1.07e-06,1.21e-06,1.21e-06,"0.004913","0.0025352525","0.0022419175","1","S","S","P","T","A",1,0,1,0,1,0,1
"1862",2125,8487,8487,"c","c","t","t",0.000824790856604218,0.000824790856604218,0.000235654530458348,0.000235654530458348,0.000235654530458348,0,0.000235654530458348,0,0.00106044538706257,0.00106044538706257,0.00106044538706257,0.00106044538706257,"nonsyn","nonsyn","nonsyn",4.58e-06,8.37e-07,4.33e-07,4.33e-07,"0.00555292285714286","0.0018374355","0.0035518095","1","S","S","F","Y","C",1,1,1,0,0,0,0
"1863",2126,8370,8370,"t","t","c","c",0.0019115890083632,0.0019115890083632,0.0015531660692951,0.0015531660692951,0.0013142174432497,0.0002389486260454,0.0013142174432497,0.0002389486260454,0.0034647550776583,0.0034647550776583,0.0034647550776583,0.0034647550776583,"syn","syn","syn",1.7e-05,1.07e-06,1.21e-06,1.21e-06,"0.00889312500000001","0.000779053846153847","0.000814172727272728","0.00506385000000001","S","S","S","S","S",0,0,0,0,1,0,1
"1864",2127,8397,8397,"c","c","t","t",0.0014290818149339,0.0014290818149339,0.000357270453733476,0.000357270453733476,0.000357270453733476,0,0.000357270453733476,0,0.00178635226866738,0.00178635226866738,0.00178635226866738,0.00178635226866738,"nonsyn","syn","nonsyn",4.58e-06,8.37e-07,4.33e-07,4.33e-07,"0.00320485500000001","0.001211967","0.002342763","1","R","R","W","R","G",1,0,1,0,0,0,0
"1865",2128,8365,8365,"g","g","a","a",0.00382546323968918,0.00382546323968918,0.000358637178720861,0.000358637178720861,0,0.000358637178720861,0,0.000358637178720861,0.00418410041841004,0.00418410041841004,0.00418410041841004,0.00418410041841004,"nonsyn","nonsyn","nonsyn",4.2e-06,5.36e-07,1.17e-06,1.17e-06,"0.00109790625","0.00326235","1","0.00326235","R","R","Q","P","L",1,1,1,0,1,1,0
"1866",2129,8374,8374,"g","g","a","a",0.00059708621925006,0.00059708621925006,0.000238834487700024,0.000238834487700024,0.000119417243850012,0.000119417243850012,0.000119417243850012,0.000119417243850012,0.000835920706950084,0.000835920706950084,0.000835920706950084,0.000835920706950084,"syn","syn","syn",4.2e-06,5.36e-07,1.17e-06,1.17e-06,"0.00703416","0.00489879","0.004488464","0.00979757999999999","R","R","R","R","R",0,0,0,0,0,0,0
"1867",2130,8323,8323,"t","t","c","c",0.00564700228283071,0.00564700228283071,0.000720893908446474,0.000720893908446474,0.000720893908446474,0,0.000720893908446474,0,0.00636789619127718,0.00636789619127718,0.00636789619127718,0.00636789619127718,"nonsyn","nonsyn","nonsyn",1.7e-05,1.07e-06,1.21e-06,1.21e-06,"0.00301044680851064","0.00167847166666667","0.00148426833333333","1","C","C","R","S","G",1,1,0,1,0,0,0
"1868",2131,8277,8277,"g","g","a","a",0.000966533768273529,0.000966533768273529,0.000362450163102573,0.000362450163102573,0,0.000362450163102573,0,0.000362450163102573,0.0013289839313761,0.0013289839313761,0.0013289839313761,0.0013289839313761,"nonsyn","nonsyn","nonsyn",4.2e-06,5.36e-07,1.17e-06,1.17e-06,"0.004345425","0.00322803","1","0.00322803","C","C","Y","S","F",1,1,1,0,0,0,0
"1869",2132,8284,8284,"c","c","t","t",0.0027764365041043,0.0027764365041043,0.000241429261226461,0.000241429261226461,0.000241429261226461,0,0.000241429261226461,0,0.00301786576533076,0.00301786576533076,0.00301786576533076,0.00301786576533076,"syn","stop","nonsyn",4.58e-06,8.37e-07,4.33e-07,4.33e-07,"0.00164959652173913","0.001793486","0.00346685399999999","1","C","C","C","*","W",0,1,1,0,0,0,0
"1870",2133,8286,8286,"g","g","a","a",0.0019309678976587,0.0019309678976587,0.000603427468018344,0.000603427468018344,0,0.000603427468018344,0,0.000603427468018344,0.00253439536567705,0.00253439536567705,0.00253439536567705,0.00253439536567705,"nonsyn","nonsyn","nonsyn",4.2e-06,5.36e-07,1.17e-06,1.17e-06,"0.002175075","0.001938924","1","0.001938924","G","G","S","R","C",1,1,0,0,1,1,0
"1871",2134,8287,8287,"g","g","a","a",0.00253408953783034,0.00253408953783034,0.000482683721491493,0.000482683721491493,0.000120670930372873,0.00036201279111862,0.000120670930372873,0.00036201279111862,0.00301677325932183,0.00301677325932183,0.00301677325932183,0.00301677325932183,"nonsyn","nonsyn","nonsyn",4.2e-06,5.36e-07,1.17e-06,1.17e-06,"0.0016574","0.0024239475","0.00444183200000001","0.00323193","G","G","D","A","V",1,1,1,0,0,0,0
"1872",2135,8313,8313,"c","c","t","t",0.0010826416456153,0.0010826416456153,0.000240587032358956,0.000240587032358956,0.000240587032358956,0,0.000240587032358956,0,0.00132322867797426,0.00132322867797426,0.00132322867797426,0.00132322867797426,"syn","syn","syn",4.58e-06,8.37e-07,4.33e-07,4.33e-07,"0.00423039333333334","0.0017997645","0.0034789905","1","G","G","G","G","G",0,0,0,0,0,0,0
"1873",2136,8283,8283,"t","t","c","c",0.00555354340214898,0.00555354340214898,0.000120729204394543,0.000120729204394543,0.000120729204394543,0,0.000120729204394543,0,0.00567427260654352,0.00567427260654352,0.00567427260654352,0.00567427260654352,"nonsyn","nonsyn","nonsyn",1.7e-05,1.07e-06,1.21e-06,1.21e-06,"0.00306110869565217","0.01002243","0.00886281","1","S","S","P","T","A",1,0,1,0,1,0,1
"1874",2137,8275,8275,"c","c","t","t",0.000241691842900302,0.000241691842900302,0.000483383685800604,0.000483383685800604,0.000483383685800604,0,0.000483383685800604,0,0.000725075528700906,0.000725075528700906,0.000725075528700906,0.000725075528700906,"nonsyn","nonsyn","nonsyn",4.58e-06,8.37e-07,4.33e-07,4.33e-07,"0.01894975","0.00089576875","0.00173154375","1","S","S","F","Y","C",1,1,1,0,0,0,0
"1875",2138,8257,8257,"c","c","t","t",0.00254329659682693,0.00254329659682693,0.000484437447014654,0.000484437447014654,0.000484437447014654,0,0.000484437447014654,0,0.00302773404384159,0.00302773404384159,0.00302773404384159,0.00302773404384159,"syn","syn","syn",4.58e-06,8.37e-07,4.33e-07,4.33e-07,"0.00180081238095238","0.00089382025","0.00172777725","1","S","S","S","S","S",0,0,0,0,1,0,1
"1876",2139,8277,8277,"g","g","a","a",0.00338286818895735,0.00338286818895735,0.000845717047239338,0.000845717047239338,0,0.000845717047239338,0,0.000845717047239338,0.00422858523619669,0.00422858523619669,0.00422858523619669,0.00422858523619669,"nonsyn","nonsyn","nonsyn",4.2e-06,5.36e-07,1.17e-06,1.17e-06,"0.00124155","0.00138344142857143","1","0.00138344142857143","G","G","S","R","C",1,1,0,0,1,1,0
"1877",2140,8291,8291,"g","g","a","a",0.000964901700639247,0.000964901700639247,0.000120612712579906,0.000120612712579906,0,0.000120612712579906,0,0.000120612712579906,0.00108551441321915,0.00108551441321915,0.00108551441321915,0.00108551441321915,"nonsyn","nonsyn","nonsyn",4.2e-06,5.36e-07,1.17e-06,1.17e-06,"0.004352775","0.00970046999999999","1","0.00970046999999999","G","G","D","A","V",1,1,1,0,0,0,0
"1878",2141,8383,8383,"t","t","c","c",0.00262435882142431,0.00262435882142431,0.000119289037337469,0.000119289037337469,0.000119289037337469,0,0.000119289037337469,0,0.00274364785876178,0.00274364785876178,0.00274364785876178,0.00274364785876178,"syn","syn","syn",1.7e-05,1.07e-06,1.21e-06,1.21e-06,"0.00647777272727273","0.01014343","0.00896980999999998","1","G","G","G","G","G",0,0,0,0,0,0,0
"1879",2142,8384,8388,"c","c","t","t",0.00250477099236641,0.00250477099236641,0.000715648854961832,0.000715648854961832,0.000715648854961832,0,0.000715648854961832,0,0.00322041984732824,0.00322041984732824,0.00321888412017167,0.00321888412017167,"nonsyn","nonsyn","nonsyn",4.58e-06,8.37e-07,4.33e-07,4.33e-07,"0.00182851047619048","0.000605045333333334","0.001169568","1","P","P","S","T","A",1,1,1,0,0,0,0
"1880",2143,8405,8405,"c","c","t","t",0.00130874479476502,0.00130874479476502,0.000475907198096371,0.000475907198096371,0.000475907198096371,0,0.000475907198096371,0,0.00178465199286139,0.00178465199286139,0.00178465199286139,0.00178465199286139,"nonsyn","nonsyn","nonsyn",4.58e-06,8.37e-07,4.33e-07,4.33e-07,"0.00349953636363637","0.000909841250000001","0.00175874625","1","P","P","L","H","R",1,1,1,0,1,0,1
"1881",2144,8510,8510,"c","c","t","t",0.00164512338425382,0.00164512338425382,0.000587544065804935,0.000587544065804935,0.000587544065804935,0,0.000587544065804935,0,0.00223266745005875,0.00223266745005875,0.00223266745005875,0.00223266745005875,"syn","syn","syn",4.58e-06,8.37e-07,4.33e-07,4.33e-07,"0.00278398571428571","0.000736966","0.001424574","1","P","P","P","P","P",0,0,0,0,1,0,1
"1882",2145,8575,8576,"t","t","c","c",0.00209912536443149,0.00209912536443149,0.00163265306122449,0.00163265306122449,0.00128279883381924,0.000349854227405248,0.00128279883381924,0.000349854227405248,0.00373177842565598,0.00373177842565598,0.00373134328358209,0.00373134328358209,"nonsyn","nonsyn","nonsyn",1.7e-05,1.07e-06,1.21e-06,1.21e-06,"0.0080986111111111","0.000741125","0.000834113636363638","0.00345858333333333","W","W","R","R","G",1,1,1,1,1,0,1
"1883",2146,8560,8560,"g","g","a","a",0.000700934579439252,0.000700934579439252,0.000700934579439252,0.000700934579439252,0,0.000700934579439252,0,0.000700934579439252,0.0014018691588785,0.0014018691588785,0.0014018691588785,0.0014018691588785,"stop","nonsyn","nonsyn",4.2e-06,5.36e-07,1.17e-06,1.17e-06,"0.005992","0.0016692","1","0.0016692","W","W","*","S","L",1,1,0,0,1,1,0
"1884",2147,8555,8555,"g","g","a","a",0.0016364699006429,0.0016364699006429,0,0,0,0,0,0,0.0016364699006429,0.0016364699006429,0.0016364699006429,0.0016364699006429,"stop","nonsyn","nonsyn",4.2e-06,5.36e-07,1.17e-06,1.17e-06,"0.0025665","1","1","1","W","W","*","C","C",1,1,1,0,0,0,0
"1885",2148,8456,8456,"a","a","g","g",0.0010643330179754,0.0010643330179754,0.000354777672658467,0.000354777672658467,0.000354777672658467,0,0.000354777672658467,0,0.00141911069063387,0.00141911069063387,0.00141911069063387,0.00141911069063387,"nonsyn","nonsyn","nonsyn",1.77e-05,1.76e-06,1.7e-06,1.7e-06,"0.0166301333333334","0.00479173333333334","0.00496085333333334","1","I","I","V","L","F",0,0,0,0,0,0,0
"1886",2149,8431,8433,"t","t","c","c",0.00284663740955996,0.00284663740955996,0.000237219784129996,0.000237219784129996,0.000118609892064998,0.000118609892064998,0.000118609892064998,0.000118609892064998,0.00308385719368995,0.00308385719368995,0.00308312581524961,0.00308312581524961,"nonsyn","nonsyn","nonsyn",1.7e-05,1.07e-06,1.21e-06,1.21e-06,"0.00597195833333333","0.00510075500000001","0.00902117000000002","0.01020151","I","I","T","N","S",1,1,1,0,0,0,0
"1887",2150,8423,8423,"t","t","c","c",0.00463017927104357,0.00463017927104357,0.000118722545411374,0.000118722545411374,0.000118722545411374,0,0.000118722545411374,0,0.00474890181645495,0.00474890181645495,0.00474890181645495,0.00474890181645495,"syn","syn","nonsyn",1.7e-05,1.07e-06,1.21e-06,1.21e-06,"0.0036715641025641","0.01019183","0.00901260999999997","1","I","I","I","I","M",0,0,0,0,0,0,0
"1888",2151,8413,8413,"a","a","g","g",0.00297159158445263,0.00297159158445263,0.000356590990134316,0.000356590990134316,0.000118863663378105,0.000237727326756211,0.000118863663378105,0.000237727326756211,0.00332818257458695,0.00332818257458695,0.00332818257458695,0.00332818257458695,"nonsyn","nonsyn","nonsyn",1.77e-05,1.76e-06,1.7e-06,1.7e-06,"0.00595640400000001","0.00476736666666667","0.01480688","0.00715104999999999","T","T","A","P","S",1,1,0,0,0,0,0
"1889",2152,8443,8443,"c","c","t","t",0.00153973706028663,0.00153973706028663,0.000118441312329741,0.000118441312329741,0.000118441312329741,0,0.000118441312329741,0,0.00165817837261637,0.00165817837261637,0.00165817837261637,0.00165817837261637,"nonsyn","nonsyn","nonsyn",4.58e-06,8.37e-07,4.33e-07,4.33e-07,"0.00297453384615384","0.00365581899999999","0.00706679099999998","1","T","T","I","K","R",1,1,1,0,0,0,0
"1890",2153,8438,8438,"g","a","a","g",0.00177767243422612,0.997748281583314,0.000474045982460299,0.000474045982460299,0,0.000474045982460299,0,0.000474045982460299,0.00225171841668642,0.998222327565774,0.00225171841668642,0.998222327565774,"syn","syn","syn",1.77e-05,1.76e-06,1.7e-06,1.7e-06,"1.77399453616819e-05","0.00358615","1","0.00358615","T","T","T","T","T",0,0,0,1,0,0,0
"1891",2154,8435,8438,"c","c","t","t",0.0015411973918198,0.0015411973918198,0.0001185536455246,0.0001185536455246,0,0.0001185536455246,0,0.0001185536455246,0.0016597510373444,0.0016597510373444,0.00165916093861105,0.00165916093861105,"nonsyn","nonsyn","nonsyn",4.58e-06,8.37e-07,4.33e-07,4.33e-07,"0.00297171538461538","0.003652355","1","0.003652355","P","P","S","T","A",1,1,1,0,0,0,0
"1892",2155,8435,8435,"c","c","t","t",0.0027267338470658,0.0027267338470658,0.0013040901007706,0.0013040901007706,0.001185536455246,0.0001185536455246,0.001185536455246,0.0001185536455246,0.0040308239478364,0.0040308239478364,0.0040308239478364,0.0040308239478364,"nonsyn","nonsyn","nonsyn",4.58e-06,8.37e-07,4.33e-07,4.33e-07,"0.0016796652173913","0.000332032272727272","0.000706009499999999","0.003652355","P","P","L","H","R",1,1,1,0,1,0,1
"1893",2156,8432,8432,"c","c","t","t",0.00177893738140417,0.00177893738140417,0.000355787476280835,0.000355787476280835,0.00023719165085389,0.000118595825426945,0.00023719165085389,0.000118595825426945,0.00213472485768501,0.00213472485768501,0.00213472485768501,0.00213472485768501,"syn","syn","syn",4.58e-06,8.37e-07,4.33e-07,4.33e-07,"0.00257457066666667","0.00121701866666667","0.003528792","0.003651056","P","P","P","P","P",0,0,0,0,1,0,1
"1894",2157,8424,8424,"a","a","g","g",0.00367996201329535,0.00367996201329535,0.000949667616334283,0.000949667616334283,0.000356125356125356,0.000593542260208927,0.000356125356125356,0.000593542260208927,0.00462962962962963,0.00462962962962963,0.00462962962962963,0.00462962962962963,"nonsyn","syn","nonsyn",1.77e-05,1.76e-06,1.7e-06,1.7e-06,"0.00480983225806451","0.0017901","0.00494208","0.00286416","R","R","G","R","W",1,0,1,1,1,1,0
"1895",2158,8457,8457,"g","g","a","a",0.00177367860943597,0.00177367860943597,0.000354735721887194,0.000354735721887194,0.000118245240629065,0.000236490481258129,0.000118245240629065,0.000236490481258129,0.00212841433132316,0.00212841433132316,0.00212841433132316,0.00212841433132316,"nonsyn","nonsyn","nonsyn",4.2e-06,5.36e-07,1.17e-06,1.17e-06,"0.00236796","0.00329823","0.00453295199999999","0.00494734500000001","R","R","K","T","M",0,1,1,0,1,1,0
"1896",2159,8508,8508,"g","g","a","a",0.00141043723554302,0.00141043723554302,0,0,0,0,0,0,0.00141043723554302,0.00141043723554302,0.00141043723554302,0.00141043723554302,"syn","nonsyn","nonsyn",4.2e-06,5.36e-07,1.17e-06,1.17e-06,"0.0029778","1","1","1","R","R","R","S","S",0,1,1,0,0,0,0
"1897",2160,8506,8508,"t","t","c","c",0.00293910181048672,0.00293910181048672,0.00082294850693628,0.00082294850693628,0.000470256289677874,0.000352692217258406,0.000470256289677874,0.000352692217258406,0.003762050317423,0.003762050317423,0.00376116596144805,0.00376116596144805,"nonsyn","nonsyn","nonsyn",1.7e-05,1.07e-06,1.21e-06,1.21e-06,"0.00578407999999999","0.00147032285714286","0.002275355","0.00343075333333333","C","C","R","S","G",1,1,0,1,0,0,0
"1898",2161,8553,8553,"g","g","a","a",0.00175377060680463,0.00175377060680463,0.000467672161814568,0.000467672161814568,0,0.000467672161814568,0,0.000467672161814568,0.0022214427686192,0.0022214427686192,0.0022214427686192,0.0022214427686192,"nonsyn","nonsyn","nonsyn",4.2e-06,5.36e-07,1.17e-06,1.17e-06,"0.00239484","0.0025017525","1","0.0025017525","C","C","Y","S","F",1,1,1,0,0,0,0
"1899",2162,8533,8533,"c","c","t","t",0.00246103363412633,0.00246103363412633,0.000234384155631079,0.000234384155631079,0.000234384155631079,0,0.000234384155631079,0,0.00269541778975741,0.00269541778975741,0.00269541778975741,0.00269541778975741,"syn","stop","nonsyn",4.58e-06,8.37e-07,4.33e-07,4.33e-07,"0.00186100666666667","0.0018473945","0.0035710605","1","C","C","C","*","W",0,1,1,0,0,0,0
"1900",2163,8531,8531,"c","a","t","g",0.00187551283554097,0.000117219552221311,0.000468878208885242,0.999531121791115,0.000351658656663932,0.000117219552221311,0.997655608955574,0.00187551283554097,0.00234439104442621,0.999648341343336,0.00234439104442621,0.999648341343336,"nonsyn","nonsyn","nonsyn",1.77e-05,1.76e-06,1.7e-06,1.7e-06,"0.150998699999999","1.70079746686994e-06","1.76413582422747e-06","0.000906418749999999","L","M","V","L","L",0,0,0,1,0,0,0
"1901",2164,8476,8476,"t","t","c","c",0.00176970268994809,0.00176970268994809,0.00047192071731949,0.00047192071731949,0.000353940537989618,0.000117980179329873,0.000353940537989618,0.000117980179329873,0.00224162340726758,0.00224162340726758,0.00224162340726758,0.00224162340726758,"nonsyn","nonsyn","nonsyn",1.7e-05,1.07e-06,1.21e-06,1.21e-06,"0.00960613333333333","0.00256399","0.00302310666666666","0.01025596","L","M","T","K","R",1,1,1,1,0,0,0
"1902",2165,8440,8440,"a","g","g","a",0.00213270142180095,0.997630331753555,0.00023696682464455,0.00023696682464455,0,0.00023696682464455,0,0.00023696682464455,0.0023696682464455,0.997867298578199,0.0023696682464455,0.997867298578199,"nonsyn","nonsyn","nonsyn",4.2e-06,5.36e-07,1.17e-06,1.17e-06,"4.20997624703088e-06","0.0049374","1","0.0049374","L","M","I","I","I",0,0,0,0,1,1,0
"1903",2166,8500,8500,"g","g","a","a",0.000941176470588235,0.000941176470588235,0,0,0,0,0,0,0.000941176470588235,0.000941176470588235,0.000941176470588235,0.000941176470588235,"nonsyn","nonsyn","nonsyn",4.2e-06,5.36e-07,1.17e-06,1.17e-06,"0.0044625","1","1","1","V","V","I","L","F",0,0,0,0,0,0,0
"1904",2167,8137,8138,"t","t","c","c",0.000983163328007865,0.000983163328007865,0.000122895416000983,0.000122895416000983,0.000122895416000983,0,0.000122895416000983,0,0.00110605874400885,0.00110605874400885,0.00110592283116245,0.00110592283116245,"nonsyn","nonsyn","nonsyn",1.7e-05,1.07e-06,1.21e-06,1.21e-06,"0.017291125","0.00984577000000001","0.00870659000000001","1","V","V","A","D","G",0,1,1,0,0,0,0
"1905",2168,7961,7962,"c","c","t","t",0.357869614370054,0.357869614370054,0.245320939580455,0.245320939580455,0.244190428338148,0.00113051124230624,0.244190428338148,0.00113051124230624,0.603190553950509,0.603190553950509,0.603114795277569,0.603114795277569,"syn","syn","syn",4.58e-06,8.37e-07,4.33e-07,4.33e-07,"1.27979571779572e-05","1.76503481822836e-06","3.42765277777778e-06","0.000383012555555557","V","V","V","V","V",0,0,0,0,0,0,0
"1906",2169,7162,7162,"g","g","a","a",0.361072326165875,0.361072326165875,0.000698129014241832,0.000698129014241832,0.000558503211393465,0.000139625802848366,0.000558503211393465,0.000139625802848366,0.361770455180117,0.361770455180117,0.361770455180117,0.361770455180117,"nonsyn","nonsyn","nonsyn",4.2e-06,5.36e-07,1.17e-06,1.17e-06,"1.16320185614849e-05","0.001675908","0.000959708000000001","0.00837954000000002","D","D","N","H","Y",1,1,1,0,0,0,0
"1907",2170,8371,8371,"a","a","g","g",0.00274758093417752,0.00274758093417752,0.000119460040616414,0.000119460040616414,0.000119460040616414,0,0.000119460040616414,0,0.00286704097479393,0.00286704097479393,0.00286704097479393,0.00286704097479393,"nonsyn","nonsyn","nonsyn",1.77e-05,1.76e-06,1.7e-06,1.7e-06,"0.0064420304347826","0.0142307","0.01473296","1","D","D","G","A","V",1,1,1,0,0,0,0
"1908",2171,8577,8577,"c","c","t","t",0.00139909059111577,0.00139909059111577,0,0,0,0,0,0,0.00139909059111577,0.00139909059111577,0.00139909059111577,0.00139909059111577,"syn","nonsyn","nonsyn",4.58e-06,8.37e-07,4.33e-07,4.33e-07,"0.00327355500000001","1","1","1","D","D","D","E","E",0,0,0,0,0,0,0
"1909",2172,8594,8594,"t","t","c","c",0.00372352804282057,0.00372352804282057,0.000698161508028857,0.000698161508028857,0.000581801256690714,0.000116360251338143,0.000581801256690714,0.000116360251338143,0.00442168955084943,0.00442168955084943,0.00442168955084943,0.00442168955084943,"nonsyn","nonsyn","nonsyn",1.7e-05,1.07e-06,1.21e-06,1.21e-06,"0.0045655625","0.00173312333333333","0.001839116","0.01039874","Y","Y","H","N","D",1,1,1,0,1,0,1
"1910",2173,8655,8655,"a","a","g","g",0.00161756210283073,0.00161756210283073,0.000115540150202195,0.000115540150202195,0.000115540150202195,0,0.000115540150202195,0,0.00173310225303293,0.00173310225303293,0.00173310225303293,0.00173310225303293,"nonsyn","nonsyn","nonsyn",1.77e-05,1.76e-06,1.7e-06,1.7e-06,"0.0109423928571429","0.0147135","0.0152328","1","Y","Y","C","S","F",1,1,0,0,0,0,0
"1911",2174,8845,8845,"t","c","c","t",0.00339174674957603,0.995929903900509,0.000678349349915206,0.000678349349915206,0.000678349349915206,0,0.000678349349915206,0,0.00407009609949124,0.996608253250424,0.00407009609949124,0.996608253250424,"syn","stop","stop",4.58e-06,8.37e-07,4.33e-07,4.33e-07,"4.59871722102395e-06","0.000638314166666667","0.0012338775","1","Y","Y","Y","*","*",0,1,1,0,0,0,0
"1912",2175,8908,8909,"c","c","t","t",0.00202065559048047,0.00202065559048047,0.000224517287831163,0.000224517287831163,0.000224517287831163,0,0.000224517287831163,0,0.00224517287831163,0.00224517287831163,0.00224492086653945,0.00224492086653945,"nonsyn","nonsyn","nonsyn",4.58e-06,8.37e-07,4.33e-07,4.33e-07,"0.00226659111111111","0.001928582","0.003727998","1","P","P","S","T","A",1,1,1,0,1,0,1
"1913",2176,8935,8935,"c","c","t","t",0.00223838836038053,0.00223838836038053,0.000335758254057079,0.000335758254057079,0.000335758254057079,0,0.000335758254057079,0,0.0025741466144376,0.0025741466144376,0.0025741466144376,0.0025741466144376,"nonsyn","nonsyn","nonsyn",4.58e-06,8.37e-07,4.33e-07,4.33e-07,"0.002046115","0.00128961833333333","0.002492865","1","P","P","L","Q","R",1,1,1,0,1,0,1
"1914",2177,8928,8928,"a","g","g","a",0.00201612903225806,0.997535842293907,0.000448028673835125,0.000448028673835125,0.000224014336917563,0.000224014336917563,0.000224014336917563,0.000224014336917563,0.00246415770609319,0.997983870967742,0.00246415770609319,0.997983870967742,"syn","syn","syn",4.2e-06,5.36e-07,1.17e-06,1.17e-06,"4.21037502807096e-06","0.00261144","0.002392704","0.00522287999999999","P","P","P","P","P",0,0,0,0,0,0,0
"1915",2178,8980,8980,"t","t","c","c",0.00178173719376392,0.00178173719376392,0.00022271714922049,0.00022271714922049,0.00022271714922049,0,0.00022271714922049,0,0.00200445434298441,0.00200445434298441,0.00200445434298441,0.00200445434298441,"nonsyn","nonsyn","nonsyn",1.7e-05,1.07e-06,1.21e-06,1.21e-06,"0.00954125","0.0054329","0.0048043","1","Y","Y","H","N","D",1,1,1,0,0,0,0
"1916",2179,9082,9082,"a","a","g","g",0.00176172649196212,0.00176172649196212,0.000330323717242898,0.000330323717242898,0.000330323717242898,0,0.000330323717242898,0,0.00209205020920502,0.00209205020920502,0.00209205020920502,0.00209205020920502,"nonsyn","nonsyn","nonsyn",1.77e-05,1.76e-06,1.7e-06,1.7e-06,"0.0100469625","0.00514646666666667","0.00532810666666667","1","Y","Y","C","S","F",1,1,0,0,0,0,0
"1917",2180,8904,8904,"t","t","c","c",0.00190925426774483,0.00190925426774483,0.000673854447439353,0.000673854447439353,0.000561545372866128,0.000112309074573226,0.000561545372866128,0.000112309074573226,0.00258310871518419,0.00258310871518419,0.00258310871518419,0.00258310871518419,"syn","stop","stop",1.7e-05,1.07e-06,1.21e-06,1.21e-06,"0.00890400000000002","0.00179564","0.001905456","0.01077384","Y","Y","Y","*","*",0,1,1,0,0,0,0
"1918",2181,9085,9085,"a","a","g","g",0.00165107319757843,0.00165107319757843,0.000990643918547056,0.000990643918547056,0,0.000990643918547056,0,0.000990643918547056,0.00264171711612548,0.00264171711612548,0.00264171711612548,0.00264171711612548,"nonsyn","syn","nonsyn",1.77e-05,1.76e-06,1.7e-06,1.7e-06,"0.0107203","0.00171605555555555","1","0.00171605555555555","R","R","G","R","W",1,0,1,0,1,1,0
"1919",2182,9136,9136,"g","g","a","a",0.00153239929947461,0.00153239929947461,0.000218914185639229,0.000218914185639229,0,0.000218914185639229,0,0.000218914185639229,0.00175131348511384,0.00175131348511384,0.00175131348511384,0.00175131348511384,"nonsyn","nonsyn","nonsyn",4.2e-06,5.36e-07,1.17e-06,1.17e-06,"0.00274079999999999","0.00534456000000001","1","0.00534456000000001","R","R","K","T","M",0,1,1,0,1,1,0
"1920",2183,9179,9179,"g","g","a","a",0.00196099793005774,0.00196099793005774,0.000217888658895305,0.000217888658895305,0,0.000217888658895305,0,0.000217888658895305,0.00217888658895304,0.00217888658895304,0.00217888658895304,0.00217888658895304,"syn","nonsyn","nonsyn",4.2e-06,5.36e-07,1.17e-06,1.17e-06,"0.00214176666666667","0.00536971499999999","1","0.00536971499999999","R","R","R","S","S",0,1,1,0,0,0,0
"1921",2184,9214,9214,"c","c","t","t",0.00119383546776644,0.00119383546776644,0.000217060994139353,0.000217060994139353,0.000217060994139353,0,0.000217060994139353,0,0.0014108964619058,0.0014108964619058,0.0014108964619058,0.0014108964619058,"nonsyn","nonsyn","nonsyn",4.58e-06,8.37e-07,4.33e-07,4.33e-07,"0.00383637454545455","0.001994831","0.003856059","1","L","L","F","I","V",0,0,0,0,0,0,0
"1922",2185,9233,9233,"t","t","c","c",0.00368244340950937,0.00368244340950937,0.00151630022744503,0.00151630022744503,0.00119137875013538,0.00032492147730965,0.00119137875013538,0.00032492147730965,0.0051987436369544,0.0051987436369544,0.0051987436369544,0.0051987436369544,"nonsyn","nonsyn","nonsyn",1.7e-05,1.07e-06,1.21e-06,1.21e-06,"0.0046165","0.000797995000000002","0.000898119090909094","0.00372397666666667","L","L","P","H","R",1,1,1,0,1,0,1
"1923",2186,9202,9202,"g","t","a","c",0.000760704194740274,0,0.000217344055640078,0.99978265594436,0,0.000217344055640078,0.000760704194740274,0.99902195174962,0.000978048250380352,0.99978265594436,0.000978048250380352,0.99978265594436,"syn","syn","syn",1.7e-05,1.07e-06,1.21e-06,1.21e-06,"1","1.21026304347826e-06","0.00140659142857143","1.21118459697596e-06","L","L","L","L","L",0,0,0,0,0,0,0
"1924",2187,9225,9225,"t","t","c","c",0.002710027100271,0.002710027100271,0.000650406504065041,0.000650406504065041,0.00010840108401084,0.000542005420054201,0.00010840108401084,0.000542005420054201,0.00336043360433604,0.00336043360433604,0.00336043360433604,0.00336043360433604,"nonsyn","nonsyn","nonsyn",1.7e-05,1.07e-06,1.21e-06,1.21e-06,"0.00627300000000001","0.001860375","0.00987075000000001","0.00223245","W","W","R","R","G",1,1,1,1,0,0,0
"1925",2188,9290,9290,"g","g","a","a",0.00118406889128095,0.00118406889128095,0.000107642626480086,0.000107642626480086,0,0.000107642626480086,0,0.000107642626480086,0.00129171151776103,0.00129171151776103,0.00129171151776103,0.00129171151776103,"stop","nonsyn","nonsyn",4.2e-06,5.36e-07,1.17e-06,1.17e-06,"0.0035470909090909","0.0108693","1","0.0108693","W","W","*","S","L",1,1,0,0,1,1,0
"1926",2189,9349,9349,"g","g","a","a",0.00203230292009841,0.00203230292009841,0.000427853246336507,0.000427853246336507,0.000106963311584127,0.00032088993475238,0.000106963311584127,0.00032088993475238,0.00246015616643491,0.00246015616643491,0.00246015616643491,0.00246015616643491,"stop","nonsyn","nonsyn",4.2e-06,5.36e-07,1.17e-06,1.17e-06,"0.00206662105263158","0.0027345825","0.00501106399999998","0.00364611","W","W","*","C","C",1,1,1,0,0,0,0
"1927",2190,9342,9342,"c","c","t","t",0.00685078141725541,0.00685078141725541,0.000107043459644616,0.000107043459644616,0.000107043459644616,0,0.000107043459644616,0,0.00695782487690002,0.00695782487690002,0.00695782487690002,0.00695782487690002,"nonsyn","nonsyn","nonsyn",4.58e-06,8.37e-07,4.33e-07,4.33e-07,"0.000668536875","0.00404508599999999","0.00781925399999998","1","H","H","Y","N","D",1,1,1,0,0,0,0
"1928",2191,9452,9452,"a","a","g","g",0.00338552687261955,0.00338552687261955,0.000423190859077444,0.000423190859077444,0.000317393144308083,0.000105797714769361,0.000317393144308083,0.000105797714769361,0.003808717731697,0.003808717731697,0.003808717731697,0.003808717731697,"nonsyn","nonsyn","nonsyn",1.77e-05,1.76e-06,1.7e-06,1.7e-06,"0.0052281375","0.0040171","0.00554517333333333","0.0160684","H","H","R","P","L",0,1,1,1,0,0,0
"1929",2192,9425,9426,"t","c","c","t",0.00275862068965517,0.996923076923077,0.000318302387267905,0.000318302387267905,0.000106100795755968,0.000212201591511936,0.000106100795755968,0.000212201591511936,0.00307692307692308,0.997241379310345,0.00307659664757055,0.997135582431572,"syn","nonsyn","nonsyn",4.58e-06,8.37e-07,4.33e-07,4.33e-07,"4.59413580246914e-06","0.00136034166666666","0.00788872500000001","0.0020405125","H","H","H","Q","Q",0,1,1,0,0,0,0
"1930",2193,9435,9435,"t","t","c","c",0.00307366189719131,0.00307366189719131,0.000635930047694754,0.000635930047694754,0.000423953365129836,0.000211976682564918,0.000423953365129836,0.000211976682564918,0.00370959194488606,0.00370959194488606,0.00370959194488606,0.00370959194488606,"nonsyn","nonsyn","nonsyn",1.7e-05,1.07e-06,1.21e-06,1.21e-06,"0.00553086206896551","0.001902725","0.0025238625","0.005708175","Y","Y","H","N","D",1,1,1,0,1,0,1
"1931",2194,9545,9545,"a","a","g","g",0.000942902042954426,0.000942902042954426,0.000314300680984809,0.000314300680984809,0.000104766893661603,0.000209533787323206,0.000104766893661603,0.000209533787323206,0.00125720272393924,0.00125720272393924,0.00125720272393924,0.00125720272393924,"nonsyn","nonsyn","nonsyn",1.77e-05,1.76e-06,1.7e-06,1.7e-06,"0.0187718333333333","0.00540883333333333","0.0167992","0.00811325","Y","Y","C","S","F",1,1,0,0,0,0,0
"1932",2195,9557,9557,"t","t","c","c",0.0017788008789369,0.0017788008789369,0.000104635345819818,0.000104635345819818,0.000104635345819818,0,0.000104635345819818,0,0.00188343622475672,0.00188343622475672,0.00188343622475672,0.00188343622475672,"syn","stop","stop",1.7e-05,1.07e-06,1.21e-06,1.21e-06,"0.00955700000000003","0.01156397","0.01022599","1","Y","Y","Y","*","*",0,1,1,0,0,0,0
"1933",2196,9535,9535,"c","c","t","t",0.00136339800734137,0.00136339800734137,0.000314630309386471,0.000314630309386471,0.000314630309386471,0,0.000314630309386471,0,0.00167802831672784,0.00167802831672784,0.00167802831672784,0.00167802831672784,"nonsyn","nonsyn","nonsyn",4.58e-06,8.37e-07,4.33e-07,4.33e-07,"0.00335925384615386","0.00137621833333333","0.002660265","1","P","P","S","T","A",1,1,1,0,0,0,0
"1934",2197,9550,9550,"c","c","t","t",0.00115183246073298,0.00115183246073298,0.000104712041884817,0.000104712041884817,0.000104712041884817,0,0.000104712041884817,0,0.0012565445026178,0.0012565445026178,0.0012565445026178,0.0012565445026178,"nonsyn","nonsyn","nonsyn",4.58e-06,8.37e-07,4.33e-07,4.33e-07,"0.00397627272727274","0.00413514999999999","0.00799334999999998","1","P","P","L","H","R",1,1,1,0,1,0,1
"1935",2198,9555,9556,"t","t","c","c",0.00293040293040293,0.00293040293040293,0.000837257980115123,0.000837257980115123,0.000837257980115123,0,0.000837257980115123,0,0.00376766091051805,0.00376766091051805,0.00376726663876099,0.00376726663876099,"syn","syn","syn",1.7e-05,1.07e-06,1.21e-06,1.21e-06,"0.00580125","0.00144519375","0.00127798125","1","P","P","P","P","P",0,0,0,0,1,0,1
"1936",2199,9329,9329,"t","t","c","c",0.00503805338192732,0.00503805338192732,0.000964733626326509,0.000964733626326509,0.000643155750884339,0.00032157787544217,0.000643155750884339,0.00032157787544217,0.00600278700825383,0.00600278700825383,0.00600278700825383,0.00600278700825383,"nonsyn","nonsyn","nonsyn",1.7e-05,1.07e-06,1.21e-06,1.21e-06,"0.00337431914893617","0.00125423222222222","0.00166367166666667","0.00376269666666666","C","C","R","S","G",1,1,0,1,0,0,0
"1937",2200,9652,9652,"g","g","a","a",0.0017612929962702,0.0017612929962702,0.000207210940737671,0.000207210940737671,0,0.000207210940737671,0,0.000207210940737671,0.00196850393700787,0.00196850393700787,0.00196850393700787,0.00196850393700787,"nonsyn","nonsyn","nonsyn",4.2e-06,5.36e-07,1.17e-06,1.17e-06,"0.00238461176470589","0.00564642","1","0.00564642","C","C","Y","S","F",1,1,1,0,0,0,0
"1938",2201,9649,9649,"t","t","c","c",0.0039382319411338,0.0039382319411338,0.000103637682661416,0.000103637682661416,0,0.000103637682661416,0,0.000103637682661416,0.00404186962379521,0.00404186962379521,0.00404186962379521,0.00404186962379521,"syn","stop","nonsyn",1.7e-05,1.07e-06,1.21e-06,1.21e-06,"0.00431665789473684","0.01167529","1","0.01167529","C","C","C","*","W",0,1,1,0,0,0,0
"1939",2202,9624,9624,"a","a","g","g",0.00270157938487116,0.00270157938487116,0.000519534497090607,0.000519534497090607,0,0.000519534497090607,0,0.000519534497090607,0.00322111388196176,0.00322111388196176,0.00322111388196176,0.00322111388196176,"nonsyn","nonsyn","nonsyn",1.77e-05,1.76e-06,1.7e-06,1.7e-06,"0.00655172307692307","0.00327216","1","0.00327216","T","T","A","P","S",1,1,0,0,0,0,0
"1940",2203,9666,9666,"c","c","t","t",0.00155183116076971,0.00155183116076971,0.000103455410717981,0.000103455410717981,0,0.000103455410717981,0,0.000103455410717981,0.00165528657148769,0.00165528657148769,0.00165528657148769,0.00165528657148769,"nonsyn","nonsyn","nonsyn",4.58e-06,8.37e-07,4.33e-07,4.33e-07,"0.002951352","0.00418537799999998","1","0.00418537799999998","T","T","I","N","S",1,0,0,0,0,0,0
"1941",2204,9630,9630,"c","c","t","t",0.00083073727933541,0.00083073727933541,0.000311526479750779,0.000311526479750779,0.000207684319833853,0.000103842159916926,0.000207684319833853,0.000103842159916926,0.00114226375908619,0.00114226375908619,0.00114226375908619,0.00114226375908619,"syn","syn","syn",4.58e-06,8.37e-07,4.33e-07,4.33e-07,"0.005513175","0.00138993","0.00403015499999999","0.00416979000000001","T","T","T","T","T",0,0,0,0,1,0,1
"1942",2205,9657,9658,"a","a","g","g",0.00362431396914156,0.00362431396914156,0.00186393289841566,0.00186393289841566,0.000207103655379517,0.00165682924303614,0.000207103655379517,0.00165682924303614,0.00548824686755721,0.00548824686755721,0.00548767860840754,0.00548767860840754,"nonsyn","nonsyn","nonsyn",1.77e-05,1.76e-06,1.7e-06,1.7e-06,"0.00488368285714285","0.000912049999999999","0.00849816000000002","0.00102605625","I","I","V","L","F",0,0,0,1,0,0,0
"1943",2206,9588,9588,"t","t","c","c",0.00302461410095953,0.00302461410095953,0.000208594075928244,0.000208594075928244,0.000208594075928244,0,0.000208594075928244,0,0.00323320817688778,0.00323320817688778,0.00323320817688778,0.00323320817688778,"nonsyn","nonsyn","nonsyn",1.7e-05,1.07e-06,1.21e-06,1.21e-06,"0.00562055172413794","0.00580073999999999","0.00512957999999999","1","I","I","T","N","S",1,1,1,0,0,0,0
"1944",2207,9637,9638,"c","c","t","t",0.00134896752101276,0.00134896752101276,0,0,0,0,0,0,0.00134896752101276,0.00134896752101276,0.00134882755758456,0.00134882755758456,"syn","syn","nonsyn",4.58e-06,8.37e-07,4.33e-07,4.33e-07,"0.00339518923076924","1","1","1","I","I","I","I","M",0,0,0,0,0,0,0
"1945",2208,9651,9651,"a","a","g","g",0.00134701067246917,0.00134701067246917,0.000310848616723656,0.000310848616723656,0,0.000310848616723656,0,0.000310848616723656,0.00165785928919283,0.00165785928919283,0.00165785928919283,0.00165785928919283,"nonsyn","nonsyn","nonsyn",1.77e-05,1.76e-06,1.7e-06,1.7e-06,"0.0131402076923077","0.00546889999999999","1","0.00546889999999999","N","N","D","H","Y",1,1,1,1,0,0,0
"1946",2209,9602,9602,"a","a","g","g",0.0017704644865653,0.0017704644865653,0.000104144969797959,0.000104144969797959,0.000104144969797959,0,0.000104144969797959,0,0.00187460945636326,0.00187460945636326,0.00187460945636326,0.00187460945636326,"nonsyn","nonsyn","nonsyn",1.77e-05,1.76e-06,1.7e-06,1.7e-06,"0.00999737647058823","0.0163234","0.01689952","1","N","N","S","T","I",0,0,1,0,0,0,0
"1947",2210,9627,9627,"c","t","t","c",0.00166199231328555,0.998026384127973,0.000311623558741041,0.000311623558741041,0.000311623558741041,0,0.000311623558741041,0,0.00197361587202659,0.998338007686714,0.00197361587202659,0.998338007686714,"syn","nonsyn","nonsyn",1.7e-05,1.07e-06,1.21e-06,1.21e-06,"1.70336178184846e-05","0.00388289","0.00343363","1","N","N","N","K","K",0,1,1,0,0,0,0
"1948",2211,9453,9453,"t","t","c","c",0.00835713530096266,0.00835713530096266,0.000952078705172961,0.000952078705172961,0.000952078705172961,0,0.000952078705172961,0,0.00930921400613562,0.00930921400613562,0.00930921400613562,0.00930921400613562,"nonsyn","nonsyn","nonsyn",1.7e-05,1.07e-06,1.21e-06,1.21e-06,"0.00203418987341772","0.00127090333333333","0.00112385666666667","1","Y","Y","H","N","D",1,1,1,0,0,0,0
"1949",2212,9508,9508,"a","a","g","g",0.00199831720656289,0.00199831720656289,0.0001051745898191,0.0001051745898191,0.0001051745898191,0,0.0001051745898191,0,0.00210349179638199,0.00210349179638199,0.00210349179638199,0.00210349179638199,"nonsyn","nonsyn","nonsyn",1.77e-05,1.76e-06,1.7e-06,1.7e-06,"0.00885745263157897","0.0161636","0.01673408","1","Y","Y","C","S","F",1,1,0,0,0,0,0
"1950",2213,9521,9521,"c","c","t","t",0.000840247873122571,0.000840247873122571,0.000420123936561286,0.000420123936561286,0.000315092952420964,0.000105030984140321,0.000315092952420964,0.000105030984140321,0.00126037180968386,0.00126037180968386,0.00126037180968386,0.00126037180968386,"syn","stop","stop",4.58e-06,8.37e-07,4.33e-07,4.33e-07,"0.0054507725","0.00103064825","0.002656359","0.00412259300000002","Y","Y","Y","*","*",0,1,1,0,0,0,0
"1951",2214,9536,9536,"a","a","g","g",0.00398489932885906,0.00398489932885906,0.000838926174496644,0.000838926174496644,0,0.000838926174496644,0,0.000838926174496644,0.0048238255033557,0.0048238255033557,0.0048238255033557,0.0048238255033557,"nonsyn","nonsyn","nonsyn",1.77e-05,1.76e-06,1.7e-06,1.7e-06,"0.00444176842105263","0.0020264","1","0.0020264","T","T","A","P","S",1,1,0,1,0,0,0
"1952",2215,9622,9622,"c","c","t","t",0.00384535439617543,0.00384535439617543,0.000311785491581792,0.000311785491581792,0.000207856994387861,0.000103928497193931,0.000207856994387861,0.000103928497193931,0.00415713988775722,0.00415713988775722,0.00415713988775722,0.00415713988775722,"nonsyn","nonsyn","nonsyn",4.58e-06,8.37e-07,4.33e-07,4.33e-07,"0.00119104756756757","0.00138877533333333","0.004026807","0.00416632599999998","T","T","I","N","S",1,0,0,0,0,0,0
"1953",2216,9557,9557,"c","c","t","t",0.0143350423773151,0.0143350423773151,0.000104635345819818,0.000104635345819818,0.000104635345819818,0,0.000104635345819818,0,0.0144396777231349,0.0144396777231349,0.0144396777231349,0.0144396777231349,"syn","syn","syn",4.58e-06,8.37e-07,4.33e-07,4.33e-07,"0.000319496788321167","0.004138181","0.00799920899999999","1","T","T","T","T","T",0,0,0,0,1,0,1
"1954",2217,9555,9555,"a","a","g","g",0.0461538461538462,0.0461538461538462,0.0010465724751439,0.0010465724751439,0.000313971742543171,0.000732600732600733,0.000313971742543171,0.000732600732600733,0.0472004186289901,0.0472004186289901,0.0472004186289901,0.0472004186289901,"nonsyn","nonsyn","nonsyn",1.77e-05,1.76e-06,1.7e-06,1.7e-06,"0.0003835","0.00162435000000001","0.0056056","0.0023205","I","I","V","L","L",0,0,0,1,0,0,0
"1955",2218,9671,9671,"t","t","c","c",0.002274842312067,0.002274842312067,0.000103401923275773,0.000103401923275773,0.000103401923275773,0,0.000103401923275773,0,0.00237824423534278,0.00237824423534278,0.00237824423534278,0.00237824423534278,"nonsyn","nonsyn","nonsyn",1.7e-05,1.07e-06,1.21e-06,1.21e-06,"0.00747304545454547","0.01170191","0.01034797","1","I","I","T","K","R",1,1,1,0,0,0,0
"1956",2219,9675,9675,"a","a","g","g",0.00227390180878553,0.00227390180878553,0.000310077519379845,0.000310077519379845,0,0.000310077519379845,0,0.000310077519379845,0.00258397932816537,0.00258397932816537,0.00258397932816537,0.00258397932816537,"nonsyn","syn","syn",1.77e-05,1.76e-06,1.7e-06,1.7e-06,"0.00778397727272727","0.0054825","1","0.0054825","I","I","M","I","I",0,0,0,0,0,0,0
"1957",2220,9682,9683,"t","t","c","c",0.00299524891551332,0.00299524891551332,0.000413137781450114,0.000413137781450114,0.000309853336087585,0.000103284445362528,0.000309853336087585,0.000103284445362528,0.00340838669696344,0.00340838669696344,0.00340803469998967,0.00340803469998967,"nonsyn","nonsyn","nonsyn",1.7e-05,1.07e-06,1.21e-06,1.21e-06,"0.0056756551724138","0.002928805","0.00345324666666667","0.01171522","F","F","L","I","V",0,0,0,0,0,0,0
"1958",2221,9620,9620,"t","t","c","c",0.00343035343035343,0.00343035343035343,0.00135135135135135,0.00135135135135135,0.000311850311850312,0.00103950103950104,0.000311850311850312,0.00103950103950104,0.00478170478170478,0.00478170478170478,0.00478170478170478,0.00478170478170478,"nonsyn","nonsyn","nonsyn",1.7e-05,1.07e-06,1.21e-06,1.21e-06,"0.00495575757575758","0.000895400000000001","0.00343113333333333","0.00116402","F","F","S","Y","C",1,0,1,0,0,0,0
"1959",2222,9699,9699,"c","c","t","t",0.000309310238168883,0.000309310238168883,0.000309310238168883,0.000309310238168883,0.000309310238168883,0,0.000309310238168883,0,0.000618620476337767,0.000618620476337767,0.000618620476337767,0.000618620476337767,"syn","nonsyn","nonsyn",4.58e-06,8.37e-07,4.33e-07,4.33e-07,"0.01480714","0.001399889","0.002706021","1","F","F","F","L","L",0,0,0,0,0,0,0
"1960",2223,9711,9711,"a","a","g","g",0.0014416640922665,0.0014416640922665,0.000308928019771393,0.000308928019771393,0.000102976006590464,0.000205952013180929,0.000102976006590464,0.000205952013180929,0.0017505921120379,0.0017505921120379,0.0017505921120379,0.0017505921120379,"nonsyn","nonsyn","stop",1.77e-05,1.76e-06,1.7e-06,1.7e-06,"0.0122774785714286","0.00550290000000001","0.0170913600000001","0.00825434999999999","K","K","E","Q","*",1,1,1,1,0,0,0
"1961",2224,9663,9663,"a","a","g","g",0.00103487529752665,0.00103487529752665,0.00020697505950533,0.00020697505950533,0.000103487529752665,0.000103487529752665,0.000103487529752665,0.000103487529752665,0.00124185035703198,0.00124185035703198,0.00124185035703198,0.00124185035703198,"nonsyn","nonsyn","nonsyn",1.77e-05,1.76e-06,1.7e-06,1.7e-06,"0.01710351","0.00821354999999998","0.01700688","0.0164271","K","K","R","T","I",0,1,1,0,0,0,0
"1962",2225,9693,9693,"a","a","g","g",0.0185701021355617,0.0185701021355617,0.000619003404518725,0.000619003404518725,0.000103167234086454,0.000515836170432271,0.000103167234086454,0.000515836170432271,0.0191891055400805,0.0191891055400805,0.0191891055400805,0.0191891055400805,"syn","nonsyn","nonsyn",1.77e-05,1.76e-06,1.7e-06,1.7e-06,"0.000953145000000002","0.00274635","0.01705968","0.00329562","K","K","K","N","N",0,1,1,0,1,1,0
"1963",2226,9664,9664,"a","g","g","a",0.00217301324503311,0.997620033112583,0.000206953642384106,0.000206953642384106,0.000103476821192053,0.000103476821192053,0.000103476821192053,0.000103476821192053,0.00237996688741722,0.997826986754967,0.00237996688741722,0.997826986754967,"nonsyn","nonsyn","nonsyn",4.2e-06,5.36e-07,1.17e-06,1.17e-06,"4.21001970749922e-06","0.00565344","0.005179904","0.01130688","I","V","I","L","F",0,0,0,0,0,0,0
"1964",2227,9648,9648,"t","t","c","c",0.00528606965174129,0.00528606965174129,0,0,0,0,0,0,0.00528606965174129,0.00528606965174129,0.00528606965174129,0.00528606965174129,"nonsyn","nonsyn","nonsyn",1.7e-05,1.07e-06,1.21e-06,1.21e-06,"0.003216","1","1","1","I","V","A","D","G",0,1,1,0,0,0,0
"1965",2228,9674,9674,"c","c","t","t",0.000723589001447178,0.000723589001447178,0,0,0,0,0,0,0.000723589001447178,0.000723589001447178,0.000723589001447178,0.000723589001447178,"syn","syn","syn",4.58e-06,8.37e-07,4.33e-07,4.33e-07,"0.00632956","1","1","1","I","V","V","V","V",0,0,0,0,0,0,0
"1966",2229,9679,9679,"a","a","g","g",0.00382270895753694,0.00382270895753694,0.000619898749870854,0.000619898749870854,0.000103316458311809,0.000516582291559045,0.000103316458311809,0.000516582291559045,0.00444260770740779,0.00444260770740779,0.00444260770740779,0.00444260770740779,"nonsyn","syn","nonsyn",1.77e-05,1.76e-06,1.7e-06,1.7e-06,"0.00463022432432432","0.00274238333333334","0.01703504","0.00329086","R","R","G","R","W",1,0,1,1,1,1,0
"1967",2230,9637,9637,"g","g","a","a",0.00124520078862717,0.00124520078862717,0.000415066929542389,0.000415066929542389,0,0.000415066929542389,0,0.000415066929542389,0.00166026771816955,0.00166026771816955,0.00166026771816955,0.00166026771816955,"nonsyn","nonsyn","nonsyn",4.2e-06,5.36e-07,1.17e-06,1.17e-06,"0.00337294999999999","0.0028188225","1","0.0028188225","R","R","K","T","M",0,1,1,0,1,1,0
"1968",2231,9639,9639,"g","g","a","a",0.00103745201784417,0.00103745201784417,0.000311235605353252,0.000311235605353252,0,0.000311235605353252,0,0.000311235605353252,0.00134868762319743,0.00134868762319743,0.00134868762319743,0.00134868762319743,"syn","nonsyn","nonsyn",4.2e-06,5.36e-07,1.17e-06,1.17e-06,"0.00404838000000002","0.00375921000000001","1","0.00375921000000001","R","R","R","S","S",0,1,1,0,0,0,0
"1969",2232,9576,9576,"a","a","g","g",0.00856307435254804,0.00856307435254804,0.0006265664160401,0.0006265664160401,0.000208855472013367,0.000417710944026733,0.000208855472013367,0.000417710944026733,0.00918964076858814,0.00918964076858814,0.00918964076858814,0.00918964076858814,"nonsyn","nonsyn","nonsyn",1.77e-05,1.76e-06,1.7e-06,1.7e-06,"0.00206701463414634","0.0027132","0.00842687999999999","0.00406980000000001","M","M","V","L","L",0,0,0,0,0,0,0
"1970",2233,9270,9270,"t","t","c","c",0.00204962243797195,0.00204962243797195,0.000107874865156419,0.000107874865156419,0.000107874865156419,0,0.000107874865156419,0,0.00215749730312837,0.00215749730312837,0.00215749730312837,0.00215749730312837,"nonsyn","nonsyn","nonsyn",1.7e-05,1.07e-06,1.21e-06,1.21e-06,"0.0082942105263158","0.0112167","0.00991889999999996","1","M","M","T","K","R",1,1,1,1,0,0,0
"1971",2234,9280,9280,"g","g","a","a",0.000323275862068966,0.000323275862068966,0.000107758620689655,0.000107758620689655,0,0.000107758620689655,0,0.000107758620689655,0.000431034482758621,0.000431034482758621,0.000431034482758621,0.000431034482758621,"nonsyn","nonsyn","nonsyn",4.2e-06,5.36e-07,1.17e-06,1.17e-06,"0.012992","0.0108576","1","0.0108576","M","M","I","I","I",0,0,0,0,0,0,0
"1972",2235,9325,9325,"t","t","c","c",0.00364611260053619,0.00364611260053619,0.000107238605898123,0.000107238605898123,0.000107238605898123,0,0.000107238605898123,0,0.00375335120643432,0.00375335120643432,0.00375335120643432,0.00375335120643432,"nonsyn","nonsyn","nonsyn",1.7e-05,1.07e-06,1.21e-06,1.21e-06,"0.0046625","0.01128325","0.00997775000000003","1","Y","Y","H","N","D",1,1,1,0,0,0,0
"1973",2236,9317,9317,"a","a","g","g",0.00397123537619405,0.00397123537619405,0.000321992057529248,0.000321992057529248,0,0.000321992057529248,0,0.000321992057529248,0.0042932274337233,0.0042932274337233,0.0042932274337233,0.0042932274337233,"nonsyn","nonsyn","nonsyn",1.77e-05,1.76e-06,1.7e-06,1.7e-06,"0.00445705135135136","0.00527963333333333","1","0.00527963333333333","Y","Y","C","S","F",1,1,0,0,0,0,0
"1974",2237,9343,9343,"c","c","t","t",0.00278283206678797,0.00278283206678797,0.000214064005137536,0.000214064005137536,0.000107032002568768,0.000107032002568768,0.000107032002568768,0.000107032002568768,0.00299689607192551,0.00299689607192551,0.00299689607192551,0.00299689607192551,"syn","stop","stop",4.58e-06,8.37e-07,4.33e-07,4.33e-07,"0.00164580538461538","0.0020227595","0.007820091","0.004045519","Y","Y","Y","*","*",0,1,1,0,0,0,0
"1975",2238,9343,9343,"g","g","a","a",0.00107032002568768,0.00107032002568768,0.000214064005137536,0.000214064005137536,0,0.000214064005137536,0,0.000214064005137536,0.00128438403082522,0.00128438403082522,0.00128438403082522,0.00128438403082522,"nonsyn","nonsyn","nonsyn",4.2e-06,5.36e-07,1.17e-06,1.17e-06,"0.00392406","0.005465655","1","0.005465655","V","V","M","L","L",0,0,0,0,0,0,0
"1976",2239,9282,9283,"t","t","c","c",0.00312432665373842,0.00312432665373842,0.000754147812971342,0.000754147812971342,0.000430941607412196,0.000323206205559147,0.000430941607412196,0.000323206205559147,0.00387847446670976,0.00387847446670976,0.00387805666271679,0.00387805666271679,"nonsyn","nonsyn","nonsyn",1.7e-05,1.07e-06,1.21e-06,1.21e-06,"0.0054411724137931","0.00160446","0.002482935","0.00374374","V","V","A","E","G",0,1,1,1,0,0,0
"1977",2240,9203,9209,"g","g","a","a",0.000869281755949147,0.000869281755949147,0.00108660219493643,0.00108660219493643,0,0.00108660219493643,0,0.00108660219493643,0.00195588395088558,0.00195588395088558,0.00195460962102291,0.00195460962102291,"syn","syn","syn",4.2e-06,5.36e-07,1.17e-06,1.17e-06,"0.004831575","0.001076751","1","0.001076751","V","V","V","V","V",0,0,0,0,1,1,0
"1978",2241,9190,9191,"g","g","a","a",0.000652883569096844,0.000652883569096844,0.000217627856365615,0.000217627856365615,0,0.000217627856365615,0,0.000217627856365615,0.000870511425462459,0.000870511425462459,0.00087041671200087,0.00087041671200087,"nonsyn","nonsyn","stop",4.2e-06,5.36e-07,1.17e-06,1.17e-06,"0.006433","0.00537615","1","0.00537615","G","G","R","R","*",1,1,1,0,1,1,0
"1979",2242,9117,9117,"g","g","a","a",0.000658111220796315,0.000658111220796315,0.000329055610398157,0.000329055610398157,0,0.000329055610398157,0,0.000329055610398157,0.000987166831194472,0.000987166831194472,0.000987166831194472,0.000987166831194472,"nonsyn","nonsyn","nonsyn",4.2e-06,5.36e-07,1.17e-06,1.17e-06,"0.0063819","0.00355563","1","0.00355563","G","G","E","A","V",1,1,1,0,0,0,0
"1980",2243,9065,9067,"a","a","g","g",0.00341974627688913,0.00341974627688913,0.00066188637617209,0.00066188637617209,0,0.00066188637617209,0,0.00066188637617209,0.00408163265306122,0.00408163265306122,0.00408073232601743,0.00408073232601743,"syn","syn","syn",1.77e-05,1.76e-06,1.7e-06,1.7e-06,"0.00517582258064517","0.00256841666666667","1","0.00256841666666667","G","G","G","G","G",0,0,0,0,1,1,0
"1981",2244,8936,8951,"g","g","a","a",0.00156669650850492,0.00156669650850492,0.000335720680393912,0.000335720680393912,0,0.000335720680393912,0,0.000335720680393912,0.00190241718889884,0.00190241718889884,0.00189922913640934,0.00189922913640934,"nonsyn","nonsyn","nonsyn",4.2e-06,5.36e-07,1.17e-06,1.17e-06,"0.00268080000000001","0.00348504","1","0.00348504","G","G","R","R","W",1,1,1,0,1,1,0
"1982",2245,8935,8935,"g","g","a","a",0.000671516508114158,0.000671516508114158,0.000783435926133184,0.000783435926133184,0,0.000783435926133184,0,0.000783435926133184,0.00145495243424734,0.00145495243424734,0.00145495243424734,0.00145495243424734,"nonsyn","nonsyn","nonsyn",4.2e-06,5.36e-07,1.17e-06,1.17e-06,"0.0062545","0.00149342142857143","1","0.00149342142857143","G","G","E","A","V",1,1,1,0,1,1,0
"1983",2246,9047,9047,"g","g","a","a",0.00154747430087322,0.00154747430087322,0.000663203271802808,0.000663203271802808,0,0.000663203271802808,0,0.000663203271802808,0.00221067757267603,0.00221067757267603,0.00221067757267603,0.00221067757267603,"syn","syn","syn",4.2e-06,5.36e-07,1.17e-06,1.17e-06,"0.0027141","0.001764165","1","0.001764165","G","G","G","G","G",0,0,0,0,1,1,0
"1984",2247,9072,9072,"g","g","a","a",0.00143298059964727,0.00143298059964727,0.000110229276895944,0.000110229276895944,0,0.000110229276895944,0,0.000110229276895944,0.00154320987654321,0.00154320987654321,0.00154320987654321,0.00154320987654321,"nonsyn","nonsyn","nonsyn",4.2e-06,5.36e-07,1.17e-06,1.17e-06,"0.00293095384615384","0.01061424","1","0.01061424","V","V","I","L","F",0,0,0,0,0,0,0
"1985",2248,9202,9202,"t","t","c","c",0.00358617691806129,0.00358617691806129,0.000760704194740274,0.000760704194740274,0.000543360139100196,0.000217344055640078,0.000543360139100196,0.000217344055640078,0.00434688111280156,0.00434688111280156,0.00434688111280156,0.00434688111280156,"nonsyn","nonsyn","nonsyn",1.7e-05,1.07e-06,1.21e-06,1.21e-06,"0.00474042424242424","0.00159063142857143","0.001969228","0.00556721000000001","V","V","A","D","G",0,1,1,0,0,0,0
"1986",2249,9259,9259,"c","c","t","t",0.00205205745760881,0.00205205745760881,0.000648018144508046,0.000648018144508046,0.000648018144508046,0,0.000648018144508046,0,0.00270007560211686,0.00270007560211686,0.00270007560211686,0.00270007560211686,"syn","syn","syn",4.58e-06,8.37e-07,4.33e-07,4.33e-07,"0.00223190631578948","0.000668191166666667","0.0012916305","1","V","V","V","V","V",0,0,0,0,0,0,0
"1987",2250,9276,9276,"g","g","a","a",0.00280293229840448,0.00280293229840448,0.000323415265200517,0.000323415265200517,0,0.000323415265200517,0,0.000323415265200517,0.003126347563605,0.003126347563605,0.003126347563605,0.003126347563605,"nonsyn","nonsyn","stop",4.2e-06,5.36e-07,1.17e-06,1.17e-06,"0.00149843076923077","0.00361764000000001","1","0.00361764000000001","E","E","K","Q","*",1,1,1,0,0,0,0
"1988",2251,9281,9281,"a","a","g","g",0.00312466329059369,0.00312466329059369,0.000646482060122832,0.000646482060122832,0.000215494020040944,0.000430988040081888,0.000215494020040944,0.000430988040081888,0.00377114535071652,0.00377114535071652,0.00377114535071652,0.00377114535071652,"nonsyn","nonsyn","nonsyn",1.77e-05,1.76e-06,1.7e-06,1.7e-06,"0.00566461034482758","0.00262961666666666","0.00816728","0.003944425","E","E","G","A","V",1,1,1,0,1,1,0
"1989",2252,9320,9320,"g","g","a","a",0.00268240343347639,0.00268240343347639,0.000214592274678112,0.000214592274678112,0.000107296137339056,0.000107296137339056,0.000107296137339056,0.000107296137339056,0.00289699570815451,0.00289699570815451,0.00289699570815451,0.00289699570815451,"syn","nonsyn","nonsyn",4.2e-06,5.36e-07,1.17e-06,1.17e-06,"0.00156576","0.00545219999999999","0.00499551999999999","0.0109044","E","E","E","D","D",0,0,0,0,0,0,0
"1990",2253,9349,9349,"c","c","t","t",0.00267408278960317,0.00267408278960317,0.000106963311584127,0.000106963311584127,0.000106963311584127,0,0.000106963311584127,0,0.00278104610118729,0.00278104610118729,0.00278104610118729,0.00278104610118729,"nonsyn","nonsyn","nonsyn",4.58e-06,8.37e-07,4.33e-07,4.33e-07,"0.0017127368","0.00404811699999999","0.00782511299999997","1","H","H","Y","N","D",1,1,1,0,0,0,0
"1991",2254,9347,9347,"a","a","g","g",0.00331657216219108,0.00331657216219108,0.000320958596341072,0.000320958596341072,0.000106986198780357,0.000213972397560715,0.000106986198780357,0.000213972397560715,0.00363753075853215,0.00363753075853215,0.00363753075853215,0.00363753075853215,"nonsyn","nonsyn","nonsyn",1.77e-05,1.76e-06,1.7e-06,1.7e-06,"0.00533683548387096","0.00529663333333333","0.0164507200000001","0.00794494999999999","H","H","R","P","L",0,1,1,1,0,0,0
"1992",2255,9513,9513,"c","c","t","t",0.0017870282770945,0.0017870282770945,0.000210238620834647,0.000210238620834647,0.000210238620834647,0,0.000210238620834647,0,0.00199726689792915,0.00199726689792915,0.00199726689792915,0.00199726689792915,"syn","nonsyn","nonsyn",4.58e-06,8.37e-07,4.33e-07,4.33e-07,"0.00256291411764706","0.0020595645","0.00398119050000001","1","H","H","H","Q","Q",0,1,1,0,0,0,0
"1993",2256,9511,9511,"a","a","g","g",0.0038902323625276,0.0038902323625276,0.00126169698244138,0.00126169698244138,0.000315424245610346,0.000946272736831038,0.000315424245610346,0.000946272736831038,0.00515192934496898,0.00515192934496898,0.00515192934496898,0.00515192934496898,"nonsyn","syn","nonsyn",1.77e-05,1.76e-06,1.7e-06,1.7e-06,"0.00454985675675676","0.00134739166666667","0.00557978666666667","0.00179652222222222","R","R","G","R","W",1,0,1,1,1,1,0
"1994",2257,9494,9494,"g","g","a","a",0.000315989045713082,0.000315989045713082,0.000315989045713082,0.000315989045713082,0,0.000315989045713082,0,0.000315989045713082,0.000631978091426164,0.000631978091426164,0.000631978091426164,0.000631978091426164,"nonsyn","nonsyn","nonsyn",4.2e-06,5.36e-07,1.17e-06,1.17e-06,"0.0132916","0.00370266","1","0.00370266","R","R","K","T","M",0,1,1,0,1,1,0
"1995",2258,9484,9484,"g","g","a","a",0.00179249261914804,0.00179249261914804,0.000948966680725432,0.000948966680725432,0.000105440742302826,0.000843525938422606,0.000105440742302826,0.000843525938422606,0.00274145929987347,0.00274145929987347,0.00274145929987347,0.00274145929987347,"syn","nonsyn","nonsyn",4.2e-06,5.36e-07,1.17e-06,1.17e-06,"0.00234310588235294","0.00123292","0.00508342399999999","0.001387035","R","R","R","S","S",0,1,1,0,0,0,0
"1996",2259,9478,9478,"c","c","t","t",0.00126608989238236,0.00126608989238236,0.00031652247309559,0.00031652247309559,0.00031652247309559,0,0.00031652247309559,0,0.00158261236547795,0.00158261236547795,0.00158261236547795,0.00158261236547795,"syn","nonsyn","nonsyn",4.58e-06,8.37e-07,4.33e-07,4.33e-07,"0.00361743666666666","0.00136799133333333","0.002644362","1","L","L","L","M","V",0,0,0,0,0,0,0
"1997",2260,9537,9537,"t","t","c","c",0.00199224074656601,0.00199224074656601,0.000943692985215477,0.000943692985215477,0.000629128656810318,0.000314564328405159,0.000629128656810318,0.000314564328405159,0.00293593373178148,0.00293593373178148,0.00293593373178148,0.00293593373178148,"nonsyn","nonsyn","nonsyn",1.7e-05,1.07e-06,1.21e-06,1.21e-06,"0.00853310526315788","0.00128219666666667","0.001700765","0.00384659","L","L","P","Q","R",1,1,1,1,1,0,1
"1998",2261,9162,9162,"g","g","a","a",0.0311067452521284,0.0311067452521284,0.000218292949137743,0.000218292949137743,0,0.000218292949137743,0,0.000218292949137743,0.0313250382012661,0.0313250382012661,0.0313250382012661,0.0313250382012661,"syn","syn","syn",4.2e-06,5.36e-07,1.17e-06,1.17e-06,"0.000135018947368421","0.00535977","1","0.00535977","L","L","L","L","L",0,0,0,0,1,1,0
"1999",2262,9161,9161,"g","g","a","a",0.00120074227704399,0.00120074227704399,0.000436633555288724,0.000436633555288724,0,0.000436633555288724,0,0.000436633555288724,0.00163737583233271,0.00163737583233271,0.00163737583233271,0.00163737583233271,"nonsyn","nonsyn","stop",4.2e-06,5.36e-07,1.17e-06,1.17e-06,"0.00349783636363637","0.0026795925","1","0.0026795925","E","E","K","Q","*",1,1,1,0,0,0,0
"2000",2263,9391,9392,"a","a","g","g",0.00479182195719306,0.00479182195719306,0.000425939729528272,0.000425939729528272,0,0.000425939729528272,0,0.000425939729528272,0.00521776168672133,0.00521776168672133,0.00521720613287905,0.00521720613287905,"nonsyn","nonsyn","nonsyn",1.77e-05,1.76e-06,1.7e-06,1.7e-06,"0.00369379333333333","0.003991175","1","0.003991175","E","E","G","A","V",1,1,1,0,0,0,0
"2001",2264,9382,9382,"a","a","g","g",0.0047964186740567,0.0047964186740567,0.000532935408228523,0.000532935408228523,0.000213174163291409,0.000319761244937114,0.000213174163291409,0.000319761244937114,0.00532935408228523,0.00532935408228523,0.00532935408228523,0.00532935408228523,"syn","nonsyn","nonsyn",1.77e-05,1.76e-06,1.7e-06,1.7e-06,"0.00369025333333334","0.00318988","0.00825616","0.00531646666666666","E","E","E","D","D",0,0,0,0,1,1,0
"2002",2265,9275,9276,"g","g","a","a",0.00280323450134771,0.00280323450134771,0.000107816711590296,0.000107816711590296,0,0.000107816711590296,0,0.000107816711590296,0.00291105121293801,0.00291105121293801,0.00291073738680466,0.00291073738680466,"nonsyn","nonsyn","nonsyn",4.2e-06,5.36e-07,1.17e-06,1.17e-06,"0.00149826923076923","0.01085175","1","0.01085175","A","A","T","P","S",1,1,1,0,0,0,0
"2003",2266,9262,9262,"c","c","t","t",0.000863744331677823,0.000863744331677823,0.000215936082919456,0.000215936082919456,0.000215936082919456,0,0.000215936082919456,0,0.00107968041459728,0.00107968041459728,0.00107968041459728,0.00107968041459728,"nonsyn","nonsyn","nonsyn",4.58e-06,8.37e-07,4.33e-07,4.33e-07,"0.005302495","0.002005223","0.003876147","1","A","A","V","E","G",0,1,1,0,0,0,0
"2004",2267,9304,9304,"t","g","c","a",0.00290197764402408,0.0011822871883061,0.0011822871883061,0.998817712811694,0.0011822871883061,0,0.00290197764402408,0.99591573516767,0.00408426483233018,1,0.00408426483233018,1,"syn","syn","syn",4.2e-06,5.36e-07,1.17e-06,1.17e-06,"0.00355243636363638","1.17138491337566e-06","0.000184701629629629","1.17479818691992e-06","A","A","A","A","A",0,0,0,0,1,1,0
"2005",2268,9291,9291,"g","g","a","a",0.00129157248950597,0.00129157248950597,0.000645786244752987,0.000645786244752987,0.000215262081584329,0.000430524163168658,0.000215262081584329,0.000430524163168658,0.00193735873425896,0.00193735873425896,0.00193735873425896,0.00193735873425896,"nonsyn","nonsyn","nonsyn",4.2e-06,5.36e-07,1.17e-06,1.17e-06,"0.00325185000000001","0.001811745","0.002489988","0.0027176175","A","A","T","P","S",1,1,1,0,0,0,0
"2006",2269,9276,9279,"c","c","t","t",0.00237171194480379,0.00237171194480379,0.000215610176800345,0.000215610176800345,0.000107805088400172,0.000107805088400172,0.000107805088400172,0.000107805088400172,0.00258732212160414,0.00258732212160414,0.00258648561267378,0.00258648561267378,"nonsyn","nonsyn","nonsyn",4.58e-06,8.37e-07,4.33e-07,4.33e-07,"0.00193109454545455","0.002008254","0.00776401200000003","0.00401650800000002","A","A","V","D","G",0,1,1,0,0,0,0
"2007",2270,9280,9280,"c","c","t","t",0.00506465517241379,0.00506465517241379,0.000538793103448276,0.000538793103448276,0.000538793103448276,0,0.000538793103448276,0,0.00560344827586207,0.00560344827586207,0.00560344827586207,0.00560344827586207,"syn","syn","syn",4.58e-06,8.37e-07,4.33e-07,4.33e-07,"0.000904306382978724","0.000803648","0.001553472","1","A","A","A","A","A",0,0,0,0,1,0,1
"2008",2271,9308,9309,"t","t","c","c",0.00386764073914912,0.00386764073914912,0.00182638590459819,0.00182638590459819,0.00139664804469274,0.000429737859905458,0.00139664804469274,0.000429737859905458,0.00569402664374731,0.00569402664374731,0.00569341497475561,0.00569341497475561,"nonsyn","nonsyn","nonsyn",1.7e-05,1.07e-06,1.21e-06,1.21e-06,"0.00439544444444444","0.000662510588235296","0.000766119999999998","0.00281567","C","C","R","S","G",1,1,0,1,1,0,1
"2009",2272,9267,9267,"g","g","a","a",0.00226610553577209,0.00226610553577209,0.000107909787417719,0.000107909787417719,0,0.000107909787417719,0,0.000107909787417719,0.00237401532318981,0.00237401532318981,0.00237401532318981,0.00237401532318981,"nonsyn","nonsyn","nonsyn",4.2e-06,5.36e-07,1.17e-06,1.17e-06,"0.0018534","0.01084239","1","0.01084239","C","C","Y","S","F",1,1,1,0,0,0,0
"2010",2273,9340,9340,"c","c","t","t",0.00182012847965739,0.00182012847965739,0.000214132762312634,0.000214132762312634,0.000214132762312634,0,0.000214132762312634,0,0.00203426124197002,0.00203426124197002,0.00203426124197002,0.00203426124197002,"syn","stop","nonsyn",4.58e-06,8.37e-07,4.33e-07,4.33e-07,"0.00251630588235294","0.00202211","0.00390879","1","C","C","C","*","W",0,1,1,0,0,0,0
"2011",2274,9329,9330,"a","a","g","g",0.00385893450530603,0.00385893450530603,0.000857541001179119,0.000857541001179119,0.00010719262514739,0.000750348376031729,0.00010719262514739,0.000750348376031729,0.00471647550648515,0.00471647550648515,0.00471596998928189,0.00471596998928189,"nonsyn","nonsyn","nonsyn",1.77e-05,1.76e-06,1.7e-06,1.7e-06,"0.00458675833333334","0.0019824125","0.01641904","0.00226561428571429","N","N","D","H","Y",1,1,1,1,0,0,0
"2012",2275,9326,9326,"a","a","g","g",0.00471799270855672,0.00471799270855672,0.000214454214025306,0.000214454214025306,0.000107227107012653,0.000107227107012653,0.000107227107012653,0.000107227107012653,0.00493244692258203,0.00493244692258203,0.00493244692258203,0.00493244692258203,"nonsyn","nonsyn","nonsyn",1.77e-05,1.76e-06,1.7e-06,1.7e-06,"0.00375159545454546","0.00792709999999999","0.01641376","0.0158542","N","N","S","T","I",0,0,1,0,0,0,0
"2013",2276,9317,9318,"c","c","t","t",0.000751314800901578,0.000751314800901578,0,0,0,0,0,0,0.000751314800901578,0.000751314800901578,0.000751234170422838,0.000751234170422838,"syn","nonsyn","nonsyn",4.58e-06,8.37e-07,4.33e-07,4.33e-07,"0.00609598","1","1","1","N","N","N","K","K",0,1,1,0,0,0,0
"2014",2277,9235,9236,"t","t","c","c",0.00314022739577694,0.00314022739577694,0.00162425554953979,0.00162425554953979,0.00151597184623714,0.000108283703302653,0.00151597184623714,0.000108283703302653,0.00476448294531673,0.00476448294531673,0.00476396708531832,0.00476396708531832,"nonsyn","nonsyn","nonsyn",1.7e-05,1.07e-06,1.21e-06,1.21e-06,"0.00541362068965516","0.000744956666666669","0.000705817857142858","0.01117435","W","W","R","R","G",1,1,1,1,1,0,1
"2015",2278,9238,9240,"g","g","a","a",0.00194847369560511,0.00194847369560511,0.00064949123186837,0.00064949123186837,0,0.00064949123186837,0,0.00064949123186837,0.00259796492747348,0.00259796492747348,0.0025974025974026,0.0025974025974026,"stop","nonsyn","nonsyn",4.2e-06,5.36e-07,1.17e-06,1.17e-06,"0.00215553333333333","0.00180141","1","0.00180141","W","W","*","S","L",1,1,0,0,1,1,0
"2016",2279,9227,9227,"g","g","a","a",0.00119215346266392,0.00119215346266392,0.000325132762544706,0.000325132762544706,0,0.000325132762544706,0,0.000325132762544706,0.00151728622520863,0.00151728622520863,0.00151728622520863,0.00151728622520863,"stop","nonsyn","nonsyn",4.2e-06,5.36e-07,1.17e-06,1.17e-06,"0.00352303636363637","0.00359853","1","0.00359853","W","W","*","C","C",1,1,1,0,0,0,0
"2017",2280,9213,9213,"a","a","g","g",0.0049929447519809,0.0049929447519809,0.000325626831650928,0.000325626831650928,0.000217084554433952,0.000108542277216976,0.000217084554433952,0.000108542277216976,0.00531857158363182,0.00531857158363182,0.00531857158363182,0.00531857158363182,"nonsyn","nonsyn","nonsyn",1.77e-05,1.76e-06,1.7e-06,1.7e-06,"0.00354500217391304","0.0052207","0.00810744","0.0156621","T","T","A","P","S",1,1,0,0,0,0,0
"2018",2281,9209,9209,"c","c","t","t",0.00260614616136388,0.00260614616136388,0.000108589423390162,0.000108589423390162,0.000108589423390162,0,0.000108589423390162,0,0.00271473558475404,0.00271473558475404,0.00271473558475404,0.00271473558475404,"nonsyn","nonsyn","nonsyn",4.58e-06,8.37e-07,4.33e-07,4.33e-07,"0.00175738416666667","0.00398749699999999","0.00770793299999999","1","T","T","M","K","R",1,1,1,0,0,0,0
"2019",2282,9135,9135,"g","g","a","a",0.00153256704980843,0.00153256704980843,0.000109469074986316,0.000109469074986316,0,0.000109469074986316,0,0.000109469074986316,0.00164203612479475,0.00164203612479475,0.00164203612479475,0.00164203612479475,"syn","syn","syn",4.2e-06,5.36e-07,1.17e-06,1.17e-06,"0.0027405","0.01068795","1","0.01068795","T","T","T","T","T",0,0,0,0,0,0,0
"2020",2283,9074,9076,"c","c","t","t",0.00132245977518184,0.00132245977518184,0.00033061494379546,0.00033061494379546,0.00033061494379546,0,0.00033061494379546,0,0.0016530747189773,0.0016530747189773,0.00165271044513001,0.00165271044513001,"nonsyn","syn","nonsyn",4.58e-06,8.37e-07,4.33e-07,4.33e-07,"0.00346324333333333","0.00130968066666666","0.002531646","1","R","R","W","R","G",1,0,1,0,0,0,0
"2021",2284,9071,9079,"g","g","a","a",0.00198434571712049,0.00198434571712049,0.000330724286186749,0.000330724286186749,0.000110241428728916,0.000220482857457833,0.000110241428728916,0.000220482857457833,0.00231507000330724,0.00231507000330724,0.0023130300693909,0.0023130300693909,"nonsyn","nonsyn","nonsyn",4.2e-06,5.36e-07,1.17e-06,1.17e-06,"0.00211656666666667","0.00353769","0.00486205600000001","0.00530653499999999","R","R","Q","P","L",1,1,1,0,1,1,0
"2022",2285,9066,9066,"g","g","a","a",0.0014339289653651,0.0014339289653651,0.000992720052945069,0.000992720052945069,0.000110302228105008,0.000882417824840062,0.000110302228105008,0.000882417824840062,0.00242664901831017,0.00242664901831017,0.00242664901831017,0.00242664901831017,"syn","syn","syn",4.2e-06,5.36e-07,1.17e-06,1.17e-06,"0.00292901538461539","0.00117858","0.00485937599999999","0.0013259025","R","R","R","R","R",0,0,0,0,1,1,0
"2023",2286,9051,9051,"g","g","a","a",0.00165727543917799,0.00165727543917799,0.000552425146392664,0.000552425146392664,0,0.000552425146392664,0,0.000552425146392664,0.00220970058557066,0.00220970058557066,0.00220970058557066,0.00220970058557066,"nonsyn","nonsyn","nonsyn",4.2e-06,5.36e-07,1.17e-06,1.17e-06,"0.00253428","0.002117934","1","0.002117934","G","G","S","R","C",1,1,0,0,1,1,0
"2024",2287,9070,9070,"g","g","a","a",0.00165380374862183,0.00165380374862183,0.000330760749724366,0.000330760749724366,0.000110253583241455,0.000220507166482911,0.000110253583241455,0.000220507166482911,0.0019845644983462,0.0019845644983462,0.0019845644983462,0.0019845644983462,"nonsyn","nonsyn","nonsyn",4.2e-06,5.36e-07,1.17e-06,1.17e-06,"0.0025396","0.0035373","0.00486152000000002","0.00530594999999999","G","G","D","A","V",1,1,1,0,0,0,0
"2025",2288,9070,9070,"c","c","t","t",0.00231532524807056,0.00231532524807056,0.000882028665931643,0.000882028665931643,0.000882028665931643,0,0.000882028665931643,0,0.00319735391400221,0.00319735391400221,0.00319735391400221,0.00319735391400221,"syn","syn","syn",4.58e-06,8.37e-07,4.33e-07,4.33e-07,"0.00197812380952381","0.00049091375","0.00094894875","1","G","G","G","G","G",0,0,0,0,0,0,0
"2026",2289,9070,9070,"g","g","a","a",0.0093715545755237,0.0093715545755237,0.000441014332965821,0.000441014332965821,0.000110253583241455,0.000330760749724366,0.000110253583241455,0.000330760749724366,0.00981256890848953,0.00981256890848953,0.00981256890848953,0.00981256890848953,"nonsyn","nonsyn","stop",4.2e-06,5.36e-07,1.17e-06,1.17e-06,"0.000448164705882353","0.002652975","0.00486152000000002","0.0035373","E","E","K","Q","*",1,1,1,0,0,0,0
"2027",2290,9052,9052,"a","a","g","g",0.00243040212107821,0.00243040212107821,0.000773309765797614,0.000773309765797614,0,0.000773309765797614,0,0.000773309765797614,0.00320371188687583,0.00320371188687583,0.00320371188687583,0.00320371188687583,"nonsyn","nonsyn","nonsyn",1.77e-05,1.76e-06,1.7e-06,1.7e-06,"0.00728274545454547","0.00219834285714286","1","0.00219834285714286","E","E","G","A","V",1,1,1,0,0,0,0
"2028",2291,8985,8985,"a","a","g","g",0.00345019476905954,0.00345019476905954,0.000333889816360601,0.000333889816360601,0.000111296605453534,0.000222593210907067,0.000111296605453534,0.000222593210907067,0.00378408458542014,0.00378408458542014,0.00378408458542014,0.00378408458542014,"syn","nonsyn","nonsyn",1.77e-05,1.76e-06,1.7e-06,1.7e-06,"0.00513014516129033","0.0050915","0.0158136","0.00763725000000001","E","E","E","D","D",0,0,0,0,0,0,0
"2029",2292,8978,8978,"c","c","t","t",0.00144798396079305,0.00144798396079305,0.000334150144798396,0.000334150144798396,0.000334150144798396,0,0.000334150144798396,0,0.00178213410559145,0.00178213410559145,0.00178213410559145,0.00178213410559145,"nonsyn","nonsyn","nonsyn",4.58e-06,8.37e-07,4.33e-07,4.33e-07,"0.00316301846153846","0.00129582466666667","0.002504862","1","R","R","C","S","G",1,1,1,0,0,0,0
"2030",2293,8993,8993,"g","g","a","a",0.00100077838318692,0.00100077838318692,0.00011119759813188,0.00011119759813188,0,0.00011119759813188,0,0.00011119759813188,0.0011119759813188,0.0011119759813188,0.0011119759813188,0.0011119759813188,"nonsyn","nonsyn","nonsyn",4.2e-06,5.36e-07,1.17e-06,1.17e-06,"0.00419673333333335","0.01052181","1","0.01052181","R","R","H","P","L",0,1,1,0,0,0,0
"2031",2294,8977,8978,"t","c","c","t",0.00623816419739334,0.992870669488693,0.000891166313913334,0.000891166313913334,0.000445583156956667,0.000445583156956667,0.000445583156956667,0.000445583156956667,0.00712933051130667,0.993761835802607,0.00712853642236578,0.993651147248831,"syn","syn","syn",4.58e-06,8.37e-07,4.33e-07,4.33e-07,"4.61288679456973e-06","0.000485880125","0.00187843725","0.00097176025","R","R","R","R","R",0,0,0,0,0,0,0
"2032",2295,9025,9025,"t","t","c","c",0.0057617728531856,0.0057617728531856,0.000886426592797784,0.000886426592797784,0.000554016620498615,0.000332409972299169,0.000554016620498615,0.000332409972299169,0.00664819944598338,0.00664819944598338,0.00664819944598338,0.00664819944598338,"nonsyn","nonsyn","nonsyn",1.7e-05,1.07e-06,1.21e-06,1.21e-06,"0.00295048076923077","0.00136503125","0.00193135","0.00364008333333333","C","C","R","S","G",1,1,0,1,1,0,1
"2033",2296,9016,9016,"g","g","a","a",0.0015527950310559,0.0015527950310559,0.000221827861579414,0.000221827861579414,0,0.000221827861579414,0,0.000221827861579414,0.00177462289263532,0.00177462289263532,0.00177462289263532,0.00177462289263532,"nonsyn","nonsyn","nonsyn",4.2e-06,5.36e-07,1.17e-06,1.17e-06,"0.0027048","0.00527436000000001","1","0.00527436000000001","C","C","Y","S","F",1,1,1,0,0,0,0
"2034",2297,8942,8942,"t","t","c","c",0.00469693580854395,0.00469693580854395,0.000335495414895996,0.000335495414895996,0.000111831804965332,0.000223663609930664,0.000111831804965332,0.000223663609930664,0.00503243122343995,0.00503243122343995,0.00503243122343995,0.00503243122343995,"syn","stop","nonsyn",1.7e-05,1.07e-06,1.21e-06,1.21e-06,"0.00361938095238095","0.00360660666666667","0.00956794000000001","0.00540991000000001","C","C","C","*","W",0,1,1,1,0,0,0
"2035",2298,8956,8956,"g","g","a","a",0.00145154086645824,0.00145154086645824,0.000558284948637785,0.000558284948637785,0,0.000558284948637785,0,0.000558284948637785,0.00200982581509603,0.00200982581509603,0.00200982581509603,0.00200982581509603,"nonsyn","nonsyn","nonsyn",4.2e-06,5.36e-07,1.17e-06,1.17e-06,"0.00289347692307692","0.002095704","1","0.002095704","D","D","N","H","Y",1,1,1,0,0,0,0
"2036",2299,9090,9092,"a","a","g","g",0.0055005500550055,0.0055005500550055,0.00044004400440044,0.00044004400440044,0.00011001100110011,0.00033003300330033,0.00011001100110011,0.00033003300330033,0.00594059405940594,0.00594059405940594,0.00593928728552574,0.00593928728552574,"nonsyn","nonsyn","nonsyn",1.77e-05,1.76e-06,1.7e-06,1.7e-06,"0.00321786","0.00386325","0.0159984","0.005151","D","D","G","A","V",1,1,1,0,0,0,0
"2037",2300,9112,9114,"c","t","t","c",0.00109745390693591,0.998792800702371,0.000109745390693591,0.000109745390693591,0.000109745390693591,0,0.000109745390693591,0,0.0012071992976295,0.998902546093064,0.00120693438665789,0.998683344305464,"syn","nonsyn","nonsyn",1.7e-05,1.07e-06,1.21e-06,1.21e-06,"1.70205471926162e-05","0.01102552","0.00974983999999999","1","D","D","D","E","E",0,0,0,0,0,0,0
"2038",2301,9121,9121,"c","c","t","t",0.00131564521434053,0.00131564521434053,0.000328911303585133,0.000328911303585133,0.000219274202390089,0.000109637101195044,0.000219274202390089,0.000109637101195044,0.00164455651792567,0.00164455651792567,0.00164455651792567,0.00164455651792567,"syn","nonsyn","nonsyn",4.58e-06,8.37e-07,4.33e-07,4.33e-07,"0.00348118166666667","0.00131646433333333","0.0038171385","0.00394939300000001","L","L","L","M","V",0,0,0,0,0,0,0
"2039",2302,9098,9099,"t","t","c","c",0.00417674214112992,0.00417674214112992,0.00197845680369312,0.00197845680369312,0.00186854253682128,0.00010991426687184,0.00186854253682128,0.00010991426687184,0.00615519894482304,0.00615519894482304,0.00615452247499725,0.00615452247499725,"nonsyn","nonsyn","nonsyn",1.7e-05,1.07e-06,1.21e-06,1.21e-06,"0.00407015789473684","0.000611587777777778","0.000572638823529412","0.01100858","L","L","P","Q","R",1,1,1,1,1,0,1
"2040",2303,9067,9072,"g","g","a","a",0.00143377081724937,0.00143377081724937,0.000441160251461343,0.000441160251461343,0,0.000441160251461343,0,0.000441160251461343,0.00187493106871071,0.00187493106871071,0.00187389770723104,0.00187389770723104,"syn","syn","syn",4.2e-06,5.36e-07,1.17e-06,1.17e-06,"0.00292933846153845","0.0026520975","1","0.0026520975","L","L","L","L","L",0,0,0,0,1,1,0
"2041",2304,9068,9068,"g","g","a","a",0.00209528010586678,0.00209528010586678,0.000551389501543891,0.000551389501543891,0,0.000551389501543891,0,0.000551389501543891,0.00264666960741068,0.00264666960741068,0.00264666960741068,0.00264666960741068,"nonsyn","nonsyn","stop",4.2e-06,5.36e-07,1.17e-06,1.17e-06,"0.0020045052631579","0.002121912","1","0.002121912","G","E","K","Q","*",1,1,1,0,0,0,0
"2042",2305,9019,9019,"g","a","a","g",0.000554385186827808,0.99900210666371,0.000443508149462246,0.000443508149462246,0,0.000443508149462246,0,0.000443508149462246,0.000997893336290054,0.999445614813172,0.000997893336290054,0.999445614813172,"nonsyn","nonsyn","nonsyn",1.77e-05,1.76e-06,1.7e-06,1.7e-06,"1.77176803551609e-05","0.003833075","1","0.003833075","G","E","G","A","V",1,1,1,0,0,0,0
"2043",2306,8993,8993,"a","a","g","g",0.00389191593461581,0.00389191593461581,0.000667185588791282,0.000667185588791282,0,0.000667185588791282,0,0.000667185588791282,0.00455910152340709,0.00455910152340709,0.00455910152340709,0.00455910152340709,"syn","nonsyn","nonsyn",1.77e-05,1.76e-06,1.7e-06,1.7e-06,"0.00454788857142857","0.00254801666666667","1","0.00254801666666667","G","E","E","D","D",0,0,0,0,1,1,0
"2044",2307,8950,8950,"g","g","a","a",0.000558659217877095,0.000558659217877095,0,0,0,0,0,0,0.000558659217877095,0.000558659217877095,0.000558659217877095,0.000558659217877095,"nonsyn","nonsyn","nonsyn",4.2e-06,5.36e-07,1.17e-06,1.17e-06,"0.007518","1","1","1","D","D","N","H","Y",1,1,1,0,0,0,0
"2045",2308,8935,8935,"a","a","g","g",0.00559597090095131,0.00559597090095131,0.000783435926133184,0.000783435926133184,0.000335758254057079,0.000447677672076105,0.000335758254057079,0.000447677672076105,0.0063794068270845,0.0063794068270845,0.0063794068270845,0.0063794068270845,"nonsyn","nonsyn","nonsyn",1.77e-05,1.76e-06,1.7e-06,1.7e-06,"0.00316299","0.00216992857142857","0.00524186666666667","0.003797375","D","D","G","A","V",1,1,1,0,0,0,0
"2046",2309,8933,8933,"c","c","t","t",0.00100750027986119,0.00100750027986119,0.000223888951080264,0.000223888951080264,0.000223888951080264,0,0.000223888951080264,0,0.00123138923094145,0.00123138923094145,0.00123138923094145,0.00123138923094145,"syn","nonsyn","nonsyn",4.58e-06,8.37e-07,4.33e-07,4.33e-07,"0.00454590444444444","0.0019339945","0.0037384605","1","D","D","D","E","E",0,0,0,0,0,0,0
"2047",2310,9032,9032,"a","a","g","g",0.00354295837023915,0.00354295837023915,0.00143932683790965,0.00143932683790965,0,0.00143932683790965,0,0.00143932683790965,0.0049822852081488,0.0049822852081488,0.0049822852081488,0.0049822852081488,"nonsyn","syn","nonsyn",1.77e-05,1.76e-06,1.7e-06,1.7e-06,"0.004995825","0.0011811076923077","1","0.0011811076923077","R","R","G","R","W",1,0,1,1,1,1,0
"2048",2311,8850,8850,"g","g","a","a",0.00112994350282486,0.00112994350282486,0.000112994350282486,0.000112994350282486,0,0.000112994350282486,0,0.000112994350282486,0.00124293785310734,0.00124293785310734,0.00124293785310734,0.00124293785310734,"nonsyn","nonsyn","nonsyn",4.2e-06,5.36e-07,1.17e-06,1.17e-06,"0.003717","0.0103545","1","0.0103545","R","R","K","T","M",0,1,1,0,1,1,0
"2049",2312,8816,8816,"g","g","a","a",0.00147459165154265,0.00147459165154265,0.000567150635208711,0.000567150635208711,0,0.000567150635208711,0,0.000567150635208711,0.00204174228675136,0.00204174228675136,0.00204174228675136,0.00204174228675136,"syn","nonsyn","nonsyn",4.2e-06,5.36e-07,1.17e-06,1.17e-06,"0.00284824615384615","0.002062944","1","0.002062944","R","R","R","S","S",0,1,1,0,1,1,0
"2050",2313,8810,8810,"g","g","a","a",0.00227014755959137,0.00227014755959137,0.000340522133938706,0.000340522133938706,0.000113507377979569,0.000227014755959137,0.000113507377979569,0.000227014755959137,0.00261066969353008,0.00261066969353008,0.00261066969353008,0.00261066969353008,"nonsyn","nonsyn","nonsyn",4.2e-06,5.36e-07,1.17e-06,1.17e-06,"0.0018501","0.0034359","0.00472215999999999","0.00515385000000001","D","D","N","H","Y",1,1,1,0,0,0,0
"2051",2314,8777,8777,"a","a","g","g",0.00820325851657742,0.00820325851657742,0.000455736584254301,0.000455736584254301,0.000227868292127151,0.000227868292127151,0.000227868292127151,0.000227868292127151,0.00865899510083172,0.00865899510083172,0.00865899510083172,0.00865899510083172,"nonsyn","nonsyn","nonsyn",1.77e-05,1.76e-06,1.7e-06,1.7e-06,"0.00215767916666667","0.003730225","0.00772375999999998","0.00746044999999998","D","D","G","A","V",1,1,1,0,0,0,0
"2052",2315,8778,8778,"c","c","t","t",0.00136705399863295,0.00136705399863295,0.000113921166552745,0.000113921166552745,0.000113921166552745,0,0.000113921166552745,0,0.00148097516518569,0.00148097516518569,0.00148097516518569,0.00148097516518569,"syn","nonsyn","nonsyn",4.58e-06,8.37e-07,4.33e-07,4.33e-07,"0.00335026999999999","0.00380087400000002","0.00734718600000003","1","D","D","D","E","E",0,0,0,0,0,0,0
"2053",2316,8666,8666,"a","a","g","g",0.00403877221324717,0.00403877221324717,0.00230786983614124,0.00230786983614124,0.000230786983614124,0.00207708285252712,0.000230786983614124,0.00207708285252712,0.00634664204938841,0.00634664204938841,0.00634664204938841,0.00634664204938841,"nonsyn","syn","nonsyn",1.77e-05,1.76e-06,1.7e-06,1.7e-06,"0.00438252","0.00073661","0.00762608000000001","0.000818455555555555","R","R","G","R","W",1,0,1,1,1,1,0
"2054",2317,8458,8458,"g","g","a","a",0.002009931425869,0.002009931425869,0.000354693781035706,0.000354693781035706,0,0.000354693781035706,0,0.000354693781035706,0.00236462520690471,0.00236462520690471,0.00236462520690471,0.00236462520690471,"nonsyn","nonsyn","nonsyn",4.2e-06,5.36e-07,1.17e-06,1.17e-06,"0.00208962352941176","0.00329862","1","0.00329862","R","R","K","T","M",0,1,1,0,1,1,0
"2055",2318,8457,8457,"g","g","a","a",0.00106420716566158,0.00106420716566158,0.000354735721887194,0.000354735721887194,0.000118245240629065,0.000236490481258129,0.000118245240629065,0.000236490481258129,0.00141894288754878,0.00141894288754878,0.00141894288754878,0.00141894288754878,"syn","nonsyn","nonsyn",4.2e-06,5.36e-07,1.17e-06,1.17e-06,"0.00394660000000001","0.00329823","0.00453295199999999","0.00494734500000001","R","R","R","S","S",0,1,1,0,0,0,0
"2056",2319,8621,8621,"t","t","c","c",0.0041758496694119,0.0041758496694119,0.000347987472450992,0.000347987472450992,0.000231991648300661,0.000115995824150331,0.000231991648300661,0.000115995824150331,0.00452383714186289,0.00452383714186289,0.00452383714186289,0.00452383714186289,"nonsyn","nonsyn","nonsyn",1.7e-05,1.07e-06,1.21e-06,1.21e-06,"0.00407102777777778","0.00347713666666666","0.004612235","0.01043141","S","S","P","T","A",1,0,1,0,0,0,0
"2057",2320,8602,8602,"c","c","t","t",0.00139502441292723,0.00139502441292723,0.000348756103231807,0.000348756103231807,0.000348756103231807,0,0.000348756103231807,0,0.00174378051615903,0.00174378051615903,0.00174378051615903,0.00174378051615903,"nonsyn","nonsyn","nonsyn",4.58e-06,8.37e-07,4.33e-07,4.33e-07,"0.00328309666666666","0.00124155533333333","0.002399958","1","S","S","F","Y","C",1,1,1,0,0,0,0
"2058",2321,8588,8588,"c","c","t","t",0.00116441546343735,0.00116441546343735,0.000116441546343735,0.000116441546343735,0.000116441546343735,0,0.000116441546343735,0,0.00128085700978109,0.00128085700978109,0.00128085700978109,0.00128085700978109,"syn","syn","syn",4.58e-06,8.37e-07,4.33e-07,4.33e-07,"0.00393330400000002","0.00371860400000001","0.00718815600000003","1","S","S","S","S","S",0,0,0,0,1,0,1
"2059",2322,8569,8569,"g","g","a","a",0.00291749328976543,0.00291749328976543,0.000116699731590617,0.000116699731590617,0,0.000116699731590617,0,0.000116699731590617,0.00303419302135605,0.00303419302135605,0.00303419302135605,0.00303419302135605,"nonsyn","nonsyn","stop",4.2e-06,5.36e-07,1.17e-06,1.17e-06,"0.001439592","0.01002573","1","0.01002573","E","E","K","Q","*",1,1,1,0,0,0,0
"2060",2323,8550,8550,"a","a","g","g",0.00327485380116959,0.00327485380116959,0.000584795321637427,0.000584795321637427,0.000233918128654971,0.000350877192982456,0.000233918128654971,0.000350877192982456,0.00385964912280702,0.00385964912280702,0.00385964912280702,0.00385964912280702,"nonsyn","nonsyn","nonsyn",1.77e-05,1.76e-06,1.7e-06,1.7e-06,"0.00540482142857143","0.002907","0.00752399999999999","0.004845","E","E","G","A","V",1,1,1,0,1,1,0
"2061",2324,8588,8588,"g","g","a","a",0.00221238938053097,0.00221238938053097,0.000349324639031206,0.000349324639031206,0.000116441546343735,0.000232883092687471,0.000116441546343735,0.000232883092687471,0.00256171401956218,0.00256171401956218,0.00256171401956218,0.00256171401956218,"syn","nonsyn","nonsyn",4.2e-06,5.36e-07,1.17e-06,1.17e-06,"0.0018984","0.00334932","0.00460316800000002","0.00502398","E","E","E","D","D",0,0,0,0,0,0,0
"2062",2325,8589,8590,"c","c","t","t",0.00162999185004075,0.00162999185004075,0.000116427989288625,0.000116427989288625,0.000116427989288625,0,0.000116427989288625,0,0.00174641983932937,0.00174641983932937,0.00174621653084983,0.00174621653084983,"nonsyn","nonsyn","nonsyn",4.58e-06,8.37e-07,4.33e-07,4.33e-07,"0.00280983","0.003719037","0.007188993","1","L","L","F","I","V",0,0,0,0,0,0,0
"2063",2326,8554,8555,"t","t","c","c",0.00257189618891747,0.00257189618891747,0.000818330605564648,0.000818330605564648,0.000701426233341127,0.000116904372223521,0.000701426233341127,0.000116904372223521,0.00339022679448211,0.00339022679448211,0.00338983050847458,0.00338983050847458,"nonsyn","nonsyn","nonsyn",1.7e-05,1.07e-06,1.21e-06,1.21e-06,"0.00660990909090908","0.00147862","0.00152546333333333","0.01035034","L","L","P","H","R",1,1,1,0,1,0,1
"2064",2327,8618,8618,"c","c","t","t",0.00127639823624971,0.00127639823624971,0.000232072406590856,0.000232072406590856,0.000232072406590856,0,0.000232072406590856,0,0.00150847064284057,0.00150847064284057,0.00150847064284057,0.00150847064284057,"syn","syn","syn",4.58e-06,8.37e-07,4.33e-07,4.33e-07,"0.00358822181818182","0.001865797","0.00360663300000001","1","L","L","L","L","L",0,0,0,0,0,0,0
"2065",2328,8615,8615,"a","a","g","g",0.004062681369704,0.004062681369704,0.000812536273940801,0.000812536273940801,0.000232153221125943,0.000580383052814858,0.000232153221125943,0.000580383052814858,0.00487521764364481,0.00487521764364481,0.00487521764364481,0.00487521764364481,"nonsyn","nonsyn","nonsyn",1.77e-05,1.76e-06,1.7e-06,1.7e-06,"0.00435672857142858","0.00209221428571429","0.0075812","0.0029291","S","S","G","R","C",1,1,1,1,1,1,0
"2066",2329,8596,8597,"g","g","a","a",0.00162866449511401,0.00162866449511401,0.000465332712889716,0.000465332712889716,0.000116333178222429,0.000348999534667287,0.000116333178222429,0.000348999534667287,0.00209399720800372,0.00209399720800372,0.00209375363498895,0.00209375363498895,"nonsyn","nonsyn","nonsyn",4.2e-06,5.36e-07,1.17e-06,1.17e-06,"0.00257879999999999","0.00251433","0.004607456","0.00335244","S","S","N","T","I",0,0,1,0,0,0,0
"2067",2330,8585,8585,"c","c","t","t",0.0243447874199185,0.0243447874199185,0.00011648223645894,0.00011648223645894,0.00011648223645894,0,0.00011648223645894,0,0.0244612696563774,0.0244612696563774,0.0244612696563774,0.0244612696563774,"syn","nonsyn","nonsyn",4.58e-06,8.37e-07,4.33e-07,4.33e-07,"0.000188130622009569","0.003717305","0.007185645","1","S","S","S","R","R",0,1,1,0,0,0,0
"2068",2331,8571,8571,"c","c","t","t",0.00338350250845876,0.00338350250845876,0.000233345000583362,0.000233345000583362,0.000233345000583362,0,0.000233345000583362,0,0.00361684750904212,0.00361684750904212,0.00361684750904212,0.00361684750904212,"nonsyn","nonsyn","nonsyn",4.58e-06,8.37e-07,4.33e-07,4.33e-07,"0.00135362689655172","0.0018556215","0.00358696350000001","1","P","P","S","T","A",1,1,1,0,1,0,1
"2069",2332,8571,8571,"c","c","t","t",0.00198343250495858,0.00198343250495858,0.00140007000350017,0.00140007000350017,0.00116672500291681,0.000233345000583362,0.00116672500291681,0.000233345000583362,0.00338350250845876,0.00338350250845876,0.00338350250845876,0.00338350250845876,"nonsyn","nonsyn","nonsyn",4.58e-06,8.37e-07,4.33e-07,4.33e-07,"0.00230912823529412","0.000309270250000001","0.000717392700000002","0.0018556215","P","P","L","Q","R",1,1,1,0,1,0,1
"2070",2333,8565,8565,"g","g","a","a",0.00490367775831874,0.00490367775831874,0.000116754232340922,0.000116754232340922,0,0.000116754232340922,0,0.000116754232340922,0.00502043199065966,0.00502043199065966,0.00502043199065966,0.00502043199065966,"syn","syn","syn",4.2e-06,5.36e-07,1.17e-06,1.17e-06,"0.0008565","0.01002105","1","0.01002105","P","P","P","P","P",0,0,0,0,0,0,0
"2071",2334,8551,8551,"t","t","c","c",0.00163723541106303,0.00163723541106303,0.000233890773009005,0.000233890773009005,0.000116945386504502,0.000116945386504502,0.000116945386504502,0.000116945386504502,0.00187112618407204,0.00187112618407204,0.00187112618407204,0.00187112618407204,"syn","nonsyn","nonsyn",1.7e-05,1.07e-06,1.21e-06,1.21e-06,"0.0103833571428572","0.005173355","0.00914957000000003","0.01034671","L","L","L","M","V",0,0,0,0,0,0,0
"2072",2335,8581,8581,"t","t","c","c",0.00221419414986598,0.00221419414986598,0.000699219205220837,0.000699219205220837,0.000699219205220837,0,0.000699219205220837,0,0.00291341335508682,0.00291341335508682,0.00291341335508682,0.00291341335508682,"nonsyn","stop","nonsyn",1.7e-05,1.07e-06,1.21e-06,1.21e-06,"0.00767773684210527","0.00173050166666667","0.00153027833333333","1","L","L","S","*","W",1,1,0,1,0,0,0
"2073",2336,8566,8566,"g","g","a","a",0.00198459024048564,0.00198459024048564,0,0,0,0,0,0,0.00198459024048564,0.00198459024048564,0.00198459024048564,0.00198459024048564,"syn","nonsyn","nonsyn",4.2e-06,5.36e-07,1.17e-06,1.17e-06,"0.00211630588235294","1","1","1","L","L","L","F","F",0,0,0,0,0,0,0
"2074",2337,8559,8559,"c","c","t","t",0.00186937726369903,0.00186937726369903,0.000233672157962379,0.000233672157962379,0.000233672157962379,0,0.000233672157962379,0,0.00210304942166141,0.00210304942166141,0.00210304942166141,0.00210304942166141,"syn","nonsyn","nonsyn",4.58e-06,8.37e-07,4.33e-07,4.33e-07,"0.00245001375","0.0018530235","0.0035819415","1","L","L","L","M","V",0,0,0,0,0,0,0
"2075",2338,8578,8578,"t","t","c","c",0.00547913266495687,0.00547913266495687,0.00139892748892516,0.00139892748892516,0.00128235019818139,0.000116577290743763,0.00128235019818139,0.000116577290743763,0.00687806015388202,0.00687806015388202,0.00687806015388202,0.00687806015388202,"nonsyn","nonsyn","nonsyn",1.7e-05,1.07e-06,1.21e-06,1.21e-06,"0.00310268085106383","0.000864948333333332","0.000834405454545457","0.01037938","L","L","P","Q","R",1,1,1,1,1,0,1
"2076",2339,8592,8592,"g","g","a","a",0.00314245810055866,0.00314245810055866,0,0,0,0,0,0,0.00314245810055866,0.00314245810055866,0.00314245810055866,0.00314245810055866,"syn","syn","syn",4.2e-06,5.36e-07,1.17e-06,1.17e-06,"0.00133653333333333","1","1","1","L","L","L","L","L",0,0,0,0,0,0,0
"2077",2340,8462,8462,"c","c","t","t",0.00378161191207752,0.00378161191207752,0.0551878988418813,0.0551878988418813,0.0548333727251241,0.000354526116757268,0.0548333727251241,0.000354526116757268,0.0589695107539589,0.0589695107539589,0.0589695107539589,0.0589695107539589,"syn","nonsyn","nonsyn",4.58e-06,8.37e-07,4.33e-07,4.33e-07,"0.00121112375","7.84592291220558e-06","1.52644267241379e-05","0.00122134866666667","L","L","L","M","V",0,0,0,0,0,0,0
"2078",2341,8382,8382,"t","t","c","c",0.00369840133619661,0.00369840133619661,0.000835122882366977,0.000835122882366977,0.000835122882366977,0,0.000835122882366977,0,0.00453352421856359,0.00453352421856359,0.00453352421856359,0.00453352421856359,"nonsyn","nonsyn","nonsyn",1.7e-05,1.07e-06,1.21e-06,1.21e-06,"0.00459658064516129","0.00144888857142857","0.00128124857142857","1","L","L","P","Q","R",1,1,1,1,1,0,1
"2079",2342,8405,8405,"a","g","g","a",0.00214158239143367,0.997620464009518,0.000237953599048186,0.000237953599048186,0,0.000237953599048186,0,0.000237953599048186,0.00237953599048186,0.997858417608566,0.00237953599048186,0.997858417608566,"syn","syn","syn",4.2e-06,5.36e-07,1.17e-06,1.17e-06,"4.21001788908766e-06","0.00491692499999999","1","0.00491692499999999","L","L","L","L","L",0,0,0,0,0,0,0
"2080",2343,8055,8055,"t","t","c","c",0.00434512725015518,0.00434512725015518,0,0,0,0,0,0,0.00434512725015518,0.00434512725015518,0.00434512725015518,0.00434512725015518,"nonsyn","nonsyn","nonsyn",1.7e-05,1.07e-06,1.21e-06,1.21e-06,"0.00391242857142857","1","1","1","S","S","P","T","A",1,0,1,0,0,0,0
"2081",2344,8112,8112,"c","c","t","t",0.0013560157790927,0.0013560157790927,0,0,0,0,0,0,0.0013560157790927,0.0013560157790927,0.0013560157790927,0.0013560157790927,"nonsyn","nonsyn","nonsyn",4.58e-06,8.37e-07,4.33e-07,4.33e-07,"0.00337754181818182","1","1","1","S","S","F","Y","C",1,1,1,0,0,0,0
"2082",2345,8041,8041,"c","c","t","t",0.00497450565850019,0.00497450565850019,0.000124362641462505,0.000124362641462505,0.000124362641462505,0,0.000124362641462505,0,0.00509886829996269,0.00509886829996269,0.00509886829996269,0.00509886829996269,"syn","syn","syn",4.58e-06,8.37e-07,4.33e-07,4.33e-07,"0.000920694499999999","0.00348175299999999","0.00673031699999998","1","S","S","S","S","S",0,0,0,0,1,0,1
"2083",2346,7886,7886,"a","a","g","g",0.00443824499112351,0.00443824499112351,0.000887648998224702,0.000887648998224702,0.000760841998478316,0.000126806999746386,0.000760841998478316,0.000126806999746386,0.00532589398934821,0.00532589398934821,0.00532589398934821,0.00532589398934821,"nonsyn","nonsyn","nonsyn",1.77e-05,1.76e-06,1.7e-06,1.7e-06,"0.00398806285714286","0.00191517142857143","0.00231322666666667","0.0134062","T","T","A","P","S",1,1,0,1,0,0,0
"2084",2347,7941,7942,"c","c","t","t",0.000881501070394157,0.000881501070394157,0,0,0,0,0,0,0.000881501070394157,0.000881501070394157,0.000881390078065978,0.000881390078065978,"nonsyn","nonsyn","nonsyn",4.58e-06,8.37e-07,4.33e-07,4.33e-07,"0.00519568285714286","1","1","1","T","T","I","N","S",1,0,0,0,0,0,0
"2085",2348,7933,7933,"c","c","t","t",0.00100844573301399,0.00100844573301399,0.000378167149880247,0.000378167149880247,0.000378167149880247,0,0.000378167149880247,0,0.00138661288289424,0.00138661288289424,0.00138661288289424,0.00138661288289424,"syn","syn","syn",4.58e-06,8.37e-07,4.33e-07,4.33e-07,"0.00454164250000001","0.00114499633333333","0.002213307","1","T","T","T","T","T",0,0,0,0,1,0,1
"2086",2349,7900,7900,"a","a","g","g",0.00215189873417722,0.00215189873417722,0.000759493670886076,0.000759493670886076,0.000253164556962025,0.000506329113924051,0.000253164556962025,0.000506329113924051,0.00291139240506329,0.00291139240506329,0.00291139240506329,0.00291139240506329,"nonsyn","nonsyn","nonsyn",1.77e-05,1.76e-06,1.7e-06,1.7e-06,"0.00822529411764704","0.00223833333333333","0.00695200000000001","0.0033575","T","T","A","P","S",1,1,0,1,0,0,0
"2087",2350,7979,7979,"c","c","t","t",0.00200526381752099,0.00200526381752099,0,0,0,0,0,0,0.00200526381752099,0.00200526381752099,0.00200526381752099,0.00200526381752099,"nonsyn","nonsyn","nonsyn",4.58e-06,8.37e-07,4.33e-07,4.33e-07,"0.00228398875","1","1","1","T","T","I","K","R",1,1,1,0,0,0,0
"2088",2351,7961,7961,"g","a","a","g",0.00226102248461249,0.997487752794875,0.000251224720512498,0.000251224720512498,0,0.000251224720512498,0,0.000251224720512498,0.00251224720512498,0.997738977515388,0.00251224720512498,0.997738977515388,"syn","syn","syn",1.77e-05,1.76e-06,1.7e-06,1.7e-06,"1.77445787684171e-05","0.00676685000000001","1","0.00676685000000001","T","T","T","T","T",0,0,0,1,0,0,0
"2089",2352,7951,7951,"c","c","t","t",0.00125770343353037,0.00125770343353037,0.000251540686706075,0.000251540686706075,0.000125770343353037,0.000125770343353037,0.000125770343353037,0.000125770343353037,0.00150924412023645,0.00150924412023645,0.00150924412023645,0.00150924412023645,"stop","nonsyn","nonsyn",4.58e-06,8.37e-07,4.33e-07,4.33e-07,"0.00364155800000001","0.0017213915","0.00665498700000002","0.00344278300000001","Q","Q","*","K","E",1,1,1,0,0,0,0
"2090",2353,7905,7905,"a","a","g","g",0.00303605313092979,0.00303605313092979,0.000253004427577483,0.000253004427577483,0,0.000253004427577483,0,0.000253004427577483,0.00328905755850727,0.00328905755850727,0.00328905755850727,0.00328905755850727,"nonsyn","nonsyn","nonsyn",1.77e-05,1.76e-06,1.7e-06,1.7e-06,"0.0058299375","0.00671924999999999","1","0.00671924999999999","Q","Q","R","P","L",1,1,1,1,1,1,0
"2091",2354,7880,7880,"g","g","a","a",0.000888324873096447,0.000888324873096447,0.000126903553299492,0.000126903553299492,0.000126903553299492,0,0.000126903553299492,0,0.00101522842639594,0.00101522842639594,0.00101522842639594,0.00101522842639594,"syn","nonsyn","nonsyn",4.2e-06,5.36e-07,1.17e-06,1.17e-06,"0.004728","0.00921960000000003","0.00422368000000001","1","Q","Q","Q","H","H",0,1,1,0,0,0,0
"2092",2355,7795,7795,"t","t","c","c",0.00192431045542014,0.00192431045542014,0.000513149454778704,0.000513149454778704,0.000384862091084028,0.000128287363694676,0.000384862091084028,0.000128287363694676,0.00243745991019885,0.00243745991019885,0.00243745991019885,0.00243745991019885,"nonsyn","nonsyn","nonsyn",1.7e-05,1.07e-06,1.21e-06,1.21e-06,"0.00883433333333334","0.0023579875","0.00278021666666667","0.00943195","W","W","R","R","G",1,1,1,1,0,0,0
"2093",2356,7768,7768,"g","g","a","a",0.00193099897013388,0.00193099897013388,0.000901132852729145,0.000901132852729145,0,0.000901132852729145,0,0.000901132852729145,0.00283213182286303,0.00283213182286303,0.00283213182286303,0.00283213182286303,"stop","nonsyn","nonsyn",4.2e-06,5.36e-07,1.17e-06,1.17e-06,"0.00217504","0.00129836571428571","1","0.00129836571428571","W","W","*","S","L",1,1,0,0,1,1,0
"2094",2357,7750,7750,"g","g","a","a",0.00258064516129032,0.00258064516129032,0.000129032258064516,0.000129032258064516,0.000129032258064516,0,0.000129032258064516,0,0.00270967741935484,0.00270967741935484,0.00270967741935484,0.00270967741935484,"stop","nonsyn","nonsyn",4.2e-06,5.36e-07,1.17e-06,1.17e-06,"0.0016275","0.00906750000000001","0.004154","1","W","W","*","C","C",1,1,1,0,0,0,0
"2095",2358,7635,7635,"c","c","t","t",0.00353634577603143,0.00353634577603143,0.000261951538965291,0.000261951538965291,0.000130975769482646,0.000130975769482646,0.000130975769482646,0.000130975769482646,0.00379829731499673,0.00379829731499673,0.00379829731499673,0.00379829731499673,"stop","nonsyn","nonsyn",4.58e-06,8.37e-07,4.33e-07,4.33e-07,"0.00129512222222222","0.0016529775","0.00639049499999999","0.00330595499999999","Q","Q","*","K","E",1,1,1,0,0,0,0
"2096",2359,7552,7552,"a","a","g","g",0.00489936440677966,0.00489936440677966,0.00211864406779661,0.00211864406779661,0.000397245762711864,0.00172139830508475,0.000397245762711864,0.00172139830508475,0.00701800847457627,0.00701800847457627,0.00701800847457627,0.00701800847457627,"nonsyn","nonsyn","nonsyn",1.77e-05,1.76e-06,1.7e-06,1.7e-06,"0.00361271351351351","0.0008024","0.00443050666666667","0.000987569230769228","Q","Q","R","P","L",1,1,1,1,1,1,0
"2097",2360,7436,7438,"g","g","a","a",0.0029585798816568,0.0029585798816568,0.000403442711135019,0.000403442711135019,0.000134480903711673,0.000268961807423346,0.000134480903711673,0.000268961807423346,0.00336202259279182,0.00336202259279182,0.00336111858026351,0.00336111858026351,"syn","nonsyn","nonsyn",4.2e-06,5.36e-07,1.17e-06,1.17e-06,"0.0014196","0.00290004","0.003985696","0.00435006","Q","Q","Q","H","H",0,1,1,0,1,1,0
"2098",2361,7133,7133,"g","g","a","a",0.0018225150707977,0.0018225150707977,0,0,0,0,0,0,0.0018225150707977,0.0018225150707977,0.0018225150707977,0.0018225150707977,"nonsyn","nonsyn","nonsyn",4.2e-06,5.36e-07,1.17e-06,1.17e-06,"0.00230450769230769","1","1","1","V","V","I","L","F",0,0,0,0,0,0,0
"2099",2362,6848,6848,"t","t","c","c",0.00642523364485981,0.00642523364485981,0.000876168224299065,0.000876168224299065,0.000730140186915888,0.000146028037383178,0.000730140186915888,0.000146028037383178,0.00730140186915888,0.00730140186915888,0.00730140186915888,0.00730140186915888,"nonsyn","nonsyn","nonsyn",1.7e-05,1.07e-06,1.21e-06,1.21e-06,"0.00264581818181818","0.00138101333333333","0.001465472","0.00828607999999998","V","V","A","D","G",0,1,1,0,0,0,0
"2100",2363,6698,6699,"c","c","t","t",0.00149298297999403,0.00149298297999403,0,0,0,0,0,0,0.00149298297999403,0.00149298297999403,0.00149276011344977,0.00149276011344977,"syn","syn","syn",4.58e-06,8.37e-07,4.33e-07,4.33e-07,"0.003067684","1","1","1","V","V","V","V","V",0,0,0,0,0,0,0
"2101",2364,6670,6670,"c","c","t","t",0.000899550224887556,0.000899550224887556,0.000299850074962519,0.000299850074962519,0.000299850074962519,0,0.000299850074962519,0,0.00119940029985007,0.00119940029985007,0.00119940029985007,0.00119940029985007,"nonsyn","nonsyn","nonsyn",4.58e-06,8.37e-07,4.33e-07,4.33e-07,"0.00509143333333334","0.001444055","0.002791395","1","L","L","F","I","V",0,0,0,0,1,0,1
"2102",2365,6642,6642,"t","t","c","c",0.00346281240590184,0.00346281240590184,0.000602228244504667,0.000602228244504667,0.0004516711833785,0.000150557061126167,0.0004516711833785,0.000150557061126167,0.0040650406504065,0.0040650406504065,0.0040650406504065,0.0040650406504065,"nonsyn","nonsyn","nonsyn",1.7e-05,1.07e-06,1.21e-06,1.21e-06,"0.00490930434782608","0.002009205","0.00236898","0.00803681999999999","L","L","P","H","R",1,1,1,0,1,0,1
"2103",2366,6706,6706,"t","t","c","c",0.00193856248135998,0.00193856248135998,0.000298240381747689,0.000298240381747689,0.000149120190873844,0.000149120190873844,0.000149120190873844,0.000149120190873844,0.00223680286310766,0.00223680286310766,0.00223680286310766,0.00223680286310766,"syn","syn","syn",1.7e-05,1.07e-06,1.21e-06,1.21e-06,"0.0087693846153846","0.00405713","0.00717542000000001","0.00811426000000002","L","L","L","L","L",0,0,0,0,0,0,0
"2104",2367,6684,6684,"c","c","t","t",0.00807899461400359,0.00807899461400359,0.000448833034111311,0.000448833034111311,0.000448833034111311,0,0.000448833034111311,0,0.0085278276481149,0.0085278276481149,0.0085278276481149,0.0085278276481149,"nonsyn","nonsyn","nonsyn",4.58e-06,8.37e-07,4.33e-07,4.33e-07,"0.000566902222222222","0.000964723999999999","0.001864836","1","P","P","S","T","A",1,1,1,0,0,0,0
"2105",2368,6717,6717,"c","c","t","t",0.00223313979455114,0.00223313979455114,0.000744379931517046,0.000744379931517046,0.000744379931517046,0,0.000744379931517046,0,0.00297751972606819,0.00297751972606819,0.00297751972606819,0.00297751972606819,"nonsyn","nonsyn","nonsyn",4.58e-06,8.37e-07,4.33e-07,4.33e-07,"0.002050924","0.0005816922","0.0011244258","1","P","P","L","Q","R",1,1,1,0,1,0,1
"2106",2369,6653,6653,"g","g","a","a",0.000751540658349617,0.000751540658349617,0,0,0,0,0,0,0.000751540658349617,0.000751540658349617,0.000751540658349617,0.000751540658349617,"syn","syn","syn",4.2e-06,5.36e-07,1.17e-06,1.17e-06,"0.00558852","1","1","1","P","P","P","P","P",0,0,0,0,0,0,0
"2107",2370,6605,6605,"t","t","c","c",0.00514761544284633,0.00514761544284633,0.00257380772142316,0.00257380772142316,0.00211960635881908,0.000454201362604088,0.00211960635881908,0.000454201362604088,0.00772142316426949,0.00772142316426949,0.00772142316426949,0.00772142316426949,"nonsyn","nonsyn","nonsyn",1.7e-05,1.07e-06,1.21e-06,1.21e-06,"0.0033025","0.000470120588235295","0.000504810714285713","0.00266401666666667","C","C","R","S","G",1,1,0,1,0,0,0
"2108",2371,6602,6602,"g","g","a","a",0.00136322326567707,0.00136322326567707,0,0,0,0,0,0,0.00136322326567707,0.00136322326567707,0.00136322326567707,0.00136322326567707,"nonsyn","nonsyn","nonsyn",4.2e-06,5.36e-07,1.17e-06,1.17e-06,"0.00308093333333333","1","1","1","C","C","Y","S","F",1,1,1,0,0,0,0
"2109",2372,6646,6646,"t","t","c","c",0.00300932891965092,0.00300932891965092,0.00436352693349383,0.00436352693349383,0.00436352693349383,0,0.00436352693349383,0,0.00737285585314475,0.00737285585314475,0.00737285585314475,0.00737285585314475,"syn","stop","nonsyn",1.7e-05,1.07e-06,1.21e-06,1.21e-06,"0.0056491","0.000277298620689655","0.000245214482758621","1","C","C","C","*","W",0,1,1,0,0,0,0
"2110",2373,6641,6641,"t","t","c","c",0.00511971088691462,0.00511971088691462,0.00225869597952116,0.00225869597952116,0.000451739195904231,0.00180695678361693,0.000451739195904231,0.00180695678361693,0.00737840686643578,0.00737840686643578,0.00737840686643578,0.00737840686643578,"nonsyn","nonsyn","nonsyn",1.7e-05,1.07e-06,1.21e-06,1.21e-06,"0.0033205","0.000535707333333332","0.00236862333333333","0.000669634166666665","S","S","P","T","A",1,0,1,0,0,0,0
"2111",2374,6657,6657,"c","c","t","t",0.0028541385008262,0.0028541385008262,0.000450653447498873,0.000450653447498873,0.000450653447498873,0,0.000450653447498873,0,0.00330479194832507,0.00330479194832507,0.00330479194832507,0.00330479194832507,"nonsyn","nonsyn","nonsyn",4.58e-06,8.37e-07,4.33e-07,4.33e-07,"0.00160468736842105","0.000960827000000001","0.001857303","1","S","S","F","Y","C",1,1,1,0,0,0,0
"2112",2375,6681,6681,"c","t","t","c",0.000299356383774884,0.999700643616225,0,0,0,0,0,0,0.000299356383774884,0.999700643616225,0.000299356383774884,0.999700643616225,"syn","syn","syn",1.7e-05,1.07e-06,1.21e-06,1.21e-06,"1.70050905824225e-05","1","1","1","S","S","S","S","S",0,0,0,0,1,0,1
"2113",2376,6634,6634,"t","t","c","c",0.0034669882423877,0.0034669882423877,0.00120590895387398,0.00120590895387398,0.000452215857702743,0.000753693096171239,0.000452215857702743,0.000753693096171239,0.00467289719626168,0.00467289719626168,0.00467289719626168,0.00467289719626168,"nonsyn","nonsyn","nonsyn",1.7e-05,1.07e-06,1.21e-06,1.21e-06,"0.00490339130434783","0.0010033925","0.00236612666666667","0.001605428","F","F","L","I","V",0,0,0,0,0,0,0
"2114",2377,6638,6638,"t","t","c","c",0.00301295570955107,0.00301295570955107,0.00045194335643266,0.00045194335643266,0.00045194335643266,0,0.00045194335643266,0,0.00346489906598373,0.00346489906598373,0.00346489906598373,0.00346489906598373,"nonsyn","nonsyn","nonsyn",1.7e-05,1.07e-06,1.21e-06,1.21e-06,"0.0056423","0.00267732666666667","0.00236755333333334","1","F","F","S","Y","C",1,0,1,0,0,0,0
"2115",2378,6453,6453,"c","c","t","t",0.00139470013947001,0.00139470013947001,0.000154966682163335,0.000154966682163335,0.000154966682163335,0,0.000154966682163335,0,0.00154966682163335,0.00154966682163335,0.00154966682163335,0.00154966682163335,"syn","nonsyn","nonsyn",4.58e-06,8.37e-07,4.33e-07,4.33e-07,"0.00328386000000001","0.002794149","0.005401161","1","F","F","F","L","L",0,0,0,0,0,0,0
"2116",2379,6409,6409,"a","a","g","g",0.00312061163988142,0.00312061163988142,0.000780152909970354,0.000780152909970354,0.000468091745982213,0.000312061163988142,0.000468091745982213,0.000312061163988142,0.00390076454985177,0.00390076454985177,0.00390076454985177,0.00390076454985177,"nonsyn","nonsyn","nonsyn",1.77e-05,1.76e-06,1.7e-06,1.7e-06,"0.00567196499999999","0.00217906","0.00375994666666666","0.00544764999999999","T","T","A","P","S",1,1,0,1,0,0,0
"2117",2380,6434,6434,"c","c","t","t",0.00124339446689462,0.00124339446689462,0.000155424308361828,0.000155424308361828,0,0.000155424308361828,0,0.000155424308361828,0.00139881877525645,0.00139881877525645,0.00139881877525645,0.00139881877525645,"nonsyn","nonsyn","nonsyn",4.58e-06,8.37e-07,4.33e-07,4.33e-07,"0.00368346500000001","0.002785922","1","0.002785922","T","T","M","K","R",1,1,1,0,0,0,0
"2118",2381,6431,6431,"g","g","a","a",0.00202145856009952,0.00202145856009952,0.000466490436946043,0.000466490436946043,0,0.000466490436946043,0,0.000466490436946043,0.00248794899704556,0.00248794899704556,0.00248794899704556,0.00248794899704556,"syn","syn","syn",4.2e-06,5.36e-07,1.17e-06,1.17e-06,"0.00207770769230769","0.00250809","1","0.00250809","T","T","T","T","T",0,0,0,0,0,0,0
"2119",2382,6355,6355,"a","a","g","g",0.004720692368214,0.004720692368214,0.0003147128245476,0.0003147128245476,0,0.0003147128245476,0,0.0003147128245476,0.00503540519276161,0.00503540519276161,0.00503540519276161,0.00503540519276161,"nonsyn","nonsyn","nonsyn",1.77e-05,1.76e-06,1.7e-06,1.7e-06,"0.00374945","0.00540175000000001","1","0.00540175000000001","T","T","A","P","S",1,1,0,0,0,0,0
"2120",2383,6321,6321,"c","c","t","t",0.00110741971207087,0.00110741971207087,0,0,0,0,0,0,0.00110741971207087,0.00110741971207087,0.00110741971207087,0.00110741971207087,"nonsyn","nonsyn","nonsyn",4.58e-06,8.37e-07,4.33e-07,4.33e-07,"0.00413574000000002","1","1","1","T","T","I","N","S",1,0,0,0,0,0,0
"2121",2384,6338,6338,"c","c","t","t",0.00189334174818555,0.00189334174818555,0.000157778479015462,0.000157778479015462,0.000157778479015462,0,0.000157778479015462,0,0.00205112022720101,0.00205112022720101,0.00205112022720101,0.00205112022720101,"syn","syn","syn",4.58e-06,8.37e-07,4.33e-07,4.33e-07,"0.00241900333333333","0.00274435400000001","0.00530490600000001","1","T","T","T","T","T",0,0,0,0,1,0,1
"2122",2385,6334,6336,"t","c","c","t",0.0416798231765077,0.957530786233028,0.000789390590464162,0.000789390590464162,0.000473634354278497,0.000315756236185665,0.000473634354278497,0.000315756236185665,0.0424692137669719,0.958320176823492,0.0424558080808081,0.958017676767677,"syn","nonsyn","nonsyn",4.58e-06,8.37e-07,4.33e-07,4.33e-07,"4.78313602638087e-06","0.0005485244","0.001767186","0.001371311","L","L","L","M","V",0,0,0,0,1,0,1
"2123",2386,6502,6502,"t","t","c","c",0.00292217779144879,0.00292217779144879,0.00246078129806213,0.00246078129806213,0.00246078129806213,0,0.00246078129806213,0,0.00538295908951092,0.00538295908951092,0.00538295908951092,0.00538295908951092,"nonsyn","nonsyn","nonsyn",1.7e-05,1.07e-06,1.21e-06,1.21e-06,"0.00581757894736841","0.000491713750000001","0.000434821250000001","1","L","L","P","Q","R",1,1,1,1,1,0,1
"2124",2387,6434,6434,"g","g","a","a",0.00155424308361828,0.00155424308361828,0.000310848616723656,0.000310848616723656,0.000155424308361828,0.000155424308361828,0.000155424308361828,0.000155424308361828,0.00186509170034193,0.00186509170034193,0.00186509170034193,0.00186509170034193,"syn","syn","syn",4.2e-06,5.36e-07,1.17e-06,1.17e-06,"0.00270228","0.00376389","0.003448624","0.00752777999999999","L","L","L","L","L",0,0,0,0,0,0,0
"2125",2388,6437,6439,"c","c","t","t",0.00310703743980115,0.00310703743980115,0.000310703743980115,0.000310703743980115,0.000310703743980115,0,0.000310703743980115,0,0.00341774118378126,0.00341774118378126,0.00341667960863488,0.00341667960863488,"nonsyn","nonsyn","nonsyn",4.58e-06,8.37e-07,4.33e-07,4.33e-07,"0.001474073","0.0013936105","0.0026938845","1","P","P","S","T","A",1,1,1,0,0,0,0
"2126",2389,6449,6449,"c","c","t","t",0.0044968212125911,0.0044968212125911,0.000310125600868352,0.000310125600868352,0.000310125600868352,0,0.000310125600868352,0,0.00480694681345945,0.00480694681345945,0.00480694681345945,0.00480694681345945,"nonsyn","nonsyn","nonsyn",4.58e-06,8.37e-07,4.33e-07,4.33e-07,"0.00101849724137931","0.0013962085","0.0026989065","1","P","P","L","Q","R",1,1,1,0,1,0,1
"2127",2390,6429,6429,"a","a","g","g",0.00404417483278892,0.00404417483278892,0.00217763260227096,0.00217763260227096,0.000155545185876497,0.00202208741639446,0.000155545185876497,0.00202208741639446,0.00622180743505989,0.00622180743505989,0.00622180743505989,0.00622180743505989,"syn","syn","syn",1.77e-05,1.76e-06,1.7e-06,1.7e-06,"0.00437666538461539","0.000780664285714286","0.01131504","0.000840715384615386","P","P","P","P","P",0,0,0,1,1,1,0
"2128",2391,6368,6368,"g","g","a","a",0.000942211055276382,0.000942211055276382,0.00109924623115578,0.00109924623115578,0.000157035175879397,0.000942211055276382,0.000157035175879397,0.000942211055276382,0.00204145728643216,0.00204145728643216,0.00204145728643216,0.00204145728643216,"nonsyn","nonsyn","nonsyn",4.2e-06,5.36e-07,1.17e-06,1.17e-06,"0.0044576","0.00106436571428571","0.003413248","0.00124176","A","A","T","P","S",1,1,1,0,0,0,0
"2129",2392,6353,6354,"c","c","t","t",0.00314811899889816,0.00314811899889816,0,0,0,0,0,0,0.00314811899889816,0.00314811899889816,0.00314762354422411,0.00314762354422411,"nonsyn","nonsyn","nonsyn",4.58e-06,8.37e-07,4.33e-07,4.33e-07,"0.001454837","1","1","1","A","A","V","D","G",0,1,1,0,0,0,0
"2130",2393,6424,6424,"c","c","t","t",0.00217932752179328,0.00217932752179328,0.000155666251556663,0.000155666251556663,0.000155666251556663,0,0.000155666251556663,0,0.00233499377334994,0.00233499377334994,0.00233499377334994,0.00233499377334994,"syn","syn","syn",4.58e-06,8.37e-07,4.33e-07,4.33e-07,"0.00210156571428571","0.00278159199999999","0.00537688799999998","1","A","A","A","A","A",0,0,0,0,1,0,1
"2131",2394,6560,6560,"t","t","c","c",0.00304878048780488,0.00304878048780488,0.000609756097560976,0.000609756097560976,0.000457317073170732,0.000152439024390244,0.000457317073170732,0.000152439024390244,0.00365853658536585,0.00365853658536585,0.00365853658536585,0.00365853658536585,"syn","nonsyn","nonsyn",1.7e-05,1.07e-06,1.21e-06,1.21e-06,"0.005576","0.0019844","0.00233973333333333","0.00793759999999999","L","L","L","M","V",0,0,0,0,1,0,1
"2132",2395,6544,6544,"t","t","c","c",0.00443154034229829,0.00443154034229829,0.000764058679706602,0.000764058679706602,0.000611246943765281,0.00015281173594132,0.000611246943765281,0.00015281173594132,0.00519559902200489,0.00519559902200489,0.00519559902200489,0.00519559902200489,"nonsyn","stop","nonsyn",1.7e-05,1.07e-06,1.21e-06,1.21e-06,"0.00383613793103448","0.001583648","0.00175052","0.00791824000000002","L","L","S","*","W",1,1,0,1,0,0,0
"2133",2396,6592,6593,"g","g","a","a",0.00136529126213592,0.00136529126213592,0,0,0,0,0,0,0.00136529126213592,0.00136529126213592,0.00136508418019111,0.00136508418019111,"syn","nonsyn","nonsyn",4.2e-06,5.36e-07,1.17e-06,1.17e-06,"0.00307626666666667","1","1","1","L","L","L","F","F",0,0,0,0,0,0,0
"2134",2397,6591,6591,"t","t","c","c",0.00409649522075558,0.00409649522075558,0.000606888180852678,0.000606888180852678,0.000303444090426339,0.000303444090426339,0.000303444090426339,0.000303444090426339,0.00470338340160825,0.00470338340160825,0.00470338340160825,0.00470338340160825,"nonsyn","nonsyn","nonsyn",1.7e-05,1.07e-06,1.21e-06,1.21e-06,"0.00414988888888888","0.0019937775","0.003526185","0.003987555","S","S","P","T","A",1,0,1,0,0,0,0
"2135",2398,6628,6628,"c","c","t","t",0.00181050090525045,0.00181050090525045,0.000452625226312613,0.000452625226312613,0.000452625226312613,0,0.000452625226312613,0,0.00226312613156307,0.00226312613156307,0.00226312613156307,0.00226312613156307,"nonsyn","nonsyn","nonsyn",4.58e-06,8.37e-07,4.33e-07,4.33e-07,"0.00252968666666667","0.000956641333333334","0.001849212","1","S","S","F","Y","C",1,1,1,0,0,0,0
"2136",2399,6623,6624,"c","c","t","t",0.0022648346670693,0.0022648346670693,0.000452966933413861,0.000452966933413861,0.000301977955609241,0.00015098897780462,0.000301977955609241,0.00015098897780462,0.00271780160048316,0.00271780160048316,0.00271739130434783,0.00271739130434783,"syn","syn","syn",4.58e-06,8.37e-07,4.33e-07,4.33e-07,"0.00202222266666667","0.000955919666666666","0.0027717255","0.00286775900000001","S","S","S","S","S",0,0,0,0,1,0,1
"2137",2400,6571,6572,"a","a","g","g",0.00243494140922234,0.00243494140922234,0.000456551514229189,0.000456551514229189,0.000152183838076396,0.000304367676152793,0.000152183838076396,0.000304367676152793,0.00289149292345153,0.00289149292345153,0.00289105295191722,0.00289105295191722,"nonsyn","nonsyn","nonsyn",1.77e-05,1.76e-06,1.7e-06,1.7e-06,"0.00726916875","0.00372356666666667","0.01156496","0.00558534999999999","T","T","A","P","S",1,1,0,1,0,0,0
"2138",2401,6486,6486,"c","c","t","t",0.00215849522047487,0.00215849522047487,0.000154178230033919,0.000154178230033919,0.000154178230033919,0,0.000154178230033919,0,0.00231267345050879,0.00231267345050879,0.00231267345050879,0.00231267345050879,"nonsyn","nonsyn","nonsyn",4.58e-06,8.37e-07,4.33e-07,4.33e-07,"0.00212184857142857","0.002808438","0.00542878200000001","1","T","T","I","N","S",1,0,0,0,0,0,0
"2139",2402,6484,6484,"t","c","c","t",0.00231338679827267,0.995835903763109,0.00185070943861814,0.00185070943861814,0.00107958050586058,0.000771128932757557,0.00107958050586058,0.000771128932757557,0.00416409623689081,0.997686613201727,0.00416409623689081,0.997686613201727,"syn","syn","syn",4.58e-06,8.37e-07,4.33e-07,4.33e-07,"4.59915130865727e-06","0.000233964333333333","0.000775301142857143","0.0005615144","T","T","T","T","T",0,0,0,0,1,0,1
"2140",2403,6507,6507,"g","g","a","a",0.00199784847087752,0.00199784847087752,0.000307361303211926,0.000307361303211926,0,0.000307361303211926,0,0.000307361303211926,0.00230520977408944,0.00230520977408944,0.00230520977408944,0.00230520977408944,"nonsyn","nonsyn","nonsyn",4.2e-06,5.36e-07,1.17e-06,1.17e-06,"0.00210226153846153","0.003806595","1","0.003806595","G","G","S","R","C",1,1,0,0,1,1,0
"2141",2404,6514,6514,"g","g","a","a",0.00214921707092416,0.00214921707092416,0.000460546515198035,0.000460546515198035,0,0.000460546515198035,0,0.000460546515198035,0.0026097635861222,0.0026097635861222,0.0026097635861222,0.0026097635861222,"nonsyn","nonsyn","nonsyn",4.2e-06,5.36e-07,1.17e-06,1.17e-06,"0.0019542","0.00254046","1","0.00254046","G","G","D","A","V",1,1,1,0,0,0,0
"2142",2405,6499,6499,"c","c","t","t",0.00246191721803354,0.00246191721803354,0.000153869826127096,0.000153869826127096,0,0.000153869826127096,0,0.000153869826127096,0.00261578704416064,0.00261578704416064,0.00261578704416064,0.00261578704416064,"syn","syn","syn",4.58e-06,8.37e-07,4.33e-07,4.33e-07,"0.00186033875","0.00281406700000001","1","0.00281406700000001","G","G","G","G","G",0,0,0,0,0,0,0
"2143",2406,6528,6528,"c","c","t","t",0.00214460784313726,0.00214460784313726,0.000306372549019608,0.000306372549019608,0.000306372549019608,0,0.000306372549019608,0,0.00245098039215686,0.00245098039215686,0.00245098039215686,0.00245098039215686,"nonsyn","nonsyn","nonsyn",4.58e-06,8.37e-07,4.33e-07,4.33e-07,"0.00213558857142857","0.001413312","0.002731968","1","L","L","F","I","V",0,0,0,0,1,0,1
"2144",2407,6517,6519,"t","t","c","c",0.00398956575111247,0.00398956575111247,0.00107411385606874,0.00107411385606874,0.000920669019487494,0.000153444836581249,0.000920669019487494,0.000153444836581249,0.00506367960718122,0.00506367960718122,0.00506212609295904,0.00506212609295904,"nonsyn","nonsyn","nonsyn",1.7e-05,1.07e-06,1.21e-06,1.21e-06,"0.00426111538461539","0.00112651","0.00116219833333333","0.00788557","L","L","P","H","R",1,1,1,0,1,0,1
"2145",2408,6591,6591,"c","c","t","t",0.00121377636170536,0.00121377636170536,0,0,0,0,0,0,0.00121377636170536,0.00121377636170536,0.00121377636170536,0.00121377636170536,"syn","syn","syn",4.58e-06,8.37e-07,4.33e-07,4.33e-07,"0.00377334749999999","1","1","1","L","L","L","L","L",0,0,0,0,0,0,0
"2146",2409,6587,6587,"a","a","g","g",0.00242902687110976,0.00242902687110976,0.00015181417944436,0.00015181417944436,0,0.00015181417944436,0,0.00015181417944436,0.00258084105055412,0.00258084105055412,0.00258084105055412,0.00258084105055412,"nonsyn","nonsyn","nonsyn",1.77e-05,1.76e-06,1.7e-06,1.7e-06,"0.00728686875","0.0111979","1","0.0111979","I","I","V","L","F",0,0,0,1,0,0,0
"2147",2410,6451,6451,"t","t","c","c",0.0079057510463494,0.0079057510463494,0.000620058905596032,0.000620058905596032,0.000465044179197024,0.000155014726399008,0.000465044179197024,0.000155014726399008,0.00852580995194543,0.00852580995194543,0.00852580995194543,0.00852580995194543,"nonsyn","nonsyn","nonsyn",1.7e-05,1.07e-06,1.21e-06,1.21e-06,"0.00215033333333333","0.0019514275","0.00230085666666667","0.00780571","I","I","T","N","S",1,1,1,0,0,0,0
"2148",2411,6427,6427,"c","c","t","t",0.0334526217519838,0.0334526217519838,0.000622374358176443,0.000622374358176443,0.000466780768632332,0.000155593589544111,0.000466780768632332,0.000155593589544111,0.0340749961101603,0.0340749961101603,0.0340749961101603,0.0340749961101603,"syn","syn","nonsyn",4.58e-06,8.37e-07,4.33e-07,4.33e-07,"0.000136910046511628","0.00069572275","0.001793133","0.002782891","I","I","I","I","M",0,0,0,0,0,0,0
"2149",2412,6370,6370,"c","c","t","t",0.00298273155416013,0.00298273155416013,0.000470957613814757,0.000470957613814757,0.000470957613814757,0,0.000470957613814757,0,0.00345368916797488,0.00345368916797488,0.00345368916797488,0.00345368916797488,"nonsyn","nonsyn","nonsyn",4.58e-06,8.37e-07,4.33e-07,4.33e-07,"0.00153550526315789","0.000919403333333333","0.00177723","1","H","H","Y","N","D",1,1,1,0,1,0,1
"2150",2413,6295,6295,"a","a","g","g",0.00222398729150119,0.00222398729150119,0.000317712470214456,0.000317712470214456,0.000317712470214456,0,0.000317712470214456,0,0.00254169976171565,0.00254169976171565,0.00254169976171565,0.00254169976171565,"nonsyn","nonsyn","nonsyn",1.77e-05,1.76e-06,1.7e-06,1.7e-06,"0.00795867857142858","0.00535075","0.0055396","1","H","H","R","P","L",0,1,1,1,0,0,0
"2151",2414,6297,6297,"c","c","t","t",0.288708909004288,0.288708909004288,0.000317611561060823,0.000317611561060823,0.000158805780530411,0.000158805780530411,0.000158805780530411,0.000158805780530411,0.289026520565349,0.289026520565349,0.289026520565349,0.289026520565349,"syn","nonsyn","nonsyn",4.58e-06,8.37e-07,4.33e-07,4.33e-07,"1.58637293729373e-05","0.0013633005","0.00527058900000001","0.00272660100000001","H","H","H","Q","Q",0,1,1,0,0,0,0
"2152",2415,6413,6413,"c","c","t","t",0.00093559956338687,0.00093559956338687,0.000467799781693435,0.000467799781693435,0.000311866521128957,0.000155933260564478,0.000311866521128957,0.000155933260564478,0.00140339934508031,0.00140339934508031,0.00140339934508031,0.00140339934508031,"nonsyn","nonsyn","nonsyn",4.58e-06,8.37e-07,4.33e-07,4.33e-07,"0.00489525666666667","0.000925609666666667","0.0026838405","0.00277682900000001","L","L","F","I","V",0,0,0,0,1,0,1
"2153",2416,6437,6437,"t","t","c","c",0.00543731551965201,0.00543731551965201,0.000932111231940345,0.000932111231940345,0.000932111231940345,0,0.000932111231940345,0,0.00636942675159236,0.00636942675159236,0.00636942675159236,0.00636942675159236,"nonsyn","nonsyn","nonsyn",1.7e-05,1.07e-06,1.21e-06,1.21e-06,"0.00312654285714286","0.00129812833333333","0.00114793166666667","1","L","L","P","H","R",1,1,1,0,1,0,1
"2154",2417,6484,6485,"c","c","t","t",0.000771128932757557,0.000771128932757557,0.000616903146206046,0.000616903146206046,0.000616903146206046,0,0.000616903146206046,0,0.0013880320789636,0.0013880320789636,0.00138781804163454,0.00138781804163454,"syn","syn","syn",4.58e-06,8.37e-07,4.33e-07,4.33e-07,"0.005939344","0.000701893","0.001356777","1","L","L","L","L","L",0,0,0,0,0,0,0
"2155",2418,6507,6507,"c","c","t","t",0.000922083909635777,0.000922083909635777,0.000307361303211926,0.000307361303211926,0.000307361303211926,0,0.000307361303211926,0,0.0012294452128477,0.0012294452128477,0.0012294452128477,0.0012294452128477,"nonsyn","nonsyn","nonsyn",4.58e-06,8.37e-07,4.33e-07,4.33e-07,"0.00496701","0.0014087655","0.0027231795","1","H","H","Y","N","D",1,1,1,0,1,0,1
"2156",2419,6498,6498,"a","a","g","g",0.00292397660818713,0.00292397660818713,0.000461680517082179,0.000461680517082179,0,0.000461680517082179,0,0.000461680517082179,0.00338565712526931,0.00338565712526931,0.00338565712526931,0.00338565712526931,"nonsyn","nonsyn","nonsyn",1.77e-05,1.76e-06,1.7e-06,1.7e-06,"0.00605340000000001","0.0036822","1","0.0036822","H","H","R","P","L",0,1,1,1,0,0,0
"2157",2420,6605,6605,"c","c","t","t",0.00181680545041635,0.00181680545041635,0.000151400454201363,0.000151400454201363,0.000151400454201363,0,0.000151400454201363,0,0.00196820590461771,0.00196820590461771,0.00196820590461771,0.00196820590461771,"syn","nonsyn","nonsyn",4.58e-06,8.37e-07,4.33e-07,4.33e-07,"0.00252090833333334","0.00285996499999999","0.00552838499999999","1","H","H","H","Q","Q",0,1,1,0,0,0,0
"2158",2421,6637,6637,"c","c","t","t",0.00165737532017478,0.00165737532017478,0.000452011450956758,0.000452011450956758,0.000452011450956758,0,0.000452011450956758,0,0.00210938677113154,0.00210938677113154,0.00210938677113154,0.00210938677113154,"stop","nonsyn","nonsyn",4.58e-06,8.37e-07,4.33e-07,4.33e-07,"0.00276340545454545","0.000957940333333333","0.001851723","1","Q","Q","*","K","E",1,1,1,0,1,0,1
"2159",2422,6581,6581,"a","a","g","g",0.00243124145266677,0.00243124145266677,0.00106366813554171,0.00106366813554171,0.000151952590791673,0.000911715544750038,0.000151952590791673,0.000911715544750038,0.00349490958820848,0.00349490958820848,0.00349490958820848,0.00349490958820848,"nonsyn","nonsyn","nonsyn",1.77e-05,1.76e-06,1.7e-06,1.7e-06,"0.00728023124999999","0.00159824285714286","0.01158256","0.00186461666666667","Q","Q","R","P","L",1,1,1,1,1,1,0
"2160",2423,6679,6679,"g","g","a","a",0.00119778409941608,0.00119778409941608,0.00029944602485402,0.00029944602485402,0.00014972301242701,0.00014972301242701,0.00014972301242701,0.00014972301242701,0.0014972301242701,0.0014972301242701,0.0014972301242701,0.0014972301242701,"syn","nonsyn","nonsyn",4.2e-06,5.36e-07,1.17e-06,1.17e-06,"0.003506475","0.003907215","0.003579944","0.00781443","Q","Q","Q","H","H",0,1,1,0,0,0,0
"2161",2424,6628,6628,"a","a","g","g",0.00301750150875075,0.00301750150875075,0.000301750150875075,0.000301750150875075,0,0.000301750150875075,0,0.000301750150875075,0.00331925165962583,0.00331925165962583,0.00331925165962583,0.00331925165962583,"nonsyn","nonsyn","nonsyn",1.77e-05,1.76e-06,1.7e-06,1.7e-06,"0.00586578000000001","0.00563380000000001","1","0.00563380000000001","N","N","D","H","Y",1,1,1,0,0,0,0
"2162",2425,6692,6692,"a","a","g","g",0.00373580394500897,0.00373580394500897,0.000149432157800359,0.000149432157800359,0.000149432157800359,0,0.000149432157800359,0,0.00388523610280932,0.00388523610280932,0.00388523610280932,0.00388523610280932,"nonsyn","nonsyn","nonsyn",1.77e-05,1.76e-06,1.7e-06,1.7e-06,"0.00473793599999999","0.0113764","0.01177792","1","N","N","S","T","I",0,0,1,0,0,0,0
"2163",2426,6695,6695,"c","c","t","t",0.000746825989544436,0.000746825989544436,0,0,0,0,0,0,0.000746825989544436,0.000746825989544436,0.000746825989544436,0.000746825989544436,"syn","nonsyn","nonsyn",4.58e-06,8.37e-07,4.33e-07,4.33e-07,"0.00613262","1","1","1","N","N","N","K","K",0,1,1,0,0,0,0
"2164",2427,6680,6680,"a","a","g","g",0.00239520958083832,0.00239520958083832,0.00029940119760479,0.00029940119760479,0.000149700598802395,0.000149700598802395,0.000149700598802395,0.000149700598802395,0.00269461077844311,0.00269461077844311,0.00269461077844311,0.00269461077844311,"nonsyn","nonsyn","nonsyn",1.77e-05,1.76e-06,1.7e-06,1.7e-06,"0.00738975000000001","0.00567800000000001","0.0117568","0.011356","I","I","V","L","F",0,0,0,1,0,0,0
"2165",2428,6628,6628,"t","t","c","c",0.00362100181050091,0.00362100181050091,0.000150875075437538,0.000150875075437538,0.000150875075437538,0,0.000150875075437538,0,0.00377187688593844,0.00377187688593844,0.00377187688593844,0.00377187688593844,"nonsyn","nonsyn","nonsyn",1.7e-05,1.07e-06,1.21e-06,1.21e-06,"0.00469483333333333","0.00801987999999999","0.00709195999999999","1","I","I","T","N","S",1,1,1,0,0,0,0
"2166",2429,6660,6660,"t","t","c","c",0.0108108108108108,0.0108108108108108,0.0015015015015015,0.0015015015015015,0.0015015015015015,0,0.0015015015015015,0,0.0123123123123123,0.0123123123123123,0.0123123123123123,0.0123123123123123,"syn","syn","nonsyn",1.7e-05,1.07e-06,1.21e-06,1.21e-06,"0.0015725","0.000805860000000001","0.000712620000000001","1","I","I","I","I","M",0,0,0,1,0,0,0
"2167",2430,6673,6673,"g","g","a","a",0.00164843398771167,0.00164843398771167,0.000449572905739547,0.000449572905739547,0,0.000449572905739547,0,0.000449572905739547,0.00209800689345122,0.00209800689345122,0.00209800689345122,0.00209800689345122,"nonsyn","nonsyn","nonsyn",4.2e-06,5.36e-07,1.17e-06,1.17e-06,"0.00254787272727273","0.00260247","1","0.00260247","V","V","M","L","L",0,0,0,0,0,0,0
"2168",2431,6580,6580,"t","t","c","c",0.00364741641337386,0.00364741641337386,0.000303951367781155,0.000303951367781155,0.000303951367781155,0,0.000303951367781155,0,0.00395136778115502,0.00395136778115502,0.00395136778115502,0.00395136778115502,"nonsyn","nonsyn","nonsyn",1.7e-05,1.07e-06,1.21e-06,1.21e-06,"0.00466083333333333","0.0039809","0.0035203","1","V","V","A","E","G",0,1,1,1,0,0,0
"2169",2432,6593,6593,"g","g","a","a",0.00197178826027605,0.00197178826027605,0.000151676020021235,0.000151676020021235,0,0.000151676020021235,0,0.000151676020021235,0.00212346428029729,0.00212346428029729,0.00212346428029729,0.00212346428029729,"syn","syn","syn",4.2e-06,5.36e-07,1.17e-06,1.17e-06,"0.00213004615384615","0.00771380999999998","1","0.00771380999999998","V","V","V","V","V",0,0,0,0,1,1,0
"2170",2433,6602,6602,"g","g","a","a",0.000757346258709482,0.000757346258709482,0.000151469251741896,0.000151469251741896,0,0.000151469251741896,0,0.000151469251741896,0.000908815510451378,0.000908815510451378,0.000908815510451378,0.000908815510451378,"nonsyn","nonsyn","nonsyn",4.2e-06,5.36e-07,1.17e-06,1.17e-06,"0.00554568","0.00772434000000002","1","0.00772434000000002","D","D","N","H","Y",1,1,1,0,0,0,0
"2171",2434,6608,6608,"a","a","g","g",0.0036319612590799,0.0036319612590799,0.000302663438256659,0.000302663438256659,0.000151331719128329,0.000151331719128329,0.000151331719128329,0.000151331719128329,0.00393462469733656,0.00393462469733656,0.00393462469733656,0.00393462469733656,"nonsyn","nonsyn","nonsyn",1.77e-05,1.76e-06,1.7e-06,1.7e-06,"0.0048734","0.00561679999999999","0.01163008","0.0112336","D","D","G","A","V",1,1,1,0,0,0,0
"2172",2435,6601,6601,"c","c","t","t",0.00136342978336616,0.00136342978336616,0,0,0,0,0,0,0.00136342978336616,0.00136342978336616,0.00136342978336616,0.00136342978336616,"syn","nonsyn","nonsyn",4.58e-06,8.37e-07,4.33e-07,4.33e-07,"0.00335917555555555","1","1","1","D","D","D","E","E",0,0,0,0,0,0,0
"2173",2436,6603,6603,"g","g","a","a",0.00196880205966985,0.00196880205966985,0.000151446312282296,0.000151446312282296,0.000151446312282296,0,0.000151446312282296,0,0.00212024837195214,0.00212024837195214,0.00212024837195214,0.00212024837195214,"nonsyn","nonsyn","nonsyn",4.2e-06,5.36e-07,1.17e-06,1.17e-06,"0.00213327692307692","0.00772551","0.003539208","1","V","V","M","L","L",0,0,0,0,0,0,0
"2174",2437,6586,6586,"t","t","c","c",0.00318858184026723,0.00318858184026723,0.000911023382933495,0.000911023382933495,0.000303674460977832,0.000607348921955664,0.000303674460977832,0.000607348921955664,0.00409960522320073,0.00409960522320073,0.00409960522320073,0.00409960522320073,"nonsyn","nonsyn","nonsyn",1.7e-05,1.07e-06,1.21e-06,1.21e-06,"0.00533152380952382","0.00132817666666667","0.00352351","0.001992265","V","V","A","E","G",0,1,1,1,0,0,0
"2175",2438,6588,6588,"a","g","g","a",0.067698846387371,0.931997571341834,0.000303582270795386,0.000303582270795386,0,0.000303582270795386,0,0.000303582270795386,0.0680024286581664,0.932301153612629,0.0680024286581664,0.932301153612629,"syn","syn","syn",4.2e-06,5.36e-07,1.17e-06,1.17e-06,"4.50644951140065e-06","0.00385397999999999","1","0.00385397999999999","V","V","V","V","V",0,0,0,0,0,0,0
"2176",2439,6618,6618,"c","c","t","t",0.0013599274705349,0.0013599274705349,0.000151103052281656,0.000151103052281656,0.000151103052281656,0,0.000151103052281656,0,0.00151103052281656,0.00151103052281656,0.00151103052281656,0.00151103052281656,"stop","nonsyn","nonsyn",4.58e-06,8.37e-07,4.33e-07,4.33e-07,"0.00336782666666668","0.002865594","0.005539266","1","Q","Q","*","K","E",1,1,1,0,0,0,0
"2177",2440,6492,6492,"a","a","g","g",0.00415896487985213,0.00415896487985213,0.00123228589032656,0.00123228589032656,0.000154035736290819,0.00107825015403574,0.000154035736290819,0.00107825015403574,0.00539125077017868,0.00539125077017868,0.00539125077017868,0.00539125077017868,"nonsyn","nonsyn","nonsyn",1.77e-05,1.76e-06,1.7e-06,1.7e-06,"0.00425586666666666","0.00137955","0.01142592","0.00157662857142857","Q","Q","R","P","L",1,1,1,1,1,1,0
"2178",2441,6737,6737,"g","g","a","a",0.000445302063232893,0.000445302063232893,0.000445302063232893,0.000445302063232893,0,0.000445302063232893,0,0.000445302063232893,0.000890604126465786,0.000890604126465786,0.000890604126465786,0.000890604126465786,"syn","nonsyn","nonsyn",4.2e-06,5.36e-07,1.17e-06,1.17e-06,"0.0094318","0.00262743","1","0.00262743","Q","Q","Q","H","H",0,1,1,0,0,0,0
"2179",2442,6760,6760,"t","t","c","c",0.000739644970414201,0.000739644970414201,0.00014792899408284,0.00014792899408284,0.00014792899408284,0,0.00014792899408284,0,0.000887573964497041,0.000887573964497041,0.000887573964497041,0.000887573964497041,"nonsyn","nonsyn","nonsyn",1.7e-05,1.07e-06,1.21e-06,1.21e-06,"0.022984","0.00817960000000001","0.00723320000000001","1","Y","Y","H","N","D",1,1,1,0,0,0,0
"2180",2443,6693,6693,"a","a","g","g",0.00283878679217093,0.00283878679217093,0,0,0,0,0,0,0.00283878679217093,0.00283878679217093,0.00283878679217093,0.00283878679217093,"nonsyn","nonsyn","nonsyn",1.77e-05,1.76e-06,1.7e-06,1.7e-06,"0.00623505789473683","1","1","1","Y","Y","C","S","F",1,1,0,0,0,0,0
"2181",2444,6795,6795,"c","c","t","t",0.00103016924208977,0.00103016924208977,0.000294334069168506,0.000294334069168506,0.000294334069168506,0,0.000294334069168506,0,0.00132450331125828,0.00132450331125828,0.00132450331125828,0.00132450331125828,"syn","stop","stop",4.58e-06,8.37e-07,4.33e-07,4.33e-07,"0.00444587142857144","0.0014711175","0.0028437075","1","Y","Y","Y","*","*",0,1,1,0,0,0,0
"2182",2445,6707,6707,"t","t","c","c",0.0037274489339496,0.0037274489339496,0.000745489786789921,0.000745489786789921,0.000745489786789921,0,0.000745489786789921,0,0.00447293872073953,0.00447293872073953,0.00447293872073953,0.00447293872073953,"syn","nonsyn","nonsyn",1.7e-05,1.07e-06,1.21e-06,1.21e-06,"0.00456076000000001","0.001623094","0.001435298","1","L","L","L","M","V",0,0,0,0,1,0,1
"2183",2446,6503,6503,"t","t","c","c",0.00215285252960172,0.00215285252960172,0.000461325542057512,0.000461325542057512,0.000461325542057512,0,0.000461325542057512,0,0.00261417807165923,0.00261417807165923,0.00261417807165923,0.00261417807165923,"nonsyn","stop","nonsyn",1.7e-05,1.07e-06,1.21e-06,1.21e-06,"0.00789650000000001","0.00262287666666667","0.00231940333333333","1","L","L","S","*","W",1,1,0,1,0,0,0
"2184",2447,6518,6518,"g","g","a","a",0.000767106474378644,0.000767106474378644,0.000153421294875729,0.000153421294875729,0,0.000153421294875729,0,0.000153421294875729,0.000920527769254373,0.000920527769254373,0.000920527769254373,0.000920527769254373,"syn","nonsyn","nonsyn",4.2e-06,5.36e-07,1.17e-06,1.17e-06,"0.00547512","0.00762605999999999","1","0.00762605999999999","L","L","L","F","F",0,0,0,0,0,0,0
"2185",2448,6492,6492,"t","t","c","c",0.00292667898952557,0.00292667898952557,0.000308071472581639,0.000308071472581639,0.000308071472581639,0,0.000308071472581639,0,0.00323475046210721,0.00323475046210721,0.00323475046210721,0.00323475046210721,"nonsyn","nonsyn","nonsyn",1.7e-05,1.07e-06,1.21e-06,1.21e-06,"0.00580863157894737","0.00392766","0.00347322","1","Y","Y","H","N","D",1,1,1,0,0,0,0
"2186",2449,6212,6212,"a","a","g","g",0.00660012878300064,0.00660012878300064,0.000321957501609788,0.000321957501609788,0,0.000321957501609788,0,0.000321957501609788,0.00692208628461043,0.00692208628461043,0.00692208628461043,0.00692208628461043,"nonsyn","nonsyn","nonsyn",1.77e-05,1.76e-06,1.7e-06,1.7e-06,"0.00268176585365854","0.00528019999999999","1","0.00528019999999999","Y","Y","C","S","F",1,1,0,0,0,0,0
"2187",2450,6164,6165,"c","c","t","t",0.00129785853341986,0.00129785853341986,0.00697598961713173,0.00697598961713173,0.00681375730045425,0.000162232316677482,0.00681375730045425,0.000162232316677482,0.00827384815055159,0.00827384815055159,0.00827250608272506,0.00827250608272506,"syn","stop","stop",4.58e-06,8.37e-07,4.33e-07,4.33e-07,"0.00352888999999999","6.20700465116279e-05","0.000122839714285714","0.002669012","Y","Y","Y","*","*",0,1,1,0,0,0,0
"2188",2451,6149,6153,"g","g","a","a",0.000975768417628883,0.000975768417628883,0.000162628069604814,0.000162628069604814,0,0.000162628069604814,0,0.000162628069604814,0.0011383964872337,0.0011383964872337,0.00113765642775882,0.00113765642775882,"nonsyn","nonsyn","nonsyn",4.2e-06,5.36e-07,1.17e-06,1.17e-06,"0.0043043","0.00719432999999999","1","0.00719432999999999","G","G","R","R","W",1,1,1,0,1,1,0
"2189",2452,6180,6180,"g","g","a","a",0.00275080906148867,0.00275080906148867,0.000647249190938511,0.000647249190938511,0,0.000647249190938511,0,0.000647249190938511,0.00339805825242718,0.00339805825242718,0.00339805825242718,0.00339805825242718,"nonsyn","nonsyn","nonsyn",4.2e-06,5.36e-07,1.17e-06,1.17e-06,"0.00152682352941177","0.00180765","1","0.00180765","G","G","E","A","V",1,1,1,0,1,1,0
"2190",2453,6221,6221,"g","g","a","a",0.00289342549429352,0.00289342549429352,0.000803729303970423,0.000803729303970423,0.000160745860794085,0.000642983443176338,0.000160745860794085,0.000642983443176338,0.00369715479826394,0.00369715479826394,0.00369715479826394,0.00369715479826394,"syn","syn","syn",4.2e-06,5.36e-07,1.17e-06,1.17e-06,"0.00145156666666667","0.001455714","0.00333445599999999","0.0018196425","G","G","G","G","G",0,0,0,0,1,1,0
"2191",2454,6197,6198,"g","g","a","a",0.00177505244473132,0.00177505244473132,0,0,0,0,0,0,0.00177505244473132,0.00177505244473132,0.00177476605356567,0.00177476605356567,"nonsyn","nonsyn","nonsyn",4.2e-06,5.36e-07,1.17e-06,1.17e-06,"0.00236612727272727","1","1","1","V","V","I","L","L",0,0,0,0,0,0,0
"2192",2455,6139,6139,"t","t","c","c",0.00260628766900147,0.00260628766900147,0.000325785958625183,0.000325785958625183,0.000162892979312592,0.000162892979312592,0.000162892979312592,0.000162892979312592,0.00293207362762665,0.00293207362762665,0.00293207362762665,0.00293207362762665,"nonsyn","nonsyn","nonsyn",1.7e-05,1.07e-06,1.21e-06,1.21e-06,"0.00652268749999999","0.003714095","0.00656872999999998","0.00742818999999998","V","V","A","E","G",0,1,1,0,0,0,0
"2193",2456,6257,6273,"g","a","a","g",0.000958926002876778,0.998241968994726,0.000799105002397315,0.000799105002397315,0,0.000799105002397315,0,0.000799105002397315,0.00175803100527409,0.999041073997123,0.00175354694723418,0.996492906105532,"syn","syn","syn",1.77e-05,1.76e-06,1.7e-06,1.7e-06,"1.7731171950048e-05","0.00212738","1","0.00212738","V","V","V","V","V",0,0,0,0,1,1,0
"2194",2457,6351,6351,"g","g","a","a",0.00173201070697528,0.00173201070697528,0.000472366556447804,0.000472366556447804,0.000157455518815934,0.000314911037631869,0.000157455518815934,0.000314911037631869,0.00220437726342308,0.00220437726342308,0.00220437726342308,0.00220437726342308,"nonsyn","nonsyn","nonsyn",4.2e-06,5.36e-07,1.17e-06,1.17e-06,"0.00242492727272727","0.00247689","0.00340413600000001","0.003715335","G","G","R","R","W",1,1,1,0,1,1,0
"2195",2458,6501,6501,"g","g","a","a",0.00184586986617443,0.00184586986617443,0.00138440239963083,0.00138440239963083,0.00015382248884787,0.00123057991078296,0.00015382248884787,0.00123057991078296,0.00323027226580526,0.00323027226580526,0.00323027226580526,0.00323027226580526,"nonsyn","nonsyn","nonsyn",4.2e-06,5.36e-07,1.17e-06,1.17e-06,"0.00227535000000001","0.000845129999999998","0.00348453599999999","0.000950771249999997","G","G","E","A","V",1,1,1,0,1,1,0
"2196",2459,6646,6647,"g","g","a","a",0.000902798675895275,0.000902798675895275,0.000150466445982546,0.000150466445982546,0,0.000150466445982546,0,0.000150466445982546,0.00105326512187782,0.00105326512187782,0.00105310666466075,0.00105310666466075,"syn","syn","syn",4.2e-06,5.36e-07,1.17e-06,1.17e-06,"0.0046522","0.00777581999999999","1","0.00777581999999999","G","G","G","G","G",0,0,0,0,0,0,0
"2197",2460,6677,6678,"t","t","c","c",0.00404373221506665,0.00404373221506665,0,0,0,0,0,0,0.00404373221506665,0.00404373221506665,0.00404312668463612,0.00404312668463612,"nonsyn","nonsyn","nonsyn",1.7e-05,1.07e-06,1.21e-06,1.21e-06,"0.00420403703703703","1","1","1","S","S","P","T","A",1,0,1,0,0,0,0
"2198",2461,6689,6689,"c","c","t","t",0.000747495888772612,0.000747495888772612,0.000597996711018089,0.000597996711018089,0.000597996711018089,0,0.000597996711018089,0,0.0013454925997907,0.0013454925997907,0.0013454925997907,0.0013454925997907,"nonsyn","stop","stop",4.58e-06,8.37e-07,4.33e-07,4.33e-07,"0.006127124","0.000724084250000001","0.00139967325","1","S","S","L","*","*",1,1,1,0,0,0,0
"2199",2462,7119,7120,"a","a","g","g",0.00252844500632111,0.00252844500632111,0.000983284169124877,0.000983284169124877,0.000421407501053519,0.000561876668071358,0.000421407501053519,0.000561876668071358,0.00351172917544599,0.00351172917544599,0.00351123595505618,0.00351123595505618,"syn","syn","syn",1.77e-05,1.76e-06,1.7e-06,1.7e-06,"0.00700035000000001","0.0017289","0.00417648","0.003025575","S","S","S","S","S",0,0,0,1,0,0,0
"2200",2463,7036,7036,"a","a","g","g",0.00525866969869244,0.00525866969869244,0.00156338828880045,0.00156338828880045,0.000142126208072769,0.00142126208072769,0.000142126208072769,0.00142126208072769,0.00682205798749289,0.00682205798749289,0.00682205798749289,0.00682205798749289,"nonsyn","nonsyn","nonsyn",1.77e-05,1.76e-06,1.7e-06,1.7e-06,"0.00336587027027027","0.00108738181818182","0.01238336","0.00119612","S","S","G","R","C",1,1,1,0,1,1,0
"2201",2464,7059,7059,"g","g","a","a",0.00254993625159371,0.00254993625159371,0.000141663125088539,0.000141663125088539,0,0.000141663125088539,0,0.000141663125088539,0.00269159937668225,0.00269159937668225,0.00269159937668225,0.00269159937668225,"nonsyn","nonsyn","nonsyn",4.2e-06,5.36e-07,1.17e-06,1.17e-06,"0.0016471","0.00825903000000003","1","0.00825903000000003","S","S","N","T","I",0,0,1,0,0,0,0
"2202",2465,7079,7079,"c","c","t","t",0.00197768046334228,0.00197768046334228,0,0,0,0,0,0,0.00197768046334228,0.00197768046334228,0.00197768046334228,0.00197768046334228,"syn","nonsyn","nonsyn",4.58e-06,8.37e-07,4.33e-07,4.33e-07,"0.00231584428571429","1","1","1","S","S","S","R","R",0,1,1,0,0,0,0
"2203",2466,7031,7031,"a","a","g","g",0.00184895462949794,0.00184895462949794,0.000284454558384298,0.000284454558384298,0.000142227279192149,0.000142227279192149,0.000142227279192149,0.000142227279192149,0.00213340918788224,0.00213340918788224,0.00213340918788224,0.00213340918788224,"nonsyn","nonsyn","nonsyn",1.77e-05,1.76e-06,1.7e-06,1.7e-06,"0.00957297692307691","0.00597635","0.01237456","0.0119527","I","I","V","L","F",0,0,0,1,0,0,0
"2204",2467,7029,7029,"t","t","c","c",0.00469483568075117,0.00469483568075117,0.000711338739507754,0.000711338739507754,0.000426803243704652,0.000284535495803101,0.000426803243704652,0.000284535495803101,0.00540617442025893,0.00540617442025893,0.00540617442025893,0.00540617442025893,"nonsyn","nonsyn","nonsyn",1.7e-05,1.07e-06,1.21e-06,1.21e-06,"0.003621","0.001701018","0.00250701","0.00425254500000001","I","I","T","N","S",1,1,1,0,0,0,0
"2205",2468,6961,6962,"c","c","t","t",0.0396494756500503,0.0396494756500503,0.000143657520471197,0.000143657520471197,0.000143657520471197,0,0.000143657520471197,0,0.0397931331705215,0.0397931331705215,0.0397874174087906,0.0397874174087906,"syn","syn","nonsyn",4.58e-06,8.37e-07,4.33e-07,4.33e-07,"0.000115512246376812","0.00301411299999999","0.00582635699999999","1","I","I","I","I","M",0,0,0,0,0,0,0
"2206",2469,6956,6956,"g","g","a","a",0.00287521564117309,0.00287521564117309,0.000287521564117309,0.000287521564117309,0,0.000287521564117309,0,0.000287521564117309,0.0031627372052904,0.0031627372052904,0.0031627372052904,0.0031627372052904,"nonsyn","nonsyn","nonsyn",4.2e-06,5.36e-07,1.17e-06,1.17e-06,"0.00146076","0.00406926","1","0.00406926","A","A","T","P","S",1,1,1,0,0,0,0
"2207",2470,6982,6982,"c","c","t","t",0.00186193067888857,0.00186193067888857,0.000143225436837582,0.000143225436837582,0.000143225436837582,0,0.000143225436837582,0,0.00200515611572615,0.00200515611572615,0.00200515611572615,0.00200515611572615,"nonsyn","nonsyn","nonsyn",4.58e-06,8.37e-07,4.33e-07,4.33e-07,"0.00245981230769231","0.00302320600000001","0.00584393400000001","1","A","A","V","E","G",0,1,1,0,0,0,0
"2208",2471,7039,7039,"g","g","a","a",0.00213098451484586,0.00213098451484586,0.000142065634323057,0.000142065634323057,0.000142065634323057,0,0.000142065634323057,0,0.00227305014916892,0.00227305014916892,0.00227305014916892,0.00227305014916892,"syn","syn","syn",4.2e-06,5.36e-07,1.17e-06,1.17e-06,"0.00197092","0.00823563000000001","0.00377290400000001","1","A","A","A","A","A",0,0,0,0,0,0,0
"2209",2472,7052,7052,"t","t","c","c",0.00354509359047079,0.00354509359047079,0.000141803743618832,0.000141803743618832,0,0.000141803743618832,0,0.000141803743618832,0.00368689733408962,0.00368689733408962,0.00368689733408962,0.00368689733408962,"nonsyn","nonsyn","nonsyn",1.7e-05,1.07e-06,1.21e-06,1.21e-06,"0.00479536","0.00853291999999997","1","0.00853291999999997","S","S","P","T","A",1,0,1,0,0,0,0
"2210",2473,7079,7079,"c","c","t","t",0.000706314451193671,0.000706314451193671,0.000141262890238734,0.000141262890238734,0.000141262890238734,0,0.000141262890238734,0,0.000847577341432406,0.000847577341432406,0.000847577341432406,0.000847577341432406,"nonsyn","nonsyn","nonsyn",4.58e-06,8.37e-07,4.33e-07,4.33e-07,"0.006484364","0.00306520700000001","0.00592512300000001","1","S","S","F","Y","C",1,1,1,0,0,0,0
"2211",2474,7103,7103,"c","c","t","t",0.00126707025200619,0.00126707025200619,0.000703927917781219,0.000703927917781219,0.000703927917781219,0,0.000703927917781219,0,0.00197099816978741,0.00197099816978741,0.00197099816978741,0.00197099816978741,"syn","syn","syn",4.58e-06,8.37e-07,4.33e-07,4.33e-07,"0.00361463777777779","0.0006151198","0.0011890422","1","S","S","S","S","S",0,0,0,0,1,0,1
"2212",2475,7128,7128,"t","t","c","c",0.00322671156004489,0.00322671156004489,0.00196408529741863,0.00196408529741863,0.00168350168350168,0.000280583613916947,0.00168350168350168,0.000280583613916947,0.00519079685746352,0.00519079685746352,0.00519079685746352,0.00519079685746352,"nonsyn","nonsyn","nonsyn",1.7e-05,1.07e-06,1.21e-06,1.21e-06,"0.00526852173913044","0.000616062857142857","0.000635580000000001","0.00431244","W","W","R","R","G",1,1,1,1,1,0,1
"2213",2476,7240,7246,"g","g","a","a",0.0031767955801105,0.0031767955801105,0.000138121546961326,0.000138121546961326,0,0.000138121546961326,0,0.000138121546961326,0.00331491712707182,0.00331491712707182,0.00331217223295611,0.00331217223295611,"stop","nonsyn","nonsyn",4.2e-06,5.36e-07,1.17e-06,1.17e-06,"0.00132208695652174","0.0084708","1","0.0084708","W","W","*","S","L",1,1,0,0,1,1,0
"2214",2477,7268,7268,"g","g","a","a",0.00302696752889378,0.00302696752889378,0.00110071546505228,0.00110071546505228,0.000275178866263071,0.000825536598789213,0.000275178866263071,0.000825536598789213,0.00412768299394606,0.00412768299394606,0.00412768299394606,0.00412768299394606,"stop","nonsyn","nonsyn",4.2e-06,5.36e-07,1.17e-06,1.17e-06,"0.00138752727272727","0.001062945","0.001947824","0.00141726","W","W","*","C","C",1,1,1,0,1,1,0
"2215",2478,7317,7317,"g","g","a","a",0.00574005740057401,0.00574005740057401,0.000273336066694,0.000273336066694,0,0.000273336066694,0,0.000273336066694,0.00601339346726801,0.00601339346726801,0.00601339346726801,0.00601339346726801,"nonsyn","nonsyn","nonsyn",4.2e-06,5.36e-07,1.17e-06,1.17e-06,"0.000731699999999999","0.004280445","1","0.004280445","A","A","T","P","S",1,1,1,0,0,0,0
"2216",2479,7331,7331,"c","c","t","t",0.00136407038603192,0.00136407038603192,0.000136407038603192,0.000136407038603192,0,0.000136407038603192,0,0.000136407038603192,0.00150047742463511,0.00150047742463511,0.00150047742463511,0.00150047742463511,"nonsyn","nonsyn","nonsyn",4.58e-06,8.37e-07,4.33e-07,4.33e-07,"0.003357598","0.003174323","1","0.003174323","A","A","V","D","G",0,1,1,0,0,0,0
"2217",2480,7357,7357,"c","c","t","t",0.00339812423542205,0.00339812423542205,0.000135924969416882,0.000135924969416882,0.000135924969416882,0,0.000135924969416882,0,0.00353404920483893,0.00353404920483893,0.00353404920483893,0.00353404920483893,"syn","syn","syn",4.58e-06,8.37e-07,4.33e-07,4.33e-07,"0.0013478024","0.003185581","0.00615780899999999","1","A","A","A","A","A",0,0,0,0,1,0,1
"2218",2481,7387,7387,"a","a","g","g",0.00338432381210234,0.00338432381210234,0.00108298361987275,0.00108298361987275,0.000135372952484094,0.000947610667388656,0.000135372952484094,0.000947610667388656,0.00446730743197509,0.00446730743197509,0.00446730743197509,0.00446730743197509,"nonsyn","nonsyn","nonsyn",1.77e-05,1.76e-06,1.7e-06,1.7e-06,"0.005229996","0.0015697375","0.01300112","0.00179398571428571","I","I","V","L","F",0,0,0,1,0,0,0
"2219",2482,7569,7569,"t","t","c","c",0.00422777117188532,0.00422777117188532,0.000264235698242833,0.000264235698242833,0.000132117849121416,0.000132117849121416,0.000132117849121416,0.000132117849121416,0.00449200687012815,0.00449200687012815,0.00449200687012815,0.00449200687012815,"nonsyn","nonsyn","nonsyn",1.7e-05,1.07e-06,1.21e-06,1.21e-06,"0.00402103125","0.00457924499999999","0.00809883000000002","0.00915849000000002","I","I","T","N","S",1,1,1,0,0,0,0
"2220",2483,7619,7619,"c","t","t","c",0.000918755742223389,0.998949993437459,0.000131250820317627,0.000131250820317627,0.000131250820317627,0,0.000131250820317627,0,0.00105000656254102,0.999081244257777,0.00105000656254102,0.999081244257777,"syn","syn","nonsyn",1.7e-05,1.07e-06,1.21e-06,1.21e-06,"1.70178688739982e-05","0.00921899","0.00815233","1","I","I","I","I","M",0,0,0,0,0,0,0
"2221",2484,7611,7611,"a","a","g","g",0.00328471948495598,0.00328471948495598,0.00118249901458415,0.00118249901458415,0.000262777558796479,0.000919721455787676,0.000262777558796479,0.000919721455787676,0.00446721849954014,0.00446721849954014,0.00446721849954014,0.00446721849954014,"nonsyn","nonsyn","stop",1.77e-05,1.76e-06,1.7e-06,1.7e-06,"0.00538858800000001","0.00143763333333334","0.00669767999999999","0.00184838571428571","K","K","E","Q","*",1,1,1,0,0,0,0
"2222",2485,7608,7608,"a","a","g","g",0.00249737118822292,0.00249737118822292,0.000920084121976866,0.000920084121976866,0.000131440588853838,0.000788643533123028,0.000131440588853838,0.000788643533123028,0.00341745531019979,0.00341745531019979,0.00341745531019979,0.00341745531019979,"nonsyn","nonsyn","nonsyn",1.77e-05,1.76e-06,1.7e-06,1.7e-06,"0.00708745263157896","0.00184765714285714","0.01339008","0.0021556","K","K","R","T","M",0,1,1,0,1,1,0
"2223",2486,7640,7640,"g","g","a","a",0.000654450261780105,0.000654450261780105,0,0,0,0,0,0,0.000654450261780105,0.000654450261780105,0.000654450261780105,0.000654450261780105,"syn","nonsyn","nonsyn",4.2e-06,5.36e-07,1.17e-06,1.17e-06,"0.0064176","1","1","1","K","K","K","N","N",0,1,1,0,0,0,0
"2224",2487,7620,7620,"t","t","c","c",0.00275590551181102,0.00275590551181102,0.0005249343832021,0.0005249343832021,0.0005249343832021,0,0.0005249343832021,0,0.00328083989501312,0.00328083989501312,0.00328083989501312,0.00328083989501312,"nonsyn","nonsyn","nonsyn",1.7e-05,1.07e-06,1.21e-06,1.21e-06,"0.00616857142857144","0.00230505","0.00203835","1","W","W","R","R","G",1,1,1,1,0,0,0
"2225",2488,7639,7643,"g","g","a","a",0.00130907186804556,0.00130907186804556,0.000654535934022778,0.000654535934022778,0,0.000654535934022778,0,0.000654535934022778,0.00196360780206833,0.00196360780206833,0.001962580138689,0.001962580138689,"stop","nonsyn","nonsyn",4.2e-06,5.36e-07,1.17e-06,1.17e-06,"0.00320837999999999","0.001787526","1","0.001787526","W","W","*","S","L",1,1,0,0,1,1,0
"2226",2489,7640,7640,"g","g","a","a",0.00235602094240838,0.00235602094240838,0.000130890052356021,0.000130890052356021,0,0.000130890052356021,0,0.000130890052356021,0.0024869109947644,0.0024869109947644,0.0024869109947644,0.0024869109947644,"stop","nonsyn","nonsyn",4.2e-06,5.36e-07,1.17e-06,1.17e-06,"0.00178266666666666","0.0089388","1","0.0089388","W","W","*","C","C",1,1,1,0,1,1,0
"2227",2490,7662,7662,"g","g","a","a",0.0013051422605064,0.0013051422605064,0.000783085356303837,0.000783085356303837,0.000391542678151919,0.000391542678151919,0.000391542678151919,0.000391542678151919,0.00208822761681023,0.00208822761681023,0.00208822761681023,0.00208822761681023,"nonsyn","nonsyn","stop",4.2e-06,5.36e-07,1.17e-06,1.17e-06,"0.00321803999999999","0.00149409","0.001368944","0.00298818","D","E","K","Q","*",1,1,1,0,0,0,0
"2228",2491,7455,7456,"a","a","g","g",0.00348759221998659,0.00348759221998659,0.000402414486921529,0.000402414486921529,0,0.000402414486921529,0,0.000402414486921529,0.00389000670690812,0.00389000670690812,0.00388948497854077,0.00388948497854077,"nonsyn","nonsyn","nonsyn",1.77e-05,1.76e-06,1.7e-06,1.7e-06,"0.00507513461538461","0.0042245","1","0.0042245","D","E","G","A","V",1,1,1,0,1,1,0
"2229",2492,7552,7552,"t","g","c","a",0.0626324152542373,0,0.000132415254237288,0.999867584745763,0,0.000132415254237288,0.0626324152542373,0.937235169491525,0.0627648305084746,0.999867584745763,0.0627648305084746,0.999867584745763,"syn","nonsyn","nonsyn",4.2e-06,5.36e-07,1.17e-06,1.17e-06,"1","1.17015494636472e-06","8.5578689217759e-06","1.24835264198926e-06","D","E","E","D","D",0,0,0,0,0,0,0
"2230",2493,7439,7439,"t","t","c","c",0.00228525339427342,0.00228525339427342,0.000537706681005512,0.000537706681005512,0.000537706681005512,0,0.000537706681005512,0,0.00282296007527894,0.00282296007527894,0.00282296007527894,0.00282296007527894,"nonsyn","nonsyn","nonsyn",1.7e-05,1.07e-06,1.21e-06,1.21e-06,"0.00743900000000001","0.0022502975","0.0019899325","1","Y","Y","H","N","D",1,1,1,0,0,0,0
"2231",2494,7473,7473,"a","a","g","g",0.00200722601364914,0.00200722601364914,0.000401445202729827,0.000401445202729827,0.000133815067576609,0.000267630135153218,0.000133815067576609,0.000267630135153218,0.00240867121637896,0.00240867121637896,0.00240867121637896,0.00240867121637896,"nonsyn","nonsyn","nonsyn",1.77e-05,1.76e-06,1.7e-06,1.7e-06,"0.00881813999999999","0.0042347","0.01315248","0.00635205000000001","Y","Y","C","S","F",1,1,0,0,0,0,0
"2232",2495,7541,7541,"c","c","t","t",0.00411086062856385,0.00411086062856385,0.000132608407373027,0.000132608407373027,0.000132608407373027,0,0.000132608407373027,0,0.00424346903593688,0.00424346903593688,0.00424346903593688,0.00424346903593688,"syn","stop","stop",4.58e-06,8.37e-07,4.33e-07,4.33e-07,"0.00111412193548387","0.00326525300000001","0.00631181700000002","1","Y","Y","Y","*","*",0,1,1,0,0,0,0
"2233",2496,7527,7527,"g","g","a","a",0.00172711571675302,0.00172711571675302,0,0,0,0,0,0,0.00172711571675302,0.00172711571675302,0.00172711571675302,0.00172711571675302,"nonsyn","nonsyn","nonsyn",4.2e-06,5.36e-07,1.17e-06,1.17e-06,"0.0024318","1","1","1","V","V","I","L","F",0,0,0,0,0,0,0
"2234",2497,7584,7584,"t","t","c","c",0.00514240506329114,0.00514240506329114,0.000659282700421941,0.000659282700421941,0.000659282700421941,0,0.000659282700421941,0,0.00580168776371308,0.00580168776371308,0.00580168776371308,0.00580168776371308,"nonsyn","nonsyn","nonsyn",1.7e-05,1.07e-06,1.21e-06,1.21e-06,"0.00330584615384615","0.001835328","0.001622976","1","V","V","A","D","G",0,1,1,0,0,0,0
"2235",2498,7600,7600,"c","c","t","t",0.00171052631578947,0.00171052631578947,0.000657894736842105,0.000657894736842105,0.000526315789473684,0.000131578947368421,0.000526315789473684,0.000131578947368421,0.00236842105263158,0.00236842105263158,0.00236842105263158,0.00236842105263158,"syn","syn","syn",4.58e-06,8.37e-07,4.33e-07,4.33e-07,"0.00267753846153847","0.00065816","0.0015903","0.0032908","V","V","V","V","V",0,0,0,0,0,0,0
"2236",2499,7616,7616,"g","g","a","a",0.00682773109243697,0.00682773109243697,0,0,0,0,0,0,0.00682773109243697,0.00682773109243697,0.00682773109243697,0.00682773109243697,"nonsyn","nonsyn","nonsyn",4.2e-06,5.36e-07,1.17e-06,1.17e-06,"0.000615138461538462","1","1","1","V","V","I","L","F",0,0,0,0,0,0,0
"2237",2500,7637,7637,"t","t","c","c",0.00353541966740867,0.00353541966740867,0.000261882938326568,0.000261882938326568,0.000261882938326568,0,0.000261882938326568,0,0.00379730260573524,0.00379730260573524,0.00379730260573524,0.00379730260573524,"nonsyn","nonsyn","nonsyn",1.7e-05,1.07e-06,1.21e-06,1.21e-06,"0.00480848148148148","0.004620385","0.004085795","1","V","V","A","D","G",0,1,1,0,0,0,0
"2238",2501,7619,7619,"t","t","c","c",0.0203438771492322,0.0203438771492322,0.000393752460952881,0.000393752460952881,0.000131250820317627,0.000262501640635254,0.000131250820317627,0.000262501640635254,0.0207376296101851,0.0207376296101851,0.0207376296101851,0.0207376296101851,"syn","syn","syn",1.7e-05,1.07e-06,1.21e-06,1.21e-06,"0.000835632258064515","0.00307299666666667","0.00815233","0.004609495","V","V","V","V","V",0,0,0,0,0,0,0
"2239",2502,7700,7700,"c","c","t","t",0.00103896103896104,0.00103896103896104,0.00012987012987013,0.00012987012987013,0.00012987012987013,0,0.00012987012987013,0,0.00116883116883117,0.00116883116883117,0.00116883116883117,0.00116883116883117,"nonsyn","nonsyn","nonsyn",4.58e-06,8.37e-07,4.33e-07,4.33e-07,"0.00440825","0.0033341","0.00644489999999999","1","L","L","F","I","V",0,0,0,0,0,0,0
"2240",2503,7718,7718,"t","t","c","c",0.0045348535890127,0.0045348535890127,0.000259134490800726,0.000259134490800726,0.000129567245400363,0.000129567245400363,0.000129567245400363,0.000129567245400363,0.00479398807981342,0.00479398807981342,0.00479398807981342,0.00479398807981342,"nonsyn","nonsyn","nonsyn",1.7e-05,1.07e-06,1.21e-06,1.21e-06,"0.00374874285714286","0.00466938999999999","0.00825825999999999","0.00933877999999998","L","L","P","H","R",1,1,1,0,1,0,1
"2241",2504,7845,7845,"c","c","t","t",0.00229445506692161,0.00229445506692161,0.000637348629700446,0.000637348629700446,0.000637348629700446,0,0.000637348629700446,0,0.00293180369662205,0.00293180369662205,0.00293180369662205,0.00293180369662205,"syn","syn","syn",4.58e-06,8.37e-07,4.33e-07,4.33e-07,"0.00199611666666666","0.000679377","0.001313253","1","L","L","L","L","L",0,0,0,0,0,0,0
"2242",2505,7875,7875,"c","c","t","t",0.000888888888888889,0.000888888888888889,0.000507936507936508,0.000507936507936508,0.000507936507936508,0,0.000507936507936508,0,0.0013968253968254,0.0013968253968254,0.0013968253968254,0.0013968253968254,"syn","nonsyn","nonsyn",4.58e-06,8.37e-07,4.33e-07,4.33e-07,"0.0051525","0.00085246875","0.00164784375","1","L","L","L","M","V",0,0,0,0,1,0,1
"2243",2506,7882,7882,"t","t","c","c",0.00329865516366404,0.00329865516366404,0.00164932758183202,0.00164932758183202,0.00139558487693479,0.000253742704897234,0.00139558487693479,0.000253742704897234,0.00494798274549607,0.00494798274549607,0.00494798274549607,0.00494798274549607,"nonsyn","nonsyn","nonsyn",1.7e-05,1.07e-06,1.21e-06,1.21e-06,"0.00515361538461539","0.000733632307692309","0.000766703636363635","0.00476861","L","L","P","Q","R",1,1,1,1,1,0,1
"2244",2507,7988,7988,"g","g","a","a",0.00187781672508763,0.00187781672508763,0.000250375563345017,0.000250375563345017,0.000250375563345017,0,0.000250375563345017,0,0.00212819228843265,0.00212819228843265,0.00212819228843265,0.00212819228843265,"syn","syn","syn",4.2e-06,5.36e-07,1.17e-06,1.17e-06,"0.00223664","0.00467298000000001","0.002140784","1","L","L","L","L","L",0,0,0,0,0,0,0
"2245",2508,7982,7982,"t","t","c","c",0.00714106740165372,0.00714106740165372,0.000375845652718617,0.000375845652718617,0.000250563768479078,0.000125281884239539,0.000250563768479078,0.000125281884239539,0.00751691305437234,0.00751691305437234,0.00751691305437234,0.00751691305437234,"nonsyn","nonsyn","nonsyn",1.7e-05,1.07e-06,1.21e-06,1.21e-06,"0.00238059649122807","0.00321940666666667","0.00427037","0.00965822","F","F","L","I","V",0,0,0,0,0,0,0
"2246",2509,8021,8021,"t","t","c","c",0.0053609275651415,0.0053609275651415,0.000249345468146116,0.000249345468146116,0.000124672734073058,0.000124672734073058,0.000124672734073058,0.000124672734073058,0.00561027303328762,0.00561027303328762,0.00561027303328762,0.00561027303328762,"nonsyn","nonsyn","nonsyn",1.7e-05,1.07e-06,1.21e-06,1.21e-06,"0.00317109302325582","0.00485270500000001","0.00858247000000002","0.00970541000000002","F","F","S","Y","C",1,0,1,0,0,0,0
"2247",2510,8010,8010,"c","c","t","t",0.000998751560549313,0.000998751560549313,0.000374531835205993,0.000374531835205993,0.000249687890137328,0.000124843945068664,0.000249687890137328,0.000124843945068664,0.00137328339575531,0.00137328339575531,0.00137328339575531,0.00137328339575531,"syn","nonsyn","nonsyn",4.58e-06,8.37e-07,4.33e-07,4.33e-07,"0.004585725","0.00115611","0.003352185","0.00346833","F","F","F","L","L",0,0,0,0,0,0,0
"2248",2511,8039,8039,"c","c","t","t",0.0022390844632417,0.0022390844632417,0.000124393581291205,0.000124393581291205,0.000124393581291205,0,0.000124393581291205,0,0.0023634780445329,0.0023634780445329,0.0023634780445329,0.0023634780445329,"nonsyn","nonsyn","nonsyn",4.58e-06,8.37e-07,4.33e-07,4.33e-07,"0.00204547888888889","0.00348088700000001","0.00672864300000002","1","L","L","F","I","V",0,0,0,0,1,0,1
"2249",2512,8048,8050,"t","t","c","c",0.00472166998011928,0.00472166998011928,0.000497017892644135,0.000497017892644135,0.000372763419483101,0.000124254473161034,0.000372763419483101,0.000124254473161034,0.00521868787276342,0.00521868787276342,0.00521739130434783,0.00521739130434783,"nonsyn","nonsyn","nonsyn",1.7e-05,1.07e-06,1.21e-06,1.21e-06,"0.00360042105263158","0.00243452","0.00287045333333334","0.00973807999999998","L","L","P","H","R",1,1,1,0,1,0,1
"2250",2513,8052,8052,"t","t","c","c",0.00496770988574267,0.00496770988574267,0.0011177347242921,0.0011177347242921,0.000745156482861401,0.0003725782414307,0.000745156482861401,0.0003725782414307,0.00608544461003477,0.00608544461003477,0.00608544461003477,0.00608544461003477,"syn","syn","syn",1.7e-05,1.07e-06,1.21e-06,1.21e-06,"0.0034221","0.00108254666666667","0.00143594","0.00324764","L","L","L","L","L",0,0,0,0,0,0,0
"2251",2514,8082,8082,"c","c","t","t",0.000494926998267755,0.000494926998267755,0,0,0,0,0,0,0.000494926998267755,0.000494926998267755,0.000494926998267755,0.000494926998267755,"syn","nonsyn","nonsyn",4.58e-06,8.37e-07,4.33e-07,4.33e-07,"0.00925389000000001","1","1","1","L","L","L","M","V",0,0,0,0,0,0,0
"2252",2515,8080,8080,"t","t","c","c",0.00222772277227723,0.00222772277227723,0.000742574257425743,0.000742574257425743,0.000495049504950495,0.000247524752475248,0.000495049504950495,0.000247524752475248,0.00297029702970297,0.00297029702970297,0.00297029702970297,0.00297029702970297,"nonsyn","nonsyn","nonsyn",1.7e-05,1.07e-06,1.21e-06,1.21e-06,"0.0076311111111111","0.00162946666666667","0.0021614","0.00488839999999999","L","L","P","Q","R",1,1,1,1,1,0,1
"2253",2516,7940,7940,"g","g","a","a",0.00251889168765743,0.00251889168765743,0,0,0,0,0,0,0.00251889168765743,0.00251889168765743,0.00251889168765743,0.00251889168765743,"syn","syn","syn",4.2e-06,5.36e-07,1.17e-06,1.17e-06,"0.0016674","1","1","1","L","L","L","L","L",0,0,0,0,0,0,0
"2254",2517,7906,7906,"c","c","t","t",0.00139134834303061,0.00139134834303061,0,0,0,0,0,0,0.00139134834303061,0.00139134834303061,0.00139134834303061,0.00139134834303061,"nonsyn","nonsyn","nonsyn",4.58e-06,8.37e-07,4.33e-07,4.33e-07,"0.00329177090909091","1","1","1","L","L","F","I","V",0,0,0,0,0,0,0
"2255",2518,7901,7903,"t","t","c","c",0.0039235539805088,0.0039235539805088,0.000379698772307303,0.000379698772307303,0.000253132514871535,0.000126566257435768,0.000253132514871535,0.000126566257435768,0.0043032527528161,0.0043032527528161,0.0043021637352904,0.0043021637352904,"nonsyn","nonsyn","nonsyn",1.7e-05,1.07e-06,1.21e-06,1.21e-06,"0.0043328064516129","0.00318673666666667","0.004227035","0.00956020999999997","L","L","P","H","R",1,1,1,0,1,0,1
"2256",2519,7918,7918,"t","t","c","c",0.00353624652690073,0.00353624652690073,0.0562010608739581,0.0562010608739581,0.0558221773175044,0.00037888355645365,0.0558221773175044,0.00037888355645365,0.0597373074008588,0.0597373074008588,0.0597373074008588,0.0597373074008588,"syn","syn","syn",1.7e-05,1.07e-06,1.21e-06,1.21e-06,"0.00480735714285715","2.15298426966292e-05","1.91680090497738e-05","0.00319359333333333","L","L","L","L","L",0,0,0,1,0,0,0
"2257",2520,7905,7905,"g","g","a","a",0.0015180265654649,0.0015180265654649,0.000126502213788741,0.000126502213788741,0,0.000126502213788741,0,0.000126502213788741,0.00164452877925364,0.00164452877925364,0.00164452877925364,0.00164452877925364,"nonsyn","nonsyn","nonsyn",4.2e-06,5.36e-07,1.17e-06,1.17e-06,"0.00276674999999999","0.00924885000000002","1","0.00924885000000002","A","A","T","P","S",1,1,1,0,0,0,0
"2258",2521,7899,7899,"c","c","t","t",0.00430434232181289,0.00430434232181289,0.000126598303582732,0.000126598303582732,0.000126598303582732,0,0.000126598303582732,0,0.00443094062539562,0.00443094062539562,0.00443094062539562,0.00443094062539562,"nonsyn","nonsyn","nonsyn",4.58e-06,8.37e-07,4.33e-07,4.33e-07,"0.00106404176470588","0.003420267","0.006611463","1","A","A","V","E","G",0,1,1,0,0,0,0
"2259",2522,7867,7867,"g","a","a","g",0.00648277615355282,0.993008770814796,0.000508453031651201,0.000508453031651201,0,0.000508453031651201,0,0.000508453031651201,0.00699122918520402,0.993517223846447,0.00699122918520402,0.993517223846447,"syn","syn","syn",1.77e-05,1.76e-06,1.7e-06,1.7e-06,"1.78246159754224e-05","0.003343475","1","0.003343475","A","A","A","A","A",0,0,0,1,1,1,0
"2260",2523,7846,7846,"g","g","a","a",0.00114708131531991,0.00114708131531991,0.00025490695895998,0.00025490695895998,0,0.00025490695895998,0,0.00025490695895998,0.00140198827427989,0.00140198827427989,0.00140198827427989,0.00140198827427989,"nonsyn","nonsyn","nonsyn",4.2e-06,5.36e-07,1.17e-06,1.17e-06,"0.00366146666666666","0.00458990999999999","1","0.00458990999999999","D","D","N","H","Y",1,1,1,0,0,0,0
"2261",2524,7826,7826,"a","a","g","g",0.00498338870431894,0.00498338870431894,0.000511116790186558,0.000511116790186558,0.000127779197546639,0.000383337592639918,0.000127779197546639,0.000383337592639918,0.00549450549450549,0.00549450549450549,0.00549450549450549,0.00549450549450549,"nonsyn","nonsyn","nonsyn",1.77e-05,1.76e-06,1.7e-06,1.7e-06,"0.0035518","0.00332605","0.01377376","0.00443473333333334","D","D","G","A","V",1,1,1,0,0,0,0
"2262",2525,7840,7840,"c","c","t","t",0.0014030612244898,0.0014030612244898,0.000127551020408163,0.000127551020408163,0.000127551020408163,0,0.000127551020408163,0,0.00153061224489796,0.00153061224489796,0.00153061224489796,0.00153061224489796,"syn","nonsyn","nonsyn",4.58e-06,8.37e-07,4.33e-07,4.33e-07,"0.0032642909090909","0.00339472000000001","0.00656208000000001","1","D","D","D","E","E",0,0,0,0,0,0,0
"2263",2526,7847,7847,"g","g","a","a",0.00229387026889257,0.00229387026889257,0,0,0,0,0,0,0.00229387026889257,0.00229387026889257,0.00229387026889257,0.00229387026889257,"nonsyn","nonsyn","nonsyn",4.2e-06,5.36e-07,1.17e-06,1.17e-06,"0.00183096666666667","1","1","1","A","A","T","P","S",1,1,1,0,0,0,0
"2264",2527,7877,7877,"c","c","t","t",0.00317379713088739,0.00317379713088739,0.000380855655706487,0.000380855655706487,0.000253903770470992,0.000126951885235496,0.000253903770470992,0.000126951885235496,0.00355465278659388,0.00355465278659388,0.00355465278659388,0.00355465278659388,"nonsyn","nonsyn","nonsyn",4.58e-06,8.37e-07,4.33e-07,4.33e-07,"0.0014430664","0.00113691366666667","0.00329652449999999","0.00341074099999999","A","A","V","E","G",0,1,1,0,0,0,0
"2265",2528,7907,7907,"g","g","a","a",0.0384469457442772,0.0384469457442772,0,0,0,0,0,0,0.0384469457442772,0.0384469457442772,0.0384469457442772,0.0384469457442772,"syn","syn","syn",4.2e-06,5.36e-07,1.17e-06,1.17e-06,"0.000109241447368421","1","1","1","A","A","A","A","A",0,0,0,0,0,0,0
"2266",2529,7886,7886,"c","c","t","t",0.00215571899568856,0.00215571899568856,0.000253613999492772,0.000253613999492772,0.000253613999492772,0,0.000253613999492772,0,0.00240933299518133,0.00240933299518133,0.00240933299518133,0.00240933299518133,"nonsyn","nonsyn","nonsyn",4.58e-06,8.37e-07,4.33e-07,4.33e-07,"0.00212458117647059","0.001707319","0.003300291","1","R","R","C","S","G",1,1,1,0,0,0,0
"2267",2530,7929,7929,"g","g","a","a",0.00277462479505612,0.00277462479505612,0.000378357926598562,0.000378357926598562,0.000126119308866187,0.000252238617732375,0.000126119308866187,0.000252238617732375,0.00315298272165469,0.00315298272165469,0.00315298272165469,0.00315298272165469,"nonsyn","nonsyn","nonsyn",4.2e-06,5.36e-07,1.17e-06,1.17e-06,"0.00151371818181818","0.00309231","0.00424994400000001","0.004638465","R","R","H","P","L",0,1,1,0,0,0,0
"2268",2531,7921,7921,"c","c","t","t",0.0031561671506123,0.0031561671506123,0.000126246686024492,0.000126246686024492,0.000126246686024492,0,0.000126246686024492,0,0.00328241383663679,0.00328241383663679,0.00328241383663679,0.00328241383663679,"syn","syn","syn",4.58e-06,8.37e-07,4.33e-07,4.33e-07,"0.0014511272","0.003429793","0.00662987699999999","1","R","R","R","R","R",0,0,0,0,0,0,0
"2269",2532,7986,7986,"g","g","a","a",0.00175306786877035,0.00175306786877035,0.000125219133483596,0.000125219133483596,0,0.000125219133483596,0,0.000125219133483596,0.00187828700225394,0.00187828700225394,0.00187828700225394,0.00187828700225394,"nonsyn","nonsyn","nonsyn",4.2e-06,5.36e-07,1.17e-06,1.17e-06,"0.0023958","0.00934362000000002","1","0.00934362000000002","V","V","I","L","F",0,0,0,0,0,0,0
"2270",2533,7985,7985,"t","t","c","c",0.00450845335003131,0.00450845335003131,0.000626174076393237,0.000626174076393237,0.000375704445835942,0.000250469630557295,0.000375704445835942,0.000250469630557295,0.00513462742642455,0.00513462742642455,0.00513462742642455,0.00513462742642455,"nonsyn","nonsyn","nonsyn",1.7e-05,1.07e-06,1.21e-06,1.21e-06,"0.00377069444444444","0.00193237","0.00284798333333334","0.004830925","V","V","A","D","G",0,1,1,0,0,0,0
"2271",2534,8002,8002,"c","c","t","t",0.00137465633591602,0.00137465633591602,0.000124968757810547,0.000124968757810547,0.000124968757810547,0,0.000124968757810547,0,0.00149962509372657,0.00149962509372657,0.00149962509372657,0.00149962509372657,"syn","syn","syn",4.58e-06,8.37e-07,4.33e-07,4.33e-07,"0.00333174181818182","0.00346486600000001","0.00669767400000002","1","V","V","V","V","V",0,0,0,0,0,0,0
"2272",2535,7901,7901,"t","t","c","c",0.00670801164409568,0.00670801164409568,0.00139222883179344,0.00139222883179344,0.00101253005948614,0.000379698772307303,0.00101253005948614,0.000379698772307303,0.00810024047588913,0.00810024047588913,0.00810024047588913,0.00810024047588913,"nonsyn","nonsyn","nonsyn",1.7e-05,1.07e-06,1.21e-06,1.21e-06,"0.00253428301886793","0.000869110000000002","0.00105675875","0.00318673666666667","C","C","R","S","G",1,1,0,1,1,0,1
"2273",2536,7908,7908,"g","g","a","a",0.00341426403641882,0.00341426403641882,0.000126454223571067,0.000126454223571067,0.000126454223571067,0,0.000126454223571067,0,0.00354071825998988,0.00354071825998988,0.00354071825998988,0.00354071825998988,"nonsyn","nonsyn","nonsyn",4.2e-06,5.36e-07,1.17e-06,1.17e-06,"0.00123013333333333","0.00925236000000002","0.00423868800000001","1","C","C","Y","S","F",1,1,1,0,0,0,0
"2274",2537,8002,8002,"c","c","t","t",0.0023744063984004,0.0023744063984004,0.000249937515621095,0.000249937515621095,0.000124968757810547,0.000124968757810547,0.000124968757810547,0.000124968757810547,0.00262434391402149,0.00262434391402149,0.00262434391402149,0.00262434391402149,"syn","stop","nonsyn",4.58e-06,8.37e-07,4.33e-07,4.33e-07,"0.00192890315789474","0.001732433","0.00669767400000002","0.00346486600000001","C","C","C","*","W",0,1,1,0,0,0,0
"2275",2538,7984,7984,"t","t","c","c",0.00588677354709419,0.00588677354709419,0.000250501002004008,0.000250501002004008,0.000250501002004008,0,0.000250501002004008,0,0.0061372745490982,0.0061372745490982,0.0061372745490982,0.0061372745490982,"nonsyn","nonsyn","nonsyn",1.7e-05,1.07e-06,1.21e-06,1.21e-06,"0.00288782978723404","0.00483032","0.00427144","1","S","S","P","T","A",1,0,1,0,1,0,1
"2276",2539,7964,7964,"c","c","t","t",0.00100452034153692,0.00100452034153692,0.000125565042692115,0.000125565042692115,0.000125565042692115,0,0.000125565042692115,0,0.00113008538422903,0.00113008538422903,0.00113008538422903,0.00113008538422903,"nonsyn","nonsyn","nonsyn",4.58e-06,8.37e-07,4.33e-07,4.33e-07,"0.00455938999999998","0.00344841199999999","0.00666586799999997","1","S","S","F","Y","C",1,1,1,0,0,0,0
"2277",2540,7978,7978,"c","c","t","t",0.00589120080220607,0.00589120080220607,0.000501378791677112,0.000501378791677112,0.000501378791677112,0,0.000501378791677112,0,0.00639257959388318,0.00639257959388318,0.00639257959388318,0.00639257959388318,"syn","syn","syn",4.58e-06,8.37e-07,4.33e-07,4.33e-07,"0.000777430638297872","0.0008636185","0.0016693965","1","S","S","S","S","S",0,0,0,0,1,0,1
"2278",2541,8093,8093,"t","t","c","c",0.00296552576300507,0.00296552576300507,0.000617817867292722,0.000617817867292722,0.000617817867292722,0,0.000617817867292722,0,0.00358334363029779,0.00358334363029779,0.00358334363029779,0.00358334363029779,"nonsyn","nonsyn","nonsyn",1.7e-05,1.07e-06,1.21e-06,1.21e-06,"0.00573254166666666","0.001958506","0.001731902","1","C","C","R","S","G",1,1,0,1,1,0,1
"2279",2542,8083,8083,"g","g","a","a",0.00222689595447235,0.00222689595447235,0.000123716441915131,0.000123716441915131,0,0.000123716441915131,0,0.000123716441915131,0.00235061239638748,0.00235061239638748,0.00235061239638748,0.00235061239638748,"nonsyn","nonsyn","nonsyn",4.2e-06,5.36e-07,1.17e-06,1.17e-06,"0.00188603333333333","0.00945710999999996","1","0.00945710999999996","C","C","Y","S","F",1,1,1,0,0,0,0
"2280",2543,8087,8087,"c","c","t","t",0.0027204154816372,0.0027204154816372,0.000123655249165327,0.000123655249165327,0.000123655249165327,0,0.000123655249165327,0,0.00284407073080252,0.00284407073080252,0.00284407073080252,0.00284407073080252,"syn","stop","nonsyn",4.58e-06,8.37e-07,4.33e-07,4.33e-07,"0.00168356636363636","0.003501671","0.006768819","1","C","C","C","*","W",0,1,1,0,0,0,0
"2281",2544,8100,8100,"t","t","c","c",0.00308641975308642,0.00308641975308642,0.000246913580246914,0.000246913580246914,0.000246913580246914,0,0.000246913580246914,0,0.00333333333333333,0.00333333333333333,0.00333333333333333,0.00333333333333333,"syn","nonsyn","nonsyn",1.7e-05,1.07e-06,1.21e-06,1.21e-06,"0.005508","0.00490049999999999","0.00433349999999999","1","L","L","L","M","V",0,0,0,0,1,0,1
"2282",2545,8121,8121,"t","t","c","c",0.0012313754463736,0.0012313754463736,0.000861962812461519,0.000861962812461519,0.00049255017854944,0.00036941263391208,0.00049255017854944,0.00036941263391208,0.00209333825883512,0.00209333825883512,0.00209333825883512,0.00209333825883512,"nonsyn","stop","nonsyn",1.7e-05,1.07e-06,1.21e-06,1.21e-06,"0.0138057","0.00140377285714286","0.0021723675","0.00327547","L","L","S","*","W",1,1,0,1,0,0,0
"2283",2546,8112,8112,"g","g","a","a",0.0016025641025641,0.0016025641025641,0,0,0,0,0,0,0.0016025641025641,0.0016025641025641,0.0016025641025641,0.0016025641025641,"syn","nonsyn","nonsyn",4.2e-06,5.36e-07,1.17e-06,1.17e-06,"0.0026208","1","1","1","L","L","L","F","F",0,0,0,0,0,0,0
"2284",2547,8090,8090,"t","t","c","c",0.00210135970333745,0.00210135970333745,0.000370828182941904,0.000370828182941904,0.000123609394313968,0.000247218788627936,0.000123609394313968,0.000247218788627936,0.00247218788627936,0.00247218788627936,0.00247218788627936,0.00247218788627936,"nonsyn","nonsyn","nonsyn",1.7e-05,1.07e-06,1.21e-06,1.21e-06,"0.00809000000000001","0.00326296666666666","0.00865629999999999","0.00489444999999999","W","W","R","R","G",1,1,1,1,0,0,0
"2285",2548,8085,8085,"g","g","a","a",0.000742115027829314,0.000742115027829314,0.000247371675943105,0.000247371675943105,0,0.000247371675943105,0,0.000247371675943105,0.000989486703772418,0.000989486703772418,0.000989486703772418,0.000989486703772418,"stop","nonsyn","nonsyn",4.2e-06,5.36e-07,1.17e-06,1.17e-06,"0.0056595","0.00472972499999999","1","0.00472972499999999","W","W","*","S","L",1,1,0,0,1,1,0
"2286",2549,8066,8066,"g","g","a","a",0.00123977188197372,0.00123977188197372,0.000495908752789487,0.000495908752789487,0.000123977188197372,0.000371931564592115,0.000123977188197372,0.000371931564592115,0.0017356806347632,0.0017356806347632,0.0017356806347632,0.0017356806347632,"stop","nonsyn","nonsyn",4.2e-06,5.36e-07,1.17e-06,1.17e-06,"0.00338771999999999","0.002359305","0.00432337599999999","0.00314574","W","W","*","C","C",1,1,1,0,0,0,0
"2287",2550,8036,8036,"a","a","g","g",0.00435540069686411,0.00435540069686411,0.000248880039820806,0.000248880039820806,0,0.000248880039820806,0,0.000248880039820806,0.00460428073668492,0.00460428073668492,0.00460428073668492,0.00460428073668492,"nonsyn","nonsyn","nonsyn",1.77e-05,1.76e-06,1.7e-06,1.7e-06,"0.00406392","0.00683060000000001","1","0.00683060000000001","M","M","V","L","L",0,0,0,0,0,0,0
"2288",2551,8039,8039,"t","t","c","c",0.00323423311357134,0.00323423311357134,0.000373180743873616,0.000373180743873616,0.000373180743873616,0,0.000373180743873616,0,0.00360741385744496,0.00360741385744496,0.00360741385744496,0.00360741385744496,"nonsyn","nonsyn","nonsyn",1.7e-05,1.07e-06,1.21e-06,1.21e-06,"0.00525626923076923","0.00324239666666667","0.00286724333333333","1","M","M","T","K","R",1,1,1,1,0,0,0
"2289",2552,8020,8020,"g","g","a","a",0.000498753117206983,0.000498753117206983,0.000124688279301746,0.000124688279301746,0,0.000124688279301746,0,0.000124688279301746,0.000623441396508728,0.000623441396508728,0.000623441396508728,0.000623441396508728,"nonsyn","nonsyn","nonsyn",4.2e-06,5.36e-07,1.17e-06,1.17e-06,"0.00842099999999999","0.00938339999999997","1","0.00938339999999997","M","M","I","I","I",0,0,0,0,0,0,0
"2290",2553,8029,8029,"a","a","g","g",0.00386100386100386,0.00386100386100386,0.000996388093162287,0.000996388093162287,0.000249097023290572,0.000747291069871715,0.000249097023290572,0.000747291069871715,0.00485739195416615,0.00485739195416615,0.00485739195416615,0.00485739195416615,"nonsyn","nonsyn","nonsyn",1.77e-05,1.76e-06,1.7e-06,1.7e-06,"0.0045843","0.0017061625","0.00706551999999999","0.00227488333333333","M","M","V","L","L",0,0,0,0,0,0,0
"2291",2554,8038,8038,"t","t","c","c",0.00547399850709132,0.00547399850709132,0.000497636227917392,0.000497636227917392,0.000497636227917392,0,0.000497636227917392,0,0.00597163473500871,0.00597163473500871,0.00597163473500871,0.00597163473500871,"nonsyn","nonsyn","nonsyn",1.7e-05,1.07e-06,1.21e-06,1.21e-06,"0.00310559090909091","0.002431495","0.002150165","1","M","M","T","K","R",1,1,1,1,0,0,0
"2292",2555,8025,8025,"g","g","a","a",0.000747663551401869,0.000747663551401869,0,0,0,0,0,0,0.000747663551401869,0.000747663551401869,0.000747663551401869,0.000747663551401869,"nonsyn","nonsyn","nonsyn",4.2e-06,5.36e-07,1.17e-06,1.17e-06,"0.0056175","1","1","1","M","M","I","I","I",0,0,0,0,0,0,0
"2293",2556,8008,8008,"t","t","c","c",0.004995004995005,0.004995004995005,0.00112387612387612,0.00112387612387612,0.000999000999000999,0.000124875124875125,0.000999000999000999,0.000124875124875125,0.00611888111888112,0.00611888111888112,0.00611888111888112,0.00611888111888112,"syn","nonsyn","nonsyn",1.7e-05,1.07e-06,1.21e-06,1.21e-06,"0.0034034","0.00107663111111111","0.00107107","0.00968967999999999","L","L","L","I","V",0,0,0,0,0,0,0
"2294",2557,7685,7685,"t","t","c","c",0.00130123617436565,0.00130123617436565,0.000390370852309694,0.000390370852309694,0.000390370852309694,0,0.000390370852309694,0,0.00169160702667534,0.00169160702667534,0.00169160702667534,0.00169160702667534,"nonsyn","stop","stop",1.7e-05,1.07e-06,1.21e-06,1.21e-06,"0.0130645","0.00309961666666667","0.00274098333333333","1","L","L","S","*","*",1,1,1,0,0,0,0
"2295",2558,7795,7795,"a","a","g","g",0.262732520846697,0.262732520846697,0,0,0,0,0,0,0.262732520846697,0.262732520846697,0.262732520846697,0.262732520846697,"syn","nonsyn","nonsyn",1.77e-05,1.76e-06,1.7e-06,1.7e-06,"6.73688964843749e-05","1","1","1","L","L","L","F","F",0,0,0,0,0,0,0
"2296",2559,7872,7872,"c","c","t","t",0.00139735772357724,0.00139735772357724,0,0,0,0,0,0,0.00139735772357724,0.00139735772357724,0.00139735772357724,0.00139735772357724,"nonsyn","nonsyn","nonsyn",4.58e-06,8.37e-07,4.33e-07,4.33e-07,"0.00327761454545454","1","1","1","L","L","F","I","V",0,0,0,0,0,0,0
"2297",2560,7914,7914,"t","t","c","c",0.0045489006823351,0.0045489006823351,0.000758150113722517,0.000758150113722517,0.000758150113722517,0,0.000758150113722517,0,0.00530705079605762,0.00530705079605762,0.00530705079605762,0.00530705079605762,"nonsyn","nonsyn","nonsyn",1.7e-05,1.07e-06,1.21e-06,1.21e-06,"0.00373716666666667","0.00159599","0.00141133","1","L","L","P","H","R",1,1,1,0,1,0,1
"2298",2561,7917,7917,"c","c","t","t",0.000757862826828344,0.000757862826828344,0.000631552355690287,0.000631552355690287,0.000631552355690287,0,0.000631552355690287,0,0.00138941518251863,0.00138941518251863,0.00138941518251863,0.00138941518251863,"syn","syn","syn",4.58e-06,8.37e-07,4.33e-07,4.33e-07,"0.00604331","0.0006856122","0.0013253058","1","L","L","L","L","L",0,0,0,0,0,0,0
"2299",2562,7895,7895,"a","a","g","g",0.00303989867004433,0.00303989867004433,0.000633312222925902,0.000633312222925902,0.000253324889170361,0.000379987333755541,0.000253324889170361,0.000379987333755541,0.00367321089297023,0.00367321089297023,0.00367321089297023,0.00367321089297023,"nonsyn","nonsyn","nonsyn",1.77e-05,1.76e-06,1.7e-06,1.7e-06,"0.0058225625","0.0026843","0.0069476","0.00447383333333334","I","I","V","L","L",0,0,0,1,0,0,0
"2300",2563,7781,7781,"t","t","c","c",0.00642590926616116,0.00642590926616116,0.00038555455596967,0.00038555455596967,0.00038555455596967,0,0.00038555455596967,0,0.00681146382213083,0.00681146382213083,0.00681146382213083,0.00681146382213083,"nonsyn","nonsyn","nonsyn",1.7e-05,1.07e-06,1.21e-06,1.21e-06,"0.00264554","0.00313833666666666","0.00277522333333333","1","I","I","T","K","R",1,1,1,0,0,0,0
"2301",2564,7881,7881,"a","a","g","g",0.00190331176246669,0.00190331176246669,0.000253774901662226,0.000253774901662226,0.000126887450831113,0.000126887450831113,0.000126887450831113,0.000126887450831113,0.00215708666412892,0.00215708666412892,0.00215708666412892,0.00215708666412892,"nonsyn","syn","syn",1.77e-05,1.76e-06,1.7e-06,1.7e-06,"0.00929958000000001","0.00669884999999999","0.01387056","0.0133977","I","I","M","I","I",0,0,0,0,0,0,0
"2302",2565,7789,7789,"t","t","c","c",0.00552060598279625,0.00552060598279625,0.000770317113878547,0.000770317113878547,0.000513544742585698,0.000256772371292849,0.000513544742585698,0.000256772371292849,0.0062909230966748,0.0062909230966748,0.0062909230966748,0.0062909230966748,"nonsyn","nonsyn","nonsyn",1.7e-05,1.07e-06,1.21e-06,1.21e-06,"0.00307937209302326","0.00157078166666667","0.0020835575","0.004712345","S","S","P","T","A",1,0,1,0,0,0,0
"2303",2566,7773,7775,"c","c","t","t",0.000900553196963849,0.000900553196963849,0.000257300913418243,0.000257300913418243,0.000257300913418243,0,0.000257300913418243,0,0.00115785411038209,0.00115785411038209,0.00115755627009646,0.00115755627009646,"nonsyn","nonsyn","nonsyn",4.58e-06,8.37e-07,4.33e-07,4.33e-07,"0.00508576285714286","0.0016828545","0.0032530005","1","S","S","F","Y","C",1,1,1,0,0,0,0
"2304",2567,7736,7736,"c","c","t","t",0.00142192347466391,0.00142192347466391,0.000258531540847983,0.000258531540847983,0.000258531540847983,0,0.000258531540847983,0,0.00168045501551189,0.00168045501551189,0.00168045501551189,0.00168045501551189,"syn","syn","syn",4.58e-06,8.37e-07,4.33e-07,4.33e-07,"0.00322098909090909","0.001674844","0.00323751600000001","1","S","S","S","S","S",0,0,0,0,1,0,1
"2305",2568,7736,7736,"c","c","t","t",0.000904860392967942,0.000904860392967942,0.000258531540847983,0.000258531540847983,0.000258531540847983,0,0.000258531540847983,0,0.00116339193381593,0.00116339193381593,0.00116339193381593,0.00116339193381593,"stop","nonsyn","nonsyn",4.58e-06,8.37e-07,4.33e-07,4.33e-07,"0.00506155428571429","0.001674844","0.00323751600000001","1","Q","Q","*","K","E",1,1,1,0,1,0,1
"2306",2569,7712,7713,"a","a","g","g",0.0020746887966805,0.0020746887966805,0.000518672199170124,0.000518672199170124,0.000259336099585062,0.000259336099585062,0.000259336099585062,0.000259336099585062,0.00259336099585062,0.00259336099585062,0.00259302476338649,0.00259302476338649,"nonsyn","nonsyn","nonsyn",1.77e-05,1.76e-06,1.7e-06,1.7e-06,"0.00853139999999999","0.0032776","0.00678656000000001","0.00655520000000001","Q","Q","R","P","L",1,1,1,1,0,0,0
"2307",2570,7684,7684,"a","a","g","g",0.00390421655387819,0.00390421655387819,0.000650702758979698,0.000650702758979698,0.00013014055179594,0.000520562207183758,0.00013014055179594,0.000520562207183758,0.00455491931285789,0.00455491931285789,0.00455491931285789,0.00455491931285789,"syn","nonsyn","nonsyn",1.77e-05,1.76e-06,1.7e-06,1.7e-06,"0.00453356","0.00261256","0.01352384","0.0032657","Q","Q","Q","H","H",0,1,1,0,1,1,0
"2308",2571,7663,7663,"g","g","a","a",0.0023489494975858,0.0023489494975858,0.000521988777241289,0.000521988777241289,0.000130497194310322,0.000391491582930967,0.000130497194310322,0.000391491582930967,0.00287093827482709,0.00287093827482709,0.00287093827482709,0.00287093827482709,"nonsyn","nonsyn","nonsyn",4.2e-06,5.36e-07,1.17e-06,1.17e-06,"0.00178803333333333","0.0022414275","0.00410736800000001","0.00298857","A","A","T","P","S",1,1,1,0,0,0,0
"2309",2572,7645,7645,"c","c","t","t",0.00287769784172662,0.00287769784172662,0,0,0,0,0,0,0.00287769784172662,0.00287769784172662,0.00287769784172662,0.00287769784172662,"nonsyn","nonsyn","nonsyn",4.58e-06,8.37e-07,4.33e-07,4.33e-07,"0.00159155","1","1","1","A","A","V","E","G",0,1,1,0,0,0,0
"2310",2573,7636,7636,"g","g","a","a",0.00170246202200105,0.00170246202200105,0.000392875851231011,0.000392875851231011,0,0.000392875851231011,0,0.000392875851231011,0.00209533787323206,0.00209533787323206,0.00209533787323206,0.00209533787323206,"syn","syn","syn",4.2e-06,5.36e-07,1.17e-06,1.17e-06,"0.00246701538461538","0.00297804","1","0.00297804","A","A","A","A","A",0,0,0,0,1,1,0
"2311",2574,7577,7577,"g","g","a","a",0.000659891777748449,0.000659891777748449,0.00039593506664907,0.00039593506664907,0,0.00039593506664907,0,0.00039593506664907,0.00105582684439752,0.00105582684439752,0.00105582684439752,0.00105582684439752,"nonsyn","nonsyn","stop",4.2e-06,5.36e-07,1.17e-06,1.17e-06,"0.00636468","0.00295503","1","0.00295503","E","E","K","Q","*",1,1,1,0,0,0,0
"2312",2575,7319,7321,"a","a","g","g",0.0158491597212734,0.0158491597212734,0.000546522749009428,0.000546522749009428,0,0.000546522749009428,0,0.000546522749009428,0.0163956824702828,0.0163956824702828,0.0163912033875154,0.0163912033875154,"nonsyn","nonsyn","nonsyn",1.77e-05,1.76e-06,1.7e-06,1.7e-06,"0.00111677844827586","0.003110575","1","0.003110575","E","E","G","A","V",1,1,1,0,1,1,0
"2313",2576,7315,7315,"g","g","a","a",0.00150375939849624,0.00150375939849624,0.000410116199589884,0.000410116199589884,0,0.000410116199589884,0,0.000410116199589884,0.00191387559808612,0.00191387559808612,0.00191387559808612,0.00191387559808612,"syn","nonsyn","nonsyn",4.2e-06,5.36e-07,1.17e-06,1.17e-06,"0.002793","0.00285285","1","0.00285285","E","E","E","D","D",0,0,0,0,1,1,0
"2314",2577,7222,7222,"g","g","a","a",0.00152312378842426,0.00152312378842426,0,0,0,0,0,0,0.00152312378842426,0.00152312378842426,0.00152312378842426,0.00152312378842426,"nonsyn","nonsyn","nonsyn",4.2e-06,5.36e-07,1.17e-06,1.17e-06,"0.00275749090909091","1","1","1","A","A","T","P","S",1,1,1,0,0,0,0
"2315",2578,7200,7200,"c","c","t","t",0.00208333333333333,0.00208333333333333,0.000555555555555556,0.000555555555555556,0.000555555555555556,0,0.000555555555555556,0,0.00263888888888889,0.00263888888888889,0.00263888888888889,0.00263888888888889,"nonsyn","nonsyn","nonsyn",4.58e-06,8.37e-07,4.33e-07,4.33e-07,"0.0021984","0.000779399999999999","0.0015066","1","A","A","V","E","G",0,1,1,0,0,0,0
"2316",2579,7229,7229,"g","g","a","a",0.00193664407248582,0.00193664407248582,0.000276663438926546,0.000276663438926546,0,0.000276663438926546,0,0.000276663438926546,0.00221330751141237,0.00221330751141237,0.00221330751141237,0.00221330751141237,"syn","syn","syn",4.2e-06,5.36e-07,1.17e-06,1.17e-06,"0.0021687","0.004228965","1","0.004228965","A","A","A","A","A",0,0,0,0,1,1,0
"2317",2580,7223,7223,"g","g","a","a",0.00193825280354423,0.00193825280354423,0.000276893257649176,0.000276893257649176,0,0.000276893257649176,0,0.000276893257649176,0.00221514606119341,0.00221514606119341,0.00221514606119341,0.00221514606119341,"nonsyn","nonsyn","nonsyn",4.2e-06,5.36e-07,1.17e-06,1.17e-06,"0.0021669","0.004225455","1","0.004225455","A","A","T","P","S",1,1,1,0,0,0,0
"2318",2581,7208,7209,"c","c","t","t",0.000971143174250832,0.000971143174250832,0.000416204217536071,0.000416204217536071,0.000416204217536071,0,0.000416204217536071,0,0.0013873473917869,0.0013873473917869,0.00138715494520738,0.00138715494520738,"nonsyn","nonsyn","nonsyn",4.58e-06,8.37e-07,4.33e-07,4.33e-07,"0.00471609142857143","0.00104035466666667","0.002011032","1","A","A","V","D","G",0,1,1,0,0,0,0
"2319",2582,7210,7211,"t","t","c","c",0.233287101248266,0.233287101248266,0.000970873786407767,0.000970873786407767,0.000554785020804438,0.000416088765603329,0.000554785020804438,0.000416088765603329,0.234257975034674,0.234257975034674,0.2342254888365,0.2342254888365,"syn","syn","syn",1.7e-05,1.07e-06,1.21e-06,1.21e-06,"7.28715814506541e-05","0.0012463","0.001928675","0.00290803333333333","A","A","A","A","A",0,0,0,0,1,0,1
"2320",2583,7225,7225,"t","t","c","c",0.00207612456747405,0.00207612456747405,0.000830449826989619,0.000830449826989619,0,0.000830449826989619,0,0.000830449826989619,0.00290657439446367,0.00290657439446367,0.00290657439446367,0.00290657439446367,"syn","nonsyn","nonsyn",1.7e-05,1.07e-06,1.21e-06,1.21e-06,"0.00818833333333333","0.00145704166666667","1","0.00145704166666667","L","L","L","M","V",0,0,0,0,0,0,0
"2321",2584,7264,7264,"t","t","c","c",0.00137665198237885,0.00137665198237885,0.000137665198237885,0.000137665198237885,0.000137665198237885,0,0.000137665198237885,0,0.00151431718061674,0.00151431718061674,0.00151431718061674,0.00151431718061674,"nonsyn","stop","nonsyn",1.7e-05,1.07e-06,1.21e-06,1.21e-06,"0.0123488","0.00878944000000003","0.00777248000000003","1","L","L","S","*","W",1,1,0,1,0,0,0
"2322",2585,7400,7402,"g","g","a","a",0.000945945945945946,0.000945945945945946,0.000135135135135135,0.000135135135135135,0,0.000135135135135135,0,0.000135135135135135,0.00108108108108108,0.00108108108108108,0.00108078897595245,0.00108078897595245,"syn","nonsyn","nonsyn",4.2e-06,5.36e-07,1.17e-06,1.17e-06,"0.00444","0.00865800000000001","1","0.00865800000000001","L","L","L","F","F",0,0,0,0,1,1,0
"2323",2586,7401,7401,"g","g","a","a",0.00121605188488042,0.00121605188488042,0.000135116876097825,0.000135116876097825,0,0.000135116876097825,0,0.000135116876097825,0.00135116876097825,0.00135116876097825,0.00135116876097825,0.00135116876097825,"nonsyn","nonsyn","stop",4.2e-06,5.36e-07,1.17e-06,1.17e-06,"0.0034538","0.00865916999999998","1","0.00865916999999998","E","E","K","Q","*",1,1,1,0,0,0,0
"2324",2587,7337,7337,"a","a","g","g",0.00626959247648903,0.00626959247648903,0.00122665939757394,0.00122665939757394,0.00040888646585798,0.00081777293171596,0.00040888646585798,0.00081777293171596,0.00749625187406297,0.00749625187406297,0.00749625187406297,0.00749625187406297,"nonsyn","nonsyn","nonsyn",1.77e-05,1.76e-06,1.7e-06,1.7e-06,"0.00282315","0.00138587777777778","0.00430437333333334","0.00207881666666667","E","E","G","A","V",1,1,1,0,1,1,0
"2325",2588,7374,7374,"g","g","a","a",0.000949281258475725,0.000949281258475725,0.00081366965012205,0.00081366965012205,0,0.00081366965012205,0,0.00081366965012205,0.00176295090859778,0.00176295090859778,0.00176295090859778,0.00176295090859778,"syn","nonsyn","nonsyn",4.2e-06,5.36e-07,1.17e-06,1.17e-06,"0.0044244","0.00143793","1","0.00143793","E","E","E","D","D",0,0,0,0,0,0,0
"2326",2589,7321,7321,"a","a","g","g",0.00396120748531621,0.00396120748531621,0.000546373446250512,0.000546373446250512,0.000136593361562628,0.000409780084687884,0.000136593361562628,0.000409780084687884,0.00450758093156673,0.00450758093156673,0.00450758093156673,0.00450758093156673,"nonsyn","nonsyn","nonsyn",1.77e-05,1.76e-06,1.7e-06,1.7e-06,"0.00446833448275862","0.003111425","0.01288496","0.00414856666666667","N","N","D","H","Y",1,1,1,0,0,0,0
"2327",2590,7063,7063,"a","a","g","g",0.00424748690358205,0.00424748690358205,0.000141582896786068,0.000141582896786068,0.000141582896786068,0,0.000141582896786068,0,0.00438906980036812,0.00438906980036812,0.00438906980036812,0.00438906980036812,"nonsyn","nonsyn","nonsyn",1.77e-05,1.76e-06,1.7e-06,1.7e-06,"0.00416717","0.0120071","0.01243088","1","N","N","S","T","I",0,0,1,0,0,0,0
"2328",2591,7087,7087,"c","c","t","t",0.000846620572879921,0.000846620572879921,0.00014110342881332,0.00014110342881332,0.00014110342881332,0,0.00014110342881332,0,0.000987724001693241,0.000987724001693241,0.000987724001693241,0.000987724001693241,"syn","nonsyn","nonsyn",4.58e-06,8.37e-07,4.33e-07,4.33e-07,"0.00540974333333333","0.003068671","0.00593181900000001","1","N","N","N","K","K",0,1,1,0,0,0,0
"2329",2592,7038,7038,"c","c","t","t",0.00269963057686843,0.00269963057686843,0.00014208581983518,0.00014208581983518,0.00014208581983518,0,0.00014208581983518,0,0.00284171639670361,0.00284171639670361,0.00284171639670361,0.00284171639670361,"nonsyn","nonsyn","nonsyn",4.58e-06,8.37e-07,4.33e-07,4.33e-07,"0.00169652842105263","0.00304745400000001","0.00589080600000002","1","L","L","F","I","V",0,0,0,0,1,0,1
"2330",2593,7045,7045,"t","t","c","c",0.0132008516678495,0.0132008516678495,0.00014194464158978,0.00014194464158978,0.00014194464158978,0,0.00014194464158978,0,0.0133427963094393,0.0133427963094393,0.0133427963094393,0.0133427963094393,"nonsyn","nonsyn","nonsyn",1.7e-05,1.07e-06,1.21e-06,1.21e-06,"0.00128779569892473","0.00852445","0.00753815","1","L","L","P","H","R",1,1,1,0,1,0,1
"2331",2594,7040,7040,"c","c","t","t",0.00184659090909091,0.00184659090909091,0.000710227272727273,0.000710227272727273,0.000710227272727273,0,0.000710227272727273,0,0.00255681818181818,0.00255681818181818,0.00255681818181818,0.00255681818181818,"syn","syn","syn",4.58e-06,8.37e-07,4.33e-07,4.33e-07,"0.00248024615384615","0.000609664","0.001178496","1","L","L","L","L","L",0,0,0,0,0,0,0
"2332",2595,7043,7043,"g","g","a","a",0.00170381939514411,0.00170381939514411,0.000141984949595343,0.000141984949595343,0,0.000141984949595343,0,0.000141984949595343,0.00184580434473946,0.00184580434473946,0.00184580434473946,0.00184580434473946,"nonsyn","nonsyn","nonsyn",4.2e-06,5.36e-07,1.17e-06,1.17e-06,"0.00246505000000001","0.00824030999999999","1","0.00824030999999999","V","V","I","L","L",0,0,0,0,0,0,0
"2333",2596,7038,7039,"t","t","c","c",0.00682011935208866,0.00682011935208866,0.000284171639670361,0.000284171639670361,0.00014208581983518,0.00014208581983518,0.00014208581983518,0.00014208581983518,0.00710429099175902,0.00710429099175902,0.00710328171615286,0.00710328171615286,"nonsyn","nonsyn","nonsyn",1.7e-05,1.07e-06,1.21e-06,1.21e-06,"0.002492625","0.00425799","0.00753066000000002","0.00851598000000003","V","V","A","E","G",0,1,1,0,0,0,0
"2334",2597,7028,7028,"a","a","g","g",0.00241889584519067,0.00241889584519067,0.000284575981787137,0.000284575981787137,0,0.000284575981787137,0,0.000284575981787137,0.0027034718269778,0.0027034718269778,0.0027034718269778,0.0027034718269778,"syn","syn","syn",1.77e-05,1.76e-06,1.7e-06,1.7e-06,"0.00731738823529411","0.0059738","1","0.0059738","V","V","V","V","V",0,0,0,0,0,0,0
"2335",2598,7045,7045,"g","a","a","g",0.00099361249112846,0.998864442867282,0.00014194464158978,0.00014194464158978,0,0.00014194464158978,0,0.00014194464158978,0.00113555713271824,0.999006387508871,0.00113555713271824,0.999006387508871,"nonsyn","nonsyn","nonsyn",1.77e-05,1.76e-06,1.7e-06,1.7e-06,"1.77201222111695e-05","0.0119765","1","0.0119765","V","I","V","L","L",0,0,0,0,0,0,0
"2336",2599,6961,6961,"t","t","c","c",0.00330412297083752,0.00330412297083752,0,0,0,0,0,0,0.00330412297083752,0.00330412297083752,0.00330412297083752,0.00330412297083752,"nonsyn","nonsyn","nonsyn",1.7e-05,1.07e-06,1.21e-06,1.21e-06,"0.00514508695652174","1","1","1","V","I","T","K","R",1,1,1,0,0,0,0
"2337",2600,7277,7277,"a","a","g","g",0.0021987082588979,0.0021987082588979,0.000412257798543356,0.000412257798543356,0.000274838532362237,0.000137419266181119,0.000274838532362237,0.000137419266181119,0.00261096605744125,0.00261096605744125,0.00261096605744125,0.00261096605744125,"nonsyn","syn","syn",1.77e-05,1.76e-06,1.7e-06,1.7e-06,"0.00805018124999999","0.00412363333333333","0.00640376","0.0123709","V","I","M","I","I",0,0,0,0,0,0,0
"2338",2601,7296,7296,"c","c","t","t",0.00109649122807018,0.00109649122807018,0.000274122807017544,0.000274122807017544,0.000137061403508772,0.000137061403508772,0.000137061403508772,0.000137061403508772,0.00137061403508772,0.00137061403508772,0.00137061403508772,0.00137061403508772,"nonsyn","nonsyn","nonsyn",4.58e-06,8.37e-07,4.33e-07,4.33e-07,"0.00417695999999998","0.001579584","0.006106752","0.003159168","L","L","F","I","V",0,0,0,0,0,0,0
"2339",2602,7226,7226,"t","t","c","c",0.00345972875726543,0.00345972875726543,0.000830334901743703,0.000830334901743703,0.000553556601162469,0.000276778300581234,0.000553556601162469,0.000276778300581234,0.00429006365900913,0.00429006365900913,0.00429006365900913,0.00429006365900913,"nonsyn","nonsyn","nonsyn",1.7e-05,1.07e-06,1.21e-06,1.21e-06,"0.00491368","0.00145724333333333","0.001932955","0.00437173000000001","L","L","P","H","R",1,1,1,0,1,0,1
"2340",2603,7288,7288,"c","c","t","t",0.00123490669593853,0.00123490669593853,0.000274423710208562,0.000274423710208562,0.000274423710208562,0,0.000274423710208562,0,0.00150933040614709,0.00150933040614709,0.00150933040614709,0.00150933040614709,"syn","syn","syn",4.58e-06,8.37e-07,4.33e-07,4.33e-07,"0.00370878222222222","0.001577852","0.003050028","1","L","L","L","L","L",0,0,0,0,0,0,0
"2341",2604,7101,7101,"a","a","g","g",0.00239402900999859,0.00239402900999859,0.00028165047176454,0.00028165047176454,0.00028165047176454,0,0.00028165047176454,0,0.00267567948176313,0.00267567948176313,0.00267567948176313,0.00267567948176313,"nonsyn","nonsyn","nonsyn",1.77e-05,1.76e-06,1.7e-06,1.7e-06,"0.00739339411764707","0.00603585","0.00624888","1","N","N","D","H","Y",1,1,1,1,0,0,0
"2342",2605,7164,7164,"a","a","g","g",0.00153545505304299,0.00153545505304299,0.000139586823003908,0.000139586823003908,0.000139586823003908,0,0.000139586823003908,0,0.0016750418760469,0.0016750418760469,0.0016750418760469,0.0016750418760469,"nonsyn","nonsyn","nonsyn",1.77e-05,1.76e-06,1.7e-06,1.7e-06,"0.0115275272727273","0.0121788","0.01260864","1","N","N","S","T","I",0,0,1,0,0,0,0
"2343",2606,7162,7162,"t","t","c","c",0.00307176766266406,0.00307176766266406,0.000279251605696733,0.000279251605696733,0.000139625802848366,0.000139625802848366,0.000139625802848366,0.000139625802848366,0.00335101926836079,0.00335101926836079,0.00335101926836079,0.00335101926836079,"syn","nonsyn","nonsyn",1.7e-05,1.07e-06,1.21e-06,1.21e-06,"0.00553427272727273","0.00433301","0.00766334000000002","0.00866602000000002","N","N","N","K","K",0,1,1,1,0,0,0
"2344",2607,7114,7114,"g","g","a","a",0.00182738262580827,0.00182738262580827,0.000281135788585887,0.000281135788585887,0,0.000281135788585887,0,0.000281135788585887,0.00210851841439415,0.00210851841439415,0.00210851841439415,0.00210851841439415,"nonsyn","nonsyn","nonsyn",4.2e-06,5.36e-07,1.17e-06,1.17e-06,"0.00229836923076922","0.00416169","1","0.00416169","A","A","T","P","S",1,1,1,0,0,0,0
"2345",2608,7135,7135,"c","c","t","t",0.00238262088297127,0.00238262088297127,0.000140154169586545,0.000140154169586545,0.000140154169586545,0,0.000140154169586545,0,0.00252277505255781,0.00252277505255781,0.00252277505255781,0.00252277505255781,"nonsyn","nonsyn","nonsyn",4.58e-06,8.37e-07,4.33e-07,4.33e-07,"0.00192225294117647","0.003089455","0.00597199500000001","1","A","A","V","E","G",0,1,1,0,0,0,0
"2346",2609,7048,7048,"a","a","g","g",0.0617196367763905,0.0617196367763905,0.00127695800227015,0.00127695800227015,0,0.00127695800227015,0,0.00127695800227015,0.0629965947786606,0.0629965947786606,0.0629965947786606,0.0629965947786606,"syn","syn","syn",1.77e-05,1.76e-06,1.7e-06,1.7e-06,"0.000286780689655172","0.00133128888888889","1","0.00133128888888889","A","A","A","A","A",0,0,0,1,1,1,0
"2347",2610,7166,7166,"g","g","a","a",0.00265140943343567,0.00265140943343567,0.000139547864917667,0.000139547864917667,0,0.000139547864917667,0,0.000139547864917667,0.00279095729835334,0.00279095729835334,0.00279095729835334,0.00279095729835334,"nonsyn","nonsyn","nonsyn",4.2e-06,5.36e-07,1.17e-06,1.17e-06,"0.00158406315789474","0.00838421999999999","1","0.00838421999999999","A","A","T","P","S",1,1,1,0,0,0,0
"2348",2611,7025,7025,"c","c","t","t",0.0298932384341637,0.0298932384341637,0.000142348754448399,0.000142348754448399,0.000142348754448399,0,0.000142348754448399,0,0.0300355871886121,0.0300355871886121,0.0300355871886121,0.0300355871886121,"nonsyn","nonsyn","nonsyn",4.58e-06,8.37e-07,4.33e-07,4.33e-07,"0.000153211904761905","0.00304182499999999","0.00587992499999998","1","A","A","V","E","G",0,1,1,0,0,0,0
"2349",2612,7076,7077,"a","a","g","g",0.00183719615602035,0.00183719615602035,0,0,0,0,0,0,0.00183719615602035,0.00183719615602035,0.00183693655503745,0.00183693655503745,"syn","syn","syn",1.77e-05,1.76e-06,1.7e-06,1.7e-06,"0.00963424615384616","1","1","1","A","A","A","A","A",0,0,0,1,0,0,0
"2350",2613,7022,7022,"t","t","c","c",0.00484192537738536,0.00484192537738536,0.000569638279692395,0.000569638279692395,0.000427228709769296,0.000142409569923099,0.000427228709769296,0.000142409569923099,0.00541156365707776,0.00541156365707776,0.00541156365707776,0.00541156365707776,"nonsyn","nonsyn","nonsyn",1.7e-05,1.07e-06,1.21e-06,1.21e-06,"0.003511","0.002124155","0.00250451333333334","0.00849661999999999","S","S","P","T","A",1,0,1,0,0,0,0
"2351",2614,6988,6988,"c","c","t","t",0.00171722953634803,0.00171722953634803,0.000286204922724671,0.000286204922724671,0.000286204922724671,0,0.000286204922724671,0,0.0020034344590727,0.0020034344590727,0.0020034344590727,0.0020034344590727,"nonsyn","nonsyn","nonsyn",4.58e-06,8.37e-07,4.33e-07,4.33e-07,"0.00266708666666666","0.001512902","0.002924478","1","S","S","F","Y","C",1,1,1,0,0,0,0
"2352",2615,6928,6928,"c","c","t","t",0.00173210161662818,0.00173210161662818,0.000721709006928406,0.000721709006928406,0.000721709006928406,0,0.000721709006928406,0,0.00245381062355658,0.00245381062355658,0.00245381062355658,0.00245381062355658,"syn","syn","syn",4.58e-06,8.37e-07,4.33e-07,4.33e-07,"0.00264418666666666","0.0005999648","0.0011597472","1","S","S","S","S","S",0,0,0,0,1,0,1
"2353",2616,6923,6923,"c","c","t","t",0.000577784197602196,0.000577784197602196,0.000577784197602196,0.000577784197602196,0.000577784197602196,0,0.000577784197602196,0,0.00115556839520439,0.00115556839520439,0.00115556839520439,0.00115556839520439,"syn","nonsyn","nonsyn",4.58e-06,8.37e-07,4.33e-07,4.33e-07,"0.00792683499999999","0.00074941475","0.00144863775","1","L","L","L","M","V",0,0,0,0,1,0,1
"2354",2617,6963,6964,"t","t","c","c",0.002585092632486,0.002585092632486,0.000718081286801666,0.000718081286801666,0.000574465029441333,0.000143616257360333,0.000574465029441333,0.000143616257360333,0.00330317391928766,0.00330317391928766,0.00330269959793222,0.00330269959793222,"nonsyn","nonsyn","nonsyn",1.7e-05,1.07e-06,1.21e-06,1.21e-06,"0.00657616666666666","0.001685046","0.0018626025","0.00842523000000001","L","L","P","Q","R",1,1,1,1,1,0,1
"2355",2618,7013,7014,"g","g","a","a",0.000998146299729075,0.000998146299729075,0.0005703693141309,0.0005703693141309,0,0.0005703693141309,0,0.0005703693141309,0.00156851561385997,0.00156851561385997,0.00156829198745366,0.00156829198745366,"syn","syn","syn",4.2e-06,5.36e-07,1.17e-06,1.17e-06,"0.0042078","0.0020513025","1","0.0020513025","L","L","L","L","L",0,0,0,0,1,1,0
"2356",2619,6978,6978,"g","g","a","a",0.00243622814560046,0.00243622814560046,0.000429922613929493,0.000429922613929493,0.000143307537976498,0.000286615075952995,0.000143307537976498,0.000286615075952995,0.00286615075952995,0.00286615075952995,0.00286615075952995,0.00286615075952995,"nonsyn","nonsyn","nonsyn",4.2e-06,5.36e-07,1.17e-06,1.17e-06,"0.00172397647058823","0.00272142","0.00374020799999999","0.00408213","A","A","T","P","S",1,1,1,0,0,0,0
"2357",2620,6970,6970,"c","c","t","t",0.00444763271162123,0.00444763271162123,0.000143472022955524,0.000143472022955524,0.000143472022955524,0,0.000143472022955524,0,0.00459110473457676,0.00459110473457676,0.00459110473457676,0.00459110473457676,"nonsyn","nonsyn","nonsyn",4.58e-06,8.37e-07,4.33e-07,4.33e-07,"0.00102976129032258","0.00301800999999999","0.00583388999999999","1","A","A","V","D","G",0,1,1,0,0,0,0
"2358",2621,6973,6973,"c","c","t","t",0.00272479564032698,0.00272479564032698,0.00129069267173383,0.00129069267173383,0.00114728237487452,0.000143410296859315,0.00114728237487452,0.000143410296859315,0.00401548831206081,0.00401548831206081,0.00401548831206081,0.00401548831206081,"syn","syn","syn",4.58e-06,8.37e-07,4.33e-07,4.33e-07,"0.00168086","0.000335478777777778","0.000729550124999997","0.00301930899999999","A","A","A","A","A",0,0,0,0,1,0,1
"2359",2622,6923,6929,"g","g","a","a",0.00144446049400549,0.00144446049400549,0.000577784197602196,0.000577784197602196,0.000288892098801098,0.000288892098801098,0.000288892098801098,0.000288892098801098,0.00202224469160768,0.00202224469160768,0.00202049357771684,0.00202049357771684,"nonsyn","nonsyn","nonsyn",4.2e-06,5.36e-07,1.17e-06,1.17e-06,"0.00290766","0.0020249775","0.001855364","0.004049955","G","G","R","R","W",1,1,1,0,1,1,0
"2360",2623,6897,6897,"g","g","a","a",0.000724952878062926,0.000724952878062926,0.000579962302450341,0.000579962302450341,0.000144990575612585,0.000434971726837756,0.000144990575612585,0.000434971726837756,0.00130491518051327,0.00130491518051327,0.00130491518051327,0.00130491518051327,"nonsyn","nonsyn","nonsyn",4.2e-06,5.36e-07,1.17e-06,1.17e-06,"0.00579348","0.0020173725","0.003696792","0.00268983","G","G","E","A","V",1,1,1,0,1,1,0
"2361",2624,6888,6890,"g","g","a","a",0.00130662020905923,0.00130662020905923,0.000290360046457607,0.000290360046457607,0,0.000290360046457607,0,0.000290360046457607,0.00159698025551684,0.00159698025551684,0.00159651669085631,0.00159651669085631,"syn","syn","syn",4.2e-06,5.36e-07,1.17e-06,1.17e-06,"0.00321440000000001","0.00402948000000001","1","0.00402948000000001","G","G","G","G","G",0,0,0,0,0,0,0
"2362",2625,6943,6943,"a","a","g","g",0.00518507849632724,0.00518507849632724,0.000576119832925248,0.000576119832925248,0.000144029958231312,0.000432089874693936,0.000144029958231312,0.000432089874693936,0.00576119832925248,0.00576119832925248,0.00576119832925248,0.00576119832925248,"nonsyn","nonsyn","nonsyn",1.77e-05,1.76e-06,1.7e-06,1.7e-06,"0.00341364166666666","0.002950775","0.01221968","0.00393436666666667","T","T","A","P","S",1,1,0,0,0,0,0
"2363",2626,6949,6949,"c","c","t","t",0.00100733918549432,0.00100733918549432,0,0,0,0,0,0,0.00100733918549432,0.00100733918549432,0.00100733918549432,0.00100733918549432,"nonsyn","nonsyn","nonsyn",4.58e-06,8.37e-07,4.33e-07,4.33e-07,"0.00454663142857141","1","1","1","T","T","M","K","R",1,1,1,0,0,0,0
"2364",2627,6979,6979,"g","g","a","a",0.00200601805416249,0.00200601805416249,0.000429861011606247,0.000429861011606247,0,0.000429861011606247,0,0.000429861011606247,0.00243587906576873,0.00243587906576873,0.00243587906576873,0.00243587906576873,"syn","syn","syn",4.2e-06,5.36e-07,1.17e-06,1.17e-06,"0.0020937","0.00272181","1","0.00272181","T","T","T","T","T",0,0,0,0,0,0,0
"2365",2628,6974,6974,"c","c","t","t",0.00200745626613135,0.00200745626613135,0.000143389733295096,0.000143389733295096,0.000143389733295096,0,0.000143389733295096,0,0.00215084599942644,0.00215084599942644,0.00215084599942644,0.00215084599942644,"nonsyn","nonsyn","nonsyn",4.58e-06,8.37e-07,4.33e-07,4.33e-07,"0.00228149428571428","0.003019742","0.005837238","1","H","H","Y","N","D",1,1,1,0,0,0,0
"2366",2629,6926,6926,"a","a","g","g",0.00476465492347675,0.00476465492347675,0.00158821830782558,0.00158821830782558,0.000433150447588796,0.00115506786023679,0.000433150447588796,0.00115506786023679,0.00635287323130234,0.00635287323130234,0.00635287323130234,0.00635287323130234,"nonsyn","nonsyn","nonsyn",1.77e-05,1.76e-06,1.7e-06,1.7e-06,"0.00371485454545455","0.00107038181818182","0.00406325333333333","0.001471775","H","H","R","P","L",0,1,1,1,0,0,0
"2367",2630,6966,6966,"c","c","t","t",0.00229687051392478,0.00229687051392478,0.000861326442721792,0.000861326442721792,0.000430663221360896,0.000430663221360896,0.000430663221360896,0.000430663221360896,0.00315819695664657,0.00315819695664657,0.00315819695664657,0.00315819695664657,"syn","nonsyn","nonsyn",4.58e-06,8.37e-07,4.33e-07,4.33e-07,"0.0019940175","0.000502713","0.001943514","0.001005426","H","H","H","Q","Q",0,1,1,0,0,0,0
"2368",2631,7003,7003,"g","g","a","a",0.00228473511352278,0.00228473511352278,0.000142795944595173,0.000142795944595173,0,0.000142795944595173,0,0.000142795944595173,0.00242753105811795,0.00242753105811795,0.00242753105811795,0.00242753105811795,"nonsyn","nonsyn","nonsyn",4.2e-06,5.36e-07,1.17e-06,1.17e-06,"0.0018382875","0.00819351000000003","1","0.00819351000000003","G","G","S","R","C",1,1,0,0,1,1,0
"2369",2632,7014,7014,"g","g","a","a",0.00114057599087539,0.00114057599087539,0,0,0,0,0,0,0.00114057599087539,0.00114057599087539,0.00114057599087539,0.00114057599087539,"nonsyn","nonsyn","nonsyn",4.2e-06,5.36e-07,1.17e-06,1.17e-06,"0.00368235000000001","1","1","1","G","G","D","A","V",1,1,1,0,0,0,0
"2370",2633,7013,7013,"t","t","c","c",0.00527591615571082,0.00527591615571082,0.000712961642663625,0.000712961642663625,0.000427776985598175,0.00028518465706545,0.000427776985598175,0.00028518465706545,0.00598887779837445,0.00598887779837445,0.00598887779837445,0.00598887779837445,"syn","syn","syn",1.7e-05,1.07e-06,1.21e-06,1.21e-06,"0.00322218918918919","0.001697146","0.00250130333333333","0.004242865","G","G","G","G","G",0,0,0,0,0,0,0
"2371",2634,7009,7009,"c","c","t","t",0.0005706948209445,0.0005706948209445,0.00028534741047225,0.00028534741047225,0.00028534741047225,0,0.00028534741047225,0,0.00085604223141675,0.00085604223141675,0.00085604223141675,0.00085604223141675,"nonsyn","nonsyn","nonsyn",4.58e-06,8.37e-07,4.33e-07,4.33e-07,"0.008025305","0.0015174485","0.0029332665","1","L","L","F","I","V",0,0,0,0,0,0,0
"2372",2635,7063,7063,"t","t","c","c",0.00424748690358205,0.00424748690358205,0.00141582896786068,0.00141582896786068,0.00113266317428855,0.000283165793572136,0.00113266317428855,0.000283165793572136,0.00566331587144273,0.00566331587144273,0.00566331587144273,0.00566331587144273,"nonsyn","nonsyn","nonsyn",1.7e-05,1.07e-06,1.21e-06,1.21e-06,"0.00400236666666666","0.000854623000000001","0.000944676249999996","0.00427311500000001","L","L","P","H","R",1,1,1,0,1,0,1
"2373",2636,6716,6716,"t","t","c","c",0.00491363907087552,0.00491363907087552,0.00163787969029184,0.00163787969029184,0.00148898153662895,0.000148898153662895,0.00148898153662895,0.000148898153662895,0.00655151876116736,0.00655151876116736,0.00655151876116736,0.00655151876116736,"syn","syn","syn",1.7e-05,1.07e-06,1.21e-06,1.21e-06,"0.00345975757575758","0.00073876","0.000718611999999998","0.00812635999999998","L","L","L","L","L",0,0,0,1,0,0,0
"2374",2637,6947,6947,"g","g","a","a",0.002447099467396,0.002447099467396,0.000287894054987765,0.000287894054987765,0.000143947027493882,0.000143947027493882,0.000143947027493882,0.000143947027493882,0.00273499352238376,0.00273499352238376,0.00273499352238376,0.00273499352238376,"nonsyn","nonsyn","nonsyn",4.2e-06,5.36e-07,1.17e-06,1.17e-06,"0.00171631764705882","0.00406399499999999","0.00372359200000001","0.00812799000000002","A","V","M","L","L",0,0,0,0,0,0,0
"2375",2638,6890,6890,"c","t","t","c",0.00290275761973875,0.997097242380261,0,0,0,0,0,0,0.00290275761973875,0.997097242380261,0.00290275761973875,0.997097242380261,"nonsyn","nonsyn","nonsyn",1.7e-05,1.07e-06,1.21e-06,1.21e-06,"1.70494905385735e-05","1","1","1","A","V","A","E","G",0,1,1,1,0,0,0
"2376",2639,7019,7019,"a","g","g","a",0.0122524576150449,0.948710642541673,0.0390368998432825,0.0390368998432825,0.000284940874768486,0.038751958968514,0.000284940874768486,0.038751958968514,0.0512893574583274,0.987747542384955,0.0512893574583274,0.987747542384955,"syn","syn","syn",4.2e-06,5.36e-07,1.17e-06,1.17e-06,"4.42706112028833e-06","2.99716423357664e-05","0.001881092","3.01920220588236e-05","A","V","V","V","V",0,0,0,0,0,0,0
"2377",2640,7071,7071,"t","t","c","c",0.00410125866214114,0.00410125866214114,0.000141422712487626,0.000141422712487626,0.000141422712487626,0,0.000141422712487626,0,0.00424268137462877,0.00424268137462877,0.00424268137462877,0.00424268137462877,"nonsyn","nonsyn","nonsyn",1.7e-05,1.07e-06,1.21e-06,1.21e-06,"0.00414506896551724","0.00855590999999997","0.00756596999999997","1","S","S","P","T","A",1,0,1,0,0,0,0
"2378",2641,7022,7022,"c","c","t","t",0.000996866989461692,0.000996866989461692,0.000427228709769296,0.000427228709769296,0.000427228709769296,0,0.000427228709769296,0,0.00142409569923099,0.00142409569923099,0.00142409569923099,0.00142409569923099,"nonsyn","nonsyn","nonsyn",4.58e-06,8.37e-07,4.33e-07,4.33e-07,"0.00459439428571429","0.00101350866666667","0.001959138","1","S","S","F","Y","C",1,1,1,0,0,0,0
"2379",2642,7130,7130,"c","c","t","t",0.0230014025245442,0.0230014025245442,0.000561009817671809,0.000561009817671809,0.000561009817671809,0,0.000561009817671809,0,0.023562412342216,0.023562412342216,0.023562412342216,0.023562412342216,"syn","syn","syn",4.58e-06,8.37e-07,4.33e-07,4.33e-07,"0.000199118292682927","0.0007718225","0.0014919525","1","S","S","S","S","S",0,0,0,0,1,0,1
"2380",2643,7168,7170,"t","t","c","c",0.00558035714285714,0.00558035714285714,0.000279017857142857,0.000279017857142857,0.000139508928571429,0.000139508928571429,0.000139508928571429,0.000139508928571429,0.005859375,0.005859375,0.00585774058577406,0.00585774058577406,"nonsyn","nonsyn","nonsyn",1.7e-05,1.07e-06,1.21e-06,1.21e-06,"0.0030464","0.00433664","0.00766975999999998","0.00867327999999997","F","F","L","I","V",0,0,0,0,1,0,1
"2381",2644,7154,7154,"t","t","c","c",0.0023762929829466,0.0023762929829466,0,0,0,0,0,0,0.0023762929829466,0.0023762929829466,0.0023762929829466,0.0023762929829466,"nonsyn","nonsyn","nonsyn",1.7e-05,1.07e-06,1.21e-06,1.21e-06,"0.00715400000000001","1","1","1","F","F","S","Y","C",1,0,1,0,0,0,0
"2382",2645,7182,7183,"c","c","t","t",0.000278473962684489,0.000278473962684489,0.000139236981342244,0.000139236981342244,0,0.000139236981342244,0,0.000139236981342244,0.000417710944026733,0.000417710944026733,0.000417652791312822,0.000417652791312822,"syn","nonsyn","nonsyn",4.58e-06,8.37e-07,4.33e-07,4.33e-07,"0.01644678","0.00310980600000001","1","0.00310980600000001","F","F","F","L","L",0,0,0,0,0,0,0
"2383",2646,7184,7184,"c","c","t","t",0.000417594654788419,0.000417594654788419,0.000556792873051225,0.000556792873051225,0.000556792873051225,0,0.000556792873051225,0,0.000974387527839644,0.000974387527839644,0.000974387527839644,0.000974387527839644,"nonsyn","nonsyn","nonsyn",4.58e-06,8.37e-07,4.33e-07,4.33e-07,"0.0109675733333333","0.000777668","0.001503252","1","L","L","F","I","V",0,0,0,0,1,0,1
"2384",2647,7203,7203,"t","t","c","c",0.00374843815077051,0.00374843815077051,0.00111064834096904,0.00111064834096904,0.00111064834096904,0,0.00111064834096904,0,0.00485908649173955,0.00485908649173955,0.00485908649173955,0.00485908649173955,"nonsyn","nonsyn","nonsyn",1.7e-05,1.07e-06,1.21e-06,1.21e-06,"0.00453522222222223","0.00108945375","0.000963401250000001","1","L","L","P","H","R",1,1,1,0,1,0,1
"2385",2648,7242,7242,"c","c","t","t",0.00276166804750069,0.00276166804750069,0.000828500414250207,0.000828500414250207,0.000414250207125104,0.000414250207125104,0.000414250207125104,0.000414250207125104,0.0035901684617509,0.0035901684617509,0.0035901684617509,0.0035901684617509,"syn","syn","syn",4.58e-06,8.37e-07,4.33e-07,4.33e-07,"0.001658418","0.000522631","0.002020518","0.001045262","L","L","L","L","L",0,0,0,0,0,0,0
"2386",2649,7250,7250,"g","g","a","a",0.00137931034482759,0.00137931034482759,0,0,0,0,0,0,0.00137931034482759,0.00137931034482759,0.00137931034482759,0.00137931034482759,"nonsyn","nonsyn","nonsyn",4.2e-06,5.36e-07,1.17e-06,1.17e-06,"0.00304499999999999","1","1","1","V","V","M","L","L",0,0,0,0,0,0,0
"2387",2650,7229,7229,"t","t","c","c",0.0301563148429935,0.0301563148429935,0.000553326877853092,0.000553326877853092,0.000414995158389819,0.000138331719463273,0.000414995158389819,0.000138331719463273,0.0307096417208466,0.0307096417208466,0.0307096417208466,0.0307096417208466,"nonsyn","nonsyn","nonsyn",1.7e-05,1.07e-06,1.21e-06,1.21e-06,"0.000563729357798165","0.0021867725","0.00257834333333333","0.00874709","V","V","A","E","G",0,1,1,1,0,0,0
"2388",2651,7230,7232,"a","g","g","a",0.00138312586445367,0.998616874135546,0,0,0,0,0,0,0.00138312586445367,0.998616874135546,0.00138274336283186,0.998340707964602,"syn","syn","syn",4.2e-06,5.36e-07,1.17e-06,1.17e-06,"4.20581717451524e-06","1","1","1","V","V","V","V","V",0,0,0,0,0,0,0
"2389",2652,7272,7280,"t","t","c","c",0.0022002200220022,0.0022002200220022,0.000962596259625963,0.000962596259625963,0.000687568756875688,0.000275027502750275,0.000687568756875688,0.000275027502750275,0.00316281628162816,0.00316281628162816,0.00315934065934066,0.00315934065934066,"nonsyn","nonsyn","nonsyn",1.7e-05,1.07e-06,1.21e-06,1.21e-06,"0.0077265","0.00125701714285714","0.001556208","0.00439956","F","F","L","I","V",0,0,0,0,0,0,0
"2390",2653,7278,7278,"t","t","c","c",0.00261060730970047,0.00261060730970047,0.000137400384721077,0.000137400384721077,0.000137400384721077,0,0.000137400384721077,0,0.00274800769442154,0.00274800769442154,0.00274800769442154,0.00274800769442154,"nonsyn","nonsyn","nonsyn",1.7e-05,1.07e-06,1.21e-06,1.21e-06,"0.0065118947368421","0.00880638000000001","0.00778746000000001","1","F","F","S","Y","C",1,0,1,0,0,0,0
"2391",2654,7307,7307,"t","c","c","t",0.00191597098672506,0.997536608731354,0.000547420281921445,0.000547420281921445,0.000136855070480361,0.000410565211441084,0.000136855070480361,0.000410565211441084,0.0024633912686465,0.998084029013275,0.0024633912686465,0.998084029013275,"syn","nonsyn","nonsyn",4.58e-06,8.37e-07,4.33e-07,4.33e-07,"4.59131019344217e-06","0.00079098275","0.00611595900000001","0.00105464366666667","F","F","F","L","L",0,0,0,0,0,0,0
"2392",2655,7323,7323,"t","t","c","c",0.00259456506896081,0.00259456506896081,0.00027311211252219,0.00027311211252219,0.000136556056261095,0.000136556056261095,0.000136556056261095,0.000136556056261095,0.002867677181483,0.002867677181483,0.002867677181483,0.002867677181483,"nonsyn","nonsyn","nonsyn",1.7e-05,1.07e-06,1.21e-06,1.21e-06,"0.00655215789473684","0.00443041500000001","0.00783561000000001","0.00886083000000001","F","F","L","I","V",0,0,0,0,1,0,1
"2393",2656,7305,7305,"t","t","c","c",0.00520191649555099,0.00520191649555099,0.00054757015742642,0.00054757015742642,0.000410677618069815,0.000136892539356605,0.000410677618069815,0.000136892539356605,0.00574948665297741,0.00574948665297741,0.00574948665297741,0.00574948665297741,"nonsyn","nonsyn","nonsyn",1.7e-05,1.07e-06,1.21e-06,1.21e-06,"0.00326802631578948","0.0022097625","0.00260545","0.00883905","F","F","S","Y","C",1,0,1,0,0,0,0
"2394",2657,7339,7339,"c","c","t","t",0.000681291729118409,0.000681291729118409,0.000408775037471045,0.000408775037471045,0.000408775037471045,0,0.000408775037471045,0,0.00109006676658945,0.00109006676658945,0.00109006676658945,0.00109006676658945,"syn","nonsyn","nonsyn",4.58e-06,8.37e-07,4.33e-07,4.33e-07,"0.006722524","0.00105926233333333","0.002047581","1","F","F","F","L","L",0,0,0,0,0,0,0
"2395",2658,7306,7306,"t","t","c","c",0.00328497125650151,0.00328497125650151,0.000821242814125376,0.000821242814125376,0.000684369011771147,0.000136873802354229,0.000684369011771147,0.000136873802354229,0.00410621407062688,0.00410621407062688,0.00410621407062688,0.00410621407062688,"nonsyn","nonsyn","nonsyn",1.7e-05,1.07e-06,1.21e-06,1.21e-06,"0.00517508333333333","0.00147337666666667","0.001563484","0.00884026000000003","C","C","R","S","G",1,1,0,1,1,0,1
"2396",2659,7312,7312,"g","g","a","a",0.00328227571115974,0.00328227571115974,0.000273522975929978,0.000273522975929978,0,0.000273522975929978,0,0.000273522975929978,0.00355579868708972,0.00355579868708972,0.00355579868708972,0.00355579868708972,"nonsyn","nonsyn","nonsyn",4.2e-06,5.36e-07,1.17e-06,1.17e-06,"0.0012796","0.00427752","1","0.00427752","C","C","Y","S","F",1,1,1,0,0,0,0
"2397",2660,7305,7305,"c","c","t","t",0.00191649555099247,0.00191649555099247,0.000410677618069815,0.000410677618069815,0.000410677618069815,0,0.000410677618069815,0,0.00232717316906229,0.00232717316906229,0.00232717316906229,0.00232717316906229,"syn","stop","nonsyn",4.58e-06,8.37e-07,4.33e-07,4.33e-07,"0.00238977857142857","0.001054355","0.002038095","1","C","C","C","*","W",0,1,1,0,0,0,0
"2398",2661,7216,7217,"t","t","c","c",0.00360310421286031,0.00360310421286031,0.000692904656319291,0.000692904656319291,0.000554323725055432,0.000138580931263858,0.000554323725055432,0.000138580931263858,0.0042960088691796,0.0042960088691796,0.00429541360676181,0.00429541360676181,"nonsyn","nonsyn","nonsyn",1.7e-05,1.07e-06,1.21e-06,1.21e-06,"0.00471815384615385","0.001746272","0.00193028","0.00873136000000001","F","F","L","I","V",0,0,0,0,1,0,1
"2399",2662,7222,7222,"t","t","c","c",0.00498476876211576,0.00498476876211576,0.00055386319579064,0.00055386319579064,0,0.00055386319579064,0,0.00055386319579064,0.0055386319579064,0.0055386319579064,0.0055386319579064,0.0055386319579064,"nonsyn","nonsyn","nonsyn",1.7e-05,1.07e-06,1.21e-06,1.21e-06,"0.00341038888888889","0.002184655","1","0.002184655","F","F","S","Y","C",1,0,1,0,0,0,0
"2400",2663,7223,7223,"t","t","c","c",0.000969126401772117,0.000969126401772117,0.000138446628824588,0.000138446628824588,0,0.000138446628824588,0,0.000138446628824588,0.00110757303059671,0.00110757303059671,0.00110757303059671,0.00110757303059671,"syn","nonsyn","nonsyn",1.7e-05,1.07e-06,1.21e-06,1.21e-06,"0.0175415714285714","0.00873983000000001","1","0.00873983000000001","F","F","F","L","L",0,0,0,1,0,0,0
"2401",2664,7233,7233,"g","g","a","a",0.000829531314807134,0.000829531314807134,0,0,0,0,0,0,0.000829531314807134,0.000829531314807134,0.000829531314807134,0.000829531314807134,"nonsyn","nonsyn","nonsyn",4.2e-06,5.36e-07,1.17e-06,1.17e-06,"0.0050631","1","1","1","A","A","T","P","S",1,1,1,0,0,0,0
"2402",2665,7227,7227,"c","c","t","t",0.0026290300262903,0.0026290300262903,0.0002767400027674,0.0002767400027674,0.0002767400027674,0,0.0002767400027674,0,0.0029057700290577,0.0029057700290577,0.0029057700290577,0.0029057700290577,"nonsyn","nonsyn","nonsyn",4.58e-06,8.37e-07,4.33e-07,4.33e-07,"0.00174208736842105","0.0015646455","0.0030244995","1","A","A","V","E","G",0,1,1,0,0,0,0
"2403",2666,7189,7189,"g","g","a","a",0.00250382528863542,0.00250382528863542,0,0,0,0,0,0,0.00250382528863542,0.00250382528863542,0.00250382528863542,0.00250382528863542,"syn","syn","syn",4.2e-06,5.36e-07,1.17e-06,1.17e-06,"0.00167743333333333","1","1","1","A","A","A","A","A",0,0,0,0,0,0,0
"2404",2667,7161,7161,"t","t","c","c",0.00251361541684122,0.00251361541684122,0.000977517106549365,0.000977517106549365,0.000558581203742494,0.000418935902806871,0.000558581203742494,0.000418935902806871,0.00349113252339059,0.00349113252339059,0.00349113252339059,0.00349113252339059,"nonsyn","nonsyn","nonsyn",1.7e-05,1.07e-06,1.21e-06,1.21e-06,"0.00676316666666668","0.00123783","0.0019155675","0.00288827","W","W","R","R","G",1,1,1,1,0,0,0
"2405",2668,7166,7166,"g","g","a","a",0.001674574379012,0.001674574379012,0.000139547864917667,0.000139547864917667,0,0.000139547864917667,0,0.000139547864917667,0.00181412224392967,0.00181412224392967,0.00181412224392967,0.00181412224392967,"stop","nonsyn","nonsyn",4.2e-06,5.36e-07,1.17e-06,1.17e-06,"0.0025081","0.00838421999999999","1","0.00838421999999999","W","W","*","S","L",1,1,0,0,1,1,0
"2406",2669,7144,7144,"g","g","a","a",0.00223964165733483,0.00223964165733483,0.000139977603583427,0.000139977603583427,0,0.000139977603583427,0,0.000139977603583427,0.00237961926091825,0.00237961926091825,0.00237961926091825,0.00237961926091825,"stop","nonsyn","nonsyn",4.2e-06,5.36e-07,1.17e-06,1.17e-06,"0.0018753","0.00835847999999998","1","0.00835847999999998","W","W","*","C","C",1,1,1,0,0,0,0
"2407",2670,7088,7088,"t","t","c","c",0.00211625282167043,0.00211625282167043,0.000141083521444695,0.000141083521444695,0.000141083521444695,0,0.000141083521444695,0,0.00225733634311512,0.00225733634311512,0.00225733634311512,0.00225733634311512,"nonsyn","nonsyn","nonsyn",1.7e-05,1.07e-06,1.21e-06,1.21e-06,"0.00803306666666666","0.00857648000000002","0.00758416000000001","1","Y","Y","H","N","D",1,1,1,0,0,0,0
"2408",2671,7141,7141,"a","a","g","g",0.00238061896092984,0.00238061896092984,0,0,0,0,0,0,0.00238061896092984,0.00238061896092984,0.00238061896092984,0.00238061896092984,"nonsyn","nonsyn","nonsyn",1.77e-05,1.76e-06,1.7e-06,1.7e-06,"0.00743504117647059","1","1","1","Y","Y","C","S","F",1,1,0,0,0,0,0
"2409",2672,7115,7115,"t","t","c","c",0.0496134926212228,0.0496134926212228,0.00028109627547435,0.00028109627547435,0,0.00028109627547435,0,0.00028109627547435,0.0498945888966971,0.0498945888966971,0.0498945888966971,0.0498945888966971,"syn","stop","stop",1.7e-05,1.07e-06,1.21e-06,1.21e-06,"0.000342648725212464","0.004304575","1","0.004304575","Y","Y","Y","*","*",0,1,1,0,0,0,0
"2410",2673,7008,7008,"c","c","t","t",0.000713470319634703,0.000713470319634703,0.000142694063926941,0.000142694063926941,0.000142694063926941,0,0.000142694063926941,0,0.000856164383561644,0.000856164383561644,0.000856164383561644,0.000856164383561644,"syn","nonsyn","nonsyn",4.58e-06,8.37e-07,4.33e-07,4.33e-07,"0.006419328","0.00303446399999999","0.00586569599999998","1","L","L","L","M","V",0,0,0,0,0,0,0
"2411",2674,7047,7047,"t","t","c","c",0.00439903505037605,0.00439903505037605,0.000709521782318717,0.000709521782318717,0.000567617425854974,0.000141904356463743,0.000567617425854974,0.000141904356463743,0.00510855683269476,0.00510855683269476,0.00510855683269476,0.00510855683269476,"nonsyn","nonsyn","nonsyn",1.7e-05,1.07e-06,1.21e-06,1.21e-06,"0.00386448387096774","0.001705374","0.0018850725","0.00852687000000003","L","L","P","Q","R",1,1,1,1,1,0,1
"2412",2675,7027,7027,"g","g","a","a",0,0,0.000284616479294151,0.000284616479294151,0,0.000284616479294151,0,0.000284616479294151,0.000284616479294151,0.000284616479294151,0.000284616479294151,0.000284616479294151,"syn","syn","syn",4.2e-06,5.36e-07,1.17e-06,1.17e-06,"1","0.004110795","1","0.004110795","L","L","L","L","L",0,0,0,0,0,0,0
"2413",2676,6901,6902,"a","a","g","g",0.00376756991740328,0.00376756991740328,0.000579626141138965,0.000579626141138965,0,0.000579626141138965,0,0.000579626141138965,0.00434719605854224,0.00434719605854224,0.00434656621269197,0.00434656621269197,"nonsyn","nonsyn","stop",1.77e-05,1.76e-06,1.7e-06,1.7e-06,"0.00469798846153846","0.002932925","1","0.002932925","K","K","E","Q","*",1,1,1,0,0,0,0
"2414",2677,6812,6812,"a","a","g","g",0.00249559600704639,0.00249559600704639,0.000293599530240752,0.000293599530240752,0,0.000293599530240752,0,0.000293599530240752,0.00278919553728714,0.00278919553728714,0.00278919553728714,0.00278919553728714,"nonsyn","nonsyn","nonsyn",1.77e-05,1.76e-06,1.7e-06,1.7e-06,"0.00709249411764705","0.00579019999999999","1","0.00579019999999999","K","K","R","T","M",0,1,1,0,1,1,0
"2415",2678,6841,6842,"g","g","a","a",0.000730887297178775,0.000730887297178775,0.0013155971349218,0.0013155971349218,0,0.0013155971349218,0,0.0013155971349218,0.00204648443210057,0.00204648443210057,0.00204618532592809,0.00204618532592809,"syn","nonsyn","nonsyn",4.2e-06,5.36e-07,1.17e-06,1.17e-06,"0.00574644","0.000889329999999997","1","0.000889329999999997","K","K","K","N","N",0,1,1,0,1,1,0
"2416",2679,6822,6822,"g","g","a","a",0.000732922896511287,0.000732922896511287,0.00058633831720903,0.00058633831720903,0.000146584579302257,0.000439753737906772,0.000146584579302257,0.000439753737906772,0.00131926121372032,0.00131926121372032,0.00131926121372032,0.00131926121372032,"nonsyn","nonsyn","nonsyn",4.2e-06,5.36e-07,1.17e-06,1.17e-06,"0.00573048","0.001995435","0.00365659200000001","0.00266058","G","G","S","R","C",1,1,0,0,1,1,0
"2417",2680,6764,6764,"g","g","a","a",0.00310467179183915,0.00310467179183915,0,0,0,0,0,0,0.00310467179183915,0.00310467179183915,0.00310467179183915,0.00310467179183915,"nonsyn","nonsyn","nonsyn",4.2e-06,5.36e-07,1.17e-06,1.17e-06,"0.0013528","1","1","1","G","G","D","A","V",1,1,1,0,0,0,0
"2418",2681,6696,6696,"t","t","c","c",0.002389486260454,0.002389486260454,0,0,0,0,0,0,0.002389486260454,0.002389486260454,0.002389486260454,0.002389486260454,"syn","syn","syn",1.7e-05,1.07e-06,1.21e-06,1.21e-06,"0.00711450000000001","1","1","1","G","G","G","G","G",0,0,0,0,0,0,0
"2419",2682,6677,6677,"a","a","g","g",0.00104837501872098,0.00104837501872098,0.0017972143178074,0.0017972143178074,0,0.0017972143178074,0,0.0017972143178074,0.00284558933652838,0.00284558933652838,0.00284558933652838,0.00284558933652838,"nonsyn","syn","nonsyn",1.77e-05,1.76e-06,1.7e-06,1.7e-06,"0.0168832714285715","0.000945908333333333","1","0.000945908333333333","R","R","G","R","W",1,0,1,0,1,1,0
"2420",2683,6462,6462,"g","g","a","a",0.00123800680903745,0.00123800680903745,0.000309501702259362,0.000309501702259362,0,0.000309501702259362,0,0.000309501702259362,0.00154750851129681,0.00154750851129681,0.00154750851129681,0.00154750851129681,"nonsyn","nonsyn","nonsyn",4.2e-06,5.36e-07,1.17e-06,1.17e-06,"0.00339255","0.00378027000000001","1","0.00378027000000001","R","R","K","T","M",0,1,1,0,1,1,0
"2421",2684,6440,6441,"g","g","a","a",0.00046583850931677,0.00046583850931677,0,0,0,0,0,0,0.00046583850931677,0.00046583850931677,0.000465766185374942,0.000465766185374942,"syn","nonsyn","nonsyn",4.2e-06,5.36e-07,1.17e-06,1.17e-06,"0.009016","1","1","1","R","R","R","S","S",0,1,1,0,0,0,0
"2422",2685,6434,6435,"t","t","c","c",0.00388560770904569,0.00388560770904569,0.000777121541809139,0.000777121541809139,0.000310848616723656,0.000466272925085483,0.000310848616723656,0.000466272925085483,0.00466272925085483,0.00466272925085483,0.00466200466200466,0.00466200466200466,"nonsyn","nonsyn","nonsyn",1.7e-05,1.07e-06,1.21e-06,1.21e-06,"0.00437512000000001","0.001557028","0.00344219","0.00259504666666667","W","W","R","R","G",1,1,1,1,0,0,0
"2423",2686,6434,6439,"g","g","a","a",0.00202051600870376,0.00202051600870376,0.000466272925085483,0.000466272925085483,0,0.000466272925085483,0,0.000466272925085483,0.00248678893378924,0.00248678893378924,0.002484857897189,0.002484857897189,"stop","nonsyn","nonsyn",4.2e-06,5.36e-07,1.17e-06,1.17e-06,"0.00207867692307692","0.00250926","1","0.00250926","W","W","*","S","L",1,1,0,0,1,1,0
"2424",2687,6358,6358,"g","g","a","a",0.00157282164202579,0.00157282164202579,0.000157282164202579,0.000157282164202579,0,0.000157282164202579,0,0.000157282164202579,0.00173010380622837,0.00173010380622837,0.00173010380622837,0.00173010380622837,"stop","nonsyn","nonsyn",4.2e-06,5.36e-07,1.17e-06,1.17e-06,"0.00267036000000001","0.00743886000000002","1","0.00743886000000002","W","W","*","C","C",1,1,1,0,1,1,0
"2425",2688,6332,6332,"g","g","a","a",0.00157927984838913,0.00157927984838913,0,0,0,0,0,0,0.00157927984838913,0.00157927984838913,0.00157927984838913,0.00157927984838913,"nonsyn","nonsyn","nonsyn",4.2e-06,5.36e-07,1.17e-06,1.17e-06,"0.00265944000000001","1","1","1","V","V","M","L","L",0,0,0,0,0,0,0
"2426",2689,6323,6323,"t","t","c","c",0.233275343982287,0.233275343982287,0,0,0,0,0,0,0.233275343982287,0.233275343982287,0.233275343982287,0.233275343982287,"nonsyn","nonsyn","nonsyn",1.7e-05,1.07e-06,1.21e-06,1.21e-06,"7.28752542372881e-05","1","1","1","V","V","A","E","G",0,1,1,1,0,0,0
"2427",2690,6407,6407,"g","g","a","a",0.00249726861245513,0.00249726861245513,0.000312158576556891,0.000312158576556891,0.000156079288278445,0.000156079288278445,0.000156079288278445,0.000156079288278445,0.00280942718901202,0.00280942718901202,0.00280942718901202,0.00280942718901202,"syn","syn","syn",4.2e-06,5.36e-07,1.17e-06,1.17e-06,"0.0016818375","0.003748095","0.00343415200000001","0.00749619000000002","V","V","V","V","V",0,0,0,0,0,0,0
"2428",2691,6402,6403,"c","c","t","t",0.00249921899406435,0.00249921899406435,0.000156201187129022,0.000156201187129022,0.000156201187129022,0,0.000156201187129022,0,0.00265542018119338,0.00265542018119338,0.00265500546618772,0.00265500546618772,"nonsyn","nonsyn","nonsyn",4.58e-06,8.37e-07,4.33e-07,4.33e-07,"0.0018325725","0.002772066","0.00535847400000001","1","P","P","S","T","A",1,1,1,0,0,0,0
"2429",2692,6465,6465,"c","c","t","t",0.00216550657385924,0.00216550657385924,0.000464037122969838,0.000464037122969838,0.000464037122969838,0,0.000464037122969838,0,0.00262954369682908,0.00262954369682908,0.00262954369682908,0.00262954369682908,"nonsyn","nonsyn","nonsyn",4.58e-06,8.37e-07,4.33e-07,4.33e-07,"0.00211497857142857","0.000933114999999999","0.001803735","1","P","P","L","H","R",1,1,1,0,1,0,1
"2430",2693,6510,6510,"c","c","t","t",0.00291858678955453,0.00291858678955453,0.000921658986175115,0.000921658986175115,0.000921658986175115,0,0.000921658986175115,0,0.00384024577572965,0.00384024577572965,0.00384024577572965,0.00384024577572965,"syn","syn","syn",4.58e-06,8.37e-07,4.33e-07,4.33e-07,"0.00156925263157895","0.000469805","0.000908145","1","P","P","P","P","P",0,0,0,0,1,0,1
"2431",2694,6515,6515,"g","g","a","a",0.000920951650038373,0.000920951650038373,0.000153491941673062,0.000153491941673062,0.000153491941673062,0,0.000153491941673062,0,0.00107444359171144,0.00107444359171144,0.00107444359171144,0.00107444359171144,"nonsyn","nonsyn","stop",4.2e-06,5.36e-07,1.17e-06,1.17e-06,"0.0045605","0.00762255000000001","0.00349204","1","G","G","R","R","*",1,1,1,0,1,1,0
"2432",2695,6511,6511,"g","g","a","a",0.00199662110274919,0.00199662110274919,0.00030717247734603,0.00030717247734603,0,0.00030717247734603,0,0.00030717247734603,0.00230379358009522,0.00230379358009522,0.00230379358009522,0.00230379358009522,"nonsyn","nonsyn","nonsyn",4.2e-06,5.36e-07,1.17e-06,1.17e-06,"0.00210355384615385","0.003808935","1","0.003808935","G","G","E","A","V",1,1,1,0,0,0,0
"2433",2696,6561,6561,"a","a","g","g",0.00350556317634507,0.00350556317634507,0.000304831580551745,0.000304831580551745,0,0.000304831580551745,0,0.000304831580551745,0.00381039475689681,0.00381039475689681,0.00381039475689681,0.00381039475689681,"syn","syn","syn",1.77e-05,1.76e-06,1.7e-06,1.7e-06,"0.00504911739130435","0.00557685","1","0.00557685","G","G","G","G","G",0,0,0,0,1,1,0
"2434",2697,6603,6603,"g","g","a","a",0.00848099348780857,0.00848099348780857,0.000302892624564592,0.000302892624564592,0.000151446312282296,0.000151446312282296,0.000151446312282296,0.000151446312282296,0.00878388611237316,0.00878388611237316,0.00878388611237316,0.00878388611237316,"nonsyn","nonsyn","nonsyn",4.2e-06,5.36e-07,1.17e-06,1.17e-06,"0.000495225","0.003862755","0.003539208","0.00772551","A","A","T","P","S",1,1,1,0,0,0,0
"2435",2698,6638,6638,"c","c","t","t",0.00286230792407352,0.00286230792407352,0.000150647785477553,0.000150647785477553,0.000150647785477553,0,0.000150647785477553,0,0.00301295570955107,0.00301295570955107,0.00301295570955107,0.00301295570955107,"nonsyn","nonsyn","nonsyn",4.58e-06,8.37e-07,4.33e-07,4.33e-07,"0.00160010736842105","0.00287425400000001","0.00555600600000002","1","A","A","V","E","G",0,1,1,0,0,0,0
"2436",2699,6637,6637,"a","g","g","a",0.00150670483652253,0.997137260810607,0.00135603435287027,0.00135603435287027,0.000150670483652253,0.00120536386921802,0.000150670483652253,0.00120536386921802,0.0028627391893928,0.998493295163478,0.0028627391893928,0.998493295163478,"syn","syn","syn",4.2e-06,5.36e-07,1.17e-06,1.17e-06,"4.21205802357208e-06","0.000862810000000002","0.00355743199999999","0.00097066125","A","A","A","A","A",0,0,0,0,1,1,0
"2437",2700,6766,6766,"g","g","a","a",0.000886786875554242,0.000886786875554242,0.000443393437777121,0.000443393437777121,0.000147797812592374,0.000295595625184747,0.000147797812592374,0.000295595625184747,0.00133018031333136,0.00133018031333136,0.00133018031333136,0.00133018031333136,"nonsyn","nonsyn","nonsyn",4.2e-06,5.36e-07,1.17e-06,1.17e-06,"0.0047362","0.00263874","0.00362657599999999","0.00395811","V","A","T","P","S",1,1,1,0,0,0,0
"2438",2701,6210,6211,"t","c","c","t",0.00450885668276973,0.99549114331723,0,0,0,0,0,0,0.00450885668276973,0.99549114331723,0.00450813073579134,0.995330864595073,"nonsyn","nonsyn","nonsyn",4.58e-06,8.37e-07,4.33e-07,4.33e-07,"4.60074409576189e-06","1","1","1","V","A","V","D","G",0,1,1,0,0,0,0
"2439",2702,6194,6195,"c","c","t","t",0.00113012592831773,0.00113012592831773,0.000161446561188247,0.000161446561188247,0.000161446561188247,0,0.000161446561188247,0,0.00129157248950597,0.00129157248950597,0.00129136400322841,0.00129136400322841,"syn","syn","syn",4.58e-06,8.37e-07,4.33e-07,4.33e-07,"0.0040526457142857","0.00268200199999999","0.00518437799999999","1","V","A","A","A","A",0,0,0,0,1,0,1
"2440",2703,6181,6181,"t","t","c","c",0.00275036401876719,0.00275036401876719,0.000808930593755056,0.000808930593755056,0.000808930593755056,0,0.000808930593755056,0,0.00355929461252225,0.00355929461252225,0.00355929461252225,0.00355929461252225,"nonsyn","nonsyn","nonsyn",1.7e-05,1.07e-06,1.21e-06,1.21e-06,"0.006181","0.001495802","0.001322734","1","Y","Y","H","N","D",1,1,1,0,1,0,1
"2441",2704,6162,6162,"a","a","g","g",0.00243427458617332,0.00243427458617332,0.000162284972411555,0.000162284972411555,0,0.000162284972411555,0,0.000162284972411555,0.00259655955858487,0.00259655955858487,0.00259655955858487,0.00259655955858487,"nonsyn","nonsyn","nonsyn",1.77e-05,1.76e-06,1.7e-06,1.7e-06,"0.00727116","0.0104754","1","0.0104754","Y","Y","C","S","F",1,1,0,0,0,0,0
"2442",2705,6236,6236,"c","c","t","t",0.00256574727389352,0.00256574727389352,0,0,0,0,0,0,0.00256574727389352,0.00256574727389352,0.00256574727389352,0.00256574727389352,"syn","stop","stop",4.58e-06,8.37e-07,4.33e-07,4.33e-07,"0.001785055","1","1","1","Y","Y","Y","*","*",0,1,1,0,0,0,0
"2443",2706,6232,6232,"g","g","a","a",0.00288831835686778,0.00288831835686778,0.000802310654685494,0.000802310654685494,0.000160462130937099,0.000641848523748395,0.000160462130937099,0.000641848523748395,0.00369062901155327,0.00369062901155327,0.00369062901155327,0.00369062901155327,"nonsyn","nonsyn","nonsyn",4.2e-06,5.36e-07,1.17e-06,1.17e-06,"0.00145413333333333","0.001458288","0.003340352","0.00182286","A","A","T","P","S",1,1,1,0,0,0,0
"2444",2707,6235,6235,"c","c","t","t",0.00128307939053729,0.00128307939053729,0.000320769847634322,0.000320769847634322,0.000160384923817161,0.000160384923817161,0.000160384923817161,0.000160384923817161,0.00160384923817161,0.00160384923817161,0.00160384923817161,0.00160384923817161,"nonsyn","nonsyn","nonsyn",4.58e-06,8.37e-07,4.33e-07,4.33e-07,"0.0035695375","0.0013498775","0.00521869500000001","0.002699755","A","A","V","D","G",0,1,1,0,0,0,0
"2445",2708,6239,6239,"c","c","t","t",0.000320564192979644,0.000320564192979644,0.000160282096489822,0.000160282096489822,0.000160282096489822,0,0.000160282096489822,0,0.000480846289469466,0.000480846289469466,0.000480846289469466,0.000480846289469466,"syn","syn","syn",4.58e-06,8.37e-07,4.33e-07,4.33e-07,"0.01428731","0.002701487","0.005222043","1","A","A","A","A","A",0,0,0,0,1,0,1
"2446",2709,6442,6447,"t","t","c","c",0.00620925178515989,0.00620925178515989,0.00124185035703198,0.00124185035703198,0.00108661906240298,0.000155231294628997,0.00108661906240298,0.000155231294628997,0.00745110214219187,0.00745110214219187,0.00744532340623546,0.00744532340623546,"nonsyn","nonsyn","nonsyn",1.7e-05,1.07e-06,1.21e-06,1.21e-06,"0.00273785","0.000974352499999998","0.000984705714285715","0.00779482000000001","F","F","L","I","V",0,0,0,0,1,0,1
"2447",2710,6200,6200,"t","t","c","c",0.00274193548387097,0.00274193548387097,0.000161290322580645,0.000161290322580645,0,0.000161290322580645,0,0.000161290322580645,0.00290322580645161,0.00290322580645161,0.00290322580645161,0.00290322580645161,"nonsyn","nonsyn","nonsyn",1.7e-05,1.07e-06,1.21e-06,1.21e-06,"0.0062","0.00750200000000001","1","0.00750200000000001","F","F","S","Y","C",1,0,1,0,0,0,0
"2448",2711,6417,6417,"c","c","t","t",0.000155836060464391,0.000155836060464391,0,0,0,0,0,0,0.000155836060464391,0.000155836060464391,0.000155836060464391,0.000155836060464391,"syn","nonsyn","nonsyn",4.58e-06,8.37e-07,4.33e-07,4.33e-07,"0.0293898600000001","1","1","1","F","F","F","L","L",0,0,0,0,0,0,0
"2449",2712,6423,6424,"t","t","c","c",0.0012455238984898,0.0012455238984898,0.000311380974622451,0.000311380974622451,0.000155690487311225,0.000155690487311225,0.000155690487311225,0.000155690487311225,0.00155690487311225,0.00155690487311225,0.00155666251556663,0.00155666251556663,"nonsyn","nonsyn","nonsyn",1.7e-05,1.07e-06,1.21e-06,1.21e-06,"0.013648875","0.00388591499999999","0.00687261000000001","0.00777183000000001","Y","Y","H","N","D",1,1,1,0,1,0,1
"2450",2713,6398,6398,"a","a","g","g",0.00156298843388559,0.00156298843388559,0.000468896530165677,0.000468896530165677,0.000312597686777118,0.000156298843388559,0.000312597686777118,0.000156298843388559,0.00203188496405127,0.00203188496405127,0.00203188496405127,0.00203188496405127,"nonsyn","nonsyn","nonsyn",1.77e-05,1.76e-06,1.7e-06,1.7e-06,"0.01132446","0.00362553333333333","0.00563024","0.0108766","Y","Y","C","S","F",1,1,0,0,0,0,0
"2451",2714,6413,6413,"c","c","t","t",0.00265086542959613,0.00265086542959613,0.000311866521128957,0.000311866521128957,0.000155933260564478,0.000155933260564478,0.000155933260564478,0.000155933260564478,0.00296273195072509,0.00296273195072509,0.00296273195072509,0.00296273195072509,"syn","stop","stop",4.58e-06,8.37e-07,4.33e-07,4.33e-07,"0.00172773764705883","0.0013884145","0.00536768100000001","0.00277682900000001","Y","Y","Y","*","*",0,1,1,0,0,0,0
"2452",2715,6419,6419,"g","g","a","a",0.00186945007010438,0.00186945007010438,0.000155787505842031,0.000155787505842031,0,0.000155787505842031,0,0.000155787505842031,0.00202523757594641,0.00202523757594641,0.00202523757594641,0.00202523757594641,"nonsyn","nonsyn","nonsyn",4.2e-06,5.36e-07,1.17e-06,1.17e-06,"0.00224665","0.00751023000000002","1","0.00751023000000002","G","G","R","R","W",1,1,1,0,1,1,0
"2453",2716,6415,6415,"g","g","a","a",0.00140296180826189,0.00140296180826189,0,0,0,0,0,0,0.00140296180826189,0.00140296180826189,0.00140296180826189,0.00140296180826189,"nonsyn","nonsyn","nonsyn",4.2e-06,5.36e-07,1.17e-06,1.17e-06,"0.00299366666666666","1","1","1","G","G","E","A","V",1,1,1,0,1,1,0
"2454",2717,6411,6411,"g","g","a","a",0.00109187334269225,0.00109187334269225,0.000155981906098893,0.000155981906098893,0,0.000155981906098893,0,0.000155981906098893,0.00124785524879114,0.00124785524879114,0.00124785524879114,0.00124785524879114,"syn","syn","syn",4.2e-06,5.36e-07,1.17e-06,1.17e-06,"0.00384659999999999","0.00750086999999998","1","0.00750086999999998","G","G","G","G","G",0,0,0,0,0,0,0
"2455",2718,6398,6398,"a","a","g","g",0.00234448265082838,0.00234448265082838,0.000468896530165677,0.000468896530165677,0.000156298843388559,0.000312597686777118,0.000156298843388559,0.000312597686777118,0.00281337918099406,0.00281337918099406,0.00281337918099406,0.00281337918099406,"nonsyn","nonsyn","nonsyn",1.77e-05,1.76e-06,1.7e-06,1.7e-06,"0.00754964000000001","0.00362553333333333","0.01126048","0.0054383","M","M","V","L","L",0,0,0,0,0,0,0
"2456",2719,6430,6430,"t","t","c","c",0.00186625194401244,0.00186625194401244,0.00046656298600311,0.00046656298600311,0.00031104199066874,0.00015552099533437,0.00031104199066874,0.00015552099533437,0.00233281493001555,0.00233281493001555,0.00233281493001555,0.00233281493001555,"nonsyn","nonsyn","nonsyn",1.7e-05,1.07e-06,1.21e-06,1.21e-06,"0.00910916666666668","0.00259343333333334","0.00344005","0.00778030000000001","M","M","T","K","R",1,1,1,1,0,0,0
"2457",2720,6293,6293,"g","g","a","a",0.0130303511838551,0.0130303511838551,0,0,0,0,0,0,0.0130303511838551,0.0130303511838551,0.0130303511838551,0.0130303511838551,"nonsyn","nonsyn","nonsyn",4.2e-06,5.36e-07,1.17e-06,1.17e-06,"0.000322324390243902","1","1","1","M","M","I","I","I",0,0,0,0,0,0,0
"2458",2721,6482,6482,"t","t","c","c",0.00493674791730947,0.00493674791730947,0.00200555384140697,0.00200555384140697,0.00154273372415921,0.000462820117247763,0.00154273372415921,0.000462820117247763,0.00694230175871645,0.00694230175871645,0.00694230175871645,0.00694230175871645,"nonsyn","nonsyn","nonsyn",1.7e-05,1.07e-06,1.21e-06,1.21e-06,"0.0034435625","0.000603324615384616","0.000693574","0.00261440666666667","W","W","R","R","G",1,1,1,1,0,0,0
"2459",2722,6469,6472,"g","g","a","a",0.00340083475034781,0.00340083475034781,0.000309166795486165,0.000309166795486165,0,0.000309166795486165,0,0.000309166795486165,0.00371000154583398,0.00371000154583398,0.00370828182941904,0.00370828182941904,"stop","nonsyn","nonsyn",4.2e-06,5.36e-07,1.17e-06,1.17e-06,"0.00123499090909091","0.003784365","1","0.003784365","W","W","*","S","L",1,1,0,0,1,1,0
"2460",2723,6495,6495,"g","g","a","a",0.00292532717474981,0.00292532717474981,0,0,0,0,0,0,0.00292532717474981,0.00292532717474981,0.00292532717474981,0.00292532717474981,"stop","nonsyn","nonsyn",4.2e-06,5.36e-07,1.17e-06,1.17e-06,"0.00143573684210526","1","1","1","W","W","*","C","C",1,1,1,0,0,0,0
"2461",2724,6456,6456,"c","c","t","t",0.00247831474597274,0.00247831474597274,0.000154894671623296,0.000154894671623296,0,0.000154894671623296,0,0.000154894671623296,0.00263320941759603,0.00263320941759603,0.00263320941759603,0.00263320941759603,"nonsyn","nonsyn","nonsyn",4.58e-06,8.37e-07,4.33e-07,4.33e-07,"0.00184803","0.002795448","1","0.002795448","P","P","S","T","A",1,1,1,0,0,0,0
"2462",2725,6495,6495,"c","c","t","t",0.000769822940723634,0.000769822940723634,0.000307929176289453,0.000307929176289453,0.000307929176289453,0,0.000307929176289453,0,0.00107775211701309,0.00107775211701309,0.00107775211701309,0.00107775211701309,"nonsyn","nonsyn","nonsyn",4.58e-06,8.37e-07,4.33e-07,4.33e-07,"0.00594942","0.0014061675","0.0027181575","1","P","P","L","H","R",1,1,1,0,1,0,1
"2463",2726,6505,6506,"t","t","c","c",0.00399692544196772,0.00399692544196772,0.000614911606456572,0.000614911606456572,0.000461183704842429,0.000153727901614143,0.000461183704842429,0.000153727901614143,0.00461183704842429,0.00461183704842429,0.00461112818936366,0.00461112818936366,"syn","syn","syn",1.7e-05,1.07e-06,1.21e-06,1.21e-06,"0.00425326923076923","0.0019677625","0.00232011666666667","0.00787105","P","P","P","P","P",0,0,0,0,1,0,1
"2464",2727,6493,6493,"c","c","t","t",0.000462036038811027,0.000462036038811027,0.000154012012937009,0.000154012012937009,0.000154012012937009,0,0.000154012012937009,0,0.000616048051748036,0.000616048051748036,0.000616048051748036,0.000616048051748036,"nonsyn","nonsyn","nonsyn",4.58e-06,8.37e-07,4.33e-07,4.33e-07,"0.00991264666666667","0.002811469","0.005434641","1","L","L","F","I","V",0,0,0,0,0,0,0
"2465",2728,6471,6472,"t","t","c","c",0.00293617678874981,0.00293617678874981,0.000309071240921032,0.000309071240921032,0.000154535620460516,0.000154535620460516,0.000154535620460516,0.000154535620460516,0.00324524802967084,0.00324524802967084,0.00324474660074166,0.00324474660074166,"nonsyn","nonsyn","nonsyn",1.7e-05,1.07e-06,1.21e-06,1.21e-06,"0.00578984210526315","0.003914955","0.00692397000000001","0.00782991000000001","L","L","P","H","R",1,1,1,0,1,0,1
"2466",2729,6496,6497,"c","c","t","t",0.00061576354679803,0.00061576354679803,0.000769704433497537,0.000769704433497537,0.000769704433497537,0,0.000769704433497537,0,0.00138546798029557,0.00138546798029557,0.00138525473295367,0.00138525473295367,"syn","syn","syn",4.58e-06,8.37e-07,4.33e-07,4.33e-07,"0.00743791999999999","0.0005625536","0.0010874304","1","L","L","L","L","L",0,0,0,0,0,0,0
"2467",2730,6533,6533,"c","c","t","t",0.00168375937547834,0.00168375937547834,0.000306138068268789,0.000306138068268789,0.000306138068268789,0,0.000306138068268789,0,0.00198989744374713,0.00198989744374713,0.00198989744374713,0.00198989744374713,"nonsyn","nonsyn","nonsyn",4.58e-06,8.37e-07,4.33e-07,4.33e-07,"0.00272010363636364","0.0014143945","0.0027340605","1","L","L","F","I","V",0,0,0,0,1,0,1
"2468",2731,6535,6535,"t","t","c","c",0.00397857689364958,0.00397857689364958,0.000765110941086458,0.000765110941086458,0.000612088752869166,0.000153022188217291,0.000612088752869166,0.000153022188217291,0.00474368783473604,0.00474368783473604,0.00474368783473604,0.00474368783473604,"nonsyn","nonsyn","nonsyn",1.7e-05,1.07e-06,1.21e-06,1.21e-06,"0.00427288461538462","0.00158147","0.0017481125","0.00790735000000003","L","L","P","H","R",1,1,1,0,1,0,1
"2469",2732,6594,6594,"c","c","t","t",0.000758265089475281,0.000758265089475281,0.000606612071580224,0.000606612071580224,0.000606612071580224,0,0.000606612071580224,0,0.00136487716105551,0.00136487716105551,0.00136487716105551,0.00136487716105551,"syn","syn","syn",4.58e-06,8.37e-07,4.33e-07,4.33e-07,"0.006040104","0.0007138005","0.0013797945","1","L","L","L","L","L",0,0,0,0,0,0,0
"2470",2733,6602,6602,"c","c","t","t",0.000605877006967586,0.000605877006967586,0.000757346258709482,0.000757346258709482,0.000757346258709482,0,0.000757346258709482,0,0.00136322326567707,0.00136322326567707,0.00136322326567707,0.00136322326567707,"syn","nonsyn","nonsyn",4.58e-06,8.37e-07,4.33e-07,4.33e-07,"0.00755928999999999","0.0005717332","0.0011051748","1","L","L","L","M","V",0,0,0,0,1,0,1
"2471",2734,6630,6630,"t","t","c","c",0.00316742081447964,0.00316742081447964,0.00135746606334842,0.00135746606334842,0.000904977375565611,0.000452488687782805,0.000904977375565611,0.000452488687782805,0.00452488687782805,0.00452488687782805,0.00452488687782805,0.00452488687782805,"nonsyn","nonsyn","nonsyn",1.7e-05,1.07e-06,1.21e-06,1.21e-06,"0.00536714285714285","0.000891366666666664","0.00118235","0.0026741","L","L","P","Q","R",1,1,1,1,1,0,1
"2472",2735,6628,6628,"g","g","a","a",0.00181050090525045,0.00181050090525045,0.000301750150875075,0.000301750150875075,0,0.000301750150875075,0,0.000301750150875075,0.00211225105612553,0.00211225105612553,0.00211225105612553,0.00211225105612553,"syn","syn","syn",4.2e-06,5.36e-07,1.17e-06,1.17e-06,"0.0023198","0.00387738000000001","1","0.00387738000000001","L","L","L","L","L",0,0,0,0,0,0,0
"2473",2736,6617,6617,"c","c","t","t",0.000755629439322956,0.000755629439322956,0.000151125887864591,0.000151125887864591,0.000151125887864591,0,0.000151125887864591,0,0.000906755327187547,0.000906755327187547,0.000906755327187547,0.000906755327187547,"nonsyn","nonsyn","nonsyn",4.58e-06,8.37e-07,4.33e-07,4.33e-07,"0.006061172","0.002865161","0.00553842900000001","1","L","L","F","I","V",0,0,0,0,0,0,0
"2474",2737,6620,6620,"t","t","c","c",0.00468277945619335,0.00468277945619335,0.000453172205438066,0.000453172205438066,0.000453172205438066,0,0.000453172205438066,0,0.00513595166163142,0.00513595166163142,0.00513595166163142,0.00513595166163142,"nonsyn","nonsyn","nonsyn",1.7e-05,1.07e-06,1.21e-06,1.21e-06,"0.00363032258064516","0.00267006666666667","0.00236113333333334","1","L","L","P","H","R",1,1,1,0,1,0,1
"2475",2738,6619,6619,"c","c","t","t",0.000755401117993655,0.000755401117993655,0.000151080223598731,0.000151080223598731,0.000151080223598731,0,0.000151080223598731,0,0.000906481341592386,0.000906481341592386,0.000906481341592386,0.000906481341592386,"syn","syn","syn",4.58e-06,8.37e-07,4.33e-07,4.33e-07,"0.006063004","0.002866027","0.005540103","1","L","L","L","L","L",0,0,0,0,0,0,0
"2476",2739,6634,6634,"c","c","t","t",0.000602954476936991,0.000602954476936991,0.000150738619234248,0.000150738619234248,0.000150738619234248,0,0.000150738619234248,0,0.000753693096171239,0.000753693096171239,0.000753693096171239,0.000753693096171239,"syn","nonsyn","nonsyn",4.58e-06,8.37e-07,4.33e-07,4.33e-07,"0.00759593","0.002872522","0.00555265799999999","1","L","L","L","M","V",0,0,0,0,1,0,1
"2477",2740,6599,6599,"t","t","c","c",0.0028792241248674,0.0028792241248674,0.00181845734202152,0.00181845734202152,0.00136384300651614,0.00045461433550538,0.00136384300651614,0.00045461433550538,0.00469768146688892,0.00469768146688892,0.00469768146688892,0.00469768146688892,"nonsyn","nonsyn","nonsyn",1.7e-05,1.07e-06,1.21e-06,1.21e-06,"0.00590436842105264","0.000665399166666666","0.000784547777777777","0.00266159666666666","L","L","P","Q","R",1,1,1,1,1,0,1
"2478",2741,6588,6589,"g","g","a","a",0.000910746812386157,0.000910746812386157,0,0,0,0,0,0,0.000910746812386157,0.000910746812386157,0.000910608590074366,0.000910608590074366,"syn","syn","syn",4.2e-06,5.36e-07,1.17e-06,1.17e-06,"0.0046116","1","1","1","L","L","L","L","L",0,0,0,0,0,0,0
"2479",2742,6526,6526,"t","c","c","t",0.00306466441924609,0.996782102359792,0.000153233220962305,0.000153233220962305,0.000153233220962305,0,0.000153233220962305,0,0.0032178976402084,0.996935335580754,0.0032178976402084,0.996935335580754,"syn","nonsyn","nonsyn",4.58e-06,8.37e-07,4.33e-07,4.33e-07,"4.59478554957725e-06","0.00282575799999999","0.00546226199999999","1","L","L","L","M","V",0,0,0,0,0,0,0
"2480",2743,6516,6516,"t","t","c","c",0.00414364640883978,0.00414364640883978,0.00245549416820135,0.00245549416820135,0.0019950890116636,0.000460405156537753,0.0019950890116636,0.000460405156537753,0.00659914057704113,0.00659914057704113,0.00659914057704113,0.00659914057704113,"nonsyn","nonsyn","nonsyn",1.7e-05,1.07e-06,1.21e-06,1.21e-06,"0.00410266666666667","0.0004927725","0.000536316923076922","0.00262812","L","L","P","Q","R",1,1,1,1,1,0,1
"2481",2744,6487,6487,"g","g","a","a",0.00369970710652073,0.00369970710652073,0.000154154462771697,0.000154154462771697,0,0.000154154462771697,0,0.000154154462771697,0.00385386156929243,0.00385386156929243,0.00385386156929243,0.00385386156929243,"syn","syn","syn",4.2e-06,5.36e-07,1.17e-06,1.17e-06,"0.001135225","0.00758979000000001","1","0.00758979000000001","L","L","L","L","L",0,0,0,0,1,1,0
"2482",2745,6472,6472,"g","g","a","a",0.00123609394313968,0.00123609394313968,0.00030902348578492,0.00030902348578492,0.00015451174289246,0.00015451174289246,0.00015451174289246,0.00015451174289246,0.0015451174289246,0.0015451174289246,0.0015451174289246,0.0015451174289246,"nonsyn","nonsyn","nonsyn",4.2e-06,5.36e-07,1.17e-06,1.17e-06,"0.0033978","0.00378612","0.003468992","0.00757223999999999","A","A","T","P","S",1,1,1,0,0,0,0
"2483",2746,6472,6472,"c","c","t","t",0.00339925834363412,0.00339925834363412,0.00030902348578492,0.00030902348578492,0.00015451174289246,0.00015451174289246,0.00015451174289246,0.00015451174289246,0.00370828182941904,0.00370828182941904,0.00370828182941904,0.00370828182941904,"nonsyn","nonsyn","nonsyn",4.58e-06,8.37e-07,4.33e-07,4.33e-07,"0.00134735272727273","0.001401188","0.00541706399999999","0.002802376","A","A","V","E","G",0,1,1,0,0,0,0
"2484",2747,6399,6399,"g","g","a","a",0.0023441162681669,0.0023441162681669,0.000312548835755587,0.000312548835755587,0.000156274417877793,0.000156274417877793,0.000156274417877793,0.000156274417877793,0.00265666510392249,0.00265666510392249,0.00265666510392249,0.00265666510392249,"syn","syn","syn",4.2e-06,5.36e-07,1.17e-06,1.17e-06,"0.00179172","0.003743415","0.00342986400000001","0.00748683000000002","A","A","A","A","A",0,0,0,0,0,0,0
"2485",2748,6373,6373,"t","t","c","c",0.00376588733720383,0.00376588733720383,0.000313823944766986,0.000313823944766986,0.000156911972383493,0.000156911972383493,0.000156911972383493,0.000156911972383493,0.00407971128197081,0.00407971128197081,0.00407971128197081,0.00407971128197081,"syn","nonsyn","nonsyn",1.7e-05,1.07e-06,1.21e-06,1.21e-06,"0.00451420833333333","0.003855665","0.00681910999999999","0.00771132999999999","L","L","L","M","V",0,0,0,0,0,0,0
"2486",2749,6353,6353,"t","t","c","c",0.00755548559735558,0.00755548559735558,0.0020462773492838,0.0020462773492838,0.00173146544939399,0.000314811899889816,0.00173146544939399,0.000314811899889816,0.00960176294663938,0.00960176294663938,0.00960176294663938,0.00960176294663938,"nonsyn","stop","nonsyn",1.7e-05,1.07e-06,1.21e-06,1.21e-06,"0.00225002083333333","0.000591317692307693","0.000617973636363635","0.003843565","L","L","S","*","W",1,1,0,1,0,0,0
"2487",2750,6339,6342,"g","g","a","a",0.00173528947783562,0.00173528947783562,0,0,0,0,0,0,0.00173528947783562,0.00173528947783562,0.00173446862188584,0.00173446862188584,"syn","nonsyn","nonsyn",4.2e-06,5.36e-07,1.17e-06,1.17e-06,"0.00242034545454546","1","1","1","L","L","L","F","F",0,0,0,0,0,0,0
"2488",2751,6351,6362,"c","c","t","t",0.00251928830105495,0.00251928830105495,0.000314911037631869,0.000314911037631869,0.000314911037631869,0,0.000314911037631869,0,0.00283419933868682,0.00283419933868682,0.00282929896259038,0.00282929896259038,"nonsyn","nonsyn","nonsyn",4.58e-06,8.37e-07,4.33e-07,4.33e-07,"0.00181797375","0.0013749915","0.0026578935","1","P","P","S","T","A",1,1,1,0,0,0,0
"2489",2752,6394,6394,"c","c","t","t",0.00281513919299343,0.00281513919299343,0.000781983109164842,0.000781983109164842,0.000625586487331874,0.000156396621832968,0.000625586487331874,0.000156396621832968,0.00359712230215827,0.00359712230215827,0.00359712230215827,0.00359712230215827,"nonsyn","nonsyn","nonsyn",4.58e-06,8.37e-07,4.33e-07,4.33e-07,"0.00162691777777778","0.0005537204","0.0013379445","0.00276860200000001","P","P","L","H","R",1,1,1,0,1,0,1
"2490",2753,6390,6390,"c","t","t","c",0.00187793427230047,0.997183098591549,0.000938967136150235,0.000938967136150235,0.000938967136150235,0,0.000938967136150235,0,0.0028169014084507,0.9981220657277,0.0028169014084507,0.9981220657277,"syn","syn","syn",1.7e-05,1.07e-06,1.21e-06,1.21e-06,"1.70480225988701e-05","0.00128865","0.00113955","1","P","P","P","P","P",0,0,0,0,1,0,1
"2491",2754,6403,6403,"c","c","t","t",0.00124941433702952,0.00124941433702952,0.000312353584257379,0.000312353584257379,0.000312353584257379,0,0.000312353584257379,0,0.0015617679212869,0.0015617679212869,0.0015617679212869,0.0015617679212869,"stop","nonsyn","nonsyn",4.58e-06,8.37e-07,4.33e-07,4.33e-07,"0.00366571749999999","0.0013862495","0.0026796555","1","Q","Q","*","K","E",1,1,1,0,0,0,0
"2492",2755,6410,6410,"a","a","g","g",0.00187207488299532,0.00187207488299532,0.00109204368174727,0.00109204368174727,0.00015600624024961,0.00093603744149766,0.00015600624024961,0.00093603744149766,0.00296411856474259,0.00296411856474259,0.00296411856474259,0.00296411856474259,"nonsyn","nonsyn","nonsyn",1.77e-05,1.76e-06,1.7e-06,1.7e-06,"0.00945475","0.00155671428571429","0.0112816","0.00181616666666667","Q","Q","R","P","L",1,1,1,1,1,1,0
"2493",2756,6387,6387,"g","g","a","a",0.000469704086425552,0.000469704086425552,0.000156568028808517,0.000156568028808517,0,0.000156568028808517,0,0.000156568028808517,0.000626272115234069,0.000626272115234069,0.000626272115234069,0.000626272115234069,"syn","nonsyn","nonsyn",4.2e-06,5.36e-07,1.17e-06,1.17e-06,"0.0089418","0.00747279000000001","1","0.00747279000000001","Q","Q","Q","H","H",0,1,1,0,0,0,0
"2494",2757,6417,6417,"c","c","t","t",0.0091943275673991,0.0091943275673991,0.000155836060464391,0.000155836060464391,0,0.000155836060464391,0,0.000155836060464391,0.00935016362786349,0.00935016362786349,0.00935016362786349,0.00935016362786349,"nonsyn","syn","nonsyn",4.58e-06,8.37e-07,4.33e-07,4.33e-07,"0.000498133220338983","0.00277856100000001","1","0.00277856100000001","R","R","W","R","G",1,0,1,0,0,0,0
"2495",2758,6403,6403,"g","g","a","a",0.00343588942683117,0.00343588942683117,0.000937060752772138,0.000937060752772138,0.00015617679212869,0.000780883960643448,0.00015617679212869,0.000780883960643448,0.00437295017960331,0.00437295017960331,0.00437295017960331,0.00437295017960331,"nonsyn","nonsyn","nonsyn",4.2e-06,5.36e-07,1.17e-06,1.17e-06,"0.00122239090909091","0.001248585","0.00343200799999999","0.001498302","R","R","Q","P","L",1,1,1,0,1,1,0
"2496",2759,6377,6377,"g","g","a","a",0.00266583032774032,0.00266583032774032,0.000784067743453034,0.000784067743453034,0,0.000784067743453034,0,0.000784067743453034,0.00344989807119335,0.00344989807119335,0.00344989807119335,0.00344989807119335,"syn","syn","syn",4.2e-06,5.36e-07,1.17e-06,1.17e-06,"0.00157549411764706","0.001492218","1","0.001492218","R","R","R","R","R",0,0,0,0,1,1,0
"2497",2760,6367,6367,"g","g","a","a",0.00392649599497409,0.00392649599497409,0.00047117951939689,0.00047117951939689,0.000157059839798963,0.000314119679597927,0.000157059839798963,0.000314119679597927,0.00439767551437098,0.00439767551437098,0.00439767551437098,0.00439767551437098,"nonsyn","nonsyn","nonsyn",4.2e-06,5.36e-07,1.17e-06,1.17e-06,"0.001069656","0.00248313","0.00341271200000001","0.003724695","A","A","T","P","S",1,1,1,0,0,0,0
"2498",2761,6346,6346,"c","c","t","t",0.00189095493224078,0.00189095493224078,0.000315159155373464,0.000315159155373464,0.000315159155373464,0,0.000315159155373464,0,0.00220611408761425,0.00220611408761425,0.00220611408761425,0.00220611408761425,"nonsyn","nonsyn","nonsyn",4.58e-06,8.37e-07,4.33e-07,4.33e-07,"0.00242205666666667","0.001373909","0.002655801","1","A","A","V","E","G",0,1,1,0,0,0,0
"2499",2762,6298,6298,"a","a","g","g",0.00396951413147031,0.00396951413147031,0.000158780565258812,0.000158780565258812,0,0.000158780565258812,0,0.000158780565258812,0.00412829469672912,0.00412829469672912,0.00412829469672912,0.00412829469672912,"syn","syn","syn",1.77e-05,1.76e-06,1.7e-06,1.7e-06,"0.004458984","0.0107066","1","0.0107066","A","A","A","A","A",0,0,0,1,0,0,0
"2500",2763,6264,6264,"t","t","c","c",0.00207535121328225,0.00207535121328225,0,0,0,0,0,0,0.00207535121328225,0.00207535121328225,0.00207535121328225,0.00207535121328225,"nonsyn","nonsyn","nonsyn",1.7e-05,1.07e-06,1.21e-06,1.21e-06,"0.00819138461538461","1","1","1","Y","Y","H","N","D",1,1,1,0,0,0,0
"2501",2764,6261,6261,"a","a","g","g",0.0236383964222968,0.0236383964222968,0.000638875578980993,0.000638875578980993,0.000159718894745248,0.000479156684235745,0.000159718894745248,0.000479156684235745,0.0242772720012778,0.0242772720012778,0.0242772720012778,0.0242772720012778,"nonsyn","nonsyn","nonsyn",1.77e-05,1.76e-06,1.7e-06,1.7e-06,"0.000748781756756755","0.002660925","0.01101936","0.0035479","Y","Y","C","S","F",1,1,0,0,0,0,0
"2502",2765,6272,6272,"c","c","t","t",0.00286989795918367,0.00286989795918367,0,0,0,0,0,0,0.00286989795918367,0.00286989795918367,0.00286989795918367,0.00286989795918367,"syn","stop","stop",4.58e-06,8.37e-07,4.33e-07,4.33e-07,"0.00159587555555556","1","1","1","Y","Y","Y","*","*",0,1,1,0,0,0,0
"2503",2766,6258,6258,"g","g","a","a",0.0233301374240972,0.0233301374240972,0,0,0,0,0,0,0.0233301374240972,0.0233301374240972,0.0233301374240972,0.0233301374240972,"nonsyn","nonsyn","nonsyn",4.2e-06,5.36e-07,1.17e-06,1.17e-06,"0.000180024657534246","1","1","1","A","A","T","P","S",1,1,1,0,0,0,0
"2504",2767,6244,6244,"c","c","t","t",0.00128122998078155,0.00128122998078155,0,0,0,0,0,0,0.00128122998078155,0.00128122998078155,0.00128122998078155,0.00128122998078155,"nonsyn","nonsyn","nonsyn",4.58e-06,8.37e-07,4.33e-07,4.33e-07,"0.00357469","1","1","1","A","A","V","E","G",0,1,1,0,0,0,0
"2505",2768,6238,6238,"g","a","a","g",0.00176338570054505,0.998076306508496,0.000160307790958641,0.000160307790958641,0,0.000160307790958641,0,0.000160307790958641,0.00192369349150369,0.998236614299455,0.00192369349150369,0.998236614299455,"syn","syn","syn",1.77e-05,1.76e-06,1.7e-06,1.7e-06,"1.77341150016062e-05","0.0106046","1","0.0106046","A","A","A","A","A",0,0,0,1,0,0,0
"2506",2769,6182,6182,"c","c","t","t",0.0019411193788418,0.0019411193788418,0.000161759948236817,0.000161759948236817,0.000161759948236817,0,0.000161759948236817,0,0.00210287932707862,0.00210287932707862,0.00210287932707862,0.00210287932707862,"syn","nonsyn","nonsyn",4.58e-06,8.37e-07,4.33e-07,4.33e-07,"0.00235946333333333","0.00267680599999999","0.00517433399999999","1","L","L","L","M","V",0,0,0,0,0,0,0
"2507",2770,6289,6289,"t","t","c","c",0.00270313245349022,0.00270313245349022,0.00111305453967244,0.00111305453967244,0.000954046748290666,0.000159007791381778,0.000954046748290666,0.000159007791381778,0.00381618699316267,0.00381618699316267,0.00381618699316267,0.00381618699316267,"nonsyn","nonsyn","nonsyn",1.7e-05,1.07e-06,1.21e-06,1.21e-06,"0.006289","0.00108709857142858","0.00112153833333333","0.00760968999999999","L","L","P","Q","R",1,1,1,1,1,0,1
"2508",2771,6299,6301,"g","g","a","a",0.00111128750595333,0.00111128750595333,0.000158755357993332,0.000158755357993332,0,0.000158755357993332,0,0.000158755357993332,0.00127004286394666,0.00127004286394666,0.00126963973972385,0.00126963973972385,"syn","syn","syn",4.2e-06,5.36e-07,1.17e-06,1.17e-06,"0.00377939999999999","0.00736983000000001","1","0.00736983000000001","L","L","L","L","L",0,0,0,0,1,1,0
"2509",2772,6270,6270,"g","g","a","a",0.00111642743221691,0.00111642743221691,0,0,0,0,0,0,0.00111642743221691,0.00111642743221691,0.00111642743221691,0.00111642743221691,"nonsyn","nonsyn","nonsyn",4.2e-06,5.36e-07,1.17e-06,1.17e-06,"0.00376199999999999","1","1","1","D","D","N","H","Y",1,1,1,0,0,0,0
"2510",2773,6318,6318,"a","a","g","g",0.00427350427350427,0.00427350427350427,0.000474833808167142,0.000474833808167142,0.000316555872111428,0.000158277936055714,0.000316555872111428,0.000158277936055714,0.00474833808167141,0.00474833808167141,0.00474833808167141,0.00474833808167141,"nonsyn","nonsyn","nonsyn",1.77e-05,1.76e-06,1.7e-06,1.7e-06,"0.0041418","0.0035802","0.00555983999999999","0.0107406","D","D","G","A","V",1,1,1,0,0,0,0
"2511",2774,6117,6117,"c","c","t","t",0.0179826712440739,0.0179826712440739,0.000163478829491581,0.000163478829491581,0.000163478829491581,0,0.000163478829491581,0,0.0181461500735655,0.0181461500735655,0.0181461500735655,0.0181461500735655,"syn","nonsyn","nonsyn",4.58e-06,8.37e-07,4.33e-07,4.33e-07,"0.000254689636363636","0.002648661","0.005119929","1","D","D","D","E","E",0,0,0,0,0,0,0
"2512",2775,6088,6088,"a","a","g","g",0.00607752956636005,0.00607752956636005,0.000328515111695138,0.000328515111695138,0.000164257555847569,0.000164257555847569,0.000164257555847569,0.000164257555847569,0.00640604467805519,0.00640604467805519,0.00640604467805519,0.00640604467805519,"nonsyn","nonsyn","nonsyn",1.77e-05,1.76e-06,1.7e-06,1.7e-06,"0.00291236756756757","0.0051748","0.01071488","0.0103496","T","T","A","P","S",1,1,0,1,0,0,0
"2513",2776,6092,6092,"c","c","t","t",0.00328299409061064,0.00328299409061064,0.000328299409061064,0.000328299409061064,0,0.000328299409061064,0,0.000328299409061064,0.0036112934996717,0.0036112934996717,0.0036112934996717,0.0036112934996717,"nonsyn","nonsyn","nonsyn",4.58e-06,8.37e-07,4.33e-07,4.33e-07,"0.001395068","0.001318918","1","0.001318918","T","T","M","K","R",1,1,1,0,0,0,0
"2514",2777,6081,6081,"g","g","a","a",0.00148001973359645,0.00148001973359645,0.000493339911198816,0.000493339911198816,0.000164446637066272,0.000328893274132544,0.000164446637066272,0.000328893274132544,0.00197335964479526,0.00197335964479526,0.00197335964479526,0.00197335964479526,"syn","syn","syn",4.2e-06,5.36e-07,1.17e-06,1.17e-06,"0.0028378","0.00237159","0.003259416","0.003557385","T","T","T","T","T",0,0,0,0,1,1,0
"2515",2778,6033,6033,"g","g","a","a",0.000663020056356705,0.000663020056356705,0.000331510028178352,0.000331510028178352,0,0.000331510028178352,0,0.000331510028178352,0.000994530084535057,0.000994530084535057,0.000994530084535057,0.000994530084535057,"nonsyn","nonsyn","stop",4.2e-06,5.36e-07,1.17e-06,1.17e-06,"0.00633465","0.003529305","1","0.003529305","E","E","K","Q","*",1,1,1,0,0,0,0
"2516",2779,5904,5905,"a","a","g","g",0.00389566395663957,0.00389566395663957,0.000677506775067751,0.000677506775067751,0,0.000677506775067751,0,0.000677506775067751,0.00457317073170732,0.00457317073170732,0.00457239627434378,0.00457239627434378,"nonsyn","nonsyn","nonsyn",1.77e-05,1.76e-06,1.7e-06,1.7e-06,"0.00454351304347826","0.0025092","1","0.0025092","E","E","G","A","V",1,1,1,0,1,1,0
"2517",2780,5905,5905,"g","g","a","a",0.00101608806096528,0.00101608806096528,0.000169348010160881,0.000169348010160881,0,0.000169348010160881,0,0.000169348010160881,0.00118543607112616,0.00118543607112616,0.00118543607112616,0.00118543607112616,"syn","nonsyn","nonsyn",4.2e-06,5.36e-07,1.17e-06,1.17e-06,"0.00413350000000001","0.00690884999999998","1","0.00690884999999998","E","E","E","D","D",0,0,0,0,1,1,0
"2518",2781,5883,5883,"g","g","a","a",0.00118986911439742,0.00118986911439742,0.000169981302056774,0.000169981302056774,0,0.000169981302056774,0,0.000169981302056774,0.00135985041645419,0.00135985041645419,0.00135985041645419,0.00135985041645419,"nonsyn","nonsyn","nonsyn",4.2e-06,5.36e-07,1.17e-06,1.17e-06,"0.00352979999999999","0.00688310999999999","1","0.00688310999999999","V","V","M","L","L",0,0,0,0,0,0,0
"2519",2782,5833,5833,"t","t","c","c",0.00205726041488085,0.00205726041488085,0.000171438367906738,0.000171438367906738,0.000171438367906738,0,0.000171438367906738,0,0.00222869878278759,0.00222869878278759,0.00222869878278759,0.00222869878278759,"nonsyn","nonsyn","nonsyn",1.7e-05,1.07e-06,1.21e-06,1.21e-06,"0.00826341666666667","0.00705792999999998","0.00624130999999998","1","V","V","A","E","G",0,1,1,1,0,0,0
"2520",2783,5844,5844,"a","g","g","a",0.0359342915811088,0.963552361396304,0.000513347022587269,0.000513347022587269,0,0.000513347022587269,0,0.000513347022587269,0.0364476386036961,0.964065708418891,0.0364476386036961,0.964065708418891,"syn","syn","syn",4.2e-06,5.36e-07,1.17e-06,1.17e-06,"4.3588705380927e-06","0.00227916","1","0.00227916","V","V","V","V","V",0,0,0,0,1,1,0
"2521",2784,5725,5725,"g","g","a","a",0.00314410480349345,0.00314410480349345,0.000174672489082969,0.000174672489082969,0,0.000174672489082969,0,0.000174672489082969,0.00331877729257642,0.00331877729257642,0.00331877729257642,0.00331877729257642,"nonsyn","nonsyn","nonsyn",4.2e-06,5.36e-07,1.17e-06,1.17e-06,"0.00133583333333333","0.00669825000000002","1","0.00669825000000002","A","A","T","P","S",1,1,1,0,0,0,0
"2522",2785,5720,5720,"c","c","t","t",0.00192307692307692,0.00192307692307692,0.000524475524475524,0.000524475524475524,0,0.000524475524475524,0,0.000524475524475524,0.00244755244755245,0.00244755244755245,0.00244755244755245,0.00244755244755245,"nonsyn","nonsyn","nonsyn",4.58e-06,8.37e-07,4.33e-07,4.33e-07,"0.0023816","0.000825586666666667","1","0.000825586666666667","A","A","V","D","G",0,1,1,0,0,0,0
"2523",2786,5660,5660,"t","c","c","t",0.0226148409893993,0.974558303886926,0.00282685512367491,0.00282685512367491,0.00159010600706714,0.00123674911660777,0.00159010600706714,0.00123674911660777,0.0254416961130742,0.977385159010601,0.0254416961130742,0.977385159010601,"syn","syn","syn",4.58e-06,8.37e-07,4.33e-07,4.33e-07,"4.69956490210297e-06","0.00015317375","0.000526379999999999","0.00035011142857143","A","A","A","A","A",0,0,0,0,1,0,1
"2524",2787,5645,5645,"g","g","a","a",0.00159433126660762,0.00159433126660762,0.000354295837023915,0.000354295837023915,0.000354295837023915,0,0.000354295837023915,0,0.00194862710363153,0.00194862710363153,0.00194862710363153,0.00194862710363153,"nonsyn","nonsyn","nonsyn",4.2e-06,5.36e-07,1.17e-06,1.17e-06,"0.00263433333333333","0.003302325","0.00151286","1","A","A","T","P","S",1,1,1,0,0,0,0
"2525",2788,5644,5644,"c","c","t","t",0.00230333097094259,0.00230333097094259,0,0,0,0,0,0,0.00230333097094259,0.00230333097094259,0.00230333097094259,0.00230333097094259,"nonsyn","nonsyn","nonsyn",4.58e-06,8.37e-07,4.33e-07,4.33e-07,"0.00198842461538462","1","1","1","A","A","V","E","G",0,1,1,0,0,0,0
"2526",2789,5651,5651,"g","g","a","a",0.00123871881082994,0.00123871881082994,0,0,0,0,0,0,0.00123871881082994,0.00123871881082994,0.00123871881082994,0.00123871881082994,"syn","syn","syn",4.2e-06,5.36e-07,1.17e-06,1.17e-06,"0.0033906","1","1","1","A","A","A","A","A",0,0,0,0,0,0,0
"2527",2790,5670,5670,"t","t","c","c",0.00493827160493827,0.00493827160493827,0.00017636684303351,0.00017636684303351,0.00017636684303351,0,0.00017636684303351,0,0.00511463844797178,0.00511463844797178,0.00511463844797178,0.00511463844797178,"nonsyn","nonsyn","nonsyn",1.7e-05,1.07e-06,1.21e-06,1.21e-06,"0.0034425","0.00686069999999999","0.00606689999999999","1","S","S","P","T","A",1,0,1,0,0,0,0
"2528",2791,5658,5660,"c","c","t","t",0.000883704489218805,0.000883704489218805,0.000353481795687522,0.000353481795687522,0.000353481795687522,0,0.000353481795687522,0,0.00123718628490633,0.00123718628490633,0.00123674911660777,0.00123674911660777,"nonsyn","stop","nonsyn",4.58e-06,8.37e-07,4.33e-07,4.33e-07,"0.005182728","0.001224957","0.002367873","1","S","S","L","*","W",1,1,1,0,0,0,0
"2529",2792,5649,5649,"c","g","t","a",0.0828465215082315,0.000354044963710391,0.000708089927420782,0.999291910072579,0.000354044963710391,0.000354044963710391,0.916445388564348,0.0828465215082315,0.0835546114356523,0.99964595503629,0.0835546114356523,0.99964595503629,"syn","syn","syn",4.2e-06,5.36e-07,1.17e-06,1.17e-06,"0.0118629","1.17082905225864e-06","5.84868456635117e-07","1.41225e-05","S","S","S","S","S",0,0,0,0,0,0,0
"2530",2793,5664,5664,"t","t","c","c",0.00582627118644068,0.00582627118644068,0.00158898305084746,0.00158898305084746,0.00141242937853107,0.000176553672316384,0.00141242937853107,0.000176553672316384,0.00741525423728814,0.00741525423728814,0.00741525423728814,0.00741525423728814,"nonsyn","nonsyn","nonsyn",1.7e-05,1.07e-06,1.21e-06,1.21e-06,"0.00291781818181818","0.000761493333333332","0.000757560000000002","0.00685344000000001","C","C","R","S","G",1,1,0,1,0,0,0
"2531",2794,5713,5713,"g","g","a","a",0.000175039383861369,0.000175039383861369,0.000525118151584106,0.000525118151584106,0.000350078767722738,0.000175039383861369,0.000350078767722738,0.000175039383861369,0.000700157535445475,0.000700157535445475,0.000700157535445475,0.000700157535445475,"nonsyn","nonsyn","nonsyn",4.2e-06,5.36e-07,1.17e-06,1.17e-06,"0.0239946","0.00222807","0.001531084","0.00668420999999999","C","C","Y","S","F",1,1,1,0,0,0,0
"2532",2795,5696,5696,"t","t","c","c",0.00403792134831461,0.00403792134831461,0.00105337078651685,0.00105337078651685,0.00105337078651685,0,0.00105337078651685,0,0.00509129213483146,0.00509129213483146,0.00509129213483146,0.00509129213483146,"syn","stop","nonsyn",1.7e-05,1.07e-06,1.21e-06,1.21e-06,"0.00421008695652174","0.00114869333333334","0.00101578666666667","1","C","C","C","*","W",0,1,1,1,0,0,0
"2533",2796,5691,5691,"g","g","a","a",0.00175716042874714,0.00175716042874714,0.000175716042874714,0.000175716042874714,0,0.000175716042874714,0,0.000175716042874714,0.00193287647162186,0.00193287647162186,0.00193287647162186,0.00193287647162186,"nonsyn","nonsyn","nonsyn",4.2e-06,5.36e-07,1.17e-06,1.17e-06,"0.00239022000000001","0.00665847000000002","1","0.00665847000000002","G","G","S","R","C",1,1,0,0,1,1,0
"2534",2797,5612,5612,"g","g","a","a",0.00196008553100499,0.00196008553100499,0.000712758374910905,0.000712758374910905,0,0.000712758374910905,0,0.000712758374910905,0.00267284390591589,0.00267284390591589,0.00267284390591589,0.00267284390591589,"nonsyn","nonsyn","nonsyn",4.2e-06,5.36e-07,1.17e-06,1.17e-06,"0.00214276363636364","0.00164151","1","0.00164151","G","G","D","A","V",1,1,1,0,0,0,0
"2535",2798,5602,5602,"c","c","t","t",0.00249910746162085,0.00249910746162085,0.000357015351660121,0.000357015351660121,0.000357015351660121,0,0.000357015351660121,0,0.00285612281328097,0.00285612281328097,0.00285612281328097,0.00285612281328097,"syn","syn","syn",4.58e-06,8.37e-07,4.33e-07,4.33e-07,"0.00183265428571429","0.001212833","0.002344437","1","G","G","G","G","G",0,0,0,0,0,0,0
"2536",2799,5570,5570,"g","g","a","a",0.00197486535008977,0.00197486535008977,0.000359066427289048,0.000359066427289048,0,0.000359066427289048,0,0.000359066427289048,0.00233393177737881,0.00233393177737881,0.00233393177737881,0.00233393177737881,"nonsyn","nonsyn","nonsyn",4.2e-06,5.36e-07,1.17e-06,1.17e-06,"0.00212672727272727","0.00325845","1","0.00325845","G","G","S","R","C",1,1,0,0,1,1,0
"2537",2800,5524,5524,"g","g","a","a",0.00217233888486604,0.00217233888486604,0.000181028240405503,0.000181028240405503,0,0.000181028240405503,0,0.000181028240405503,0.00235336712527154,0.00235336712527154,0.00235336712527154,0.00235336712527154,"nonsyn","nonsyn","nonsyn",4.2e-06,5.36e-07,1.17e-06,1.17e-06,"0.0019334","0.00646308000000001","1","0.00646308000000001","G","G","D","A","V",1,1,1,0,0,0,0
"2538",2801,5460,5460,"c","c","t","t",0.00201465201465201,0.00201465201465201,0.000366300366300366,0.000366300366300366,0.000366300366300366,0,0.000366300366300366,0,0.00238095238095238,0.00238095238095238,0.00238095238095238,0.00238095238095238,"syn","syn","syn",4.58e-06,8.37e-07,4.33e-07,4.33e-07,"0.00227334545454546","0.00118209","0.00228501","1","G","G","G","G","G",0,0,0,0,0,0,0
"2539",2802,5406,5406,"g","g","a","a",0.00203477617462079,0.00203477617462079,0,0,0,0,0,0,0.00203477617462079,0.00203477617462079,0.00203477617462079,0.00203477617462079,"nonsyn","nonsyn","nonsyn",4.2e-06,5.36e-07,1.17e-06,1.17e-06,"0.00206410909090909","1","1","1","V","V","I","L","F",0,0,0,0,0,0,0
"2540",2803,5202,5202,"t","t","c","c",0.00422914263744714,0.00422914263744714,0.000192233756247597,0.000192233756247597,0.000192233756247597,0,0.000192233756247597,0,0.00442137639369473,0.00442137639369473,0.00442137639369473,0.00442137639369473,"nonsyn","nonsyn","nonsyn",1.7e-05,1.07e-06,1.21e-06,1.21e-06,"0.00401972727272727","0.00629442","0.00556614","1","V","V","A","D","G",0,1,1,0,0,0,0
"2541",2804,5233,5233,"t","t","c","c",0.005350659277661,0.005350659277661,0.00133766481941525,0.00133766481941525,0.00114656984521307,0.000191094974202178,0.00114656984521307,0.000191094974202178,0.00668832409707625,0.00668832409707625,0.00668832409707625,0.00668832409707625,"syn","syn","syn",1.7e-05,1.07e-06,1.21e-06,1.21e-06,"0.00317717857142857","0.000904561428571428","0.000933218333333334","0.00633193000000002","V","V","V","V","V",0,0,0,1,0,0,0
"2542",2805,5216,5216,"g","g","a","a",0.00153374233128834,0.00153374233128834,0.000383435582822086,0.000383435582822086,0.000191717791411043,0.000191717791411043,0.000191717791411043,0.000191717791411043,0.00191717791411043,0.00191717791411043,0.00191717791411043,0.00191717791411043,"nonsyn","nonsyn","nonsyn",4.2e-06,5.36e-07,1.17e-06,1.17e-06,"0.00273840000000001","0.00305136","0.002795776","0.00610272","V","V","I","L","F",0,0,0,0,0,0,0
"2543",2806,5232,5232,"t","t","c","c",0.00344036697247706,0.00344036697247706,0.000382262996941896,0.000382262996941896,0.000191131498470948,0.000191131498470948,0.000191131498470948,0.000191131498470948,0.00382262996941896,0.00382262996941896,0.00382262996941896,0.00382262996941896,"nonsyn","nonsyn","nonsyn",1.7e-05,1.07e-06,1.21e-06,1.21e-06,"0.00494133333333334","0.00316536","0.00559824","0.00633072","V","V","A","D","G",0,1,1,0,0,0,0
"2544",2807,5241,5241,"t","t","c","c",0.0648731158175921,0.0648731158175921,0.00114481969089868,0.00114481969089868,0.000954016409082236,0.000190803281816447,0.000954016409082236,0.000190803281816447,0.0660179355084907,0.0660179355084907,0.0660179355084907,0.0660179355084907,"syn","syn","syn",1.7e-05,1.07e-06,1.21e-06,1.21e-06,"0.00026205","0.001056935","0.001121574","0.00634161000000001","V","V","V","V","V",0,0,0,0,0,0,0
"2545",2808,5293,5293,"c","c","t","t",0.000755715095409031,0.000755715095409031,0,0,0,0,0,0,0.000755715095409031,0.000755715095409031,0.000755715095409031,0.000755715095409031,"nonsyn","nonsyn","nonsyn",4.58e-06,8.37e-07,4.33e-07,4.33e-07,"0.006060485","1","1","1","L","L","F","I","V",0,0,0,0,0,0,0
"2546",2809,5190,5190,"t","t","c","c",0.00269749518304432,0.00269749518304432,0.000578034682080925,0.000578034682080925,0.000578034682080925,0,0.000578034682080925,0,0.00327552986512524,0.00327552986512524,0.00327552986512524,0.00327552986512524,"nonsyn","nonsyn","nonsyn",1.7e-05,1.07e-06,1.21e-06,1.21e-06,"0.00630214285714285","0.0020933","0.0018511","1","L","L","P","H","R",1,1,1,0,1,0,1
"2547",2810,5242,5242,"t","t","c","c",0.00381533765738268,0.00381533765738268,0.000381533765738268,0.000381533765738268,0.000381533765738268,0,0.000381533765738268,0,0.00419687142312095,0.00419687142312095,0.00419687142312095,0.00419687142312095,"syn","syn","syn",1.7e-05,1.07e-06,1.21e-06,1.21e-06,"0.0044557","0.00317141","0.00280447","1","L","L","L","L","L",0,0,0,1,0,0,0
"2548",2811,5224,5224,"g","g","a","a",0.000957120980091884,0.000957120980091884,0,0,0,0,0,0,0.000957120980091884,0.000957120980091884,0.000957120980091884,0.000957120980091884,"nonsyn","nonsyn","nonsyn",4.2e-06,5.36e-07,1.17e-06,1.17e-06,"0.00438816","1","1","1","V","V","I","L","F",0,0,0,0,0,0,0
"2549",2812,5186,5186,"t","t","c","c",0.00443501735441573,0.00443501735441573,0.000385653682992673,0.000385653682992673,0.000385653682992673,0,0.000385653682992673,0,0.00482067103740841,0.00482067103740841,0.00482067103740841,0.00482067103740841,"nonsyn","nonsyn","nonsyn",1.7e-05,1.07e-06,1.21e-06,1.21e-06,"0.00383313043478261","0.00313753","0.00277451","1","V","V","A","D","G",0,1,1,0,0,0,0
"2550",2813,5198,5198,"c","c","t","t",0.000577145055790689,0.000577145055790689,0.000384763370527126,0.000384763370527126,0.000192381685263563,0.000192381685263563,0.000192381685263563,0.000192381685263563,0.000961908426317815,0.000961908426317815,0.000961908426317815,0.000961908426317815,"syn","syn","syn",4.58e-06,8.37e-07,4.33e-07,4.33e-07,"0.00793561333333333","0.001125367","0.004350726","0.002250734","V","V","V","V","V",0,0,0,0,0,0,0
"2551",2814,5226,5228,"g","g","a","a",0.0034443168771527,0.0034443168771527,0.000956754688097972,0.000956754688097972,0,0.000956754688097972,0,0.000956754688097972,0.00440107156525067,0.00440107156525067,0.00439938791124713,0.00439938791124713,"nonsyn","nonsyn","nonsyn",4.2e-06,5.36e-07,1.17e-06,1.17e-06,"0.0012194","0.001222884","1","0.001222884","G","G","R","R","W",1,1,1,0,1,1,0
"2552",2815,5240,5240,"g","g","a","a",0.000381679389312977,0.000381679389312977,0.000763358778625954,0.000763358778625954,0,0.000763358778625954,0,0.000763358778625954,0.00114503816793893,0.00114503816793893,0.00114503816793893,0.00114503816793893,"nonsyn","nonsyn","nonsyn",4.2e-06,5.36e-07,1.17e-06,1.17e-06,"0.011004","0.0015327","1","0.0015327","G","G","E","A","V",1,1,1,0,1,1,0
"2553",2816,5258,5258,"g","g","a","a",0.00342335488779003,0.00342335488779003,0.000380372765310004,0.000380372765310004,0,0.000380372765310004,0,0.000380372765310004,0.00380372765310004,0.00380372765310004,0.00380372765310004,0.00380372765310004,"syn","syn","syn",4.2e-06,5.36e-07,1.17e-06,1.17e-06,"0.00122686666666667","0.00307593","1","0.00307593","G","G","G","G","G",0,0,0,0,0,0,0
"2554",2817,5221,5222,"t","t","c","c",0.0158973376747749,0.0158973376747749,0,0,0,0,0,0,0.0158973376747749,0.0158973376747749,0.0158942933741861,0.0158942933741861,"syn","nonsyn","nonsyn",1.7e-05,1.07e-06,1.21e-06,1.21e-06,"0.00106936144578314","1","1","1","L","L","L","I","V",0,0,0,0,0,0,0
"2555",2818,5278,5278,"t","t","c","c",0.00341038272072755,0.00341038272072755,0.000568397120121258,0.000568397120121258,0.000568397120121258,0,0.000568397120121258,0,0.00397877984084881,0.00397877984084881,0.00397877984084881,0.00397877984084881,"nonsyn","stop","stop",1.7e-05,1.07e-06,1.21e-06,1.21e-06,"0.00498477777777778","0.00212879333333333","0.00188248666666667","1","L","L","S","*","*",1,1,1,0,0,0,0
"2556",2819,5246,5247,"g","a","a","g",0.000190621425848265,0.999809378574152,0,0,0,0,0,0,0.000190621425848265,0.999809378574152,0.000190585096245474,0.999618829807509,"syn","nonsyn","nonsyn",1.77e-05,1.76e-06,1.7e-06,1.7e-06,"1.77033746425167e-05","1","1","1","L","L","L","F","F",0,0,0,0,0,0,0
"2557",2820,5223,5223,"a","a","g","g",0.00421213861765269,0.00421213861765269,0.00019146084625694,0.00019146084625694,0,0.00019146084625694,0,0.00019146084625694,0.00440359946390963,0.00440359946390963,0.00440359946390963,0.00440359946390963,"nonsyn","nonsyn","nonsyn",1.77e-05,1.76e-06,1.7e-06,1.7e-06,"0.00420214090909091","0.00887910000000002","1","0.00887910000000002","M","M","V","L","L",0,0,0,0,0,0,0
"2558",2821,5217,5217,"t","t","c","c",0.00287521564117309,0.00287521564117309,0.00076672417097949,0.00076672417097949,0.000575043128234618,0.000191681042744873,0.000575043128234618,0.000191681042744873,0.00364193981215258,0.00364193981215258,0.00364193981215258,0.00364193981215258,"nonsyn","nonsyn","nonsyn",1.7e-05,1.07e-06,1.21e-06,1.21e-06,"0.0059126","0.0015781425","0.00186073","0.00631256999999998","M","M","T","K","R",1,1,1,1,0,0,0
"2559",2822,5234,5234,"g","g","a","a",0.00210164310278945,0.00210164310278945,0.00019105846388995,0.00019105846388995,0,0.00019105846388995,0,0.00019105846388995,0.0022927015666794,0.0022927015666794,0.0022927015666794,0.0022927015666794,"nonsyn","nonsyn","nonsyn",4.2e-06,5.36e-07,1.17e-06,1.17e-06,"0.00199843636363637","0.00612378000000001","1","0.00612378000000001","M","M","I","I","I",0,0,0,0,1,1,0
"2560",2823,5249,5249,"g","g","a","a",0.00171461230710612,0.00171461230710612,0,0,0,0,0,0,0.00171461230710612,0.00171461230710612,0.00171461230710612,0.00171461230710612,"nonsyn","nonsyn","nonsyn",4.2e-06,5.36e-07,1.17e-06,1.17e-06,"0.00244953333333333","1","1","1","A","A","T","P","S",1,1,1,0,0,0,0
"2561",2824,5271,5271,"c","c","t","t",0.00398406374501992,0.00398406374501992,0,0,0,0,0,0,0.00398406374501992,0.00398406374501992,0.00398406374501992,0.00398406374501992,"nonsyn","nonsyn","nonsyn",4.58e-06,8.37e-07,4.33e-07,4.33e-07,"0.00114958","1","1","1","A","A","V","E","G",0,1,1,0,0,0,0
"2562",2825,5290,5290,"g","g","a","a",0.00321361058601134,0.00321361058601134,0.000378071833648393,0.000378071833648393,0.000189035916824197,0.000189035916824197,0.000189035916824197,0.000189035916824197,0.00359168241965974,0.00359168241965974,0.00359168241965974,0.00359168241965974,"syn","syn","syn",4.2e-06,5.36e-07,1.17e-06,1.17e-06,"0.00130694117647059","0.00309465","0.00283543999999999","0.00618929999999999","A","A","A","A","A",0,0,0,0,0,0,0
"2563",2826,5302,5302,"c","c","t","t",0.0016974726518295,0.0016974726518295,0,0,0,0,0,0,0.0016974726518295,0.0016974726518295,0.0016974726518295,0.0016974726518295,"syn","nonsyn","nonsyn",4.58e-06,8.37e-07,4.33e-07,4.33e-07,"0.00269812888888889","1","1","1","L","L","L","M","V",0,0,0,0,0,0,0
"2564",2827,5319,5319,"t","t","c","c",0.00526414739612709,0.00526414739612709,0.00112803158488438,0.00112803158488438,0.00112803158488438,0,0.00112803158488438,0,0.00639217898101147,0.00639217898101147,0.00639217898101147,0.00639217898101147,"nonsyn","nonsyn","nonsyn",1.7e-05,1.07e-06,1.21e-06,1.21e-06,"0.00322939285714286","0.001072665","0.000948554999999997","1","L","L","P","Q","R",1,1,1,1,1,0,1
"2565",2828,5309,5309,"g","g","a","a",0.0024486720663025,0.0024486720663025,0.000188359389715577,0.000188359389715577,0,0.000188359389715577,0,0.000188359389715577,0.00263703145601808,0.00263703145601808,0.00263703145601808,0.00263703145601808,"syn","syn","syn",4.2e-06,5.36e-07,1.17e-06,1.17e-06,"0.00171521538461539","0.00621153000000001","1","0.00621153000000001","L","L","L","L","L",0,0,0,0,0,0,0
"2566",2829,5310,5310,"a","a","g","g",0.00470809792843691,0.00470809792843691,0.000564971751412429,0.000564971751412429,0.000188323917137476,0.000376647834274953,0.000188323917137476,0.000376647834274953,0.00527306967984934,0.00527306967984934,0.00527306967984934,0.00527306967984934,"nonsyn","nonsyn","nonsyn",1.77e-05,1.76e-06,1.7e-06,1.7e-06,"0.00375948","0.003009","0.00934560000000002","0.0045135","T","T","A","P","S",1,1,0,0,0,0,0
"2567",2830,5416,5416,"c","c","t","t",0.00110782865583456,0.00110782865583456,0,0,0,0,0,0,0.00110782865583456,0.00110782865583456,0.00110782865583456,0.00110782865583456,"nonsyn","nonsyn","nonsyn",4.58e-06,8.37e-07,4.33e-07,4.33e-07,"0.00413421333333335","1","1","1","T","T","I","N","S",1,0,0,0,0,0,0
"2568",2831,5431,5431,"t","t","c","c",0.00405081937028172,0.00405081937028172,0.00165715337875161,0.00165715337875161,0.00147302522555699,0.000184128153194623,0.00147302522555699,0.000184128153194623,0.00570797274903333,0.00570797274903333,0.00570797274903333,0.00570797274903333,"syn","syn","syn",1.7e-05,1.07e-06,1.21e-06,1.21e-06,"0.00419668181818181","0.000730167777777778","0.000726396249999999","0.00657151000000002","T","T","T","T","T",0,0,0,0,1,0,1
"2569",2832,5393,5393,"c","c","t","t",0.000741702206564065,0.000741702206564065,0.000370851103282032,0.000370851103282032,0.000370851103282032,0,0.000370851103282032,0,0.0011125533098461,0.0011125533098461,0.0011125533098461,0.0011125533098461,"syn","nonsyn","nonsyn",4.58e-06,8.37e-07,4.33e-07,4.33e-07,"0.006174985","0.0011675845","0.0022569705","1","L","L","L","M","V",0,0,0,0,0,0,0
"2570",2833,5429,5429,"t","t","c","c",0.00313133173696813,0.00313133173696813,0.00165776386074784,0.00165776386074784,0.00165776386074784,0,0.00165776386074784,0,0.00478909559771597,0.00478909559771597,0.00478909559771597,0.00478909559771597,"nonsyn","nonsyn","nonsyn",1.7e-05,1.07e-06,1.21e-06,1.21e-06,"0.00542900000000001","0.000729898888888887","0.000645447777777776","1","L","L","P","Q","R",1,1,1,1,1,0,1
"2571",2834,5315,5315,"g","g","a","a",0.00169332079021637,0.00169332079021637,0,0,0,0,0,0,0.00169332079021637,0.00169332079021637,0.00169332079021637,0.00169332079021637,"syn","syn","syn",4.2e-06,5.36e-07,1.17e-06,1.17e-06,"0.00248033333333333","1","1","1","L","L","L","L","L",0,0,0,0,0,0,0
"2572",2835,5338,5338,"t","t","c","c",0.00412139378044211,0.00412139378044211,0.000187336080929187,0.000187336080929187,0.000187336080929187,0,0.000187336080929187,0,0.0043087298613713,0.0043087298613713,0.0043087298613713,0.0043087298613713,"nonsyn","nonsyn","nonsyn",1.7e-05,1.07e-06,1.21e-06,1.21e-06,"0.00412481818181818","0.00645898","0.00571166","1","S","S","P","T","A",1,0,1,0,0,0,0
"2573",2836,5275,5275,"c","c","t","t",0.00132701421800948,0.00132701421800948,0,0,0,0,0,0,0.00132701421800948,0.00132701421800948,0.00132701421800948,0.00132701421800948,"nonsyn","stop","nonsyn",4.58e-06,8.37e-07,4.33e-07,4.33e-07,"0.00345135714285714","1","1","1","S","S","L","*","W",1,1,1,0,0,0,0
"2574",2837,5248,5248,"a","g","g","a",0.00476371951219512,0.994855182926829,0.00038109756097561,0.00038109756097561,0.000190548780487805,0.000190548780487805,0.000190548780487805,0.000190548780487805,0.00514481707317073,0.995236280487805,0.00514481707317073,0.995236280487805,"syn","syn","syn",4.2e-06,5.36e-07,1.17e-06,1.17e-06,"4.2217199770159e-06","0.00307008","0.002812928","0.00614016","S","S","S","S","S",0,0,0,0,0,0,0
"2575",2838,5305,5305,"c","c","t","t",0.000377002827521206,0.000377002827521206,0,0,0,0,0,0,0.000377002827521206,0.000377002827521206,0.000377002827521206,0.000377002827521206,"nonsyn","nonsyn","nonsyn",4.58e-06,8.37e-07,4.33e-07,4.33e-07,"0.01214845","1","1","1","P","P","S","T","A",1,1,1,0,0,0,0
"2576",2839,5360,5360,"c","c","t","t",0.00167910447761194,0.00167910447761194,0.000559701492537313,0.000559701492537313,0.000559701492537313,0,0.000559701492537313,0,0.00223880597014925,0.00223880597014925,0.00223880597014925,0.00223880597014925,"nonsyn","nonsyn","nonsyn",4.58e-06,8.37e-07,4.33e-07,4.33e-07,"0.00272764444444444","0.000773626666666667","0.00149544","1","P","P","L","Q","R",1,1,1,0,1,0,1
"2577",2840,5349,5349,"a","a","g","g",0.00224340998317443,0.00224340998317443,0.000373901663862404,0.000373901663862404,0.000186950831931202,0.000186950831931202,0.000186950831931202,0.000186950831931202,0.00261731164703683,0.00261731164703683,0.00261731164703683,0.00261731164703683,"syn","syn","syn",1.77e-05,1.76e-06,1.7e-06,1.7e-06,"0.00788977499999998","0.00454665","0.00941424","0.0090933","P","P","P","P","P",0,0,0,1,0,0,0
"2578",2841,5342,5342,"t","t","c","c",0.00187195806813927,0.00187195806813927,0.000561587420441782,0.000561587420441782,0.000187195806813927,0.000374391613627855,0.000187195806813927,0.000374391613627855,0.00243354548858106,0.00243354548858106,0.00243354548858106,0.00243354548858106,"nonsyn","nonsyn","nonsyn",1.7e-05,1.07e-06,1.21e-06,1.21e-06,"0.00908140000000002","0.00215460666666667","0.00571594000000001","0.00323191","Y","Y","H","N","D",1,1,1,0,0,0,0
"2579",2842,5202,5202,"a","a","g","g",0.00153787004998078,0.00153787004998078,0.000192233756247597,0.000192233756247597,0,0.000192233756247597,0,0.000192233756247597,0.00173010380622837,0.00173010380622837,0.00173010380622837,0.00173010380622837,"nonsyn","nonsyn","nonsyn",1.77e-05,1.76e-06,1.7e-06,1.7e-06,"0.011509425","0.0088434","1","0.0088434","Y","Y","C","S","F",1,1,0,0,0,0,0
"2580",2843,5271,5271,"t","t","c","c",0.00341491178144565,0.00341491178144565,0.00037943464238285,0.00037943464238285,0.000189717321191425,0.000189717321191425,0.000189717321191425,0.000189717321191425,0.0037943464238285,0.0037943464238285,0.0037943464238285,0.0037943464238285,"syn","stop","stop",1.7e-05,1.07e-06,1.21e-06,1.21e-06,"0.00497816666666666","0.003188955","0.00563996999999999","0.00637790999999999","Y","Y","Y","*","*",0,1,1,0,0,0,0
"2581",2844,5231,5231,"t","t","c","c",0.00267635251385968,0.00267635251385968,0,0,0,0,0,0,0.00267635251385968,0.00267635251385968,0.00267635251385968,0.00267635251385968,"nonsyn","nonsyn","nonsyn",1.7e-05,1.07e-06,1.21e-06,1.21e-06,"0.00635192857142858","1","1","1","Y","Y","H","N","D",1,1,1,0,0,0,0
"2582",2845,5214,5214,"a","a","g","g",0.00230149597238205,0.00230149597238205,0,0,0,0,0,0,0.00230149597238205,0.00230149597238205,0.00230149597238205,0.00230149597238205,"nonsyn","nonsyn","nonsyn",1.77e-05,1.76e-06,1.7e-06,1.7e-06,"0.00769064999999999","1","1","1","Y","Y","C","S","F",1,1,0,0,0,0,0
"2583",2846,5198,5198,"c","c","t","t",0.000192381685263563,0.000192381685263563,0,0,0,0,0,0,0.000192381685263563,0.000192381685263563,0.000192381685263563,0.000192381685263563,"syn","stop","stop",4.58e-06,8.37e-07,4.33e-07,4.33e-07,"0.02380684","1","1","1","Y","Y","Y","*","*",0,1,1,0,0,0,0
"2584",2847,5234,5234,"a","a","g","g",0.00592281238058846,0.00592281238058846,0.00171952617500955,0.00171952617500955,0,0.00171952617500955,0,0.00171952617500955,0.00764233855559801,0.00764233855559801,0.00764233855559801,0.00764233855559801,"nonsyn","nonsyn","stop",1.77e-05,1.76e-06,1.7e-06,1.7e-06,"0.00298844516129032","0.000988644444444446","1","0.000988644444444446","K","K","E","Q","*",1,1,1,1,0,0,0
"2585",2848,5241,5241,"a","a","g","g",0.00572409845449342,0.00572409845449342,0.00133562297271513,0.00133562297271513,0.000190803281816447,0.00114481969089868,0.000190803281816447,0.00114481969089868,0.00705972142720855,0.00705972142720855,0.00705972142720855,0.00705972142720855,"nonsyn","nonsyn","nonsyn",1.77e-05,1.76e-06,1.7e-06,1.7e-06,"0.00309219","0.00127281428571429","0.00922416000000001","0.00148495","K","K","R","T","M",0,1,1,0,1,1,0
"2586",2849,5246,5246,"g","g","a","a",0.000571864277544796,0.000571864277544796,0.000381242851696531,0.000381242851696531,0,0.000381242851696531,0,0.000381242851696531,0.000953107129241327,0.000953107129241327,0.000953107129241327,0.000953107129241327,"syn","nonsyn","nonsyn",4.2e-06,5.36e-07,1.17e-06,1.17e-06,"0.0073444","0.00306891","1","0.00306891","K","K","K","N","N",0,1,1,0,0,0,0
"2587",2850,5249,5249,"c","c","t","t",0.00323871213564488,0.00323871213564488,0.000571537435702038,0.000571537435702038,0.000571537435702038,0,0.000571537435702038,0,0.00381024957134692,0.00381024957134692,0.00381024957134692,0.00381024957134692,"nonsyn","nonsyn","nonsyn",4.58e-06,8.37e-07,4.33e-07,4.33e-07,"0.00141414235294118","0.000757605666666667","0.001464471","1","H","R","C","S","G",1,1,1,0,0,0,0
"2588",2851,5258,5258,"a","g","g","a",0.00133130467858501,0.99809813617345,0.000570559147965006,0.000570559147965006,0.000190186382655002,0.000380372765310004,0.000190186382655002,0.000380372765310004,0.00190186382655002,0.998668695321415,0.00190186382655002,0.998668695321415,"nonsyn","nonsyn","nonsyn",4.2e-06,5.36e-07,1.17e-06,1.17e-06,"4.20800304878049e-06","0.00205062","0.002818288","0.00307593","H","R","H","P","L",0,1,1,0,0,0,0
"2589",2852,5255,5255,"t","c","c","t",0.00190294957183635,0.997335870599429,0.000761179828734539,0.000761179828734539,0.000380589914367269,0.000380589914367269,0.000380589914367269,0.000380589914367269,0.00266412940057088,0.998097050428164,0.00266412940057088,0.998097050428164,"syn","syn","syn",4.58e-06,8.37e-07,4.33e-07,4.33e-07,"4.59223430643007e-06","0.00056885375","0.0021992175","0.0011377075","H","R","R","R","R",0,0,0,0,0,0,0
"2590",2853,5189,5190,"t","t","c","c",0.0021198689535556,0.0021198689535556,0.000192715359414145,0.000192715359414145,0.000192715359414145,0,0.000192715359414145,0,0.00231258431296974,0.00231258431296974,0.0023121387283237,0.0023121387283237,"nonsyn","nonsyn","nonsyn",1.7e-05,1.07e-06,1.21e-06,1.21e-06,"0.00801936363636363","0.00627869000000001","0.00555223000000001","1","Y","Y","H","N","D",1,1,1,0,1,0,1
"2591",2854,4992,4993,"a","a","g","g",0.00180288461538462,0.00180288461538462,0.000200320512820513,0.000200320512820513,0,0.000200320512820513,0,0.000200320512820513,0.00200320512820513,0.00200320512820513,0.00200280392549569,0.00200280392549569,"nonsyn","nonsyn","nonsyn",1.77e-05,1.76e-06,1.7e-06,1.7e-06,"0.00981759999999997","0.00848639999999999","1","0.00848639999999999","Y","Y","C","S","F",1,1,0,0,0,0,0
"2592",2855,5094,5094,"t","t","c","c",0.00392618767177071,0.00392618767177071,0.000392618767177071,0.000392618767177071,0.000392618767177071,0,0.000392618767177071,0,0.00431880643894778,0.00431880643894778,0.00431880643894778,0.00431880643894778,"syn","stop","stop",1.7e-05,1.07e-06,1.21e-06,1.21e-06,"0.0043299","0.00308187","0.00272529","1","Y","Y","Y","*","*",0,1,1,0,0,0,0
"2593",2856,4966,4966,"a","a","g","g",0.00483286347160693,0.00483286347160693,0,0,0,0,0,0,0.00483286347160693,0.00483286347160693,0.00483286347160693,0.00483286347160693,"nonsyn","nonsyn","nonsyn",1.77e-05,1.76e-06,1.7e-06,1.7e-06,"0.003662425","1","1","1","I","I","V","L","F",0,0,0,0,0,0,0
"2594",2857,4885,4885,"t","t","c","c",0.00368474923234391,0.00368474923234391,0.000204708290685773,0.000204708290685773,0,0.000204708290685773,0,0.000204708290685773,0.00388945752302968,0.00388945752302968,0.00388945752302968,0.00388945752302968,"nonsyn","nonsyn","nonsyn",1.7e-05,1.07e-06,1.21e-06,1.21e-06,"0.00461361111111111","0.00591084999999999","1","0.00591084999999999","I","I","T","N","S",1,1,1,0,0,0,0
"2595",2858,4893,4893,"c","c","t","t",0.000613120784794605,0.000613120784794605,0,0,0,0,0,0,0.000613120784794605,0.000613120784794605,0.000613120784794605,0.000613120784794605,"syn","syn","nonsyn",4.58e-06,8.37e-07,4.33e-07,4.33e-07,"0.00746997999999999","1","1","1","I","I","I","I","M",0,0,0,0,0,0,0
"2596",2859,4872,4872,"a","a","g","g",0.00266830870279146,0.00266830870279146,0.000205254515599343,0.000205254515599343,0.000205254515599343,0,0.000205254515599343,0,0.0028735632183908,0.0028735632183908,0.0028735632183908,0.0028735632183908,"nonsyn","nonsyn","nonsyn",1.77e-05,1.76e-06,1.7e-06,1.7e-06,"0.00663341538461539","0.00828240000000001","0.00857472000000001","1","S","S","G","R","C",1,1,1,1,1,1,0
"2597",2860,4849,4849,"g","g","a","a",0.00206228088265622,0.00206228088265622,0,0,0,0,0,0,0.00206228088265622,0.00206228088265622,0.00206228088265622,0.00206228088265622,"nonsyn","nonsyn","nonsyn",4.2e-06,5.36e-07,1.17e-06,1.17e-06,"0.00203658","1","1","1","S","S","N","T","I",0,0,1,0,0,0,0
"2598",2861,4820,4820,"c","c","t","t",0.00228215767634855,0.00228215767634855,0,0,0,0,0,0,0.00228215767634855,0.00228215767634855,0.00228215767634855,0.00228215767634855,"syn","nonsyn","nonsyn",4.58e-06,8.37e-07,4.33e-07,4.33e-07,"0.00200687272727273","1","1","1","S","S","S","R","R",0,1,1,0,0,0,0
"2599",2862,4777,4777,"g","t","a","c",0.00209336403600586,0,0,1,0,0,0.00209336403600586,0.997906635963994,0.00209336403600586,1,0.00209336403600586,1,"nonsyn","nonsyn","nonsyn",1.7e-05,1.07e-06,1.21e-06,1.21e-06,"1","1.21e-06","0.000511139","1.21253828403608e-06","G","W","R","R","G",1,1,1,1,1,0,1
"2600",2863,4771,4771,"g","g","a","a",0.00188639698176483,0.00188639698176483,0.00188639698176483,0.00188639698176483,0.00104799832320268,0.000838398658562146,0.00104799832320268,0.000838398658562146,0.00377279396352966,0.00377279396352966,0.00377279396352966,0.00377279396352966,"stop","nonsyn","nonsyn",4.2e-06,5.36e-07,1.17e-06,1.17e-06,"0.00222646666666667","0.00062023","0.000511451200000001","0.0013955175","G","W","*","S","L",1,1,0,0,1,1,0
"2601",2864,4768,4768,"g","g","a","a",0.00188758389261745,0.00188758389261745,0.000209731543624161,0.000209731543624161,0,0.000209731543624161,0,0.000209731543624161,0.00209731543624161,0.00209731543624161,0.00209731543624161,0.00209731543624161,"stop","nonsyn","nonsyn",4.2e-06,5.36e-07,1.17e-06,1.17e-06,"0.00222506666666667","0.00557856","1","0.00557856","G","W","*","C","C",1,1,1,0,0,0,0
"2602",2865,4513,4513,"t","t","c","c",0.00310214934633282,0.00310214934633282,0,0,0,0,0,0,0.00310214934633282,0.00310214934633282,0.00310214934633282,0.00310214934633282,"nonsyn","nonsyn","nonsyn",1.7e-05,1.07e-06,1.21e-06,1.21e-06,"0.00548007142857142","1","1","1","C","C","R","S","G",1,1,0,1,0,0,0
"2603",2866,4543,4543,"g","g","a","a",0.011666299801893,0.011666299801893,0,0,0,0,0,0,0.011666299801893,0.011666299801893,0.011666299801893,0.011666299801893,"nonsyn","nonsyn","nonsyn",4.2e-06,5.36e-07,1.17e-06,1.17e-06,"0.000360011320754718","1","1","1","C","C","Y","S","F",1,1,1,0,0,0,0
"2604",2867,4569,4569,"c","c","t","t",0.00350186036331801,0.00350186036331801,0.000656598818122127,0.000656598818122127,0.000656598818122127,0,0.000656598818122127,0,0.00415845918144014,0.00415845918144014,0.00415845918144014,0.00415845918144014,"syn","stop","nonsyn",4.58e-06,8.37e-07,4.33e-07,4.33e-07,"0.00130787625","0.000659459","0.001274751","1","C","C","C","*","W",0,1,1,0,0,0,0
"2605",2868,4463,4464,"t","a","c","g",0.00425722608111136,0,0.000672193591754425,0.999327806408246,0.000672193591754425,0,0.00425722608111136,0.995070580327134,0.00492941967286579,0.999327806408246,0.00492831541218638,0.99910394265233,"nonsyn","nonsyn","nonsyn",1.77e-05,1.76e-06,1.7e-06,1.7e-06,"1","1.70114349775785e-06","0.000413414736842105","1.70842152668318e-06","L","M","V","L","L",0,0,0,1,0,0,0
"2606",2869,4519,4519,"t","t","c","c",0.0179243195397212,0.0179243195397212,0.00132772737331268,0.00132772737331268,0.00132772737331268,0,0.00132772737331268,0,0.0192520469130339,0.0192520469130339,0.0192520469130339,0.0192520469130339,"nonsyn","nonsyn","nonsyn",1.7e-05,1.07e-06,1.21e-06,1.21e-06,"0.000948432098765431","0.000911331666666667","0.000805888333333333","1","L","M","T","K","R",1,1,1,1,0,0,0
"2607",2870,4531,4531,"g","g","a","a",0.000662105495475612,0.000662105495475612,0,0,0,0,0,0,0.000662105495475612,0.000662105495475612,0.000662105495475612,0.000662105495475612,"nonsyn","nonsyn","nonsyn",4.2e-06,5.36e-07,1.17e-06,1.17e-06,"0.0063434","1","1","1","L","M","I","I","I",0,0,0,0,0,0,0
"2608",2871,4512,4512,"t","t","c","c",0.00443262411347518,0.00443262411347518,0.000664893617021277,0.000664893617021277,0.000664893617021277,0,0.000664893617021277,0,0.00509751773049645,0.00509751773049645,0.00509751773049645,0.00509751773049645,"nonsyn","nonsyn","nonsyn",1.7e-05,1.07e-06,1.21e-06,1.21e-06,"0.0038352","0.00181984","0.00160928","1","W","W","R","R","G",1,1,1,1,0,0,0
"2609",2872,4527,4527,"g","g","a","a",0.00242986525292688,0.00242986525292688,0.000662690523525514,0.000662690523525514,0,0.000662690523525514,0,0.000662690523525514,0.0030925557764524,0.0030925557764524,0.0030925557764524,0.0030925557764524,"stop","nonsyn","nonsyn",4.2e-06,5.36e-07,1.17e-06,1.17e-06,"0.00172849090909091","0.00176553","1","0.00176553","W","W","*","S","L",1,1,0,0,1,1,0
"2610",2873,4526,4526,"g","g","a","a",0.00265134776844896,0.00265134776844896,0.000220945647370747,0.000220945647370747,0,0.000220945647370747,0,0.000220945647370747,0.00287229341581971,0.00287229341581971,0.00287229341581971,0.00287229341581971,"stop","nonsyn","nonsyn",4.2e-06,5.36e-07,1.17e-06,1.17e-06,"0.0015841","0.00529542","1","0.00529542","W","W","*","C","C",1,1,1,0,0,0,0
"2611",2874,4500,4500,"t","t","c","c",0.004,0.004,0.000666666666666667,0.000666666666666667,0.000444444444444444,0.000222222222222222,0.000444444444444444,0.000222222222222222,0.00466666666666667,0.00466666666666667,0.00466666666666667,0.00466666666666667,"nonsyn","nonsyn","nonsyn",1.7e-05,1.07e-06,1.21e-06,1.21e-06,"0.00425","0.001815","0.0024075","0.00544500000000001","W","W","R","R","G",1,1,1,1,0,0,0
"2612",2875,4484,4487,"g","g","a","a",0.00267618198037467,0.00267618198037467,0.000892060660124889,0.000892060660124889,0,0.000892060660124889,0,0.000892060660124889,0.00356824264049955,0.00356824264049955,0.00356585691999109,0.00356585691999109,"stop","nonsyn","nonsyn",4.2e-06,5.36e-07,1.17e-06,1.17e-06,"0.0015694","0.00131157","1","0.00131157","W","W","*","S","L",1,1,0,0,1,1,0
"2613",2876,4542,4542,"g","g","a","a",0.00352267723469837,0.00352267723469837,0.000220167327168648,0.000220167327168648,0,0.000220167327168648,0,0.000220167327168648,0.00374284456186702,0.00374284456186702,0.00374284456186702,0.00374284456186702,"stop","nonsyn","nonsyn",4.2e-06,5.36e-07,1.17e-06,1.17e-06,"0.001192275","0.00531414","1","0.00531414","W","W","*","C","C",1,1,1,0,0,0,0
"2614",2877,4666,4666,"c","c","t","t",0.00128589798542649,0.00128589798542649,0,0,0,0,0,0,0.00128589798542649,0.00128589798542649,0.00128589798542649,0.00128589798542649,"nonsyn","nonsyn","nonsyn",4.58e-06,8.37e-07,4.33e-07,4.33e-07,"0.00356171333333333","1","1","1","L","L","F","I","V",0,0,0,0,0,0,0
"2615",2878,4657,4657,"t","t","c","c",0.00450934077732446,0.00450934077732446,0.00193257461885334,0.00193257461885334,0.00171784410564741,0.000214730513205927,0.00171784410564741,0.000214730513205927,0.0064419153961778,0.0064419153961778,0.0064419153961778,0.0064419153961778,"nonsyn","nonsyn","nonsyn",1.7e-05,1.07e-06,1.21e-06,1.21e-06,"0.00376995238095238","0.000626107777777778","0.000622873750000001","0.00563496999999999","L","L","P","H","R",1,1,1,0,1,0,1
"2616",2879,4656,4656,"c","t","t","c",0.0289948453608247,0.971005154639175,0,0,0,0,0,0,0.0289948453608247,0.971005154639175,0.0289948453608247,0.971005154639175,"syn","syn","syn",1.7e-05,1.07e-06,1.21e-06,1.21e-06,"1.75076310550763e-05","1","1","1","L","L","L","L","L",0,0,0,0,0,0,0
"2617",2880,4661,4661,"c","c","t","t",0.00193091611242223,0.00193091611242223,0.000643638704140742,0.000643638704140742,0.000429092469427162,0.000214546234713581,0.000429092469427162,0.000214546234713581,0.00257455481656297,0.00257455481656297,0.00257455481656297,0.00257455481656297,"stop","nonsyn","nonsyn",4.58e-06,8.37e-07,4.33e-07,4.33e-07,"0.00237193111111111","0.000672737666666667","0.0019506285","0.002018213","Q","Q","*","K","E",1,1,1,0,0,0,0
"2618",2881,4618,4618,"a","a","g","g",0.00238198354265916,0.00238198354265916,0.00086617583369424,0.00086617583369424,0.00021654395842356,0.00064963187527068,0.00021654395842356,0.00064963187527068,0.0032481593763534,0.0032481593763534,0.0032481593763534,0.0032481593763534,"nonsyn","nonsyn","nonsyn",1.77e-05,1.76e-06,1.7e-06,1.7e-06,"0.00743078181818182","0.00196265","0.00812768","0.00261686666666667","Q","Q","R","P","L",1,1,1,1,1,1,0
"2619",2882,4688,4688,"g","g","a","a",0.00255972696245734,0.00255972696245734,0,0,0,0,0,0,0.00255972696245734,0.00255972696245734,0.00255972696245734,0.00255972696245734,"syn","nonsyn","nonsyn",4.2e-06,5.36e-07,1.17e-06,1.17e-06,"0.0016408","1","1","1","Q","Q","Q","H","H",0,1,1,0,0,0,0
"2620",2883,4665,4665,"t","t","c","c",0.0015005359056806,0.0015005359056806,0.000428724544480171,0.000428724544480171,0.000214362272240086,0.000214362272240086,0.000214362272240086,0.000214362272240086,0.00192926045016077,0.00192926045016077,0.00192926045016077,0.00192926045016077,"nonsyn","nonsyn","nonsyn",1.7e-05,1.07e-06,1.21e-06,1.21e-06,"0.0113292857142857","0.002822325","0.00499154999999999","0.00564464999999999","Y","Y","H","N","D",1,1,1,0,0,0,0
"2621",2884,4680,4680,"a","a","g","g",0.00128205128205128,0.00128205128205128,0,0,0,0,0,0,0.00128205128205128,0.00128205128205128,0.00128205128205128,0.00128205128205128,"nonsyn","nonsyn","nonsyn",1.77e-05,1.76e-06,1.7e-06,1.7e-06,"0.013806","1","1","1","Y","Y","C","S","F",1,1,0,0,0,0,0
"2622",2885,4508,4510,"t","t","c","c",0.0212954747116238,0.0212954747116238,0.000665483584738243,0.000665483584738243,0,0.000665483584738243,0,0.000665483584738243,0.021960958296362,0.021960958296362,0.0219512195121951,0.0219512195121951,"syn","stop","stop",1.7e-05,1.07e-06,1.21e-06,1.21e-06,"0.000798291666666666","0.00181822666666667","1","0.00181822666666667","Y","Y","Y","*","*",0,1,1,0,0,0,0
"2623",2886,4570,4570,"t","t","c","c",0.00131291028446389,0.00131291028446389,0.000437636761487965,0.000437636761487965,0.000218818380743983,0.000218818380743983,0.000218818380743983,0.000218818380743983,0.00175054704595186,0.00175054704595186,0.00175054704595186,0.00175054704595186,"nonsyn","nonsyn","nonsyn",1.7e-05,1.07e-06,1.21e-06,1.21e-06,"0.0129483333333334","0.00276485","0.00488989999999999","0.00552969999999999","F","F","L","I","V",0,0,0,0,0,0,0
"2624",2887,4642,4642,"t","t","c","c",0.0040930633347695,0.0040930633347695,0.000646273158121499,0.000646273158121499,0.000646273158121499,0,0.000646273158121499,0,0.004739336492891,0.004739336492891,0.004739336492891,0.004739336492891,"nonsyn","nonsyn","nonsyn",1.7e-05,1.07e-06,1.21e-06,1.21e-06,"0.00415336842105263","0.00187227333333333","0.00165564666666667","1","F","F","S","Y","C",1,0,1,0,0,0,0
"2625",2888,4638,4638,"t","t","c","c",0.0370849504096593,0.0370849504096593,0.00086244070720138,0.00086244070720138,0.000646830530401035,0.000215610176800345,0.000646830530401035,0.000215610176800345,0.0379473911168607,0.0379473911168607,0.0379473911168607,0.0379473911168607,"syn","nonsyn","nonsyn",1.7e-05,1.07e-06,1.21e-06,1.21e-06,"0.000458406976744187","0.001402995","0.00165422","0.00561198","F","F","F","L","L",0,0,0,0,0,0,0
"2626",2889,4692,4692,"c","c","t","t",0.000639386189258312,0.000639386189258312,0,0,0,0,0,0,0.000639386189258312,0.000639386189258312,0.000639386189258312,0.000639386189258312,"syn","nonsyn","nonsyn",4.58e-06,8.37e-07,4.33e-07,4.33e-07,"0.00716312","1","1","1","L","L","L","M","V",0,0,0,0,0,0,0
"2627",2890,4644,4644,"t","t","c","c",0.0053832902670112,0.0053832902670112,0.000861326442721792,0.000861326442721792,0.000645994832041344,0.000215331610680448,0.000645994832041344,0.000215331610680448,0.00624461670973299,0.00624461670973299,0.00624461670973299,0.00624461670973299,"nonsyn","nonsyn","nonsyn",1.7e-05,1.07e-06,1.21e-06,1.21e-06,"0.00315792","0.00140481","0.00165636","0.00561924","L","L","P","Q","R",1,1,1,1,1,0,1
"2628",2891,4665,4665,"g","g","a","a",0.00128617363344051,0.00128617363344051,0.00128617363344051,0.00128617363344051,0,0.00128617363344051,0,0.00128617363344051,0.00257234726688103,0.00257234726688103,0.00257234726688103,0.00257234726688103,"syn","syn","syn",4.2e-06,5.36e-07,1.17e-06,1.17e-06,"0.00326550000000001","0.000909675000000003","1","0.000909675000000003","L","L","L","L","L",0,0,0,0,0,0,0
"2629",2892,4644,4644,"a","a","g","g",0.0053832902670112,0.0053832902670112,0.000215331610680448,0.000215331610680448,0,0.000215331610680448,0,0.000215331610680448,0.00559862187769164,0.00559862187769164,0.00559862187769164,0.00559862187769164,"nonsyn","nonsyn","nonsyn",1.77e-05,1.76e-06,1.7e-06,1.7e-06,"0.003287952","0.0078948","1","0.0078948","T","T","A","P","S",1,1,0,0,0,0,0
"2630",2893,4663,4664,"c","c","t","t",0.000643362642075917,0.000643362642075917,0.000857816856101222,0.000857816856101222,0.000643362642075917,0.000214454214025306,0.000643362642075917,0.000214454214025306,0.00150117949817714,0.00150117949817714,0.0015008576329331,0.0015008576329331,"nonsyn","nonsyn","nonsyn",4.58e-06,8.37e-07,4.33e-07,4.33e-07,"0.00711884666666666","0.00050476975","0.001300977","0.002019079","T","T","I","N","S",1,0,0,0,0,0,0
"2631",2894,4673,4673,"c","c","t","t",0.00128397175262144,0.00128397175262144,0,0,0,0,0,0,0.00128397175262144,0.00128397175262144,0.00128397175262144,0.00128397175262144,"syn","syn","syn",4.58e-06,8.37e-07,4.33e-07,4.33e-07,"0.00356705666666667","1","1","1","T","T","T","T","T",0,0,0,0,1,0,1
"2632",2895,4633,4633,"a","a","g","g",0.00323764299589899,0.00323764299589899,0.000215842866393266,0.000215842866393266,0.000215842866393266,0,0.000215842866393266,0,0.00345348586229225,0.00345348586229225,0.00345348586229225,0.00345348586229225,"nonsyn","syn","stop",1.77e-05,1.76e-06,1.7e-06,1.7e-06,"0.00546693999999999","0.00787609999999999","0.00815407999999999","1","R","R","G","R","*",1,0,1,1,1,1,0
"2633",2896,4652,4652,"g","g","a","a",0.00150472914875322,0.00150472914875322,0.000214961306964746,0.000214961306964746,0,0.000214961306964746,0,0.000214961306964746,0.00171969045571797,0.00171969045571797,0.00171969045571797,0.00171969045571797,"nonsyn","nonsyn","nonsyn",4.2e-06,5.36e-07,1.17e-06,1.17e-06,"0.00279120000000001","0.00544284000000001","1","0.00544284000000001","R","R","K","T","I",0,1,1,0,0,0,0
"2634",2897,4634,4634,"a","a","g","g",0.00410012947777298,0.00410012947777298,0.000863185153215365,0.000863185153215365,0,0.000863185153215365,0,0.000863185153215365,0.00496331463098835,0.00496331463098835,0.00496331463098835,0.00496331463098835,"syn","nonsyn","nonsyn",1.77e-05,1.76e-06,1.7e-06,1.7e-06,"0.00431693684210527","0.00196945","1","0.00196945","R","R","R","S","S",0,1,1,0,1,1,0
"2635",2898,4618,4618,"g","g","a","a",0.00086617583369424,0.00086617583369424,0.00021654395842356,0.00021654395842356,0,0.00021654395842356,0,0.00021654395842356,0.0010827197921178,0.0010827197921178,0.0010827197921178,0.0010827197921178,"nonsyn","nonsyn","nonsyn",4.2e-06,5.36e-07,1.17e-06,1.17e-06,"0.0048489","0.00540306","1","0.00540306","G","V","I","L","L",0,0,0,0,0,0,0
"2636",2899,4619,4619,"g","t","a","c",0.00129898246373674,0,0,1,0,0,0.00129898246373674,0.998701017536263,0.00129898246373674,1,0.00129898246373674,1,"nonsyn","nonsyn","nonsyn",1.7e-05,1.07e-06,1.21e-06,1.21e-06,"1","1.21e-06","0.000823721666666666","1.21157381313679e-06","G","V","A","E","G",0,1,1,0,0,0,0
"2637",2900,4481,4481,"a","a","g","g",0.00468645391653649,0.00468645391653649,0,0,0,0,0,0,0.00468645391653649,0.00468645391653649,0.00468645391653649,0.00468645391653649,"syn","syn","syn",1.77e-05,1.76e-06,1.7e-06,1.7e-06,"0.00377684285714285","1","1","1","G","V","V","V","V",0,0,0,0,1,1,0
"2638",2901,4278,4278,"g","g","a","a",0.000233754090696587,0.000233754090696587,0.000233754090696587,0.000233754090696587,0,0.000233754090696587,0,0.000233754090696587,0.000467508181393174,0.000467508181393174,0.000467508181393174,0.000467508181393174,"nonsyn","nonsyn","stop",4.2e-06,5.36e-07,1.17e-06,1.17e-06,"0.0179676","0.00500526","1","0.00500526","E","E","K","Q","*",1,1,1,0,0,0,0
"2639",2902,4279,4279,"a","a","g","g",0.00560878709978967,0.00560878709978967,0.000701098387473709,0.000701098387473709,0,0.000701098387473709,0,0.000701098387473709,0.00630988548726338,0.00630988548726338,0.00630988548726338,0.00630988548726338,"nonsyn","nonsyn","nonsyn",1.77e-05,1.76e-06,1.7e-06,1.7e-06,"0.0031557625","0.00242476666666667","1","0.00242476666666667","E","E","G","A","V",1,1,1,0,0,0,0
"2640",2903,4420,4420,"a","a","g","g",0.00452488687782805,0.00452488687782805,0.000452488687782805,0.000452488687782805,0,0.000452488687782805,0,0.000452488687782805,0.00497737556561086,0.00497737556561086,0.00497737556561086,0.00497737556561086,"syn","nonsyn","nonsyn",1.77e-05,1.76e-06,1.7e-06,1.7e-06,"0.0039117","0.003757","1","0.003757","E","E","E","D","D",0,0,0,0,1,1,0
"2641",2904,4388,4388,"g","g","a","a",0.000455788514129444,0.000455788514129444,0,0,0,0,0,0,0.000455788514129444,0.000455788514129444,0.000455788514129444,0.000455788514129444,"nonsyn","nonsyn","nonsyn",4.2e-06,5.36e-07,1.17e-06,1.17e-06,"0.0092148","1","1","1","A","A","T","P","S",1,1,1,0,0,0,0
"2642",2905,4390,4390,"c","c","t","t",0.0020501138952164,0.0020501138952164,0.000455580865603645,0.000455580865603645,0.000455580865603645,0,0.000455580865603645,0,0.00250569476082005,0.00250569476082005,0.00250569476082005,0.00250569476082005,"nonsyn","nonsyn","nonsyn",4.58e-06,8.37e-07,4.33e-07,4.33e-07,"0.00223402222222222","0.000950434999999999","0.001837215","1","A","A","V","E","G",0,1,1,0,0,0,0
"2643",2906,4397,4398,"g","g","a","a",0.00363884466681829,0.00363884466681829,0.0275187627928133,0.0275187627928133,0,0.0275187627928133,0,0.0275187627928133,0.0311576074596316,0.0311576074596316,0.0311505229649841,0.0311505229649841,"syn","syn","syn",4.2e-06,5.36e-07,1.17e-06,1.17e-06,"0.0011542125","4.25164462809917e-05","1","4.25164462809917e-05","A","A","A","A","A",0,0,0,0,0,0,0
"2644",2907,4442,4442,"c","c","t","t",0.00135074290859973,0.00135074290859973,0.000225123818099955,0.000225123818099955,0,0.000225123818099955,0,0.000225123818099955,0.00157586672669968,0.00157586672669968,0.00157586672669968,0.00157586672669968,"stop","nonsyn","nonsyn",4.58e-06,8.37e-07,4.33e-07,4.33e-07,"0.00339072666666667","0.001923386","1","0.001923386","L","Q","*","K","E",1,1,1,0,0,0,0
"2645",2908,4485,4486,"t","a","c","g",0.00312151616499443,0.000222965440356745,0.000891861761426979,0.999108138238573,0.000668896321070234,0.000222965440356745,0.00312151616499443,0.995986622073579,0.0040133779264214,0.99933110367893,0.00401248328131966,0.999108337048596,"nonsyn","nonsyn","nonsyn",1.77e-05,1.76e-06,1.7e-06,1.7e-06,"0.0793844999999999","1.70151751841107e-06","0.000563828571428571","1.70685023505708e-06","L","Q","R","P","L",1,1,1,1,0,0,0
"2646",2909,4479,4479,"a","a","g","g",0.0037954900647466,0.0037954900647466,0.000446528242911364,0.000446528242911364,0.000223264121455682,0.000223264121455682,0.000223264121455682,0.000223264121455682,0.00424201830765796,0.00424201830765796,0.00424201830765796,0.00424201830765796,"syn","nonsyn","nonsyn",1.77e-05,1.76e-06,1.7e-06,1.7e-06,"0.0046634294117647","0.00380715","0.00788304","0.0076143","L","Q","Q","H","H",0,1,1,0,0,0,0
"2647",2910,4533,4533,"c","c","t","t",0.00110302228105008,0.00110302228105008,0.000220604456210015,0.000220604456210015,0.000220604456210015,0,0.000220604456210015,0,0.00132362673726009,0.00132362673726009,0.00132362673726009,0.00132362673726009,"syn","nonsyn","nonsyn",4.58e-06,8.37e-07,4.33e-07,4.33e-07,"0.00415222799999999","0.001962789","0.00379412100000001","1","L","L","L","M","V",0,0,0,0,0,0,0
"2648",2911,4411,4411,"t","t","c","c",0.00249376558603491,0.00249376558603491,0.00158694173656767,0.00158694173656767,0.00113352981183405,0.00045341192473362,0.00113352981183405,0.00045341192473362,0.00408070732260258,0.00408070732260258,0.00408070732260258,0.00408070732260258,"nonsyn","nonsyn","nonsyn",1.7e-05,1.07e-06,1.21e-06,1.21e-06,"0.00681700000000001","0.000762472857142858","0.000943954000000001","0.002668655","L","L","P","Q","R",1,1,1,1,1,0,1
"2649",2912,4432,4432,"g","g","a","a",0.00248194945848375,0.00248194945848375,0.000676895306859206,0.000676895306859206,0.000451263537906137,0.000225631768953069,0.000451263537906137,0.000225631768953069,0.00315884476534296,0.00315884476534296,0.00315884476534296,0.00315884476534296,"syn","syn","syn",4.2e-06,5.36e-07,1.17e-06,1.17e-06,"0.00169221818181818","0.00172848","0.001187776","0.00518543999999999","L","L","L","L","L",0,0,0,0,0,0,0
"2650",2913,4423,4423,"c","c","t","t",0.00452181777074384,0.00452181777074384,0.000226090888537192,0.000226090888537192,0,0.000226090888537192,0,0.000226090888537192,0.00474790865928103,0.00474790865928103,0.00474790865928103,0.00474790865928103,"nonsyn","nonsyn","nonsyn",4.58e-06,8.37e-07,4.33e-07,4.33e-07,"0.001012867","0.001915159","1","0.001915159","H","H","Y","N","D",1,1,1,0,0,0,0
"2651",2914,4417,4417,"a","a","g","g",0.00384876613085805,0.00384876613085805,0.00135838804618519,0.00135838804618519,0,0.00135838804618519,0,0.00135838804618519,0.00520715417704324,0.00520715417704324,0.00520715417704324,0.00520715417704324,"nonsyn","nonsyn","nonsyn",1.77e-05,1.76e-06,1.7e-06,1.7e-06,"0.00459887647058823","0.00125148333333334","1","0.00125148333333334","H","H","R","P","L",0,1,1,1,0,0,0
"2652",2915,4428,4428,"c","c","t","t",0.00293586269196025,0.00293586269196025,0,0,0,0,0,0,0.00293586269196025,0.00293586269196025,0.00293586269196025,0.00293586269196025,"syn","nonsyn","nonsyn",4.58e-06,8.37e-07,4.33e-07,4.33e-07,"0.00156001846153846","1","1","1","H","H","H","Q","Q",0,1,1,0,0,0,0
"2653",2916,4421,4421,"g","g","a","a",0.00135715901379778,0.00135715901379778,0,0,0,0,0,0,0.00135715901379778,0.00135715901379778,0.00135715901379778,0.00135715901379778,"nonsyn","nonsyn","nonsyn",4.2e-06,5.36e-07,1.17e-06,1.17e-06,"0.00309470000000001","1","1","1","E","V","M","L","L",0,0,0,0,0,0,0
"2654",2917,4376,4376,"a","t","g","c",0.00182815356489945,0,0.000457038391224863,0.999542961608775,0,0.000457038391224863,0.997714808043876,0.00182815356489945,0.00228519195612431,0.999542961608775,0.00228519195612431,0.999542961608775,"nonsyn","nonsyn","nonsyn",1.7e-05,1.07e-06,1.21e-06,1.21e-06,"1","1.2105532693187e-06","1.07245075584059e-06","0.000661870000000001","E","V","A","E","G",0,1,1,1,0,0,0
"2655",2918,4210,4210,"g","g","a","a",0.00190023752969121,0.00190023752969121,0.000475059382422803,0.000475059382422803,0.000475059382422803,0,0.000475059382422803,0,0.00237529691211401,0.00237529691211401,0.00237529691211401,0.00237529691211401,"syn","syn","syn",4.2e-06,5.36e-07,1.17e-06,1.17e-06,"0.00221025","0.00246285","0.00112828","1","E","V","V","V","V",0,0,0,0,0,0,0
"2656",2919,4210,4210,"t","t","c","c",0.00997624703087886,0.00997624703087886,0.00166270783847981,0.00166270783847981,0.00118764845605701,0.000475059382422803,0.00118764845605701,0.000475059382422803,0.0116389548693587,0.0116389548693587,0.0116389548693587,0.0116389548693587,"nonsyn","nonsyn","nonsyn",1.7e-05,1.07e-06,1.21e-06,1.21e-06,"0.00170404761904762","0.000727728571428572","0.000900939999999998","0.00254705","W","W","R","R","G",1,1,1,1,0,0,0
"2657",2920,4139,4141,"g","g","a","a",0.00169122976564388,0.00169122976564388,0.000483208504469679,0.000483208504469679,0,0.000483208504469679,0,0.000483208504469679,0.00217443827011355,0.00217443827011355,0.00217338807051437,0.00217338807051437,"stop","nonsyn","nonsyn",4.2e-06,5.36e-07,1.17e-06,1.17e-06,"0.00248339999999999","0.002421315","1","0.002421315","W","W","*","S","L",1,1,0,0,1,1,0
"2658",2921,4153,4153,"g","g","a","a",0.00192631832410306,0.00192631832410306,0.000240789790512882,0.000240789790512882,0,0.000240789790512882,0,0.000240789790512882,0.00216710811461594,0.00216710811461594,0.00216710811461594,0.00216710811461594,"stop","nonsyn","nonsyn",4.2e-06,5.36e-07,1.17e-06,1.17e-06,"0.002180325","0.00485901","1","0.00485901","W","W","*","C","C",1,1,1,0,1,1,0
"2659",2922,4193,4193,"g","g","a","a",0.00238492725971858,0.00238492725971858,0.000238492725971858,0.000238492725971858,0,0.000238492725971858,0,0.000238492725971858,0.00262341998569044,0.00262341998569044,0.00262341998569044,0.00262341998569044,"nonsyn","nonsyn","nonsyn",4.2e-06,5.36e-07,1.17e-06,1.17e-06,"0.00176106","0.00490581","1","0.00490581","V","V","I","L","F",0,0,0,0,0,0,0
"2660",2923,4139,4156,"t","t","c","c",0.00507368929693163,0.00507368929693163,0.000241604252234839,0.000241604252234839,0.000241604252234839,0,0.000241604252234839,0,0.00531529354916647,0.00531529354916647,0.00529355149181906,0.00529355149181906,"nonsyn","nonsyn","nonsyn",1.7e-05,1.07e-06,1.21e-06,1.21e-06,"0.00335061904761905","0.00500819000000001","0.00442873000000001","1","V","V","A","D","G",0,1,1,0,0,0,0
"2661",2924,4148,4169,"t","t","c","c",0.0402603664416586,0.0402603664416586,0.000482160077145612,0.000482160077145612,0,0.000482160077145612,0,0.000482160077145612,0.0407425265188042,0.0407425265188042,0.040537299112497,0.040537299112497,"syn","syn","syn",1.7e-05,1.07e-06,1.21e-06,1.21e-06,"0.000422251497005988","0.00250954","1","0.00250954","V","V","V","V","V",0,0,0,0,0,0,0
"2662",2925,4138,4211,"c","c","t","t",0.00241662638956017,0.00241662638956017,0.000241662638956017,0.000241662638956017,0.000241662638956017,0,0.000241662638956017,0,0.00265828902851619,0.00265828902851619,0.00261220612681073,0.00261220612681073,"nonsyn","nonsyn","nonsyn",4.58e-06,8.37e-07,4.33e-07,4.33e-07,"0.001895204","0.001791754","0.00346350600000001","1","P","P","S","T","A",1,1,1,0,0,0,0
"2663",2926,4233,4233,"c","c","t","t",0.00023623907394283,0.00023623907394283,0.00047247814788566,0.00047247814788566,0.00047247814788566,0,0.00047247814788566,0,0.00070871722182849,0.00070871722182849,0.00070871722182849,0.00070871722182849,"nonsyn","nonsyn","nonsyn",4.58e-06,8.37e-07,4.33e-07,4.33e-07,"0.01938714","0.000916444500000001","0.0017715105","1","P","P","L","H","R",1,1,1,0,1,0,1
"2664",2927,4246,4246,"c","c","t","t",0.00188412623645784,0.00188412623645784,0,0,0,0,0,0,0.00188412623645784,0.00188412623645784,0.00188412623645784,0.00188412623645784,"syn","syn","syn",4.58e-06,8.37e-07,4.33e-07,4.33e-07,"0.002430835","1","1","1","P","P","P","P","P",0,0,0,0,1,0,1
"2665",2928,4244,4244,"c","c","t","t",0.00141376060320452,0.00141376060320452,0.000235626767200754,0.000235626767200754,0.000235626767200754,0,0.000235626767200754,0,0.00164938737040528,0.00164938737040528,0.00164938737040528,0.00164938737040528,"nonsyn","nonsyn","nonsyn",4.58e-06,8.37e-07,4.33e-07,4.33e-07,"0.00323958666666668","0.001837652","0.003552228","1","P","P","S","T","A",1,1,1,0,1,0,1
"2666",2929,4265,4265,"c","c","t","t",0.00234466588511137,0.00234466588511137,0.00117233294255569,0.00117233294255569,0.000468933177022274,0.000703399765533411,0.000468933177022274,0.000703399765533411,0.00351699882766706,0.00351699882766706,0.00351699882766706,0.00351699882766706,"nonsyn","nonsyn","nonsyn",4.58e-06,8.37e-07,4.33e-07,4.33e-07,"0.00195337","0.000369348999999999","0.0017849025","0.000615581666666667","P","P","L","H","R",1,1,1,0,1,0,1
"2667",2930,4281,4281,"c","c","t","t",0.00233590282644242,0.00233590282644242,0.000700770847932726,0.000700770847932726,0.000700770847932726,0,0.000700770847932726,0,0.00303667367437515,0.00303667367437515,0.00303667367437515,0.00303667367437515,"syn","syn","syn",4.58e-06,8.37e-07,4.33e-07,4.33e-07,"0.001960698","0.000617891","0.001194399","1","P","P","P","P","P",0,0,0,0,1,0,1
"2668",2931,4295,4295,"c","c","t","t",0.000931315483119907,0.000931315483119907,0.000232828870779977,0.000232828870779977,0.000232828870779977,0,0.000232828870779977,0,0.00116414435389988,0.00116414435389988,0.00116414435389988,0.00116414435389988,"nonsyn","nonsyn","nonsyn",4.58e-06,8.37e-07,4.33e-07,4.33e-07,"0.004917775","0.001859735","0.003594915","1","L","L","F","I","V",0,0,0,0,1,0,1
"2669",2932,4243,4247,"t","t","c","c",0.00966297431062927,0.00966297431062927,0.000471364600518501,0.000471364600518501,0.000471364600518501,0,0.000471364600518501,0,0.0101343389111478,0.0101343389111478,0.0101247939722157,0.0101247939722157,"nonsyn","nonsyn","nonsyn",1.7e-05,1.07e-06,1.21e-06,1.21e-06,"0.00175929268292683","0.002567015","0.002270005","1","L","L","P","H","R",1,1,1,0,1,0,1
"2670",2933,4232,4232,"g","c","a","t",0.00189035916824197,0,0,1,0,0,0.00189035916824197,0.998109640831758,0.00189035916824197,1,0.00189035916824197,1,"syn","syn","syn",4.58e-06,8.37e-07,4.33e-07,4.33e-07,"1","4.33e-07","0.000442772999999999","4.33820075757576e-07","L","L","L","L","L",0,0,0,0,0,0,0
"2671",2934,4265,4265,"a","a","g","g",0.00515826494724502,0.00515826494724502,0,0,0,0,0,0,0.00515826494724502,0.00515826494724502,0.00515826494724502,0.00515826494724502,"nonsyn","nonsyn","nonsyn",1.77e-05,1.76e-06,1.7e-06,1.7e-06,"0.00343138636363636","1","1","1","N","N","D","H","Y",1,1,1,1,0,0,0
"2672",2935,4162,4162,"a","a","g","g",0.0581451225372417,0.0581451225372417,0.000240269101393561,0.000240269101393561,0,0.000240269101393561,0,0.000240269101393561,0.0583853916386353,0.0583853916386353,0.0583853916386353,0.0583853916386353,"nonsyn","nonsyn","nonsyn",1.77e-05,1.76e-06,1.7e-06,1.7e-06,"0.000304410743801653","0.00707539999999999","1","0.00707539999999999","N","N","S","T","I",0,0,1,0,0,0,0
"2673",2936,4169,4169,"c","c","t","t",0.000239865675221876,0.000239865675221876,0,0,0,0,0,0,0.000239865675221876,0.000239865675221876,0.000239865675221876,0.000239865675221876,"syn","nonsyn","nonsyn",4.58e-06,8.37e-07,4.33e-07,4.33e-07,"0.01909402","1","1","1","N","N","N","K","K",0,1,1,0,0,0,0
"2674",2937,4155,4155,"g","g","a","a",0.00144404332129964,0.00144404332129964,0,0,0,0,0,0,0.00144404332129964,0.00144404332129964,0.00144404332129964,0.00144404332129964,"nonsyn","nonsyn","nonsyn",4.2e-06,5.36e-07,1.17e-06,1.17e-06,"0.0029085","1","1","1","V","V","I","L","F",0,0,0,0,0,0,0
"2675",2938,4139,4140,"t","t","c","c",0.00531529354916647,0.00531529354916647,0.000724812756704518,0.000724812756704518,0.000724812756704518,0,0.000724812756704518,0,0.00604010630587098,0.00604010630587098,0.00603864734299517,0.00603864734299517,"nonsyn","nonsyn","nonsyn",1.7e-05,1.07e-06,1.21e-06,1.21e-06,"0.00319831818181818","0.00166939666666667","0.00147624333333333","1","V","V","A","D","G",0,1,1,0,0,0,0
"2676",2939,4149,4150,"c","c","t","t",0.00120510966497951,0.00120510966497951,0,0,0,0,0,0,0.00120510966497951,0.00120510966497951,0.00120481927710843,0.00120481927710843,"syn","syn","syn",4.58e-06,8.37e-07,4.33e-07,4.33e-07,"0.00380048400000001","1","1","1","V","V","V","V","V",0,0,0,0,0,0,0
"2677",2940,4197,4333,"c","c","t","t",0.00119132713843221,0.00119132713843221,0.00214438884917798,0.00214438884917798,0.000476530855372885,0.0016678579938051,0.000476530855372885,0.0016678579938051,0.0033357159876102,0.0033357159876102,0.00323101777059774,0.00323101777059774,"nonsyn","syn","nonsyn",4.58e-06,8.37e-07,4.33e-07,4.33e-07,"0.00384445200000001","0.000201922333333334","0.0017564445","0.000259614428571428","R","R","W","R","G",1,0,1,0,1,0,1
"2678",2941,3998,4229,"g","g","a","a",0.00125062531265633,0.00125062531265633,0.00350175087543772,0.00350175087543772,0.00250125062531266,0.00100050025012506,0.00250125062531266,0.00100050025012506,0.00475237618809405,0.00475237618809405,0.00449278789311894,0.00449278789311894,"nonsyn","nonsyn","nonsyn",4.2e-06,5.36e-07,1.17e-06,1.17e-06,"0.00335831999999999","0.000334118571428571","0.0002142928","0.001169415","R","R","Q","P","L",1,1,1,0,1,1,0
"2679",2942,4236,4242,"g","g","a","a",0.00118035882908404,0.00118035882908404,0.000472143531633617,0.000472143531633617,0,0.000472143531633617,0,0.000472143531633617,0.00165250236071766,0.00165250236071766,0.00165016501650165,0.00165016501650165,"syn","syn","syn",4.2e-06,5.36e-07,1.17e-06,1.17e-06,"0.00355824","0.00247806","1","0.00247806","R","R","R","R","R",0,0,0,0,1,1,0
"2680",2943,4271,4272,"g","g","a","a",0.00234137204401779,0.00234137204401779,0.000936548817607118,0.000936548817607118,0,0.000936548817607118,0,0.000936548817607118,0.00327792086162491,0.00327792086162491,0.00327715355805243,0.00327715355805243,"nonsyn","nonsyn","nonsyn",4.2e-06,5.36e-07,1.17e-06,1.17e-06,"0.00179382","0.0012492675","1","0.0012492675","G","G","R","R","W",1,1,1,0,1,1,0
"2681",2944,4267,4267,"g","g","a","a",0.00117178345441762,0.00117178345441762,0.000234356690883525,0.000234356690883525,0,0.000234356690883525,0,0.000234356690883525,0.00140614014530115,0.00140614014530115,0.00140614014530115,0.00140614014530115,"nonsyn","nonsyn","nonsyn",4.2e-06,5.36e-07,1.17e-06,1.17e-06,"0.00358428000000001","0.00499238999999999","1","0.00499238999999999","G","G","E","A","V",1,1,1,0,1,1,0
"2682",2945,4241,4242,"g","g","a","a",0.00141476066965338,0.00141476066965338,0.000707380334826692,0.000707380334826692,0.000235793444942231,0.000471586889884461,0.000235793444942231,0.000471586889884461,0.00212214100448008,0.00212214100448008,0.00212164073550212,0.00212164073550212,"syn","syn","syn",4.2e-06,5.36e-07,1.17e-06,1.17e-06,"0.00296870000000001","0.00165399","0.002273176","0.002480985","G","G","G","G","G",0,0,0,0,1,1,0
"2683",2946,4233,4233,"g","g","a","a",0.00141743444365698,0.00141743444365698,0.00023623907394283,0.00023623907394283,0,0.00023623907394283,0,0.00023623907394283,0.00165367351759981,0.00165367351759981,0.00165367351759981,0.00165367351759981,"nonsyn","nonsyn","nonsyn",4.2e-06,5.36e-07,1.17e-06,1.17e-06,"0.0029631","0.00495261","1","0.00495261","G","G","R","R","W",1,1,1,0,1,1,0
"2684",2947,4203,4204,"g","g","a","a",0.00214132762312634,0.00214132762312634,0.000237925291458482,0.000237925291458482,0,0.000237925291458482,0,0.000237925291458482,0.00237925291458482,0.00237925291458482,0.00237868696479543,0.00237868696479543,"nonsyn","nonsyn","nonsyn",4.2e-06,5.36e-07,1.17e-06,1.17e-06,"0.0019614","0.00491751","1","0.00491751","G","G","E","A","V",1,1,1,0,1,1,0
"2685",2948,4221,4222,"g","g","a","a",0.00284292821606254,0.00284292821606254,0.000947642738687515,0.000947642738687515,0.000236910684671879,0.000710732054015636,0.000236910684671879,0.000710732054015636,0.00379057095475006,0.00379057095475006,0.00378967314069162,0.00378967314069162,"syn","syn","syn",4.2e-06,5.36e-07,1.17e-06,1.17e-06,"0.00147735","0.0012346425","0.002262456","0.00164619","G","G","G","G","G",0,0,0,0,0,0,0
"2686",2949,4204,4210,"c","c","t","t",0.00499524262607041,0.00499524262607041,0.00142721217887726,0.00142721217887726,0.00071360608943863,0.00071360608943863,0.00071360608943863,0.00071360608943863,0.00642245480494767,0.00642245480494767,0.00641330166270784,0.00641330166270784,"nonsyn","nonsyn","nonsyn",4.58e-06,8.37e-07,4.33e-07,4.33e-07,"0.000916872380952381","0.000303388666666667","0.001172916","0.000606777333333333","R","R","C","S","G",1,1,1,0,0,0,0
"2687",2950,4265,4265,"g","g","a","a",0.00211019929660023,0.00211019929660023,0.000234466588511137,0.000234466588511137,0,0.000234466588511137,0,0.000234466588511137,0.00234466588511137,0.00234466588511137,0.00234466588511137,0.00234466588511137,"nonsyn","nonsyn","nonsyn",4.2e-06,5.36e-07,1.17e-06,1.17e-06,"0.00199033333333334","0.00499005","1","0.00499005","R","R","H","P","L",0,1,1,0,0,0,0
"2688",2951,4268,4268,"c","c","t","t",0.003514526710403,0.003514526710403,0.000234301780693533,0.000234301780693533,0.000234301780693533,0,0.000234301780693533,0,0.00374882849109653,0.00374882849109653,0.00374882849109653,0.00374882849109653,"syn","syn","syn",4.58e-06,8.37e-07,4.33e-07,4.33e-07,"0.00130316266666667","0.001848044","0.003572316","1","R","R","R","R","R",0,0,0,0,0,0,0
"2689",2952,4268,4268,"g","g","a","a",0.0114807872539831,0.0114807872539831,0.000234301780693533,0.000234301780693533,0,0.000234301780693533,0,0.000234301780693533,0.0117150890346767,0.0117150890346767,0.0117150890346767,0.0117150890346767,"nonsyn","nonsyn","nonsyn",4.2e-06,5.36e-07,1.17e-06,1.17e-06,"0.000365828571428572","0.00499356000000001","1","0.00499356000000001","D","D","N","H","Y",1,1,1,0,0,0,0
"2690",2953,4238,4238,"a","a","g","g",0.00566304860783388,0.00566304860783388,0.000707881075979236,0.000707881075979236,0.000235960358659745,0.00047192071731949,0.000235960358659745,0.00047192071731949,0.00637092968381312,0.00637092968381312,0.00637092968381312,0.00637092968381312,"nonsyn","nonsyn","nonsyn",1.77e-05,1.76e-06,1.7e-06,1.7e-06,"0.003125525","0.00240153333333333","0.00745888000000001","0.0036023","D","D","G","A","V",1,1,1,0,0,0,0
"2691",2954,4259,4259,"c","t","t","c",0.00117398450340456,0.998826015496595,0,0,0,0,0,0,0.00117398450340456,0.998826015496595,0.00117398450340456,0.998826015496595,"syn","nonsyn","nonsyn",1.7e-05,1.07e-06,1.21e-06,1.21e-06,"1.70199811941702e-05","1","1","1","D","D","D","E","E",0,0,0,1,0,0,0
"2692",2955,4289,4289,"g","g","a","a",0.00233154581487526,0.00233154581487526,0.000233154581487526,0.000233154581487526,0,0.000233154581487526,0,0.000233154581487526,0.00256470039636279,0.00256470039636279,0.00256470039636279,0.00256470039636279,"nonsyn","nonsyn","nonsyn",4.2e-06,5.36e-07,1.17e-06,1.17e-06,"0.00180138","0.00501813000000001","1","0.00501813000000001","A","A","T","P","S",1,1,1,0,0,0,0
"2693",2956,4304,4304,"c","c","t","t",0.000929368029739777,0.000929368029739777,0.000232342007434944,0.000232342007434944,0.000232342007434944,0,0.000232342007434944,0,0.00116171003717472,0.00116171003717472,0.00116171003717472,0.00116171003717472,"nonsyn","nonsyn","nonsyn",4.58e-06,8.37e-07,4.33e-07,4.33e-07,"0.00492808","0.001863632","0.003602448","1","A","A","V","D","G",0,1,1,0,0,0,0
"2694",2957,4364,4364,"c","c","t","t",0.0038955087076077,0.0038955087076077,0,0,0,0,0,0,0.0038955087076077,0.0038955087076077,0.0038955087076077,0.0038955087076077,"syn","syn","syn",4.58e-06,8.37e-07,4.33e-07,4.33e-07,"0.00117571294117647","1","1","1","A","A","A","A","A",0,0,0,0,1,0,1
"2695",2958,4422,4422,"g","g","a","a",0.00226142017186793,0.00226142017186793,0,0,0,0,0,0,0.00226142017186793,0.00226142017186793,0.00226142017186793,0.00226142017186793,"nonsyn","nonsyn","nonsyn",4.2e-06,5.36e-07,1.17e-06,1.17e-06,"0.00185724","1","1","1","V","V","I","L","F",0,0,0,0,0,0,0
"2696",2959,4426,4426,"t","t","c","c",0.00406687754179846,0.00406687754179846,0,0,0,0,0,0,0.00406687754179846,0.00406687754179846,0.00406687754179846,0.00406687754179846,"nonsyn","nonsyn","nonsyn",1.7e-05,1.07e-06,1.21e-06,1.21e-06,"0.00418011111111111","1","1","1","V","V","A","D","G",0,1,1,0,0,0,0
"2697",2960,4461,4461,"c","c","t","t",0.00134498991257566,0.00134498991257566,0.000224164985429276,0.000224164985429276,0.000224164985429276,0,0.000224164985429276,0,0.00156915489800493,0.00156915489800493,0.00156915489800493,0.00156915489800493,"syn","syn","syn",4.58e-06,8.37e-07,4.33e-07,4.33e-07,"0.00340522999999999","0.001931613","0.003733857","1","V","V","V","V","V",0,0,0,0,0,0,0
"2698",2961,4499,4499,"a","a","g","g",0.00311180262280507,0.00311180262280507,0,0,0,0,0,0,0.00311180262280507,0.00311180262280507,0.00311180262280507,0.00311180262280507,"nonsyn","nonsyn","nonsyn",1.77e-05,1.76e-06,1.7e-06,1.7e-06,"0.00568802142857142","1","1","1","I","I","V","L","F",0,0,0,1,0,0,0
"2699",2962,4612,4612,"t","t","c","c",0.00542064180398959,0.00542064180398959,0.000867302688638335,0.000867302688638335,0.000433651344319167,0.000433651344319167,0.000433651344319167,0.000433651344319167,0.00628794449262793,0.00628794449262793,0.00628794449262793,0.00628794449262793,"nonsyn","nonsyn","nonsyn",1.7e-05,1.07e-06,1.21e-06,1.21e-06,"0.00313616","0.00139513","0.00246742","0.00279026","I","I","T","N","S",1,1,1,0,0,0,0
"2700",2963,4651,4651,"c","c","t","t",0.000645022575790153,0.000645022575790153,0,0,0,0,0,0,0.000645022575790153,0.000645022575790153,0.000645022575790153,0.000645022575790153,"syn","syn","nonsyn",4.58e-06,8.37e-07,4.33e-07,4.33e-07,"0.00710052666666666","1","1","1","I","I","I","I","M",0,0,0,0,0,0,0
"2701",2964,4654,4654,"t","t","c","c",0.00580146110872368,0.00580146110872368,0.000214868929952729,0.000214868929952729,0.000214868929952729,0,0.000214868929952729,0,0.00601633003867641,0.00601633003867641,0.00601633003867641,0.00601633003867641,"syn","nonsyn","nonsyn",1.7e-05,1.07e-06,1.21e-06,1.21e-06,"0.0029302962962963","0.00563134","0.00497978","1","L","L","L","I","V",0,0,0,0,1,0,1
"2702",2965,4610,4610,"t","t","c","c",0.000867678958785249,0.000867678958785249,0.000216919739696312,0.000216919739696312,0.000216919739696312,0,0.000216919739696312,0,0.00108459869848156,0.00108459869848156,0.00108459869848156,0.00108459869848156,"nonsyn","stop","stop",1.7e-05,1.07e-06,1.21e-06,1.21e-06,"0.0195925","0.00557810000000001","0.00493270000000001","1","L","L","S","*","*",1,1,1,0,0,0,0
"2703",2966,4674,4674,"a","a","g","g",0.00192554557124519,0.00192554557124519,0,0,0,0,0,0,0.00192554557124519,0.00192554557124519,0.00192554557124519,0.00192554557124519,"syn","nonsyn","nonsyn",1.77e-05,1.76e-06,1.7e-06,1.7e-06,"0.00919219999999998","1","1","1","L","L","L","F","F",0,0,0,0,0,0,0
"2704",2967,4687,4687,"c","c","t","t",0.00128013654789844,0.00128013654789844,0,0,0,0,0,0,0.00128013654789844,0.00128013654789844,0.00128013654789844,0.00128013654789844,"nonsyn","nonsyn","nonsyn",4.58e-06,8.37e-07,4.33e-07,4.33e-07,"0.00357774333333334","1","1","1","L","L","F","I","V",0,0,0,0,0,0,0
"2705",2968,4667,4667,"t","t","c","c",0.00642811227769445,0.00642811227769445,0.000642811227769445,0.000642811227769445,0.000428540818512963,0.000214270409256482,0.000428540818512963,0.000214270409256482,0.0070709235054639,0.0070709235054639,0.0070709235054639,0.0070709235054639,"nonsyn","nonsyn","nonsyn",1.7e-05,1.07e-06,1.21e-06,1.21e-06,"0.00264463333333333","0.00188235666666667","0.002496845","0.00564706999999999","L","L","P","H","R",1,1,1,0,1,0,1
"2706",2969,4688,4688,"c","c","t","t",0.00341296928327645,0.00341296928327645,0.000213310580204778,0.000213310580204778,0.000213310580204778,0,0.000213310580204778,0,0.00362627986348123,0.00362627986348123,0.00362627986348123,0.00362627986348123,"syn","syn","syn",4.58e-06,8.37e-07,4.33e-07,4.33e-07,"0.00134194","0.002029904","0.003923856","1","L","L","L","L","L",0,0,0,0,0,0,0
"2707",2970,4659,4659,"a","a","g","g",0.00279029834728483,0.00279029834728483,0.000214638334406525,0.000214638334406525,0,0.000214638334406525,0,0.000214638334406525,0.00300493668169135,0.00300493668169135,0.00300493668169135,0.00300493668169135,"nonsyn","nonsyn","nonsyn",1.77e-05,1.76e-06,1.7e-06,1.7e-06,"0.00634340769230768","0.0079203","1","0.0079203","T","M","V","L","L",0,0,0,1,0,0,0
"2708",2971,4741,4741,"c","t","t","c",0,1,0,0,0,0,0,0,0,1,0,1,"nonsyn","nonsyn","nonsyn",1.7e-05,1.07e-06,1.21e-06,1.21e-06,"1.7e-05","1","1","1","T","M","T","K","R",1,1,1,1,0,0,0
"2709",2972,4508,4508,"t","g","c","a",0.0046583850931677,0.00133096716947649,0.00199645075421473,0.998003549245785,0.00133096716947649,0.000665483584738243,0.0046583850931677,0.993345164152618,0.00665483584738243,0.999334516415262,0.00665483584738243,0.999334516415262,"nonsyn","nonsyn","nonsyn",4.2e-06,5.36e-07,1.17e-06,1.17e-06,"0.00315559999999999","1.17234052011558e-06","0.000115061333333333","1.17783832067887e-06","T","M","I","I","I",0,0,0,0,0,0,0
"2710",2973,4517,4517,"t","t","c","c",0.00597741864069072,0.00597741864069072,0.000885543502324552,0.000885543502324552,0.000664157626743414,0.000221385875581138,0.000664157626743414,0.000221385875581138,0.00686296214301528,0.00686296214301528,0.00686296214301528,0.00686296214301528,"nonsyn","nonsyn","nonsyn",1.7e-05,1.07e-06,1.21e-06,1.21e-06,"0.00284403703703704","0.0013663925","0.00161106333333333","0.00546557","C","C","R","S","G",1,1,0,1,0,0,0
"2711",2974,4621,4621,"g","g","a","a",0.000649210127677992,0.000649210127677992,0,0,0,0,0,0,0.000649210127677992,0.000649210127677992,0.000649210127677992,0.000649210127677992,"nonsyn","nonsyn","nonsyn",4.2e-06,5.36e-07,1.17e-06,1.17e-06,"0.0064694","1","1","1","C","C","Y","S","F",1,1,1,0,0,0,0
"2712",2975,4617,4617,"t","t","c","c",0.00346545375785142,0.00346545375785142,0.000216590859865714,0.000216590859865714,0.000216590859865714,0,0.000216590859865714,0,0.00368204461771713,0.00368204461771713,0.00368204461771713,0.00368204461771713,"syn","stop","nonsyn",1.7e-05,1.07e-06,1.21e-06,1.21e-06,"0.0049055625","0.00558656999999999","0.00494018999999999","1","C","C","C","*","W",0,1,1,1,0,0,0
"2713",2976,4734,4734,"g","g","a","a",0.00105618926911703,0.00105618926911703,0.000211237853823405,0.000211237853823405,0,0.000211237853823405,0,0.000211237853823405,0.00126742712294043,0.00126742712294043,0.00126742712294043,0.00126742712294043,"nonsyn","nonsyn","nonsyn",4.2e-06,5.36e-07,1.17e-06,1.17e-06,"0.00397655999999998","0.00553878","1","0.00553878","V","V","I","L","L",0,0,0,0,0,0,0
"2714",2977,4748,4748,"t","t","c","c",0.004212299915754,0.004212299915754,0.0002106149957877,0.0002106149957877,0,0.0002106149957877,0,0.0002106149957877,0.0044229149115417,0.0044229149115417,0.0044229149115417,0.0044229149115417,"nonsyn","nonsyn","nonsyn",1.7e-05,1.07e-06,1.21e-06,1.21e-06,"0.0040358","0.00574508","1","0.00574508","V","V","A","E","G",0,1,1,0,0,0,0
"2715",2978,4749,4749,"t","a","c","g",0.00421141292903769,0.000210570646451885,0.000421141292903769,0.999578858707096,0.000210570646451885,0.000210570646451885,0.00421141292903769,0.995367445778059,0.00463255422194146,0.999789429353548,0.00463255422194146,0.999789429353548,"syn","syn","syn",1.77e-05,1.76e-06,1.7e-06,1.7e-06,"0.0840572999999998","1.70071624183695e-06","0.000417912","1.70791199492278e-06","V","V","V","V","V",0,0,0,0,1,1,0
"2716",2979,4770,4770,"g","g","a","a",0.00733752620545073,0.00733752620545073,0,0,0,0,0,0,0.00733752620545073,0.00733752620545073,0.00733752620545073,0.00733752620545073,"nonsyn","nonsyn","nonsyn",4.2e-06,5.36e-07,1.17e-06,1.17e-06,"0.0005724","1","1","1","V","V","I","L","L",0,0,0,0,0,0,0
"2717",2980,4841,4841,"t","t","c","c",0.00413137781450114,0.00413137781450114,0.00123941334435034,0.00123941334435034,0.000826275562900227,0.000413137781450114,0.000826275562900227,0.000413137781450114,0.00537079115885148,0.00537079115885148,0.00537079115885148,0.00537079115885148,"nonsyn","nonsyn","nonsyn",1.7e-05,1.07e-06,1.21e-06,1.21e-06,"0.00411485","0.000976268333333334","0.0012949675","0.002928805","V","V","A","E","G",0,1,1,0,0,0,0
"2718",2981,4765,4765,"a","a","g","g",0.00524658971668416,0.00524658971668416,0.0012591815320042,0.0012591815320042,0.00104931794333683,0.000209863588667366,0.00104931794333683,0.000209863588667366,0.00650577124868835,0.00650577124868835,0.00650577124868835,0.00650577124868835,"syn","syn","syn",1.77e-05,1.76e-06,1.7e-06,1.7e-06,"0.00337362","0.00135008333333333","0.00167728","0.00810050000000001","V","V","V","V","V",0,0,0,0,0,0,0
"2719",2982,4782,4782,"c","c","t","t",0.00125470514429109,0.00125470514429109,0,0,0,0,0,0,0.00125470514429109,0.00125470514429109,0.00125470514429109,0.00125470514429109,"nonsyn","nonsyn","nonsyn",4.58e-06,8.37e-07,4.33e-07,4.33e-07,"0.00365026","1","1","1","H","H","Y","N","D",1,1,1,0,0,0,0
"2720",2983,4664,4664,"a","a","g","g",0.00471698113207547,0.00471698113207547,0.000428816466552316,0.000428816466552316,0.000428816466552316,0,0.000428816466552316,0,0.00514579759862779,0.00514579759862779,0.00514579759862779,0.00514579759862779,"nonsyn","nonsyn","nonsyn",1.77e-05,1.76e-06,1.7e-06,1.7e-06,"0.0037524","0.0039644","0.00410432","1","H","H","R","P","L",0,1,1,1,0,0,0
"2721",2984,4754,4755,"c","c","t","t",0.0283971392511569,0.0283971392511569,0.000210349179638199,0.000210349179638199,0.000210349179638199,0,0.000210349179638199,0,0.0286074884307951,0.0286074884307951,0.0286014721345952,0.0286014721345952,"syn","nonsyn","nonsyn",4.58e-06,8.37e-07,4.33e-07,4.33e-07,"0.000161283851851852","0.002058482","0.00397909800000001","1","H","H","H","Q","Q",0,1,1,0,0,0,0
"2722",2985,4750,4750,"c","c","t","t",0.00147368421052632,0.00147368421052632,0.000631578947368421,0.000631578947368421,0.000421052631578947,0.000210526315789474,0.000421052631578947,0.000210526315789474,0.00210526315789474,0.00210526315789474,0.00210526315789474,0.00210526315789474,"nonsyn","nonsyn","nonsyn",4.58e-06,8.37e-07,4.33e-07,4.33e-07,"0.00310785714285713","0.000685583333333334","0.001987875","0.00205675","P","P","S","T","A",1,1,1,0,1,0,1
"2723",2986,4778,4778,"c","c","t","t",0.00313938886563416,0.00313938886563416,0.00125575554625366,0.00125575554625366,0.00104646295521139,0.000209292591042277,0.00104646295521139,0.000209292591042277,0.00439514441188782,0.00439514441188782,0.00439514441188782,0.00439514441188782,"nonsyn","nonsyn","nonsyn",4.58e-06,8.37e-07,4.33e-07,4.33e-07,"0.00145888266666667","0.000344812333333334","0.000799837199999997","0.002068874","P","P","L","Q","R",1,1,1,0,1,0,1
"2724",2987,4789,4789,"g","g","a","a",0.00187930674462309,0.00187930674462309,0.000417623721027354,0.000417623721027354,0.000208811860513677,0.000208811860513677,0.000208811860513677,0.000208811860513677,0.00229693046565045,0.00229693046565045,0.00229693046565045,0.00229693046565045,"syn","syn","syn",4.2e-06,5.36e-07,1.17e-06,1.17e-06,"0.00223486666666667","0.002801565","0.002566904","0.00560313","P","P","P","P","P",0,0,0,0,0,0,0
"2725",2988,4790,4790,"a","a","g","g",0.0417536534446764,0.0417536534446764,0.000417536534446764,0.000417536534446764,0.000208768267223382,0.000208768267223382,0.000208768267223382,0.000208768267223382,0.0421711899791232,0.0421711899791232,0.0421711899791232,0.0421711899791232,"nonsyn","nonsyn","nonsyn",1.77e-05,1.76e-06,1.7e-06,1.7e-06,"0.000423915","0.0040715","0.0084304","0.008143","T","T","A","P","S",1,1,0,0,0,0,0
"2726",2989,4860,4860,"c","c","t","t",0.000617283950617284,0.000617283950617284,0,0,0,0,0,0,0.000617283950617284,0.000617283950617284,0.000617283950617284,0.000617283950617284,"nonsyn","nonsyn","nonsyn",4.58e-06,8.37e-07,4.33e-07,4.33e-07,"0.0074196","1","1","1","T","T","I","N","S",1,0,0,0,0,0,0
"2727",2990,4849,4851,"t","c","c","t",0.0410393895648587,0.958754382346876,0.000206228088265622,0.000206228088265622,0,0.000206228088265622,0,0.000206228088265622,0.0412456176531244,0.958960610435141,0.0412286126571841,0.95856524427953,"syn","syn","syn",4.58e-06,8.37e-07,4.33e-07,4.33e-07,"4.77703161970316e-06","0.002099617","1","0.002099617","T","T","T","T","T",0,0,0,0,1,0,1
"2728",2991,4932,4932,"t","c","c","t",0.00141930251419303,0.998175182481752,0.00040551500405515,0.00040551500405515,0.000202757502027575,0.000202757502027575,0.000202757502027575,0.000202757502027575,0.00182481751824818,0.998580697485807,0.00182481751824818,0.998580697485807,"syn","nonsyn","nonsyn",4.58e-06,8.37e-07,4.33e-07,4.33e-07,"4.58837294332724e-06","0.001067778","0.004128084","0.002135556","L","L","L","M","V",0,0,0,0,1,0,1
"2729",2992,5078,5078,"t","t","c","c",0.00196927924379677,0.00196927924379677,0.000787711697518708,0.000787711697518708,0.000590783773139031,0.000196927924379677,0.000590783773139031,0.000196927924379677,0.00275699094131548,0.00275699094131548,0.00275699094131548,0.00275699094131548,"nonsyn","nonsyn","nonsyn",1.7e-05,1.07e-06,1.21e-06,1.21e-06,"0.0086326","0.001536095","0.00181115333333333","0.00614438","L","L","P","Q","R",1,1,1,1,1,0,1
"2730",2993,5091,5091,"g","g","a","a",0.000392850127676292,0.000392850127676292,0.000196425063838146,0.000196425063838146,0,0.000196425063838146,0,0.000196425063838146,0.000589275191514437,0.000589275191514437,0.000589275191514437,0.000589275191514437,"syn","syn","syn",4.2e-06,5.36e-07,1.17e-06,1.17e-06,"0.0106911","0.00595646999999999","1","0.00595646999999999","L","L","L","L","L",0,0,0,0,1,1,0
"2731",2994,5102,5102,"g","g","a","a",0.000980007840062721,0.000980007840062721,0,0,0,0,0,0,0.000980007840062721,0.000980007840062721,0.000980007840062721,0.000980007840062721,"nonsyn","nonsyn","nonsyn",4.2e-06,5.36e-07,1.17e-06,1.17e-06,"0.00428568","1","1","1","V","V","I","L","L",0,0,0,0,0,0,0
"2732",2995,5057,5057,"t","t","c","c",0.00118647419418628,0.00118647419418628,0.000395491398062092,0.000395491398062092,0.000197745699031046,0.000197745699031046,0.000197745699031046,0.000197745699031046,0.00158196559224837,0.00158196559224837,0.00158196559224837,0.00158196559224837,"nonsyn","nonsyn","nonsyn",1.7e-05,1.07e-06,1.21e-06,1.21e-06,"0.0143281666666666","0.003059485","0.00541099","0.00611897","V","V","A","E","G",0,1,1,0,0,0,0
"2733",2996,5110,5110,"a","a","g","g",0.0557729941291585,0.0557729941291585,0,0,0,0,0,0,0.0557729941291585,0.0557729941291585,0.0557729941291585,0.0557729941291585,"syn","syn","syn",1.77e-05,1.76e-06,1.7e-06,1.7e-06,"0.000317357894736842","1","1","1","V","V","V","V","V",0,0,0,0,0,0,0
"2734",2997,5178,5178,"t","t","c","c",0.00212437234453457,0.00212437234453457,0.000193124758594052,0.000193124758594052,0,0.000193124758594052,0,0.000193124758594052,0.00231749710312862,0.00231749710312862,0.00231749710312862,0.00231749710312862,"nonsyn","nonsyn","nonsyn",1.7e-05,1.07e-06,1.21e-06,1.21e-06,"0.00800236363636363","0.00626537999999999","1","0.00626537999999999","F","F","L","I","V",0,0,0,0,0,0,0
"2735",2998,5160,5160,"t","t","c","c",0.00213178294573643,0.00213178294573643,0.000581395348837209,0.000581395348837209,0.000193798449612403,0.000387596899224806,0.000193798449612403,0.000387596899224806,0.00271317829457364,0.00271317829457364,0.00271317829457364,0.00271317829457364,"nonsyn","nonsyn","nonsyn",1.7e-05,1.07e-06,1.21e-06,1.21e-06,"0.00797454545454547","0.0020812","0.0055212","0.0031218","F","F","S","Y","C",1,0,1,0,0,0,0
"2736",2999,5222,5222,"t","t","c","c",0.00440444274224435,0.00440444274224435,0.00210647261585599,0.00210647261585599,0.00134048257372654,0.000765990042129452,0.00134048257372654,0.000765990042129452,0.00651091535810034,0.00651091535810034,0.00651091535810034,0.00651091535810034,"syn","nonsyn","nonsyn",1.7e-05,1.07e-06,1.21e-06,1.21e-06,"0.00385973913043478","0.000574420000000001","0.000798220000000001","0.001579655","F","F","F","L","L",0,0,0,1,0,0,0
"2737",3000,5224,5224,"g","g","a","a",0.000957120980091884,0.000957120980091884,0.000382848392036753,0.000382848392036753,0,0.000382848392036753,0,0.000382848392036753,0.00133996937212864,0.00133996937212864,0.00133996937212864,0.00133996937212864,"nonsyn","nonsyn","nonsyn",4.2e-06,5.36e-07,1.17e-06,1.17e-06,"0.00438816","0.00305604","1","0.00305604","D","D","N","H","Y",1,1,1,0,0,0,0
"2738",3001,5221,5221,"a","a","g","g",0.00325608121049607,0.00325608121049607,0.000574602566558131,0.000574602566558131,0.00019153418885271,0.00038306837770542,0.00019153418885271,0.00038306837770542,0.0038306837770542,0.0038306837770542,0.0038306837770542,0.0038306837770542,"nonsyn","nonsyn","nonsyn",1.77e-05,1.76e-06,1.7e-06,1.7e-06,"0.00543598235294118","0.00295856666666666","0.00918896000000001","0.00443785","D","D","G","A","V",1,1,1,0,0,0,0
"2739",3002,5252,5252,"c","c","t","t",0.00266565118050267,0.00266565118050267,0.00019040365575019,0.00019040365575019,0,0.00019040365575019,0,0.00019040365575019,0.00285605483625286,0.00285605483625286,0.00285605483625286,0.00285605483625286,"syn","nonsyn","nonsyn",4.58e-06,8.37e-07,4.33e-07,4.33e-07,"0.00171815428571428","0.002274116","1","0.002274116","D","D","D","E","E",0,0,0,0,0,0,0
"2740",3003,5250,5250,"a","a","g","g",0.00723809523809524,0.00723809523809524,0.00019047619047619,0.00019047619047619,0,0.00019047619047619,0,0.00019047619047619,0.00742857142857143,0.00742857142857143,0.00742857142857143,0.00742857142857143,"nonsyn","nonsyn","nonsyn",1.77e-05,1.76e-06,1.7e-06,1.7e-06,"0.0024453947368421","0.00892500000000002","1","0.00892500000000002","I","I","V","L","F",0,0,0,1,0,0,0
"2741",3004,5235,5235,"t","t","c","c",0.0177650429799427,0.0177650429799427,0.000191021967526266,0.000191021967526266,0,0.000191021967526266,0,0.000191021967526266,0.017956064947469,0.017956064947469,0.017956064947469,0.017956064947469,"nonsyn","nonsyn","nonsyn",1.7e-05,1.07e-06,1.21e-06,1.21e-06,"0.000956935483870967","0.00633434999999998","1","0.00633434999999998","I","I","T","N","S",1,1,1,0,0,0,0
"2742",3005,5186,5186,"c","c","t","t",0.00154261473197069,0.00154261473197069,0.000771307365985345,0.000771307365985345,0.000578480524489009,0.000192826841496336,0.000578480524489009,0.000192826841496336,0.00231392209795604,0.00231392209795604,0.00231392209795604,0.00231392209795604,"syn","syn","nonsyn",4.58e-06,8.37e-07,4.33e-07,4.33e-07,"0.002968985","0.0005613845","0.001446894","0.002245538","I","I","I","I","M",0,0,0,0,0,0,0
"2743",3006,5170,5170,"a","a","g","g",0.00212765957446809,0.00212765957446809,0.000386847195357834,0.000386847195357834,0,0.000386847195357834,0,0.000386847195357834,0.00251450676982592,0.00251450676982592,0.00251450676982592,0.00251450676982592,"nonsyn","nonsyn","nonsyn",1.77e-05,1.76e-06,1.7e-06,1.7e-06,"0.00831899999999998","0.0043945","1","0.0043945","T","T","A","P","S",1,1,0,1,0,0,0
"2744",3007,5265,5265,"c","c","t","t",0.00151946818613485,0.00151946818613485,0.000759734093067426,0.000759734093067426,0.000759734093067426,0,0.000759734093067426,0,0.00227920227920228,0.00227920227920228,0.00227920227920228,0.00227920227920228,"nonsyn","nonsyn","nonsyn",4.58e-06,8.37e-07,4.33e-07,4.33e-07,"0.00301421250000001","0.00056993625","0.00110170125","1","T","T","I","N","S",1,0,0,0,0,0,0
"2745",3008,5271,5271,"c","c","t","t",0.00170745589072282,0.00170745589072282,0,0,0,0,0,0,0.00170745589072282,0.00170745589072282,0.00170745589072282,0.00170745589072282,"syn","syn","syn",4.58e-06,8.37e-07,4.33e-07,4.33e-07,"0.00268235333333334","1","1","1","T","T","T","T","T",0,0,0,0,1,0,1
"2746",3009,5284,5285,"a","a","g","g",0.00227100681302044,0.00227100681302044,0.000189250567751703,0.000189250567751703,0,0.000189250567751703,0,0.000189250567751703,0.00246025738077214,0.00246025738077214,0.00245979186376537,0.00245979186376537,"nonsyn","nonsyn","stop",1.77e-05,1.76e-06,1.7e-06,1.7e-06,"0.0077939","0.00898280000000001","1","0.00898280000000001","K","K","E","Q","*",1,1,1,1,0,0,0
"2747",3010,5274,5274,"a","a","g","g",0.00151687523701176,0.00151687523701176,0,0,0,0,0,0,0.00151687523701176,0.00151687523701176,0.00151687523701176,0.00151687523701176,"nonsyn","nonsyn","nonsyn",1.77e-05,1.76e-06,1.7e-06,1.7e-06,"0.011668725","1","1","1","K","K","R","T","I",0,1,1,0,0,0,0
"2748",3011,5265,5265,"a","a","g","g",0.00417853751187085,0.00417853751187085,0.00056980056980057,0.00056980056980057,0.00056980056980057,0,0.00056980056980057,0,0.00474833808167141,0.00474833808167141,0.00474833808167141,0.00474833808167141,"syn","nonsyn","nonsyn",1.77e-05,1.76e-06,1.7e-06,1.7e-06,"0.00423593181818181","0.0029835","0.0030888","1","K","K","K","N","N",0,1,1,0,0,0,0
"2749",3012,5314,5314,"c","c","t","t",0.000564546480993602,0.000564546480993602,0.000376364320662401,0.000376364320662401,0.000188182160331201,0.000188182160331201,0.000188182160331201,0.000188182160331201,0.000940910801656003,0.000940910801656003,0.000940910801656003,0.000940910801656003,"syn","nonsyn","nonsyn",4.58e-06,8.37e-07,4.33e-07,4.33e-07,"0.00811270666666666","0.001150481","0.00444781799999999","0.002300962","L","L","L","I","V",0,0,0,0,0,0,0
"2750",3013,5426,5426,"t","t","c","c",0.00184297825285662,0.00184297825285662,0.000184297825285662,0.000184297825285662,0.000184297825285662,0,0.000184297825285662,0,0.00202727607814228,0.00202727607814228,0.00202727607814228,0.00202727607814228,"nonsyn","nonsyn","nonsyn",1.7e-05,1.07e-06,1.21e-06,1.21e-06,"0.00922419999999998","0.00656545999999999","0.00580581999999999","1","L","L","P","Q","R",1,1,1,0,1,0,1
"2751",3014,5415,5415,"g","a","a","g",0.00332409972299169,0.996491228070175,0.000184672206832872,0.000184672206832872,0,0.000184672206832872,0,0.000184672206832872,0.00350877192982456,0.996675900277008,0.00350877192982456,0.996675900277008,"syn","syn","syn",1.77e-05,1.76e-06,1.7e-06,1.7e-06,"1.7762323943662e-05","0.00920549999999998","1","0.00920549999999998","L","L","L","L","L",0,0,0,0,0,0,0
"2752",3015,5438,5438,"c","c","t","t",0.00183891136447223,0.00183891136447223,0,0,0,0,0,0,0.00183891136447223,0.00183891136447223,0.00183891136447223,0.00183891136447223,"nonsyn","nonsyn","nonsyn",4.58e-06,8.37e-07,4.33e-07,4.33e-07,"0.002490604","1","1","1","L","L","F","I","V",0,0,0,0,0,0,0
"2753",3016,5424,5424,"t","t","c","c",0.00276548672566372,0.00276548672566372,0.0012905604719764,0.0012905604719764,0.00110619469026549,0.000184365781710914,0.00110619469026549,0.000184365781710914,0.00405604719764012,0.00405604719764012,0.00405604719764012,0.00405604719764012,"nonsyn","nonsyn","nonsyn",1.7e-05,1.07e-06,1.21e-06,1.21e-06,"0.00614719999999999","0.000937577142857144","0.000967279999999997","0.00656304000000002","L","L","P","H","R",1,1,1,0,1,0,1
"2754",3017,5395,5395,"g","c","a","t",0.00129749768303985,0.000370713623725672,0.000370713623725672,0.999629286376274,0,0.000370713623725672,0.00129749768303985,0.998331788693234,0.00166821130676552,1,0.00166821130676552,1,"syn","syn","syn",4.58e-06,8.37e-07,4.33e-07,4.33e-07,"0.01235455","4.33160578527721e-07","0.000645087857142858","4.33723542517639e-07","L","L","L","L","L",0,0,0,0,0,0,0
"2755",3018,5383,5383,"c","c","t","t",0.00334386030094743,0.00334386030094743,0.000185770016719302,0.000185770016719302,0.000185770016719302,0,0.000185770016719302,0,0.00352963031766673,0.00352963031766673,0.00352963031766673,0.00352963031766673,"syn","nonsyn","nonsyn",4.58e-06,8.37e-07,4.33e-07,4.33e-07,"0.00136967444444444","0.00233083899999999","0.00450557099999999","1","L","L","L","M","V",0,0,0,0,1,0,1
"2756",3019,5392,5392,"t","t","c","c",0.00352373887240356,0.00352373887240356,0.00129821958456973,0.00129821958456973,0.000927299703264095,0.000370919881305638,0.000927299703264095,0.000370919881305638,0.00482195845697329,0.00482195845697329,0.00482195845697329,0.00482195845697329,"nonsyn","nonsyn","nonsyn",1.7e-05,1.07e-06,1.21e-06,1.21e-06,"0.00482442105263158","0.000932045714285716","0.001153888","0.00326216","L","L","P","Q","R",1,1,1,1,1,0,1
"2757",3020,5383,5384,"g","g","a","a",0.00167193015047371,0.00167193015047371,0.000371540033438603,0.000371540033438603,0,0.000371540033438603,0,0.000371540033438603,0.00204347018391232,0.00204347018391232,0.00204309063893016,0.00204309063893016,"syn","syn","syn",4.2e-06,5.36e-07,1.17e-06,1.17e-06,"0.00251206666666667","0.003149055","1","0.003149055","L","L","L","L","L",0,0,0,0,1,1,0
"2758",3021,5375,5375,"g","g","a","a",0.00297674418604651,0.00297674418604651,0.00130232558139535,0.00130232558139535,0.000744186046511628,0.000558139534883721,0.000744186046511628,0.000558139534883721,0.00427906976744186,0.00427906976744186,0.00427906976744186,0.00427906976744186,"nonsyn","nonsyn","nonsyn",4.2e-06,5.36e-07,1.17e-06,1.17e-06,"0.0014109375","0.000898392857142856","0.00072025","0.00209625","A","A","T","P","S",1,1,1,0,0,0,0
"2759",3022,5350,5350,"c","c","t","t",0.00261682242990654,0.00261682242990654,0.000560747663551402,0.000560747663551402,0.000186915887850467,0.000373831775700935,0.000186915887850467,0.000373831775700935,0.00317757009345794,0.00317757009345794,0.00317757009345794,0.00317757009345794,"nonsyn","nonsyn","nonsyn",4.58e-06,8.37e-07,4.33e-07,4.33e-07,"0.00175021428571429","0.000772183333333333","0.00447795000000001","0.001158275","A","A","V","D","G",0,1,1,0,0,0,0
"2760",3023,5347,5347,"c","c","t","t",0.00317935290817281,0.00317935290817281,0.000748083037217131,0.000748083037217131,0.000748083037217131,0,0.000748083037217131,0,0.00392743594538994,0.00392743594538994,0.00392743594538994,0.00392743594538994,"syn","syn","syn",4.58e-06,8.37e-07,4.33e-07,4.33e-07,"0.00144054470588235","0.00057881275","0.00111885975","1","A","A","A","A","A",0,0,0,0,1,0,1
"2761",3024,5335,5335,"g","a","a","g",0.00168697282099344,0.997938144329897,0.000374882849109653,0.000374882849109653,0,0.000374882849109653,0,0.000374882849109653,0.00206185567010309,0.998313027179007,0.00206185567010309,0.998313027179007,"nonsyn","nonsyn","nonsyn",1.77e-05,1.76e-06,1.7e-06,1.7e-06,"1.77365702479339e-05","0.00453475","1","0.00453475","V","I","V","L","F",0,0,0,1,0,0,0
"2762",3025,5288,5288,"t","t","c","c",0.00510590015128593,0.00510590015128593,0.00018910741301059,0.00018910741301059,0.00018910741301059,0,0.00018910741301059,0,0.00529500756429652,0.00529500756429652,0.00529500756429652,0.00529500756429652,"nonsyn","nonsyn","nonsyn",1.7e-05,1.07e-06,1.21e-06,1.21e-06,"0.00332948148148148","0.00639848","0.00565816","1","V","I","T","N","S",1,1,1,0,0,0,0
"2763",3026,5304,5304,"c","c","t","t",0.000188536953242836,0.000188536953242836,0.000565610859728507,0.000565610859728507,0.000565610859728507,0,0.000565610859728507,0,0.000754147812971342,0.000754147812971342,0.000754147812971342,0.000754147812971342,"syn","syn","nonsyn",4.58e-06,8.37e-07,4.33e-07,4.33e-07,"0.0242923199999999","0.000765544","0.001479816","1","V","I","I","I","M",0,0,0,0,0,0,0
"2764",3027,5325,5325,"t","t","c","c",0.00375586854460094,0.00375586854460094,0.000938967136150235,0.000938967136150235,0.000751173708920188,0.000187793427230047,0.000751173708920188,0.000187793427230047,0.00469483568075117,0.00469483568075117,0.00469483568075117,0.00469483568075117,"nonsyn","nonsyn","nonsyn",1.7e-05,1.07e-06,1.21e-06,1.21e-06,"0.00452625","0.00128865","0.0014244375","0.00644325","F","F","L","I","V",0,0,0,0,1,0,1
"2765",3028,5320,5320,"t","t","c","c",0.00281954887218045,0.00281954887218045,0,0,0,0,0,0,0.00281954887218045,0.00281954887218045,0.00281954887218045,0.00281954887218045,"nonsyn","nonsyn","nonsyn",1.7e-05,1.07e-06,1.21e-06,1.21e-06,"0.00602933333333334","1","1","1","F","F","S","Y","C",1,0,1,0,0,0,0
"2766",3029,5324,5324,"c","c","t","t",0.00206611570247934,0.00206611570247934,0.000563486100676183,0.000563486100676183,0.000563486100676183,0,0.000563486100676183,0,0.00262960180315552,0.00262960180315552,0.00262960180315552,0.00262960180315552,"syn","nonsyn","nonsyn",4.58e-06,8.37e-07,4.33e-07,4.33e-07,"0.00221672","0.000768430666666667","0.001485396","1","F","F","F","L","L",0,0,0,0,0,0,0
"2767",3030,5305,5305,"g","g","a","a",0.00131950989632422,0.00131950989632422,0.000377002827521206,0.000377002827521206,0,0.000377002827521206,0,0.000377002827521206,0.00169651272384543,0.00169651272384543,0.00169651272384543,0.00169651272384543,"nonsyn","nonsyn","stop",4.2e-06,5.36e-07,1.17e-06,1.17e-06,"0.00318300000000001","0.003103425","1","0.003103425","G","G","R","R","*",1,1,1,0,1,1,0
"2768",3031,5283,5283,"g","g","a","a",0.00246072307401098,0.00246072307401098,0.000378572780617074,0.000378572780617074,0,0.000378572780617074,0,0.000378572780617074,0.00283929585462805,0.00283929585462805,0.00283929585462805,0.00283929585462805,"nonsyn","nonsyn","nonsyn",4.2e-06,5.36e-07,1.17e-06,1.17e-06,"0.00170681538461538","0.003090555","1","0.003090555","G","G","E","A","V",1,1,1,0,0,0,0
"2769",3032,5208,5209,"a","a","g","g",0.00364823348694316,0.00364823348694316,0.0280337941628264,0.0280337941628264,0.0280337941628264,0,0.0280337941628264,0,0.0316820276497696,0.0316820276497696,0.0316759454789787,0.0316759454789787,"syn","syn","syn",1.77e-05,1.76e-06,1.7e-06,1.7e-06,"0.00485166315789474","6.0641095890411e-05","6.27813698630137e-05","1","G","G","G","G","G",0,0,0,0,0,0,0
"2770",3033,5224,5230,"c","c","t","t",0.00153139356814701,0.00153139356814701,0.000191424196018377,0.000191424196018377,0,0.000191424196018377,0,0.000191424196018377,0.00172281776416539,0.00172281776416539,0.0017208413001912,0.0017208413001912,"nonsyn","nonsyn","nonsyn",4.58e-06,8.37e-07,4.33e-07,4.33e-07,"0.00299074000000001","0.002261992","1","0.002261992","P","P","S","T","A",1,1,1,0,0,0,0
"2771",3034,5248,5248,"c","c","t","t",0.00304878048780488,0.00304878048780488,0,0,0,0,0,0,0.00304878048780488,0.00304878048780488,0.00304878048780488,0.00304878048780488,"nonsyn","nonsyn","nonsyn",4.58e-06,8.37e-07,4.33e-07,4.33e-07,"0.00150224","1","1","1","P","P","L","H","R",1,1,1,0,1,0,1
"2772",3035,5297,5297,"c","c","t","t",0.000755144421370587,0.000755144421370587,0.000943930526713234,0.000943930526713234,0.000755144421370587,0.000188786105342647,0.000755144421370587,0.000188786105342647,0.00169907494808382,0.00169907494808382,0.00169907494808382,0.00169907494808382,"syn","syn","syn",4.58e-06,8.37e-07,4.33e-07,4.33e-07,"0.006065065","0.0004587202","0.00110839725","0.002293601","P","P","P","P","P",0,0,0,0,1,0,1
"2773",3036,5333,5334,"c","c","t","t",0.000375023438964935,0.000375023438964935,0.000750046877929871,0.000750046877929871,0.000750046877929871,0,0.000750046877929871,0,0.00112507031689481,0.00112507031689481,0.00112485939257593,0.00112485939257593,"nonsyn","nonsyn","nonsyn",4.58e-06,8.37e-07,4.33e-07,4.33e-07,"0.01221257","0.00057729725","0.00111593025","1","L","L","F","I","V",0,0,0,0,1,0,1
"2774",3037,5381,5387,"t","t","c","c",0.00334510314068017,0.00334510314068017,0.000185839063371121,0.000185839063371121,0.000185839063371121,0,0.000185839063371121,0,0.00353094220405129,0.00353094220405129,0.00352700946723594,0.00352700946723594,"nonsyn","nonsyn","nonsyn",1.7e-05,1.07e-06,1.21e-06,1.21e-06,"0.00508205555555556","0.00651100999999999","0.00575766999999999","1","L","L","P","H","R",1,1,1,0,1,0,1
"2775",3038,5467,5467,"t","t","c","c",0.00274373513810134,0.00274373513810134,0.00128040973111396,0.00128040973111396,0.00109749405524053,0.000182915675873422,0.00109749405524053,0.000182915675873422,0.00402414486921529,0.00402414486921529,0.00402414486921529,0.00402414486921529,"syn","syn","syn",1.7e-05,1.07e-06,1.21e-06,1.21e-06,"0.00619593333333332","0.000945009999999997","0.000974948333333337","0.00661507000000001","L","L","L","L","L",0,0,0,0,0,0,0
"2776",3039,5393,5393,"t","t","c","c",0.00166882996476915,0.00166882996476915,0.000185425551641016,0.000185425551641016,0,0.000185425551641016,0,0.000185425551641016,0.00185425551641016,0.00185425551641016,0.00185425551641016,0.00185425551641016,"nonsyn","nonsyn","nonsyn",1.7e-05,1.07e-06,1.21e-06,1.21e-06,"0.0101867777777777","0.00652553","1","0.00652553","W","W","R","R","G",1,1,1,1,0,0,0
"2777",3040,5527,5527,"g","g","a","a",0.00108557988058621,0.00108557988058621,0,0,0,0,0,0,0.00108557988058621,0.00108557988058621,0.00108557988058621,0.00108557988058621,"stop","nonsyn","nonsyn",4.2e-06,5.36e-07,1.17e-06,1.17e-06,"0.00386890000000001","1","1","1","W","W","*","S","L",1,1,0,0,1,1,0
"2778",3041,5523,5523,"g","g","a","a",0.00108636610537751,0.00108636610537751,0,0,0,0,0,0,0.00108636610537751,0.00108636610537751,0.00108636610537751,0.00108636610537751,"stop","nonsyn","nonsyn",4.2e-06,5.36e-07,1.17e-06,1.17e-06,"0.00386610000000001","1","1","1","W","W","*","C","C",1,1,1,0,0,0,0
"2779",3042,5522,5522,"a","a","g","g",0.00416515755161173,0.00416515755161173,0.000724375226367258,0.000724375226367258,0.000181093806591815,0.000543281419775444,0.000181093806591815,0.000543281419775444,0.00488953277797899,0.00488953277797899,0.00488953277797899,0.00488953277797899,"nonsyn","nonsyn","nonsyn",1.77e-05,1.76e-06,1.7e-06,1.7e-06,"0.00424953913043479","0.00234685","0.00971871999999998","0.00312913333333333","I","I","V","L","F",0,0,0,0,0,0,0
"2780",3043,5521,5522,"t","t","c","c",0.00253577250498098,0.00253577250498098,0.000724506429994566,0.000724506429994566,0.000362253214997283,0.000362253214997283,0.000362253214997283,0.000362253214997283,0.00326027893497555,0.00326027893497555,0.00325968851865266,0.00325968851865266,"nonsyn","nonsyn","nonsyn",1.7e-05,1.07e-06,1.21e-06,1.21e-06,"0.00670407142857143","0.0016701025","0.002953735","0.003340205","I","I","T","N","S",1,1,1,0,0,0,0
"2781",3044,5373,5373,"t","t","c","c",0.0338730690489484,0.0338730690489484,0,0,0,0,0,0,0.0338730690489484,0.0338730690489484,0.0338730690489484,0.0338730690489484,"syn","syn","nonsyn",1.7e-05,1.07e-06,1.21e-06,1.21e-06,"0.000501873626373627","1","1","1","I","I","I","I","M",0,0,0,0,0,0,0
"2782",3045,5429,5429,"c","c","t","t",0.000184195984527537,0.000184195984527537,0.000184195984527537,0.000184195984527537,0.000184195984527537,0,0.000184195984527537,0,0.000368391969055075,0.000368391969055075,0.000368391969055075,0.000368391969055075,"nonsyn","nonsyn","nonsyn",4.58e-06,8.37e-07,4.33e-07,4.33e-07,"0.02486482","0.002350757","0.00454407300000001","1","L","L","F","I","V",0,0,0,0,0,0,0
"2783",3046,5433,5433,"t","t","c","c",0.00423338855144487,0.00423338855144487,0.00809865635928585,0.00809865635928585,0.00791459598748389,0.000184060371801951,0.00791459598748389,0.000184060371801951,0.0123320449107307,0.0123320449107307,0.0123320449107307,0.0123320449107307,"nonsyn","nonsyn","nonsyn",1.7e-05,1.07e-06,1.21e-06,1.21e-06,"0.00401569565217392","0.0001494075","0.000135193255813954","0.00657393","L","L","P","H","R",1,1,1,0,1,0,1
"2784",3047,5415,5415,"g","t","a","c",0.00166204986149584,0.000184672206832872,0.000184672206832872,0.999815327793167,0.000184672206832872,0,0.00166204986149584,0.998153277931671,0.00184672206832872,1,0.00184672206832872,1,"syn","syn","syn",1.7e-05,1.07e-06,1.21e-06,1.21e-06,"0.0920549999999998","1.21022349464352e-06","0.000643783333333335","1.21223866790009e-06","L","L","L","L","L",0,0,0,0,0,0,0
"2785",3048,5413,5413,"c","c","t","t",0.00295584703491594,0.00295584703491594,0,0,0,0,0,0,0.00295584703491594,0.00295584703491594,0.00295584703491594,0.00295584703491594,"stop","nonsyn","nonsyn",4.58e-06,8.37e-07,4.33e-07,4.33e-07,"0.00154947125","1","1","1","R","Q","*","K","E",1,1,1,0,0,0,0
"2786",3049,5377,5378,"g","a","a","g",0.00316161428305747,0.99609447647387,0.000743909243072345,0.000743909243072345,0.000185977310768086,0.000557931932304259,0.000185977310768086,0.000557931932304259,0.00390552352612981,0.996838385716942,0.00390479732242469,0.996653030866493,"nonsyn","nonsyn","nonsyn",1.77e-05,1.76e-06,1.7e-06,1.7e-06,"1.77693988050784e-05","0.002285225","0.00946352000000002","0.00304696666666667","R","Q","R","P","L",1,1,1,1,0,0,0
"2787",3050,5368,5368,"g","a","a","g",0.0011177347242921,0.998323397913562,0.000558867362146051,0.000558867362146051,0,0.000558867362146051,0,0.000558867362146051,0.00167660208643815,0.998882265275708,0.00167660208643815,0.998882265275708,"syn","nonsyn","nonsyn",1.77e-05,1.76e-06,1.7e-06,1.7e-06,"1.77297256950924e-05","0.00304186666666666","1","0.00304186666666666","R","Q","Q","H","H",0,1,1,0,1,1,0
"2788",3051,5347,5347,"a","g","g","a",0.00261829063025996,0.997194688610436,0.000187020759304283,0.000187020759304283,0,0.000187020759304283,0,0.000187020759304283,0.00280531138956424,0.99738170936974,0.00280531138956424,0.99738170936974,"nonsyn","nonsyn","nonsyn",4.2e-06,5.36e-07,1.17e-06,1.17e-06,"4.21181545386346e-06","0.00625598999999999","1","0.00625598999999999","T","A","T","P","S",1,1,1,0,0,0,0
"2789",3052,5386,5386,"c","c","t","t",0.000742666171555886,0.000742666171555886,0,0,0,0,0,0,0.000742666171555886,0.000742666171555886,0.000742666171555886,0.000742666171555886,"nonsyn","nonsyn","nonsyn",4.58e-06,8.37e-07,4.33e-07,4.33e-07,"0.00616697","1","1","1","T","A","V","D","G",0,1,1,0,0,0,0
"2790",3053,5413,5413,"c","c","t","t",0.00110844263809348,0.00110844263809348,0.000554221319046739,0.000554221319046739,0.000554221319046739,0,0.000554221319046739,0,0.00166266395714022,0.00166266395714022,0.00166266395714022,0.00166266395714022,"syn","syn","syn",4.58e-06,8.37e-07,4.33e-07,4.33e-07,"0.00413192333333333","0.000781276333333334","0.001510227","1","T","A","A","A","A",0,0,0,0,1,0,1
"2791",3054,5435,5435,"a","a","g","g",0.0031278748850046,0.0031278748850046,0.000551977920883165,0.000551977920883165,0.000367985280588776,0.000183992640294388,0.000367985280588776,0.000183992640294388,0.00367985280588776,0.00367985280588776,0.00367985280588776,0.00367985280588776,"nonsyn","nonsyn","nonsyn",1.77e-05,1.76e-06,1.7e-06,1.7e-06,"0.00565879411764706","0.00307983333333333","0.00478280000000001","0.00923950000000001","S","S","G","R","C",1,1,1,1,1,1,0
"2792",3055,5562,5562,"g","g","a","a",0.00143833153541891,0.00143833153541891,0.000359582883854729,0.000359582883854729,0,0.000359582883854729,0,0.000359582883854729,0.00179791441927364,0.00179791441927364,0.00179791441927364,0.00179791441927364,"nonsyn","nonsyn","nonsyn",4.2e-06,5.36e-07,1.17e-06,1.17e-06,"0.00292005000000001","0.00325377","1","0.00325377","S","S","N","T","I",0,0,1,0,0,0,0
"2793",3056,5552,5552,"t","t","c","c",0.00324207492795389,0.00324207492795389,0.000540345821325648,0.000540345821325648,0,0.000540345821325648,0,0.000540345821325648,0.00378242074927954,0.00378242074927954,0.00378242074927954,0.00378242074927954,"syn","nonsyn","nonsyn",1.7e-05,1.07e-06,1.21e-06,1.21e-06,"0.00524355555555556","0.00223930666666667","1","0.00223930666666667","S","S","S","R","R",0,1,1,0,0,0,0
"2794",3057,5576,5576,"c","t","t","c",0.00107604017216643,0.998744619799139,0.000179340028694405,0.000179340028694405,0.000179340028694405,0,0.000179340028694405,0,0.00125538020086083,0.998923959827834,0.00125538020086083,0.998923959827834,"syn","nonsyn","nonsyn",1.7e-05,1.07e-06,1.21e-06,1.21e-06,"1.70213682887412e-05","0.00674695999999999","0.00596631999999999","1","L","L","L","M","V",0,0,0,0,0,0,0
"2795",3058,5535,5535,"t","t","c","c",0.0025293586269196,0.0025293586269196,0.0010840108401084,0.0010840108401084,0.000903342366757001,0.0001806684733514,0.000903342366757001,0.0001806684733514,0.003613369467028,0.003613369467028,0.003613369467028,0.003613369467028,"nonsyn","stop","nonsyn",1.7e-05,1.07e-06,1.21e-06,1.21e-06,"0.00672107142857143","0.001116225","0.00118449","0.00669735000000001","L","L","S","*","W",1,1,0,1,0,0,0
"2796",3059,5552,5552,"g","g","a","a",0.00216138328530259,0.00216138328530259,0.000180115273775216,0.000180115273775216,0.000180115273775216,0,0.000180115273775216,0,0.00234149855907781,0.00234149855907781,0.00234149855907781,0.00234149855907781,"syn","nonsyn","nonsyn",4.2e-06,5.36e-07,1.17e-06,1.17e-06,"0.0019432","0.00649584000000001","0.002975872","1","L","L","L","F","F",0,0,0,0,0,0,0
"2797",3060,5578,5578,"c","c","t","t",0.000896378630333453,0.000896378630333453,0,0,0,0,0,0,0.000896378630333453,0.000896378630333453,0.000896378630333453,0.000896378630333453,"nonsyn","nonsyn","nonsyn",4.58e-06,8.37e-07,4.33e-07,4.33e-07,"0.005109448","1","1","1","L","L","F","I","V",0,0,0,0,0,0,0
"2798",3061,5591,5591,"t","t","c","c",0.00411375424789841,0.00411375424789841,0.000715435521373636,0.000715435521373636,0.000536576641030227,0.000178858880343409,0.000536576641030227,0.000178858880343409,0.00482918976927204,0.00482918976927204,0.00482918976927204,0.00482918976927204,"nonsyn","nonsyn","nonsyn",1.7e-05,1.07e-06,1.21e-06,1.21e-06,"0.00413247826086956","0.0016912775","0.00199412333333333","0.00676511","L","L","P","H","R",1,1,1,0,1,0,1
"2799",3062,5326,5326,"t","t","c","c",0.0384904243334585,0.0384904243334585,0,0,0,0,0,0,0.0384904243334585,0.0384904243334585,0.0384904243334585,0.0384904243334585,"syn","syn","syn",1.7e-05,1.07e-06,1.21e-06,1.21e-06,"0.000441668292682927","1","1","1","L","L","L","L","L",0,0,0,0,0,0,0
"2800",3063,5226,5228,"a","a","g","g",0.000574052812858783,0.000574052812858783,0.000191350937619594,0.000191350937619594,0,0.000191350937619594,0,0.000191350937619594,0.000765403750478377,0.000765403750478377,0.000765110941086458,0.000765110941086458,"nonsyn","nonsyn","stop",1.77e-05,1.76e-06,1.7e-06,1.7e-06,"0.0308334","0.00888420000000002","1","0.00888420000000002","K","K","E","Q","*",1,1,1,0,0,0,0
"2801",3064,5540,5540,"a","a","g","g",0.00216606498194946,0.00216606498194946,0.000722021660649819,0.000722021660649819,0.00036101083032491,0.00036101083032491,0.00036101083032491,0.00036101083032491,0.00288808664259928,0.00288808664259928,0.00288808664259928,0.00288808664259928,"nonsyn","nonsyn","nonsyn",1.77e-05,1.76e-06,1.7e-06,1.7e-06,"0.00817149999999999","0.0023545","0.0048752","0.004709","K","K","R","T","I",0,1,1,0,0,0,0
"2802",3065,5515,5515,"a","a","g","g",0.00271985494106981,0.00271985494106981,0.000543970988213962,0.000543970988213962,0.000181323662737987,0.000362647325475975,0.000181323662737987,0.000362647325475975,0.00326382592928377,0.00326382592928377,0.00326382592928377,0.00326382592928377,"syn","nonsyn","nonsyn",1.77e-05,1.76e-06,1.7e-06,1.7e-06,"0.0065077","0.00312516666666667","0.00970640000000002","0.00468774999999999","K","K","K","N","N",0,1,1,0,1,1,0
"2803",3066,5349,5349,"g","g","a","a",0.000934754159656011,0.000934754159656011,0.000186950831931202,0.000186950831931202,0,0.000186950831931202,0,0.000186950831931202,0.00112170499158721,0.00112170499158721,0.00112170499158721,0.00112170499158721,"nonsyn","nonsyn","nonsyn",4.2e-06,5.36e-07,1.17e-06,1.17e-06,"0.00449316","0.00625833","1","0.00625833","V","V","I","L","F",0,0,0,0,0,0,0
"2804",3067,5327,5327,"t","t","c","c",0.00450535010324761,0.00450535010324761,0.0011263375258119,0.0011263375258119,0.000750891683874601,0.000375445841937301,0.000750891683874601,0.000375445841937301,0.00563168762905951,0.00563168762905951,0.00563168762905951,0.00563168762905951,"nonsyn","nonsyn","nonsyn",1.7e-05,1.07e-06,1.21e-06,1.21e-06,"0.00377329166666666","0.00107427833333334","0.0014249725","0.003222835","V","V","A","D","G",0,1,1,0,0,0,0
"2805",3068,5350,5350,"g","c","a","t",0.00224299065420561,0.000186915887850467,0.000373831775700935,0.999626168224299,0.000186915887850467,0.000186915887850467,0.00224299065420561,0.997383177570093,0.00261682242990654,0.99981308411215,0.00261682242990654,0.99981308411215,"syn","syn","syn",4.58e-06,8.37e-07,4.33e-07,4.33e-07,"0.024503","4.33161929693343e-07","0.0003731625","4.34136056971514e-07","V","V","V","V","V",0,0,0,0,0,0,0
"2806",3069,5361,5363,"c","c","t","t",0.00261145308711061,0.00261145308711061,0.000559597090095132,0.000559597090095132,0.000373064726730088,0.000186532363365044,0.000373064726730088,0.000186532363365044,0.00317105017720575,0.00317105017720575,0.00316986761141152,0.00316986761141152,"nonsyn","nonsyn","nonsyn",4.58e-06,8.37e-07,4.33e-07,4.33e-07,"0.00175381285714286","0.000773770999999999","0.0022435785","0.002321313","P","P","S","T","A",1,1,1,0,1,0,1
"2807",3070,5364,5364,"c","c","t","t",0.00223713646532438,0.00223713646532438,0.000559284116331096,0.000559284116331096,0.000559284116331096,0,0.000559284116331096,0,0.00279642058165548,0.00279642058165548,0.00279642058165548,0.00279642058165548,"nonsyn","nonsyn","nonsyn",4.58e-06,8.37e-07,4.33e-07,4.33e-07,"0.00204726","0.000774204","0.001496556","1","P","P","L","H","R",1,1,1,0,1,0,1
"2808",3071,5408,5408,"c","c","t","t",0.00203402366863905,0.00203402366863905,0.000554733727810651,0.000554733727810651,0.000369822485207101,0.00018491124260355,0.000369822485207101,0.00018491124260355,0.0025887573964497,0.0025887573964497,0.0025887573964497,0.0025887573964497,"syn","syn","syn",4.58e-06,8.37e-07,4.33e-07,4.33e-07,"0.00225169454545455","0.000780554666666667","0.002263248","0.002341664","P","P","P","P","P",0,0,0,0,1,0,1
"2809",3072,5256,5257,"t","t","c","c",0.00627853881278539,0.00627853881278539,0.000190258751902588,0.000190258751902588,0.000190258751902588,0,0.000190258751902588,0,0.00646879756468798,0.00646879756468798,0.00646756705345254,0.00646756705345254,"nonsyn","nonsyn","nonsyn",1.7e-05,1.07e-06,1.21e-06,1.21e-06,"0.00270763636363636","0.00635975999999998","0.00562391999999999","1","Y","Y","H","N","D",1,1,1,0,1,0,1
"2810",3073,5320,5320,"a","a","g","g",0.00244360902255639,0.00244360902255639,0.00018796992481203,0.00018796992481203,0.00018796992481203,0,0.00018796992481203,0,0.00263157894736842,0.00263157894736842,0.00263157894736842,0.00263157894736842,"nonsyn","nonsyn","nonsyn",1.77e-05,1.76e-06,1.7e-06,1.7e-06,"0.00724338461538462","0.009044","0.0093632","1","Y","Y","C","S","F",1,1,0,0,0,0,0
"2811",3074,5349,5349,"c","c","t","t",0.000560852495793606,0.000560852495793606,0.000186950831931202,0.000186950831931202,0.000186950831931202,0,0.000186950831931202,0,0.000747803327724808,0.000747803327724808,0.000747803327724808,0.000747803327724808,"syn","stop","stop",4.58e-06,8.37e-07,4.33e-07,4.33e-07,"0.00816614000000001","0.002316117","0.004477113","1","Y","Y","Y","*","*",0,1,1,0,0,0,0
"2812",3075,5353,5353,"t","t","c","c",0.00410984494675883,0.00410984494675883,0.000373622267887166,0.000373622267887166,0.000186811133943583,0.000186811133943583,0.000186811133943583,0.000186811133943583,0.00448346721464599,0.00448346721464599,0.00448346721464599,0.00448346721464599,"nonsyn","nonsyn","nonsyn",1.7e-05,1.07e-06,1.21e-06,1.21e-06,"0.00413640909090909","0.003238565","0.00572771","0.00647713","F","F","L","I","V",0,0,0,0,1,0,1
"2813",3076,5368,5368,"t","t","c","c",0.003725782414307,0.003725782414307,0.0003725782414307,0.0003725782414307,0.00018628912071535,0.00018628912071535,0.00018628912071535,0.00018628912071535,0.00409836065573771,0.00409836065573771,0.00409836065573771,0.00409836065573771,"nonsyn","nonsyn","nonsyn",1.7e-05,1.07e-06,1.21e-06,1.21e-06,"0.0045628","0.00324764","0.00574376000000001","0.00649528000000001","F","F","S","Y","C",1,0,1,0,0,0,0
"2814",3077,5420,5420,"c","c","t","t",0.00166051660516605,0.00166051660516605,0.00018450184501845,0.00018450184501845,0.00018450184501845,0,0.00018450184501845,0,0.0018450184501845,0.0018450184501845,0.0018450184501845,0.0018450184501845,"syn","nonsyn","nonsyn",4.58e-06,8.37e-07,4.33e-07,4.33e-07,"0.00275817777777778","0.00234686","0.00453654","1","F","F","F","L","L",0,0,0,0,0,0,0
"2815",3078,5425,5425,"g","g","a","a",0.00165898617511521,0.00165898617511521,0.000184331797235023,0.000184331797235023,0,0.000184331797235023,0,0.000184331797235023,0.00184331797235023,0.00184331797235023,0.00184331797235023,0.00184331797235023,"nonsyn","nonsyn","nonsyn",4.2e-06,5.36e-07,1.17e-06,1.17e-06,"0.00253166666666666","0.00634725","1","0.00634725","V","V","M","L","L",0,0,0,0,0,0,0
"2816",3079,5432,5432,"t","t","c","c",0.00257731958762887,0.00257731958762887,0.000368188512518409,0.000368188512518409,0.000184094256259205,0.000184094256259205,0.000184094256259205,0.000184094256259205,0.00294550810014728,0.00294550810014728,0.00294550810014728,0.00294550810014728,"nonsyn","nonsyn","nonsyn",1.7e-05,1.07e-06,1.21e-06,1.21e-06,"0.00659599999999999","0.00328636","0.00581223999999999","0.00657271999999999","V","V","A","E","G",0,1,1,1,0,0,0
"2817",3080,5430,5430,"g","g","a","a",0.00110497237569061,0.00110497237569061,0.000184162062615101,0.000184162062615101,0,0.000184162062615101,0,0.000184162062615101,0.00128913443830571,0.00128913443830571,0.00128913443830571,0.00128913443830571,"syn","syn","syn",4.2e-06,5.36e-07,1.17e-06,1.17e-06,"0.00380099999999999","0.00635310000000001","1","0.00635310000000001","V","V","V","V","V",0,0,0,0,0,0,0
"2818",3081,5430,5430,"c","c","t","t",0.00405156537753223,0.00405156537753223,0.000184162062615101,0.000184162062615101,0,0.000184162062615101,0,0.000184162062615101,0.00423572744014733,0.00423572744014733,0.00423572744014733,0.00423572744014733,"nonsyn","nonsyn","nonsyn",4.58e-06,8.37e-07,4.33e-07,4.33e-07,"0.00113042727272727","0.00235119","1","0.00235119","R","R","C","S","G",1,1,1,0,0,0,0
"2819",3082,5436,5436,"g","g","a","a",0.00275938189845475,0.00275938189845475,0.000183958793230316,0.000183958793230316,0,0.000183958793230316,0,0.000183958793230316,0.00294334069168506,0.00294334069168506,0.00294334069168506,0.00294334069168506,"nonsyn","nonsyn","nonsyn",4.2e-06,5.36e-07,1.17e-06,1.17e-06,"0.00152208","0.00636012000000001","1","0.00636012000000001","R","R","H","P","L",0,1,1,0,0,0,0
"2820",3083,5449,5449,"c","c","t","t",0.00367039823820885,0.00367039823820885,0.000367039823820885,0.000367039823820885,0.000367039823820885,0,0.000367039823820885,0,0.00403743806202973,0.00403743806202973,0.00403743806202973,0.00403743806202973,"syn","syn","syn",4.58e-06,8.37e-07,4.33e-07,4.33e-07,"0.001247821","0.0011797085","0.0022804065","1","R","R","R","R","R",0,0,0,0,0,0,0
"2821",3084,5465,5465,"g","g","a","a",0.00256175663311985,0.00256175663311985,0,0,0,0,0,0,0.00256175663311985,0.00256175663311985,0.00256175663311985,0.00256175663311985,"nonsyn","nonsyn","nonsyn",4.2e-06,5.36e-07,1.17e-06,1.17e-06,"0.0016395","1","1","1","V","V","I","L","F",0,0,0,0,0,0,0
"2822",3085,5507,5507,"t","t","c","c",0.00453967677501362,0.00453967677501362,0.000181587071000545,0.000181587071000545,0.000181587071000545,0,0.000181587071000545,0,0.00472126384601416,0.00472126384601416,0.00472126384601416,0.00472126384601416,"nonsyn","nonsyn","nonsyn",1.7e-05,1.07e-06,1.21e-06,1.21e-06,"0.00374476","0.00666346999999999","0.00589248999999999","1","V","V","A","D","G",0,1,1,0,0,0,0
"2823",3086,5524,5524,"t","t","c","c",0.00416364952932657,0.00416364952932657,0.000362056480811006,0.000362056480811006,0.000181028240405503,0.000181028240405503,0.000181028240405503,0.000181028240405503,0.00452570601013758,0.00452570601013758,0.00452570601013758,0.00452570601013758,"syn","syn","syn",1.7e-05,1.07e-06,1.21e-06,1.21e-06,"0.00408295652173914","0.00334202000000001","0.00591068000000001","0.00668404000000001","V","V","V","V","V",0,0,0,0,0,0,0
"2824",3087,5533,5533,"c","c","t","t",0.000361467558286644,0.000361467558286644,0,0,0,0,0,0,0.000361467558286644,0.000361467558286644,0.000361467558286644,0.000361467558286644,"stop","nonsyn","nonsyn",4.58e-06,8.37e-07,4.33e-07,4.33e-07,"0.01267057","1","1","1","Q","Q","*","K","E",1,1,1,0,0,0,0
"2825",3088,5526,5530,"a","a","g","g",0.00452406804198335,0.00452406804198335,0.00090481360839667,0.00090481360839667,0,0.00090481360839667,0,0.00090481360839667,0.00542888165038002,0.00542888165038002,0.0054249547920434,0.0054249547920434,"nonsyn","nonsyn","nonsyn",1.77e-05,1.76e-06,1.7e-06,1.7e-06,"0.003912408","0.00187884","1","0.00187884","Q","Q","R","P","L",1,1,1,1,0,0,0
"2826",3089,5460,5460,"a","a","g","g",0.00347985347985348,0.00347985347985348,0.000732600732600733,0.000732600732600733,0.000183150183150183,0.000549450549450549,0.000183150183150183,0.000549450549450549,0.00421245421245421,0.00421245421245421,0.00421245421245421,0.00421245421245421,"syn","nonsyn","nonsyn",1.77e-05,1.76e-06,1.7e-06,1.7e-06,"0.00508642105263158","0.0023205","0.00960960000000001","0.003094","Q","Q","Q","H","H",0,1,1,0,1,1,0
"2827",3090,5489,5489,"g","g","a","a",0.00127527782838404,0.00127527782838404,0.000182182546912006,0.000182182546912006,0,0.000182182546912006,0,0.000182182546912006,0.00145746037529605,0.00145746037529605,0.00145746037529605,0.00145746037529605,"nonsyn","nonsyn","nonsyn",4.2e-06,5.36e-07,1.17e-06,1.17e-06,"0.0032934","0.00642212999999999","1","0.00642212999999999","G","G","S","R","C",1,1,0,0,1,1,0
"2828",3091,5478,5478,"g","g","a","a",0.00255567725447243,0.00255567725447243,0.000365096750638919,0.000365096750638919,0,0.000365096750638919,0,0.000365096750638919,0.00292077400511135,0.00292077400511135,0.00292077400511135,0.00292077400511135,"nonsyn","nonsyn","nonsyn",4.2e-06,5.36e-07,1.17e-06,1.17e-06,"0.0016434","0.00320463","1","0.00320463","G","G","D","A","V",1,1,1,0,0,0,0
"2829",3092,5474,5474,"c","c","t","t",0.00219218122031421,0.00219218122031421,0.000365363536719035,0.000365363536719035,0.000365363536719035,0,0.000365363536719035,0,0.00255754475703325,0.00255754475703325,0.00255754475703325,0.00255754475703325,"syn","syn","syn",4.58e-06,8.37e-07,4.33e-07,4.33e-07,"0.00208924333333334","0.001185121","0.002290869","1","G","G","G","G","G",0,0,0,0,0,0,0
"2830",3093,5461,5461,"c","c","t","t",0.00091558322651529,0.00091558322651529,0.000366233290606116,0.000366233290606116,0.000366233290606116,0,0.000366233290606116,0,0.00128181651712141,0.00128181651712141,0.00128181651712141,0.00128181651712141,"nonsyn","nonsyn","nonsyn",4.58e-06,8.37e-07,4.33e-07,4.33e-07,"0.005002276","0.0011823065","0.0022854285","1","L","L","F","I","V",0,0,0,0,1,0,1
"2831",3094,5506,5508,"t","t","c","c",0.00399564111877951,0.00399564111877951,0.000181620050853614,0.000181620050853614,0.000181620050853614,0,0.000181620050853614,0,0.00417726116963313,0.00417726116963313,0.0041757443718228,0.0041757443718228,"nonsyn","nonsyn","nonsyn",1.7e-05,1.07e-06,1.21e-06,1.21e-06,"0.00425463636363637","0.00666226000000001","0.00589142000000001","1","L","L","P","H","R",1,1,1,0,1,0,1
"2832",3095,5233,5233,"t","t","c","c",0.00210204471622396,0.00210204471622396,0.000191094974202178,0.000191094974202178,0,0.000191094974202178,0,0.000191094974202178,0.00229313969042614,0.00229313969042614,0.00229313969042614,0.00229313969042614,"syn","syn","syn",1.7e-05,1.07e-06,1.21e-06,1.21e-06,"0.00808736363636365","0.00633193000000002","1","0.00633193000000002","L","L","L","L","L",0,0,0,0,0,0,0
"2833",3096,5253,5253,"c","c","t","t",0.000190367409099562,0.000190367409099562,0,0,0,0,0,0,0.000190367409099562,0.000190367409099562,0.000190367409099562,0.000190367409099562,"nonsyn","nonsyn","nonsyn",4.58e-06,8.37e-07,4.33e-07,4.33e-07,"0.02405874","1","1","1","L","L","F","I","V",0,0,0,0,0,0,0
"2834",3097,5255,5255,"t","t","c","c",0.00209324452901998,0.00209324452901998,0.000380589914367269,0.000380589914367269,0.000380589914367269,0,0.000380589914367269,0,0.00247383444338725,0.00247383444338725,0.00247383444338725,0.00247383444338725,"nonsyn","nonsyn","nonsyn",1.7e-05,1.07e-06,1.21e-06,1.21e-06,"0.00812136363636364","0.003179275","0.002811425","1","L","L","P","H","R",1,1,1,0,1,0,1
"2835",3098,5285,5285,"c","c","t","t",0.000567644276253548,0.000567644276253548,0.000378429517502365,0.000378429517502365,0.000378429517502365,0,0.000378429517502365,0,0.000946073793755913,0.000946073793755913,0.000946073793755913,0.000946073793755913,"syn","syn","syn",4.58e-06,8.37e-07,4.33e-07,4.33e-07,"0.00806843333333333","0.0011442025","0.0022117725","1","L","L","L","L","L",0,0,0,0,0,0,0
"2836",3099,5303,5303,"c","c","t","t",0.00245144257967188,0.00245144257967188,0.000565717518385819,0.000565717518385819,0.000565717518385819,0,0.000565717518385819,0,0.0030171600980577,0.0030171600980577,0.0030171600980577,0.0030171600980577,"nonsyn","syn","nonsyn",4.58e-06,8.37e-07,4.33e-07,4.33e-07,"0.0018682876923077","0.000765399666666667","0.001479537","1","R","R","W","R","G",1,0,1,0,1,0,1
"2837",3100,5251,5251,"g","g","a","a",0.0249476290230432,0.0249476290230432,0.000380879832412874,0.000380879832412874,0.000380879832412874,0,0.000380879832412874,0,0.0253285088554561,0.0253285088554561,0.0253285088554561,0.0253285088554561,"nonsyn","nonsyn","nonsyn",4.2e-06,5.36e-07,1.17e-06,1.17e-06,"0.000168352671755725","0.003071835","0.001407268","1","R","R","Q","P","L",1,1,1,0,1,1,0
"2838",3101,5335,5335,"g","g","a","a",0.00224929709465792,0.00224929709465792,0.000374882849109653,0.000374882849109653,0,0.000374882849109653,0,0.000374882849109653,0.00262417994376757,0.00262417994376757,0.00262417994376757,0.00262417994376757,"syn","syn","syn",4.2e-06,5.36e-07,1.17e-06,1.17e-06,"0.00186725","0.003120975","1","0.003120975","R","R","R","R","R",0,0,0,0,0,0,0
"2839",3102,5300,5300,"a","a","g","g",0.00169811320754717,0.00169811320754717,0.000188679245283019,0.000188679245283019,0.000188679245283019,0,0.000188679245283019,0,0.00188679245283019,0.00188679245283019,0.00188679245283019,0.00188679245283019,"nonsyn","nonsyn","nonsyn",1.77e-05,1.76e-06,1.7e-06,1.7e-06,"0.0104233333333333","0.00900999999999999","0.00932799999999999","1","I","I","V","L","F",0,0,0,0,0,0,0
"2840",3103,5282,5282,"t","t","c","c",0.00132525558500568,0.00132525558500568,0.000378644452858766,0.000378644452858766,0.000378644452858766,0,0.000378644452858766,0,0.00170390003786445,0.00170390003786445,0.00170390003786445,0.00170390003786445,"nonsyn","nonsyn","nonsyn",1.7e-05,1.07e-06,1.21e-06,1.21e-06,"0.0128277142857143","0.00319561","0.00282587","1","I","I","T","N","S",1,1,1,0,0,0,0
"2841",3104,5298,5298,"c","c","t","t",0.00132125330313326,0.00132125330313326,0.00018875047187618,0.00018875047187618,0.00018875047187618,0,0.00018875047187618,0,0.00151000377500944,0.00151000377500944,0.00151000377500944,0.00151000377500944,"syn","syn","nonsyn",4.58e-06,8.37e-07,4.33e-07,4.33e-07,"0.00346640571428571","0.002294034","0.00443442599999999","1","I","I","I","I","M",0,0,0,0,0,0,0
"2842",3105,5526,5526,"t","t","c","c",0.00271444082519001,0.00271444082519001,0.00144770177343467,0.00144770177343467,0.00090481360839667,0.000542888165038002,0.00090481360839667,0.000542888165038002,0.00416214259862468,0.00416214259862468,0.00416214259862468,0.00416214259862468,"nonsyn","nonsyn","nonsyn",1.7e-05,1.07e-06,1.21e-06,1.21e-06,"0.0062628","0.000835807500000001","0.001182564","0.00222882","C","C","R","S","G",1,1,0,1,1,0,1
"2843",3106,5520,5520,"g","g","a","a",0.00543478260869565,0.00543478260869565,0.000181159420289855,0.000181159420289855,0,0.000181159420289855,0,0.000181159420289855,0.00561594202898551,0.00561594202898551,0.00561594202898551,0.00561594202898551,"nonsyn","nonsyn","nonsyn",4.2e-06,5.36e-07,1.17e-06,1.17e-06,"0.0007728","0.0064584","1","0.0064584","C","C","Y","S","F",1,1,1,0,0,0,0
"2844",3107,5519,5519,"c","c","t","t",0.00326146040949447,0.00326146040949447,0.000181192244971915,0.000181192244971915,0.000181192244971915,0,0.000181192244971915,0,0.00344265265446639,0.00344265265446639,0.00344265265446639,0.00344265265446639,"syn","stop","nonsyn",4.58e-06,8.37e-07,4.33e-07,4.33e-07,"0.00140427888888889","0.002389727","0.004619403","1","C","C","C","*","W",0,1,1,0,0,0,0
"2845",3108,5506,5506,"g","g","a","a",0.00345078096621867,0.00345078096621867,0,0,0,0,0,0,0.00345078096621867,0.00345078096621867,0.00345078096621867,0.00345078096621867,"nonsyn","nonsyn","nonsyn",4.2e-06,5.36e-07,1.17e-06,1.17e-06,"0.00121711578947368","1","1","1","A","A","T","P","S",1,1,1,0,0,0,0
"2846",3109,5492,5492,"c","c","t","t",0.0021849963583394,0.0021849963583394,0.000728332119446468,0.000728332119446468,0.000182083029861617,0.000546249089584851,0.000182083029861617,0.000546249089584851,0.00291332847778587,0.00291332847778587,0.00291332847778587,0.00291332847778587,"nonsyn","nonsyn","nonsyn",4.58e-06,8.37e-07,4.33e-07,4.33e-07,"0.00209611333333334","0.000594509","0.004596804","0.000792678666666666","A","A","V","E","G",0,1,1,0,0,0,0
"2847",3110,5508,5508,"g","g","a","a",0.00344952795933188,0.00344952795933188,0.000363108206245461,0.000363108206245461,0,0.000363108206245461,0,0.000363108206245461,0.00381263616557734,0.00381263616557734,0.00381263616557734,0.00381263616557734,"syn","syn","syn",4.2e-06,5.36e-07,1.17e-06,1.17e-06,"0.00121755789473684","0.00322218","1","0.00322218","A","A","A","A","A",0,0,0,0,0,0,0
"2848",3111,5461,5461,"c","c","t","t",0.00146493316242446,0.00146493316242446,0.000183116645303058,0.000183116645303058,0.000183116645303058,0,0.000183116645303058,0,0.00164804980772752,0.00164804980772752,0.00164804980772752,0.00164804980772752,"syn","nonsyn","nonsyn",4.58e-06,8.37e-07,4.33e-07,4.33e-07,"0.00312642250000001","0.002364613","0.004570857","1","L","L","L","I","V",0,0,0,0,0,0,0
"2849",3112,5449,5449,"t","t","c","c",0.00367039823820885,0.00367039823820885,0.000183519911910442,0.000183519911910442,0.000183519911910442,0,0.000183519911910442,0,0.00385391815011929,0.00385391815011929,0.00385391815011929,0.00385391815011929,"nonsyn","nonsyn","nonsyn",1.7e-05,1.07e-06,1.21e-06,1.21e-06,"0.00463164999999999","0.00659329000000001","0.00583043000000001","1","L","L","P","Q","R",1,1,1,0,1,0,1
"2850",3113,5441,5441,"a","a","g","g",0.00275684616798383,0.00275684616798383,0.000551369233596765,0.000551369233596765,0,0.000551369233596765,0,0.000551369233596765,0.00330821540158059,0.00330821540158059,0.00330821540158059,0.00330821540158059,"syn","syn","syn",1.77e-05,1.76e-06,1.7e-06,1.7e-06,"0.00642037999999999","0.00308323333333334","1","0.00308323333333334","L","L","L","L","L",0,0,0,0,1,1,0
"2851",3114,5454,5454,"g","g","a","a",0.00055005500550055,0.00055005500550055,0.000183351668500183,0.000183351668500183,0,0.000183351668500183,0,0.000183351668500183,0.000733406674000733,0.000733406674000733,0.000733406674000733,0.000733406674000733,"nonsyn","nonsyn","nonsyn",4.2e-06,5.36e-07,1.17e-06,1.17e-06,"0.0076356","0.00638118000000001","1","0.00638118000000001","A","A","T","P","S",1,1,1,0,0,0,0
"2852",3115,5474,5474,"c","c","t","t",0.00255754475703325,0.00255754475703325,0,0,0,0,0,0,0.00255754475703325,0.00255754475703325,0.00255754475703325,0.00255754475703325,"nonsyn","nonsyn","nonsyn",4.58e-06,8.37e-07,4.33e-07,4.33e-07,"0.00179078","1","1","1","A","A","V","E","G",0,1,1,0,0,0,0
"2853",3116,5465,5465,"g","g","a","a",0.00311070448307411,0.00311070448307411,0.000182982616651418,0.000182982616651418,0,0.000182982616651418,0,0.000182982616651418,0.00329368709972553,0.00329368709972553,0.00329368709972553,0.00329368709972553,"syn","syn","syn",4.2e-06,5.36e-07,1.17e-06,1.17e-06,"0.00135017647058823","0.00639405","1","0.00639405","A","A","A","A","A",0,0,0,0,0,0,0
"2854",3117,5465,5465,"c","c","t","t",0.00146386093321134,0.00146386093321134,0.000365965233302836,0.000365965233302836,0.000365965233302836,0,0.000365965233302836,0,0.00182982616651418,0.00182982616651418,0.00182982616651418,0.00182982616651418,"nonsyn","syn","nonsyn",4.58e-06,8.37e-07,4.33e-07,4.33e-07,"0.00312871250000001","0.0011831725","0.0022871025","1","R","R","W","R","G",1,0,1,0,0,0,0
"2855",3118,5478,5478,"g","g","a","a",0.00146038700255568,0.00146038700255568,0,0,0,0,0,0,0.00146038700255568,0.00146038700255568,0.00146038700255568,0.00146038700255568,"nonsyn","nonsyn","nonsyn",4.2e-06,5.36e-07,1.17e-06,1.17e-06,"0.00287594999999999","1","1","1","R","R","Q","P","L",1,1,1,0,1,1,0
"2856",3119,5469,5469,"g","g","a","a",0.0012799414883891,0.0012799414883891,0.000365697568111172,0.000365697568111172,0.000365697568111172,0,0.000365697568111172,0,0.00164563905650027,0.00164563905650027,0.00164563905650027,0.00164563905650027,"syn","syn","syn",4.2e-06,5.36e-07,1.17e-06,1.17e-06,"0.00328140000000001","0.003199365","0.001465692","1","R","R","R","R","R",0,0,0,0,0,0,0
"2857",3120,5443,5444,"a","a","g","g",0.00404188866433952,0.00404188866433952,0,0,0,0,0,0,0.00404188866433952,0.00404188866433952,0.00404114621601763,0.00404114621601763,"nonsyn","nonsyn","stop",1.77e-05,1.76e-06,1.7e-06,1.7e-06,"0.00437914090909091","1","1","1","K","K","E","Q","*",1,1,1,0,0,0,0
"2858",3121,5454,5454,"a","a","g","g",0.00293362669600293,0.00293362669600293,0.00128346167950128,0.00128346167950128,0.000183351668500183,0.0011001100110011,0.000183351668500183,0.0011001100110011,0.00421708837550422,0.00421708837550422,0.00421708837550422,0.00421708837550422,"nonsyn","nonsyn","nonsyn",1.77e-05,1.76e-06,1.7e-06,1.7e-06,"0.00603348750000001","0.00132454285714286","0.00959904000000002","0.0015453","K","K","R","T","M",0,1,1,0,1,1,0
"2859",3122,5466,5466,"g","g","a","a",0.000182949140139041,0.000182949140139041,0.000365898280278083,0.000365898280278083,0.000182949140139041,0.000182949140139041,0.000182949140139041,0.000182949140139041,0.000548847420417124,0.000548847420417124,0.000548847420417124,0.000548847420417124,"syn","nonsyn","nonsyn",4.2e-06,5.36e-07,1.17e-06,1.17e-06,"0.0229572","0.00319761","0.00292977600000001","0.00639522000000001","K","K","K","N","N",0,1,1,0,0,0,0
"2860",3123,5482,5482,"a","a","g","g",0.00529004013133893,0.00529004013133893,0.000364830353885443,0.000364830353885443,0.000182415176942722,0.000182415176942722,0.000182415176942722,0.000182415176942722,0.00565487048522437,0.00565487048522437,0.00565487048522437,0.00565487048522437,"nonsyn","nonsyn","nonsyn",1.77e-05,1.76e-06,1.7e-06,1.7e-06,"0.00334591034482758","0.0046597","0.00964831999999998","0.00931939999999998","M","I","V","L","L",0,0,0,0,0,0,0
"2861",3124,5383,5383,"t","t","c","c",0.00315809028422813,0.00315809028422813,0,0,0,0,0,0,0.00315809028422813,0.00315809028422813,0.00315809028422813,0.00315809028422813,"nonsyn","nonsyn","nonsyn",1.7e-05,1.07e-06,1.21e-06,1.21e-06,"0.00538299999999999","1","1","1","M","I","T","K","R",1,1,1,0,0,0,0
"2862",3125,5395,5395,"g","a","a","g",0.00092678405931418,0.998331788693234,0.000741427247451344,0.000741427247451344,0,0.000741427247451344,0,0.000741427247451344,0.00166821130676552,0.999073215940686,0.00166821130676552,0.999073215940686,"nonsyn","syn","syn",1.77e-05,1.76e-06,1.7e-06,1.7e-06,"1.77295766802822e-05","0.002292875","1","0.002292875","M","I","M","I","I",0,0,0,0,1,1,0
"2863",3126,5399,5399,"g","g","a","a",0.00129653639562882,0.00129653639562882,0,0,0,0,0,0,0.00129653639562882,0.00129653639562882,0.00129653639562882,0.00129653639562882,"nonsyn","nonsyn","nonsyn",4.2e-06,5.36e-07,1.17e-06,1.17e-06,"0.0032394","1","1","1","V","A","T","P","S",1,1,1,0,0,0,0
"2864",3127,5388,5388,"t","c","c","t",0.311618411284336,0.688010393466964,0.000371195248700817,0.000371195248700817,0.000371195248700817,0,0.000371195248700817,0,0.311989606533036,0.688381588715664,0.311989606533036,0.688381588715664,"nonsyn","nonsyn","nonsyn",4.58e-06,8.37e-07,4.33e-07,4.33e-07,"6.65687618019962e-06","0.001166502","0.002254878","1","V","A","V","D","G",0,1,1,0,0,0,0
"2865",3128,5403,5403,"c","c","t","t",0.00166574125485841,0.00166574125485841,0.000370164723301869,0.000370164723301869,0.000370164723301869,0,0.000370164723301869,0,0.00203590597816028,0.00203590597816028,0.00203590597816028,0.00203590597816028,"syn","syn","syn",4.58e-06,8.37e-07,4.33e-07,4.33e-07,"0.00274952666666667","0.0011697495","0.0022611555","1","V","A","A","A","A",0,0,0,0,1,0,1
"2866",3129,5397,5397,"g","g","a","a",0.00333518621456365,0.00333518621456365,0.000185288123031314,0.000185288123031314,0,0.000185288123031314,0,0.000185288123031314,0.00352047433759496,0.00352047433759496,0.00352047433759496,0.00352047433759496,"nonsyn","nonsyn","stop",4.2e-06,5.36e-07,1.17e-06,1.17e-06,"0.0012593","0.00631448999999999","1","0.00631448999999999","G","G","R","R","*",1,1,1,0,1,1,0
"2867",3130,5394,5394,"g","g","a","a",0.00129773822766036,0.00129773822766036,0.000185391175380052,0.000185391175380052,0,0.000185391175380052,0,0.000185391175380052,0.00148312940304042,0.00148312940304042,0.00148312940304042,0.00148312940304042,"nonsyn","nonsyn","nonsyn",4.2e-06,5.36e-07,1.17e-06,1.17e-06,"0.00323640000000001","0.00631098","1","0.00631098","G","G","E","A","V",1,1,1,0,0,0,0
"2868",3131,5380,5382,"a","a","g","g",0.00241635687732342,0.00241635687732342,0.00185873605947955,0.00185873605947955,0.00148698884758364,0.000371747211895911,0.00148698884758364,0.000371747211895911,0.00427509293680297,0.00427509293680297,0.00427350427350427,0.00427350427350427,"syn","syn","syn",1.77e-05,1.76e-06,1.7e-06,1.7e-06,"0.00732507692307692","0.000914600000000002","0.0011836","0.004573","G","G","G","G","G",0,0,0,0,1,1,0
"2869",3132,5391,5391,"g","g","a","a",0.000927471712112781,0.000927471712112781,0.000741977369690224,0.000741977369690224,0,0.000741977369690224,0,0.000741977369690224,0.00166944908180301,0.00166944908180301,0.00166944908180301,0.00166944908180301,"nonsyn","nonsyn","nonsyn",4.2e-06,5.36e-07,1.17e-06,1.17e-06,"0.00452844","0.0015768675","1","0.0015768675","G","G","S","R","C",1,1,0,0,1,1,0
"2870",3133,5407,5407,"g","g","a","a",0.00277418161642316,0.00277418161642316,0.000184945441094877,0.000184945441094877,0,0.000184945441094877,0,0.000184945441094877,0.00295912705751803,0.00295912705751803,0.00295912705751803,0.00295912705751803,"nonsyn","nonsyn","nonsyn",4.2e-06,5.36e-07,1.17e-06,1.17e-06,"0.00151396","0.00632619","1","0.00632619","G","G","D","A","V",1,1,1,0,0,0,0
"2871",3134,5448,5450,"c","t","t","c",0.0025697503671072,0.996696035242291,0.000734214390602056,0.000734214390602056,0.000367107195301028,0.000367107195301028,0.000367107195301028,0.000367107195301028,0.00330396475770925,0.997430249632893,0.00330275229357798,0.997064220183486,"syn","syn","syn",1.7e-05,1.07e-06,1.21e-06,1.21e-06,"1.70563535911602e-05","0.00164802","0.00291468","0.00329604","G","G","G","G","G",0,0,0,0,0,0,0
"2872",3135,5478,5478,"c","c","t","t",0.000730193501277839,0.000730193501277839,0,0,0,0,0,0,0.000730193501277839,0.000730193501277839,0.000730193501277839,0.000730193501277839,"nonsyn","nonsyn","nonsyn",4.58e-06,8.37e-07,4.33e-07,4.33e-07,"0.00627231","1","1","1","H","H","Y","N","D",1,1,1,0,0,0,0
"2873",3136,5393,5393,"a","a","g","g",0.00241053217133321,0.00241053217133321,0,0,0,0,0,0,0.00241053217133321,0.00241053217133321,0.00241053217133321,0.00241053217133321,"nonsyn","nonsyn","nonsyn",1.77e-05,1.76e-06,1.7e-06,1.7e-06,"0.00734277692307692","1","1","1","H","H","R","P","L",0,1,1,1,0,0,0
"2874",3137,5545,5546,"t","t","c","c",0.00216411181244364,0.00216411181244364,0.00036068530207394,0.00036068530207394,0.00036068530207394,0,0.00036068530207394,0,0.00252479711451758,0.00252479711451758,0.00252434186801298,0.00252434186801298,"syn","nonsyn","nonsyn",1.7e-05,1.07e-06,1.21e-06,1.21e-06,"0.00785541666666668","0.003354725","0.002966575","1","H","H","H","Q","Q",0,1,1,0,0,0,0
"2875",3138,5570,5570,"t","t","c","c",0.00197486535008977,0.00197486535008977,0,0,0,0,0,0,0.00197486535008977,0.00197486535008977,0.00197486535008977,0.00197486535008977,"nonsyn","nonsyn","nonsyn",1.7e-05,1.07e-06,1.21e-06,1.21e-06,"0.0086081818181818","1","1","1","Y","Y","H","N","D",1,1,1,0,0,0,0
"2876",3139,5560,5560,"a","a","g","g",0.00215827338129496,0.00215827338129496,0.000179856115107914,0.000179856115107914,0.000179856115107914,0,0.000179856115107914,0,0.00233812949640288,0.00233812949640288,0.00233812949640288,0.00233812949640288,"nonsyn","nonsyn","nonsyn",1.77e-05,1.76e-06,1.7e-06,1.7e-06,"0.00820100000000002","0.00945199999999998","0.00978559999999998","1","Y","Y","C","S","F",1,1,0,0,0,0,0
"2877",3140,5508,5508,"c","c","t","t",0.00108932461873638,0.00108932461873638,0,0,0,0,0,0,0.00108932461873638,0.00108932461873638,0.00108932461873638,0.00108932461873638,"syn","stop","stop",4.58e-06,8.37e-07,4.33e-07,4.33e-07,"0.00420444000000001","1","1","1","Y","Y","Y","*","*",0,1,1,0,0,0,0
"2878",3141,5499,5499,"g","g","a","a",0.00254591743953446,0.00254591743953446,0,0,0,0,0,0,0.00254591743953446,0.00254591743953446,0.00254591743953446,0.00254591743953446,"nonsyn","nonsyn","nonsyn",4.2e-06,5.36e-07,1.17e-06,1.17e-06,"0.0016497","1","1","1","V","V","M","L","L",0,0,0,0,0,0,0
"2879",3142,5494,5494,"t","t","c","c",0.00455041863851474,0.00455041863851474,0.000728066982162359,0.000728066982162359,0.000364033491081179,0.000364033491081179,0.000364033491081179,0.000364033491081179,0.0052784856206771,0.0052784856206771,0.0052784856206771,0.0052784856206771,"nonsyn","nonsyn","nonsyn",1.7e-05,1.07e-06,1.21e-06,1.21e-06,"0.00373592","0.001661935","0.00293929","0.00332387","V","V","A","E","G",0,1,1,1,0,0,0
"2880",3143,5482,5482,"g","g","a","a",0.00145932141554177,0.00145932141554177,0.000182415176942722,0.000182415176942722,0.000182415176942722,0,0.000182415176942722,0,0.00164173659248449,0.00164173659248449,0.00164173659248449,0.00164173659248449,"syn","syn","syn",4.2e-06,5.36e-07,1.17e-06,1.17e-06,"0.00287805000000001","0.00641393999999999","0.00293835199999999","1","V","V","V","V","V",0,0,0,0,0,0,0
"2881",3144,5483,5483,"c","c","t","t",0.00346525624658034,0.00346525624658034,0,0,0,0,0,0,0.00346525624658034,0.00346525624658034,0.00346525624658034,0.00346525624658034,"stop","nonsyn","nonsyn",4.58e-06,8.37e-07,4.33e-07,4.33e-07,"0.00132169157894737","1","1","1","Q","Q","*","K","E",1,1,1,0,0,0,0
"2882",3145,5450,5450,"a","a","g","g",0.00293577981651376,0.00293577981651376,0.00146788990825688,0.00146788990825688,0.00055045871559633,0.000917431192660551,0.00055045871559633,0.000917431192660551,0.00440366972477064,0.00440366972477064,0.00440366972477064,0.00440366972477064,"nonsyn","nonsyn","nonsyn",1.77e-05,1.76e-06,1.7e-06,1.7e-06,"0.0060290625","0.001158125","0.00319733333333334","0.001853","Q","Q","R","P","L",1,1,1,1,0,0,0
"2883",3146,5549,5549,"g","a","a","g",0.00108127590556857,0.998558298792575,0.00036042530185619,0.00036042530185619,0,0.00036042530185619,0,0.00036042530185619,0.00144170120742476,0.998918724094431,0.00144170120742476,0.998918724094431,"syn","nonsyn","nonsyn",1.77e-05,1.76e-06,1.7e-06,1.7e-06,"1.77255549539794e-05","0.00471665","1","0.00471665","Q","Q","Q","H","H",0,1,1,0,0,0,0
"2884",3147,5536,5536,"a","a","g","g",0.00415462427745665,0.00415462427745665,0.000541907514450867,0.000541907514450867,0.000361271676300578,0.000180635838150289,0.000361271676300578,0.000180635838150289,0.00469653179190751,0.00469653179190751,0.00469653179190751,0.00469653179190751,"nonsyn","nonsyn","nonsyn",1.77e-05,1.76e-06,1.7e-06,1.7e-06,"0.00426031304347826","0.00313706666666667","0.00487168","0.0094112","M","M","V","L","L",0,0,0,0,0,0,0
"2885",3148,5559,5559,"t","t","c","c",0.00143910775319302,0.00143910775319302,0.000539665407447383,0.000539665407447383,0.000539665407447383,0,0.000539665407447383,0,0.0019787731606404,0.0019787731606404,0.0019787731606404,0.0019787731606404,"nonsyn","nonsyn","nonsyn",1.7e-05,1.07e-06,1.21e-06,1.21e-06,"0.011812875","0.00224213","0.00198271","1","M","M","T","K","R",1,1,1,1,0,0,0
"2886",3149,5570,5570,"g","g","a","a",0.00161579892280072,0.00161579892280072,0.000359066427289048,0.000359066427289048,0,0.000359066427289048,0,0.000359066427289048,0.00197486535008977,0.00197486535008977,0.00197486535008977,0.00197486535008977,"nonsyn","nonsyn","nonsyn",4.2e-06,5.36e-07,1.17e-06,1.17e-06,"0.00259933333333333","0.00325845","1","0.00325845","M","M","I","I","I",0,0,0,0,1,1,0
"2887",3150,5551,5551,"g","g","a","a",0.00126103404791929,0.00126103404791929,0.000360295442262655,0.000360295442262655,0.000180147721131328,0.000180147721131328,0.000180147721131328,0.000180147721131328,0.00162132949018195,0.00162132949018195,0.00162132949018195,0.00162132949018195,"nonsyn","nonsyn","nonsyn",4.2e-06,5.36e-07,1.17e-06,1.17e-06,"0.00333060000000001","0.003247335","0.002975336","0.00649466999999999","V","A","T","P","S",1,1,1,0,0,0,0
"2888",3151,5523,5525,"t","c","c","t",0.00543183052688756,0.994024986420424,0.000543183052688756,0.000543183052688756,0.000181061017562919,0.000362122035125837,0.000181061017562919,0.000362122035125837,0.00597501357957632,0.994568169473112,0.00597285067873303,0.99420814479638,"nonsyn","nonsyn","nonsyn",4.58e-06,8.37e-07,4.33e-07,4.33e-07,"4.60753005464481e-06","0.000797153","0.00462275099999999","0.0011957295","V","A","V","D","G",0,1,1,0,0,0,0
"2889",3152,5535,5535,"t","c","c","t",0.0034327009936766,0.995844625112918,0.000722673893405601,0.000722673893405601,0.0003613369467028,0.0003613369467028,0.0003613369467028,0.0003613369467028,0.0041553748870822,0.996567299006323,0.0041553748870822,0.996567299006323,"syn","syn","syn",4.58e-06,8.37e-07,4.33e-07,4.33e-07,"4.59911103047895e-06","0.00059916375","0.0023163975","0.0011983275","V","A","A","A","A",0,0,0,0,1,0,1
"2890",3153,5543,5543,"a","a","g","g",0.00234530037885621,0.00234530037885621,0.000541223164351434,0.000541223164351434,0.000360815442900956,0.000180407721450478,0.000360815442900956,0.000180407721450478,0.00288652354320765,0.00288652354320765,0.00288652354320765,0.00288652354320765,"nonsyn","nonsyn","nonsyn",1.77e-05,1.76e-06,1.7e-06,1.7e-06,"0.00754700769230771","0.00314103333333333","0.00487784","0.00942310000000001","I","I","V","L","F",0,0,0,1,0,0,0
"2891",3154,5509,5509,"t","t","c","c",0.00326738064984571,0.00326738064984571,0.000544563441640951,0.000544563441640951,0.000363042294427301,0.00018152114721365,0.000363042294427301,0.00018152114721365,0.00381194409148666,0.00381194409148666,0.00381194409148666,0.00381194409148666,"nonsyn","nonsyn","nonsyn",1.7e-05,1.07e-06,1.21e-06,1.21e-06,"0.00520294444444444","0.00222196333333333","0.002947315","0.00666589000000002","I","I","T","N","S",1,1,1,0,0,0,0
"2892",3155,5581,5581,"c","c","t","t",0.00179179358537896,0.00179179358537896,0.000716717434151586,0.000716717434151586,0.000537538075613689,0.000179179358537896,0.000537538075613689,0.000179179358537896,0.00250851101953055,0.00250851101953055,0.00250851101953055,0.00250851101953055,"syn","syn","nonsyn",4.58e-06,8.37e-07,4.33e-07,4.33e-07,"0.00255609800000001","0.00060414325","0.001557099","0.00241657300000001","I","I","I","I","M",0,0,0,0,0,0,0
"2893",3156,5566,5566,"a","a","g","g",0.00323392022996766,0.00323392022996766,0.00053898670499461,0.00053898670499461,0.000179662234998203,0.000359324469996407,0.000179662234998203,0.000359324469996407,0.00377290693496227,0.00377290693496227,0.00377290693496227,0.00377290693496227,"nonsyn","nonsyn","nonsyn",1.77e-05,1.76e-06,1.7e-06,1.7e-06,"0.00547323333333333","0.00315406666666667","0.00979616000000002","0.0047311","I","I","V","L","F",0,0,0,1,0,0,0
"2894",3157,5533,5533,"t","t","c","c",0.00506054581601301,0.00506054581601301,0.000722935116573288,0.000722935116573288,0.000722935116573288,0,0.000722935116573288,0,0.0057834809325863,0.0057834809325863,0.0057834809325863,0.0057834809325863,"nonsyn","nonsyn","nonsyn",1.7e-05,1.07e-06,1.21e-06,1.21e-06,"0.00335932142857143","0.0016737325","0.0014800775","1","I","I","T","N","S",1,1,1,0,0,0,0
"2895",3158,5539,5539,"c","c","t","t",0.000541614009749052,0.000541614009749052,0.000180538003249684,0.000180538003249684,0.000180538003249684,0,0.000180538003249684,0,0.000722152012998736,0.000722152012998736,0.000722152012998736,0.000722152012998736,"syn","syn","nonsyn",4.58e-06,8.37e-07,4.33e-07,4.33e-07,"0.00845620666666667","0.002398387","0.004636143","1","I","I","I","I","M",0,0,0,0,0,0,0
"2896",3159,5530,5530,"a","a","g","g",0.00289330922242315,0.00289330922242315,0.000904159132007233,0.000904159132007233,0.000180831826401447,0.000723327305605787,0.000180831826401447,0.000723327305605787,0.00379746835443038,0.00379746835443038,0.00379746835443038,0.00379746835443038,"nonsyn","nonsyn","stop",1.77e-05,1.76e-06,1.7e-06,1.7e-06,"0.00611756249999999","0.0018802","0.00973279999999998","0.00235025","K","K","E","Q","*",1,1,1,1,0,0,0
"2897",3160,5509,5509,"a","a","g","g",0.0018152114721365,0.0018152114721365,0.00018152114721365,0.00018152114721365,0.00018152114721365,0,0.00018152114721365,0,0.00199673261935015,0.00199673261935015,0.00199673261935015,0.00199673261935015,"nonsyn","nonsyn","nonsyn",1.77e-05,1.76e-06,1.7e-06,1.7e-06,"0.00975093000000002","0.00936530000000002","0.00969584000000002","1","K","K","R","T","M",0,1,1,0,1,1,0
"2898",3161,5460,5460,"g","g","a","a",0.000183150183150183,0.000183150183150183,0.000183150183150183,0.000183150183150183,0,0.000183150183150183,0,0.000183150183150183,0.000366300366300366,0.000366300366300366,0.000366300366300366,0.000366300366300366,"syn","nonsyn","nonsyn",4.2e-06,5.36e-07,1.17e-06,1.17e-06,"0.022932","0.00638820000000001","1","0.00638820000000001","K","K","K","N","N",0,1,1,0,0,0,0
"2899",3162,5423,5423,"t","t","c","c",0.00184399778720266,0.00184399778720266,0.000368799557440531,0.000368799557440531,0.000184399778720266,0.000184399778720266,0.000184399778720266,0.000184399778720266,0.00221279734464319,0.00221279734464319,0.00221279734464319,0.00221279734464319,"syn","nonsyn","nonsyn",1.7e-05,1.07e-06,1.21e-06,1.21e-06,"0.00921909999999998","0.003280915","0.00580260999999998","0.00656182999999998","L","L","L","I","V",0,0,0,0,0,0,0
"2900",3163,5427,5428,"t","t","c","c",0.00276395798783858,0.00276395798783858,0.000368527731711811,0.000368527731711811,0.000368527731711811,0,0.000368527731711811,0,0.0031324857195504,0.0031324857195504,0.00313190862196021,0.00313190862196021,"nonsyn","stop","stop",1.7e-05,1.07e-06,1.21e-06,1.21e-06,"0.00615060000000001","0.003283335","0.002903445","1","L","L","S","*","*",1,1,1,0,0,0,0
"2901",3164,5381,5405,"g","a","a","g",0.00148671250696896,0.997955770302918,0.000557517190113362,0.000557517190113362,0,0.000557517190113362,0,0.000557517190113362,0.00204422969708233,0.998513287493031,0.00203515263644773,0.994079555966698,"syn","nonsyn","nonsyn",1.77e-05,1.76e-06,1.7e-06,1.7e-06,"1.77362569832402e-05","0.00304923333333333","1","0.00304923333333333","L","L","L","F","F",0,0,0,0,1,1,0
"2902",3165,5364,5364,"g","g","a","a",0.00111856823266219,0.00111856823266219,0.000186428038777032,0.000186428038777032,0,0.000186428038777032,0,0.000186428038777032,0.00130499627143922,0.00130499627143922,0.00130499627143922,0.00130499627143922,"nonsyn","nonsyn","nonsyn",4.2e-06,5.36e-07,1.17e-06,1.17e-06,"0.00375480000000001","0.00627588","1","0.00627588","G","G","R","R","W",1,1,1,0,1,1,0
"2903",3166,5322,5322,"g","g","a","a",0.00131529500187899,0.00131529500187899,0.000751597143930853,0.000751597143930853,0,0.000751597143930853,0,0.000751597143930853,0.00206689214580985,0.00206689214580985,0.00206689214580985,0.00206689214580985,"nonsyn","nonsyn","nonsyn",4.2e-06,5.36e-07,1.17e-06,1.17e-06,"0.00319320000000001","0.001556685","1","0.001556685","G","G","E","A","V",1,1,1,0,1,1,0
"2904",3167,5285,5285,"g","g","a","a",0.00227057710501419,0.00227057710501419,0,0,0,0,0,0,0.00227057710501419,0.00227057710501419,0.00227057710501419,0.00227057710501419,"syn","syn","syn",4.2e-06,5.36e-07,1.17e-06,1.17e-06,"0.00184975","1","1","1","G","G","G","G","G",0,0,0,0,1,1,0
"2905",3168,5264,5264,"g","g","a","a",0.00360942249240122,0.00360942249240122,0,0,0,0,0,0,0.00360942249240122,0.00360942249240122,0.00360942249240122,0.00360942249240122,"nonsyn","nonsyn","nonsyn",4.2e-06,5.36e-07,1.17e-06,1.17e-06,"0.00116362105263158","1","1","1","A","A","T","P","S",1,1,1,0,0,0,0
"2906",3169,5204,5204,"c","c","t","t",0.0163335895465027,0.0163335895465027,0.000384319754035357,0.000384319754035357,0.000384319754035357,0,0.000384319754035357,0,0.016717909300538,0.016717909300538,0.016717909300538,0.016717909300538,"nonsyn","nonsyn","nonsyn",4.58e-06,8.37e-07,4.33e-07,4.33e-07,"0.000280403764705882","0.001126666","0.002177874","1","A","A","V","E","G",0,1,1,0,0,0,0
"2907",3170,5255,5255,"g","g","a","a",0.00228353948620362,0.00228353948620362,0.000380589914367269,0.000380589914367269,0,0.000380589914367269,0,0.000380589914367269,0.00266412940057088,0.00266412940057088,0.00266412940057088,0.00266412940057088,"syn","syn","syn",4.2e-06,5.36e-07,1.17e-06,1.17e-06,"0.00183925","0.003074175","1","0.003074175","A","A","A","A","A",0,0,0,0,0,0,0
"2908",3171,5271,5271,"c","c","t","t",0.0015177385695314,0.0015177385695314,0.000189717321191425,0.000189717321191425,0.000189717321191425,0,0.000189717321191425,0,0.00170745589072282,0.00170745589072282,0.00170745589072282,0.00170745589072282,"nonsyn","nonsyn","nonsyn",4.58e-06,8.37e-07,4.33e-07,4.33e-07,"0.0030176475","0.002282343","0.00441182699999999","1","L","L","F","I","V",0,0,0,0,0,0,0
"2909",3172,5343,5344,"t","t","c","c",0.00374321542204754,0.00374321542204754,0.00149728616881902,0.00149728616881902,0.000374321542204754,0.00112296462661426,0.000374321542204754,0.00112296462661426,0.00524050159086655,0.00524050159086655,0.00523952095808383,0.00523952095808383,"nonsyn","nonsyn","nonsyn",1.7e-05,1.07e-06,1.21e-06,1.21e-06,"0.00454155","0.000808128749999998","0.002858505","0.001077505","L","L","P","H","R",1,1,1,0,1,0,1
"2910",3173,5353,5353,"t","t","c","c",0.000934055669717915,0.000934055669717915,0,0,0,0,0,0,0.000934055669717915,0.000934055669717915,0.000934055669717915,0.000934055669717915,"syn","syn","syn",1.7e-05,1.07e-06,1.21e-06,1.21e-06,"0.0182002","1","1","1","L","L","L","L","L",0,0,0,0,0,0,0
"2911",3174,5350,5350,"a","a","g","g",0.00990654205607477,0.00990654205607477,0.000186915887850467,0.000186915887850467,0.000186915887850467,0,0.000186915887850467,0,0.0100934579439252,0.0100934579439252,0.0100934579439252,0.0100934579439252,"nonsyn","nonsyn","nonsyn",1.77e-05,1.76e-06,1.7e-06,1.7e-06,"0.00178669811320755","0.00909500000000001","0.00941600000000001","1","T","T","A","P","S",1,1,0,0,0,0,0
"2912",3175,5420,5420,"c","c","t","t",0.00129151291512915,0.00129151291512915,0.00018450184501845,0.00018450184501845,0.00018450184501845,0,0.00018450184501845,0,0.0014760147601476,0.0014760147601476,0.0014760147601476,0.0014760147601476,"nonsyn","nonsyn","nonsyn",4.58e-06,8.37e-07,4.33e-07,4.33e-07,"0.00354622857142857","0.00234686","0.00453654","1","T","T","I","N","S",1,0,0,0,0,0,0
"2913",3176,5432,5432,"t","t","c","c",0.0040500736377025,0.0040500736377025,0.000736377025036819,0.000736377025036819,0.000552282768777614,0.000184094256259205,0.000552282768777614,0.000184094256259205,0.00478645066273932,0.00478645066273932,0.00478645066273932,0.00478645066273932,"syn","syn","syn",1.7e-05,1.07e-06,1.21e-06,1.21e-06,"0.00419745454545455","0.00164318","0.00193741333333333","0.00657271999999999","T","T","T","T","T",0,0,0,1,1,0,1
"2914",3177,5366,5366,"g","g","a","a",0.00130450987700335,0.00130450987700335,0.000372717107715244,0.000372717107715244,0,0.000372717107715244,0,0.000372717107715244,0.0016772269847186,0.0016772269847186,0.0016772269847186,0.0016772269847186,"nonsyn","nonsyn","nonsyn",4.2e-06,5.36e-07,1.17e-06,1.17e-06,"0.00321960000000001","0.00313911","1","0.00313911","G","G","S","R","C",1,1,0,0,1,1,0
"2915",3178,5364,5364,"g","g","a","a",0.00223713646532438,0.00223713646532438,0.000745712155108128,0.000745712155108128,0,0.000745712155108128,0,0.000745712155108128,0.00298284862043251,0.00298284862043251,0.00298284862043251,0.00298284862043251,"nonsyn","nonsyn","nonsyn",4.2e-06,5.36e-07,1.17e-06,1.17e-06,"0.0018774","0.00156897","1","0.00156897","G","G","D","A","V",1,1,1,0,0,0,0
"2916",3179,5324,5324,"c","c","t","t",0.00150262960180316,0.00150262960180316,0.000375657400450789,0.000375657400450789,0.000375657400450789,0,0.000375657400450789,0,0.00187828700225394,0.00187828700225394,0.00187828700225394,0.00187828700225394,"syn","syn","syn",4.58e-06,8.37e-07,4.33e-07,4.33e-07,"0.00304798999999999","0.001152646","0.002228094","1","G","G","G","G","G",0,0,0,0,0,0,0
"2917",3180,5327,5327,"a","a","g","g",0.00394218134034166,0.00394218134034166,0,0,0,0,0,0,0.00394218134034166,0.00394218134034166,0.00394218134034166,0.00394218134034166,"nonsyn","nonsyn","nonsyn",1.77e-05,1.76e-06,1.7e-06,1.7e-06,"0.0044899","1","1","1","T","T","A","P","S",1,1,0,1,0,0,0
"2918",3181,5352,5352,"c","c","t","t",0.00130792227204783,0.00130792227204783,0.000373692077727952,0.000373692077727952,0.000186846038863976,0.000186846038863976,0.000186846038863976,0.000186846038863976,0.00168161434977578,0.00168161434977578,0.00168161434977578,0.00168161434977578,"nonsyn","nonsyn","nonsyn",4.58e-06,8.37e-07,4.33e-07,4.33e-07,"0.00350173714285715","0.001158708","0.004479624","0.002317416","T","T","I","N","S",1,0,0,0,0,0,0
"2919",3182,5329,5329,"c","c","t","t",0.00150121974103959,0.00150121974103959,0.000375304935259899,0.000375304935259899,0.000187652467629949,0.000187652467629949,0.000187652467629949,0.000187652467629949,0.00187652467629949,0.00187652467629949,0.00187652467629949,0.00187652467629949,"syn","syn","syn",4.58e-06,8.37e-07,4.33e-07,4.33e-07,"0.00305085250000001","0.0011537285","0.00446037300000001","0.002307457","T","T","T","T","T",0,0,0,0,1,0,1
"2920",3183,5351,5351,"t","t","c","c",0.00392450009344048,0.00392450009344048,0.00280321435245748,0.00280321435245748,0.00261633339562699,0.000186880956830499,0.00261633339562699,0.000186880956830499,0.00672771444589796,0.00672771444589796,0.00672771444589796,0.00672771444589796,"nonsyn","nonsyn","nonsyn",1.7e-05,1.07e-06,1.21e-06,1.21e-06,"0.0043317619047619","0.000431647333333334","0.000408969285714285","0.00647471","Y","Y","H","N","D",1,1,1,0,1,0,1
"2921",3184,5346,5346,"a","a","g","g",0.00187055742611298,0.00187055742611298,0.000374111485222596,0.000374111485222596,0.000187055742611298,0.000187055742611298,0.000187055742611298,0.000187055742611298,0.00224466891133558,0.00224466891133558,0.00224466891133558,0.00224466891133558,"nonsyn","nonsyn","nonsyn",1.77e-05,1.76e-06,1.7e-06,1.7e-06,"0.00946242000000001","0.0045441","0.00940896000000001","0.00908820000000001","Y","Y","C","S","F",1,1,0,0,0,0,0
"2922",3185,5334,5334,"t","t","c","c",0.00206224221972253,0.00206224221972253,0.000749906261717285,0.000749906261717285,0,0.000749906261717285,0,0.000749906261717285,0.00281214848143982,0.00281214848143982,0.00281214848143982,0.00281214848143982,"syn","stop","stop",1.7e-05,1.07e-06,1.21e-06,1.21e-06,"0.00824345454545456","0.001613535","1","0.001613535","Y","Y","Y","*","*",0,1,1,1,0,0,0
"2923",3186,5376,5376,"g","g","a","a",0.000186011904761905,0.000186011904761905,0,0,0,0,0,0,0.000186011904761905,0.000186011904761905,0.000186011904761905,0.000186011904761905,"nonsyn","nonsyn","nonsyn",4.2e-06,5.36e-07,1.17e-06,1.17e-06,"0.0225792","1","1","1","V","V","M","L","L",0,0,0,0,0,0,0
"2924",3187,5353,5353,"t","t","c","c",0.00448346721464599,0.00448346721464599,0,0,0,0,0,0,0.00448346721464599,0.00448346721464599,0.00448346721464599,0.00448346721464599,"nonsyn","nonsyn","nonsyn",1.7e-05,1.07e-06,1.21e-06,1.21e-06,"0.00379170833333334","1","1","1","V","V","A","E","G",0,1,1,1,0,0,0
"2925",3188,5338,5338,"c","g","t","a",0.00168602472836268,0.000187336080929187,0.000187336080929187,0.999812663919071,0.000187336080929187,0,0.998126639190708,0.00168602472836268,0.00187336080929187,1,0.00187336080929187,1,"syn","syn","syn",4.2e-06,5.36e-07,1.17e-06,1.17e-06,"0.0224196","1.17021922428331e-06","5.37006006006006e-07","0.000693940000000001","V","V","V","V","V",0,0,0,0,0,0,0
"2926",3189,5328,5328,"t","t","c","c",0.00469219219219219,0.00469219219219219,0.00187687687687688,0.00187687687687688,0.0015015015015015,0.000375375375375375,0.0015015015015015,0.000375375375375375,0.00656906906906907,0.00656906906906907,0.00656906906906907,0.00656906906906907,"nonsyn","nonsyn","nonsyn",1.7e-05,1.07e-06,1.21e-06,1.21e-06,"0.00362304","0.000644687999999999","0.000712620000000001","0.00322344","Y","Y","H","N","D",1,1,1,0,0,0,0
"2927",3190,4972,4972,"a","a","g","g",0.00241351568785197,0.00241351568785197,0,0,0,0,0,0,0.00241351568785197,0.00241351568785197,0.00241351568785197,0.00241351568785197,"nonsyn","nonsyn","nonsyn",1.77e-05,1.76e-06,1.7e-06,1.7e-06,"0.0073337","1","1","1","Y","Y","C","S","F",1,1,0,0,0,0,0
"2928",3191,5207,5207,"c","t","t","c",0.000384098329172268,0.999615901670828,0,0,0,0,0,0,0.000384098329172268,0.999615901670828,0.000384098329172268,0.999615901670828,"syn","stop","stop",1.7e-05,1.07e-06,1.21e-06,1.21e-06,"1.70065321805956e-05","1","1","1","Y","Y","Y","*","*",0,1,1,0,0,0,0
"2929",3192,5191,5191,"a","a","g","g",0.00154112887690233,0.00154112887690233,0.000770564438451166,0.000770564438451166,0,0.000770564438451166,0,0.000770564438451166,0.0023116933153535,0.0023116933153535,0.0023116933153535,0.0023116933153535,"nonsyn","nonsyn","nonsyn",1.77e-05,1.76e-06,1.7e-06,1.7e-06,"0.0114850875","0.002206175","1","0.002206175","N","N","D","H","Y",1,1,1,0,0,0,0
"2930",3193,5183,5183,"a","a","g","g",0.00501639976847386,0.00501639976847386,0.00057881535790083,0.00057881535790083,0.00038587690526722,0.00019293845263361,0.00038587690526722,0.00019293845263361,0.00559521512637469,0.00559521512637469,0.00559521512637469,0.00559521512637469,"nonsyn","nonsyn","nonsyn",1.77e-05,1.76e-06,1.7e-06,1.7e-06,"0.00352842692307692","0.00293703333333333","0.00456104","0.00881109999999999","N","N","S","T","I",0,0,1,0,0,0,0
"2931",3194,5191,5191,"c","c","t","t",0.00154112887690233,0.00154112887690233,0.000192641109612791,0.000192641109612791,0.000192641109612791,0,0.000192641109612791,0,0.00173376998651512,0.00173376998651512,0.00173376998651512,0.00173376998651512,"syn","nonsyn","nonsyn",4.58e-06,8.37e-07,4.33e-07,4.33e-07,"0.0029718475","0.002247703","0.00434486700000001","1","N","N","N","K","K",0,1,1,0,0,0,0
"2932",3195,5160,5160,"c","c","t","t",0.00193798449612403,0.00193798449612403,0,0,0,0,0,0,0.00193798449612403,0.00193798449612403,0.00193798449612403,0.00193798449612403,"nonsyn","nonsyn","nonsyn",4.58e-06,8.37e-07,4.33e-07,4.33e-07,"0.00236328","1","1","1","H","H","Y","N","D",1,1,1,0,1,0,1
"2933",3196,5142,5142,"a","a","g","g",0.00136133800077791,0.00136133800077791,0.000194476857253987,0.000194476857253987,0,0.000194476857253987,0,0.000194476857253987,0.00155581485803189,0.00155581485803189,0.00155581485803189,0.00155581485803189,"nonsyn","nonsyn","nonsyn",1.77e-05,1.76e-06,1.7e-06,1.7e-06,"0.0130019142857143","0.00874139999999999","1","0.00874139999999999","H","H","R","P","L",0,1,1,1,0,0,0
"2934",3197,5213,5214,"t","t","c","c",0.0857471705352005,0.0857471705352005,0.000191828122002686,0.000191828122002686,0.000191828122002686,0,0.000191828122002686,0,0.0859389986572031,0.0859389986572031,0.0859225163022631,0.0859225163022631,"syn","nonsyn","nonsyn",1.7e-05,1.07e-06,1.21e-06,1.21e-06,"0.000198257270693512","0.00630772999999999","0.00557790999999999","1","H","H","H","Q","Q",0,1,1,0,0,0,0
"2935",3198,5167,5169,"c","c","t","t",0.00135475130636733,0.00135475130636733,0,0,0,0,0,0,0.00135475130636733,0.00135475130636733,0.00135422712323467,0.00135422712323467,"nonsyn","nonsyn","nonsyn",4.58e-06,8.37e-07,4.33e-07,4.33e-07,"0.00338069428571429","1","1","1","L","L","F","I","V",0,0,0,0,0,0,0
"2936",3199,5298,5298,"t","t","c","c",0.00528501321253303,0.00528501321253303,0.000566251415628539,0.000566251415628539,0.000377500943752359,0.00018875047187618,0.000377500943752359,0.00018875047187618,0.00585126462816157,0.00585126462816157,0.00585126462816157,0.00585126462816157,"nonsyn","nonsyn","nonsyn",1.7e-05,1.07e-06,1.21e-06,1.21e-06,"0.00321664285714286","0.00213686","0.00283443","0.00641057999999999","L","L","P","H","R",1,1,1,0,1,0,1
"2937",3200,5282,5282,"c","c","t","t",0.00170390003786445,0.00170390003786445,0,0,0,0,0,0,0.00170390003786445,0.00170390003786445,0.00170390003786445,0.00170390003786445,"syn","syn","syn",4.58e-06,8.37e-07,4.33e-07,4.33e-07,"0.0026879511111111","1","1","1","L","L","L","L","L",0,0,0,0,0,0,0
"2938",3201,5182,5182,"a","a","g","g",0.00347356233114628,0.00347356233114628,0.000192975685063682,0.000192975685063682,0.000192975685063682,0,0.000192975685063682,0,0.00366653801620996,0.00366653801620996,0.00366653801620996,0.00366653801620996,"nonsyn","nonsyn","nonsyn",1.77e-05,1.76e-06,1.7e-06,1.7e-06,"0.00509563333333333","0.0088094","0.00912032","1","T","T","A","P","S",1,1,0,1,0,0,0
"2939",3202,5107,5107,"c","c","t","t",0.000391619345995692,0.000391619345995692,0,0,0,0,0,0,0.000391619345995692,0.000391619345995692,0.000391619345995692,0.000391619345995692,"nonsyn","nonsyn","nonsyn",4.58e-06,8.37e-07,4.33e-07,4.33e-07,"0.01169503","1","1","1","T","T","I","N","S",1,0,0,0,0,0,0
"2940",3203,5116,5117,"t","c","c","t",0.00488663017982799,0.994917904612979,0.00019546520719312,0.00019546520719312,0,0.00019546520719312,0,0.00019546520719312,0.00508209538702111,0.995113369820172,0.00508110220832519,0.994918897791675,"syn","syn","syn",4.58e-06,8.37e-07,4.33e-07,4.33e-07,"4.60339489194499e-06","0.002215228","1","0.002215228","T","T","T","T","T",0,0,0,0,1,0,1
"2941",3204,4976,4976,"c","c","t","t",0.00180868167202572,0.00180868167202572,0.00020096463022508,0.00020096463022508,0.00020096463022508,0,0.00020096463022508,0,0.0020096463022508,0.0020096463022508,0.0020096463022508,0.0020096463022508,"nonsyn","nonsyn","nonsyn",4.58e-06,8.37e-07,4.33e-07,4.33e-07,"0.00253223111111112","0.002154608","0.00416491200000001","1","P","P","S","T","A",1,1,1,0,1,0,1
"2942",3205,4971,4971,"c","c","t","t",0.000603500301750151,0.000603500301750151,0.00020116676725005,0.00020116676725005,0.00020116676725005,0,0.00020116676725005,0,0.000804667069000201,0.000804667069000201,0.000804667069000201,0.000804667069000201,"nonsyn","nonsyn","nonsyn",4.58e-06,8.37e-07,4.33e-07,4.33e-07,"0.00758906","0.002152443","0.00416072700000001","1","P","P","L","H","R",1,1,1,0,1,0,1
"2943",3206,4802,4802,"t","t","c","c",0.289670970428988,0.289670970428988,0.000208246563931695,0.000208246563931695,0.000208246563931695,0,0.000208246563931695,0,0.28987921699292,0.28987921699292,0.28987921699292,0.28987921699292,"syn","syn","syn",1.7e-05,1.07e-06,1.21e-06,1.21e-06,"5.86872753414809e-05","0.00581042","0.00513814","1","P","P","P","P","P",0,0,0,0,1,0,1
"2944",3207,4843,4843,"c","c","t","t",0.000412967169110056,0.000412967169110056,0.000412967169110056,0.000412967169110056,0.000412967169110056,0,0.000412967169110056,0,0.000825934338220111,0.000825934338220111,0.000825934338220111,0.000825934338220111,"nonsyn","nonsyn","nonsyn",4.58e-06,8.37e-07,4.33e-07,4.33e-07,"0.01109047","0.0010485095","0.0020267955","1","L","L","F","I","V",0,0,0,0,0,0,0
"2945",3208,4948,4949,"t","t","c","c",0.00181891673403395,0.00181891673403395,0.000202101859337106,0.000202101859337106,0,0.000202101859337106,0,0.000202101859337106,0.00202101859337106,0.00202101859337106,0.00202061022428774,0.00202061022428774,"nonsyn","nonsyn","nonsyn",1.7e-05,1.07e-06,1.21e-06,1.21e-06,"0.00934622222222224","0.00598708","1","0.00598708","L","L","P","H","R",1,1,1,0,1,0,1
"2946",3209,4954,4954,"t","t","c","c",0.00060557125555107,0.00060557125555107,0.00040371417036738,0.00040371417036738,0.00020185708518369,0.00020185708518369,0.00020185708518369,0.00020185708518369,0.00100928542591845,0.00100928542591845,0.00100928542591845,0.00100928542591845,"syn","syn","syn",1.7e-05,1.07e-06,1.21e-06,1.21e-06,"0.0280726666666667","0.00299717","0.00530078","0.00599434","L","L","L","L","L",0,0,0,0,0,0,0
"2947",3210,4989,4989,"c","c","t","t",0.00120264582080577,0.00120264582080577,0.000200440970134295,0.000200440970134295,0.000200440970134295,0,0.000200440970134295,0,0.00140308679094007,0.00140308679094007,0.00140308679094007,0.00140308679094007,"stop","syn","nonsyn",4.58e-06,8.37e-07,4.33e-07,4.33e-07,"0.00380827000000001","0.002160237","0.00417579300000001","1","R","R","*","R","G",1,0,1,0,0,0,0
"2948",3211,4959,4960,"g","g","a","a",0.00221818915103852,0.00221818915103852,0.000403307118370639,0.000403307118370639,0,0.000403307118370639,0,0.000403307118370639,0.00262149626940916,0.00262149626940916,0.00262096774193548,0.00262096774193548,"nonsyn","nonsyn","nonsyn",4.2e-06,5.36e-07,1.17e-06,1.17e-06,"0.00189343636363636","0.002901015","1","0.002901015","R","R","Q","P","L",1,1,1,0,0,0,0
"2949",3212,4915,4915,"g","a","a","g",0.00122075279755849,0.998779247202441,0,0,0,0,0,0,0.00122075279755849,0.998779247202441,0.00122075279755849,0.998779247202441,"syn","syn","syn",1.77e-05,1.76e-06,1.7e-06,1.7e-06,"1.7721633733958e-05","1","1","1","R","R","R","R","R",0,0,0,0,1,1,0
"2950",3213,4883,4883,"g","g","a","a",0.000819168543927913,0.000819168543927913,0.000409584271963957,0.000409584271963957,0.000204792135981978,0.000204792135981978,0.000204792135981978,0.000204792135981978,0.00122875281589187,0.00122875281589187,0.00122875281589187,0.00122875281589187,"nonsyn","nonsyn","nonsyn",4.2e-06,5.36e-07,1.17e-06,1.17e-06,"0.00512715","0.002856555","0.002617288","0.00571311000000001","D","D","N","H","Y",1,1,1,0,0,0,0
"2951",3214,4917,4917,"a","a","g","g",0.00386414480374212,0.00386414480374212,0,0,0,0,0,0,0.00386414480374212,0.00386414480374212,0.00386414480374212,0.00386414480374212,"nonsyn","nonsyn","nonsyn",1.77e-05,1.76e-06,1.7e-06,1.7e-06,"0.00458057368421053","1","1","1","D","D","G","A","V",1,1,1,0,0,0,0
"2952",3215,4859,4859,"c","c","t","t",0.000823214653220827,0.000823214653220827,0,0,0,0,0,0,0.000823214653220827,0.000823214653220827,0.000823214653220827,0.000823214653220827,"syn","nonsyn","nonsyn",4.58e-06,8.37e-07,4.33e-07,4.33e-07,"0.005563555","1","1","1","D","D","D","E","E",0,0,0,0,0,0,0
"2953",3216,4926,4926,"t","t","c","c",0.00284206252537556,0.00284206252537556,0.00162403572878603,0.00162403572878603,0.00101502233049127,0.000609013398294762,0.00101502233049127,0.000609013398294762,0.00446609825416159,0.00446609825416159,0.00446609825416159,0.00446609825416159,"nonsyn","nonsyn","nonsyn",1.7e-05,1.07e-06,1.21e-06,1.21e-06,"0.00598157142857142","0.000745057500000002","0.001054164","0.00198682","W","W","R","R","G",1,1,1,1,1,0,1
"2954",3217,4938,4941,"g","g","a","a",0.00303766707168894,0.00303766707168894,0.000202511138112596,0.000202511138112596,0,0.000202511138112596,0,0.000202511138112596,0.00324017820980154,0.00324017820980154,0.00323821088848411,0.00323821088848411,"stop","nonsyn","nonsyn",4.2e-06,5.36e-07,1.17e-06,1.17e-06,"0.00138264","0.00577746000000001","1","0.00577746000000001","W","W","*","S","L",1,1,0,0,1,1,0
"2955",3218,4929,4929,"g","g","a","a",0.0014201663623453,0.0014201663623453,0.000405761817812944,0.000405761817812944,0,0.000405761817812944,0,0.000405761817812944,0.00182592818015825,0.00182592818015825,0.00182592818015825,0.00182592818015825,"stop","nonsyn","nonsyn",4.2e-06,5.36e-07,1.17e-06,1.17e-06,"0.00295740000000001","0.002883465","1","0.002883465","W","W","*","C","C",1,1,1,0,1,1,0
"2956",3219,5086,5086,"g","g","a","a",0.00157294534014943,0.00157294534014943,0,0,0,0,0,0,0.00157294534014943,0.00157294534014943,0.00157294534014943,0.00157294534014943,"nonsyn","nonsyn","nonsyn",4.2e-06,5.36e-07,1.17e-06,1.17e-06,"0.00267015","1","1","1","A","A","T","P","S",1,1,1,0,0,0,0
"2957",3220,5077,5078,"c","c","t","t",0.00216663383888123,0.00216663383888123,0.000393933425251133,0.000393933425251133,0.000393933425251133,0,0.000393933425251133,0,0.00256056726413236,0.00256056726413236,0.0025600630169358,0.0025600630169358,"nonsyn","nonsyn","nonsyn",4.58e-06,8.37e-07,4.33e-07,4.33e-07,"0.00211387818181818","0.0010991705","0.0021247245","1","A","A","V","E","G",0,1,1,0,0,0,0
"2958",3221,5066,5066,"g","g","a","a",0.00315831030398737,0.00315831030398737,0.00019739439399921,0.00019739439399921,0,0.00019739439399921,0,0.00019739439399921,0.00335570469798658,0.00335570469798658,0.00335570469798658,0.00335570469798658,"syn","syn","syn",4.2e-06,5.36e-07,1.17e-06,1.17e-06,"0.001329825","0.00592722000000001","1","0.00592722000000001","A","A","A","A","A",0,0,0,0,0,0,0
"2959",3222,5036,5036,"c","c","t","t",0.00218427323272438,0.00218427323272438,0.00079428117553614,0.00079428117553614,0.00079428117553614,0,0.00079428117553614,0,0.00297855440826052,0.00297855440826052,0.00297855440826052,0.00297855440826052,"nonsyn","nonsyn","nonsyn",4.58e-06,8.37e-07,4.33e-07,4.33e-07,"0.00209680727272728","0.000545147","0.001053783","1","H","H","Y","N","D",1,1,1,0,0,0,0
"2960",3223,5023,5023,"a","a","g","g",0.00418076846506072,0.00418076846506072,0.000199084212621939,0.000199084212621939,0,0.000199084212621939,0,0.000199084212621939,0.00437985267768266,0.00437985267768266,0.00437985267768266,0.00437985267768266,"nonsyn","nonsyn","nonsyn",1.77e-05,1.76e-06,1.7e-06,1.7e-06,"0.00423367142857143","0.0085391","1","0.0085391","H","H","R","P","L",0,1,1,1,0,0,0
"2961",3224,5058,5058,"c","c","t","t",0.000988533017002768,0.000988533017002768,0,0,0,0,0,0,0.000988533017002768,0.000988533017002768,0.000988533017002768,0.000988533017002768,"syn","nonsyn","nonsyn",4.58e-06,8.37e-07,4.33e-07,4.33e-07,"0.004633128","1","1","1","H","H","H","Q","Q",0,1,1,0,0,0,0
"2962",3225,5033,5033,"a","a","g","g",0.0031790184780449,0.0031790184780449,0.00119213192926684,0.00119213192926684,0.000397377309755613,0.000794754619511226,0.000397377309755613,0.000794754619511226,0.00437115040731174,0.00437115040731174,0.00437115040731174,0.00437115040731174,"nonsyn","nonsyn","nonsyn",1.77e-05,1.76e-06,1.7e-06,1.7e-06,"0.00556775625000001","0.00142601666666667","0.00442904","0.002139025","N","N","D","H","Y",1,1,1,1,0,0,0
"2963",3226,5018,5018,"a","a","g","g",0.00298923874053408,0.00298923874053408,0.000797130330809087,0.000797130330809087,0.000199282582702272,0.000597847748106815,0.000199282582702272,0.000597847748106815,0.00378636907134316,0.00378636907134316,0.00378636907134316,0.00378636907134316,"nonsyn","nonsyn","nonsyn",1.77e-05,1.76e-06,1.7e-06,1.7e-06,"0.00592123999999999","0.00213265","0.00883167999999999","0.00284353333333334","N","N","S","T","I",0,0,1,0,0,0,0
"2964",3227,5033,5033,"c","c","t","t",0.00238426385853368,0.00238426385853368,0.000397377309755613,0.000397377309755613,0.000198688654877806,0.000198688654877806,0.000198688654877806,0.000198688654877806,0.00278164116828929,0.00278164116828929,0.00278164116828929,0.00278164116828929,"syn","nonsyn","nonsyn",4.58e-06,8.37e-07,4.33e-07,4.33e-07,"0.00192092833333333","0.0010896445","0.00421262100000001","0.00217928900000001","N","N","N","K","K",0,1,1,0,0,0,0
"2965",3228,4997,4997,"g","g","a","a",0.00260156093656194,0.00260156093656194,0.000400240144086452,0.000400240144086452,0.000200120072043226,0.000200120072043226,0.000200120072043226,0.000200120072043226,0.00300180108064839,0.00300180108064839,0.00300180108064839,0.00300180108064839,"nonsyn","nonsyn","nonsyn",4.2e-06,5.36e-07,1.17e-06,1.17e-06,"0.00161441538461538","0.002923245","0.002678392","0.00584649","G","G","S","R","C",1,1,0,0,1,1,0
"2966",3229,4988,4988,"g","g","a","a",0.00220529270248597,0.00220529270248597,0.000601443464314354,0.000601443464314354,0.000200481154771451,0.000400962309542903,0.000200481154771451,0.000400962309542903,0.00280673616680032,0.00280673616680032,0.00280673616680032,0.00280673616680032,"nonsyn","nonsyn","nonsyn",4.2e-06,5.36e-07,1.17e-06,1.17e-06,"0.00190450909090909","0.00194532","0.00267356800000001","0.00291798","G","G","D","A","V",1,1,1,0,0,0,0
"2967",3230,5007,5007,"c","c","t","t",0.00139804274016377,0.00139804274016377,0.000199720391451967,0.000199720391451967,0.000199720391451967,0,0.000199720391451967,0,0.00159776313161574,0.00159776313161574,0.00159776313161574,0.00159776313161574,"syn","syn","syn",4.58e-06,8.37e-07,4.33e-07,4.33e-07,"0.00327600857142857","0.002168031","0.00419085900000001","1","G","G","G","G","G",0,0,0,0,0,0,0
"2968",3231,5037,5037,"c","c","t","t",0.00218383958705579,0.00218383958705579,0.000397061743101052,0.000397061743101052,0.000198530871550526,0.000198530871550526,0.000198530871550526,0.000198530871550526,0.00258090133015684,0.00258090133015684,0.00258090133015684,0.00258090133015684,"syn","nonsyn","nonsyn",4.58e-06,8.37e-07,4.33e-07,4.33e-07,"0.00209722363636363","0.0010905105","0.004215969","0.002181021","L","L","L","M","V",0,0,0,0,1,0,1
"2969",3232,5051,5051,"t","t","c","c",0.00316768956642249,0.00316768956642249,0.00217778657691546,0.00217778657691546,0.00197980597901406,0.000197980597901406,0.00197980597901406,0.000197980597901406,0.00534547614333795,0.00534547614333795,0.00534547614333795,0.00534547614333795,"nonsyn","nonsyn","nonsyn",1.7e-05,1.07e-06,1.21e-06,1.21e-06,"0.0053666875","0.000555610000000001","0.000540456999999999","0.00611170999999999","L","L","P","Q","R",1,1,1,1,1,0,1
"2970",3233,5080,5080,"g","g","a","a",0.00137795275590551,0.00137795275590551,0.000590551181102362,0.000590551181102362,0.000196850393700787,0.000393700787401575,0.000196850393700787,0.000393700787401575,0.00196850393700787,0.00196850393700787,0.00196850393700787,0.00196850393700787,"syn","syn","syn",4.2e-06,5.36e-07,1.17e-06,1.17e-06,"0.003048","0.0019812","0.00272288000000001","0.0029718","L","L","L","L","L",0,0,0,0,0,0,0
"2971",3234,5120,5120,"c","c","t","t",0.0015625,0.0015625,0.000390625,0.000390625,0.0001953125,0.0001953125,0.0001953125,0.0001953125,0.001953125,0.001953125,0.001953125,0.001953125,"stop","syn","nonsyn",4.58e-06,8.37e-07,4.33e-07,4.33e-07,"0.0029312","0.00110848","0.00428544","0.00221696","R","R","*","R","G",1,0,1,0,0,0,0
"2972",3235,5114,5114,"g","g","a","a",0.0160344153304654,0.0160344153304654,0.000586624951114587,0.000586624951114587,0.000195541650371529,0.000391083300743058,0.000195541650371529,0.000391083300743058,0.01662104028158,0.01662104028158,0.01662104028158,0.01662104028158,"nonsyn","nonsyn","nonsyn",4.2e-06,5.36e-07,1.17e-06,1.17e-06,"0.000261936585365853","0.00199446","0.002741104","0.00299169","R","R","Q","P","L",1,1,1,0,0,0,0
"2973",3236,5097,5097,"a","a","g","g",0.00470865214832254,0.00470865214832254,0.000784775358053757,0.000784775358053757,0,0.000784775358053757,0,0.000784775358053757,0.0054934275063763,0.0054934275063763,0.0054934275063763,0.0054934275063763,"syn","syn","syn",1.77e-05,1.76e-06,1.7e-06,1.7e-06,"0.0037590375","0.002166225","1","0.002166225","R","R","R","R","R",0,0,0,0,1,1,0
"2974",3237,5089,5089,"g","g","a","a",0.00078600903910395,0.00078600903910395,0,0,0,0,0,0,0.00078600903910395,0.00078600903910395,0.00078600903910395,0.00078600903910395,"nonsyn","nonsyn","nonsyn",4.2e-06,5.36e-07,1.17e-06,1.17e-06,"0.00534345","1","1","1","D","D","N","H","Y",1,1,1,0,0,0,0
"2975",3238,5086,5086,"a","a","g","g",0.00412898151789225,0.00412898151789225,0.000196618167518679,0.000196618167518679,0,0.000196618167518679,0,0.000196618167518679,0.00432559968541093,0.00432559968541093,0.00432559968541093,0.00432559968541093,"nonsyn","nonsyn","nonsyn",1.77e-05,1.76e-06,1.7e-06,1.7e-06,"0.00428677142857143","0.00864619999999999","1","0.00864619999999999","D","D","G","A","V",1,1,1,0,0,0,0
"2976",3239,5099,5099,"t","t","c","c",0.00451068837026868,0.00451068837026868,0,0,0,0,0,0,0.00451068837026868,0.00451068837026868,0.00451068837026868,0.00451068837026868,"syn","nonsyn","nonsyn",1.7e-05,1.07e-06,1.21e-06,1.21e-06,"0.00376882608695652","1","1","1","D","D","D","E","E",0,0,0,0,0,0,0
"2977",3240,5051,5051,"c","c","t","t",0.0201940209859434,0.0201940209859434,0.000197980597901406,0.000197980597901406,0.000197980597901406,0,0.000197980597901406,0,0.0203920015838448,0.0203920015838448,0.0203920015838448,0.0203920015838448,"syn","nonsyn","nonsyn",4.58e-06,8.37e-07,4.33e-07,4.33e-07,"0.000226799803921568","0.002187083","0.00422768699999999","1","L","L","L","M","V",0,0,0,0,0,0,0
"2978",3241,5141,5141,"t","t","c","c",0.00311223497374052,0.00311223497374052,0.00486286714646956,0.00486286714646956,0.00466835246061078,0.000194514685858782,0.00466835246061078,0.000194514685858782,0.00797510212021008,0.00797510212021008,0.00797510212021008,0.00797510212021008,"nonsyn","nonsyn","nonsyn",1.7e-05,1.07e-06,1.21e-06,1.21e-06,"0.0054623125","0.0002488244","0.000229202916666666","0.00622061000000001","L","L","P","Q","R",1,1,1,1,1,0,1
"2979",3242,5166,5167,"g","g","a","a",0.00116144018583043,0.00116144018583043,0.000387146728610143,0.000387146728610143,0,0.000387146728610143,0,0.000387146728610143,0.00154858691444057,0.00154858691444057,0.00154828720727695,0.00154828720727695,"syn","syn","syn",4.2e-06,5.36e-07,1.17e-06,1.17e-06,"0.0036162","0.00302211","1","0.00302211","L","L","L","L","L",0,0,0,0,1,1,0
"2980",3243,5168,5168,"g","g","a","a",0.00096749226006192,0.00096749226006192,0,0,0,0,0,0,0.00096749226006192,0.00096749226006192,0.00096749226006192,0.00096749226006192,"nonsyn","nonsyn","nonsyn",4.2e-06,5.36e-07,1.17e-06,1.17e-06,"0.00434112","1","1","1","A","A","T","P","S",1,1,1,0,0,0,0
"2981",3244,5151,5151,"c","c","t","t",0.0044651523975927,0.0044651523975927,0.0001941370607649,0.0001941370607649,0,0.0001941370607649,0,0.0001941370607649,0.0046592894583576,0.0046592894583576,0.0046592894583576,0.0046592894583576,"nonsyn","nonsyn","nonsyn",4.58e-06,8.37e-07,4.33e-07,4.33e-07,"0.00102572086956522","0.002230383","1","0.002230383","A","A","V","D","G",0,1,1,0,0,0,0
"2982",3245,5155,5155,"c","c","t","t",0.0023278370514064,0.0023278370514064,0.000775945683802134,0.000775945683802134,0.000775945683802134,0,0.000775945683802134,0,0.00310378273520854,0.00310378273520854,0.00310378273520854,0.00310378273520854,"syn","syn","syn",4.58e-06,8.37e-07,4.33e-07,4.33e-07,"0.00196749166666667","0.00055802875","0.00107868375","1","A","A","A","A","A",0,0,0,0,1,0,1
"2983",3246,5141,5141,"g","g","a","a",0.00116708811515269,0.00116708811515269,0,0,0,0,0,0,0.00116708811515269,0.00116708811515269,0.00116708811515269,0.00116708811515269,"nonsyn","nonsyn","nonsyn",4.2e-06,5.36e-07,1.17e-06,1.17e-06,"0.00359870000000001","1","1","1","V","V","M","L","L",0,0,0,0,0,0,0
"2984",3247,5078,5078,"t","t","c","c",0.0553367467506892,0.0553367467506892,0.000590783773139031,0.000590783773139031,0,0.000590783773139031,0,0.000590783773139031,0.0559275305238283,0.0559275305238283,0.0559275305238283,0.0559275305238283,"nonsyn","nonsyn","nonsyn",1.7e-05,1.07e-06,1.21e-06,1.21e-06,"0.000307209964412812","0.00204812666666667","1","0.00204812666666667","V","V","A","E","G",0,1,1,1,0,0,0
"2985",3248,5079,5079,"g","g","a","a",0.000196889151407757,0.000196889151407757,0.000984445757038787,0.000984445757038787,0,0.000984445757038787,0,0.000984445757038787,0.00118133490844654,0.00118133490844654,0.00118133490844654,0.00118133490844654,"syn","syn","syn",4.2e-06,5.36e-07,1.17e-06,1.17e-06,"0.0213318","0.001188486","1","0.001188486","V","V","V","V","V",0,0,0,0,1,1,0
"2986",3249,5113,5113,"g","g","a","a",0.00234695873264228,0.00234695873264228,0.000391159788773714,0.000391159788773714,0.000195579894386857,0.000195579894386857,0.000195579894386857,0.000195579894386857,0.002738118521416,0.002738118521416,0.002738118521416,0.002738118521416,"nonsyn","nonsyn","nonsyn",4.2e-06,5.36e-07,1.17e-06,1.17e-06,"0.00178955","0.002991105","0.002740568","0.00598221","A","A","T","P","S",1,1,1,0,0,0,0
"2987",3250,5165,5165,"c","c","t","t",0.00251694094869313,0.00251694094869313,0.000193610842207164,0.000193610842207164,0.000193610842207164,0,0.000193610842207164,0,0.00271055179090029,0.00271055179090029,0.00271055179090029,0.00271055179090029,"nonsyn","nonsyn","nonsyn",4.58e-06,8.37e-07,4.33e-07,4.33e-07,"0.00181966923076923","0.002236445","0.00432310499999999","1","A","A","V","D","G",0,1,1,0,0,0,0
"2988",3251,5167,5167,"t","t","c","c",0.00599961292819818,0.00599961292819818,0.000774143603638475,0.000774143603638475,0.000774143603638475,0,0.000774143603638475,0,0.00677375653183666,0.00677375653183666,0.00677375653183666,0.00677375653183666,"syn","syn","syn",1.7e-05,1.07e-06,1.21e-06,1.21e-06,"0.00283351612903226","0.0015630175","0.0013821725","1","A","A","A","A","A",0,0,0,1,1,0,1
"2989",3252,5176,5176,"g","g","a","a",0.000772797527047913,0.000772797527047913,0,0,0,0,0,0,0.000772797527047913,0.000772797527047913,0.000772797527047913,0.000772797527047913,"nonsyn","nonsyn","nonsyn",4.2e-06,5.36e-07,1.17e-06,1.17e-06,"0.0054348","1","1","1","V","V","M","L","L",0,0,0,0,0,0,0
"2990",3253,5225,5225,"t","t","c","c",0.00248803827751196,0.00248803827751196,0,0,0,0,0,0,0.00248803827751196,0.00248803827751196,0.00248803827751196,0.00248803827751196,"nonsyn","nonsyn","nonsyn",1.7e-05,1.07e-06,1.21e-06,1.21e-06,"0.00683269230769231","1","1","1","V","V","A","E","G",0,1,1,1,0,0,0
"2991",3254,5143,5143,"a","g","g","a",0.00272214660703869,0.996111219132802,0.00116663426015944,0.00116663426015944,0.000194439043359907,0.000972195216799533,0.000194439043359907,0.000972195216799533,0.00388878086719813,0.997277853392961,0.00388878086719813,0.997277853392961,"syn","syn","syn",4.2e-06,5.36e-07,1.17e-06,1.17e-06,"4.21639664259223e-06","0.001002885","0.002756648","0.001203462","V","V","V","V","V",0,0,0,0,1,1,0
"2992",3255,5203,5203,"g","g","a","a",0.000768787238131847,0.000768787238131847,0.000576590428598885,0.000576590428598885,0.000192196809532962,0.000384393619065923,0.000192196809532962,0.000384393619065923,0.00134537766673073,0.00134537766673073,0.00134537766673073,0.00134537766673073,"nonsyn","nonsyn","stop",4.2e-06,5.36e-07,1.17e-06,1.17e-06,"0.00546315","0.00202917","0.002788808","0.003043755","E","E","K","Q","*",1,1,1,0,0,0,0
"2993",3256,5195,5195,"a","a","g","g",0.00404234841193455,0.00404234841193455,0.000192492781520693,0.000192492781520693,0,0.000192492781520693,0,0.000192492781520693,0.00423484119345525,0.00423484119345525,0.00423484119345525,0.00423484119345525,"nonsyn","nonsyn","nonsyn",1.77e-05,1.76e-06,1.7e-06,1.7e-06,"0.00437864285714286","0.0088315","1","0.0088315","E","E","G","A","V",1,1,1,0,0,0,0
"2994",3257,5199,5199,"g","a","a","g",0.000769378726678207,0.998845931909983,0.000384689363339104,0.000384689363339104,0,0.000384689363339104,0,0.000384689363339104,0.00115406809001731,0.999230621273322,0.00115406809001731,0.999230621273322,"syn","nonsyn","nonsyn",1.77e-05,1.76e-06,1.7e-06,1.7e-06,"1.77204506065858e-05","0.00441915","1","0.00441915","E","E","E","D","D",0,0,0,0,0,0,0
"2995",3258,5186,5186,"c","c","t","t",0.00173544157346703,0.00173544157346703,0.000192826841496336,0.000192826841496336,0,0.000192826841496336,0,0.000192826841496336,0.00192826841496336,0.00192826841496336,0.00192826841496336,0.00192826841496336,"nonsyn","nonsyn","nonsyn",4.58e-06,8.37e-07,4.33e-07,4.33e-07,"0.00263909777777777","0.002245538","1","0.002245538","P","P","S","T","A",1,1,1,0,0,0,0
"2996",3259,5199,5199,"c","c","t","t",0.00153875745335641,0.00153875745335641,0,0,0,0,0,0,0.00153875745335641,0.00153875745335641,0.00153875745335641,0.00153875745335641,"nonsyn","nonsyn","nonsyn",4.58e-06,8.37e-07,4.33e-07,4.33e-07,"0.00297642750000001","1","1","1","P","P","L","Q","R",1,1,1,0,1,0,1
"2997",3260,5195,5195,"g","a","a","g",0.00153994225216554,0.997497593840231,0.000962463907603465,0.000962463907603465,0,0.000962463907603465,0,0.000962463907603465,0.00250240615976901,0.998460057747834,0.00250240615976901,0.998460057747834,"syn","syn","syn",1.77e-05,1.76e-06,1.7e-06,1.7e-06,"1.77444037051332e-05","0.0017663","1","0.0017663","P","P","P","P","P",0,0,0,1,1,1,0
"2998",3261,5164,5164,"g","g","a","a",0.00271107668474051,0.00271107668474051,0,0,0,0,0,0,0.00271107668474051,0.00271107668474051,0.00271107668474051,0.00271107668474051,"nonsyn","nonsyn","nonsyn",4.2e-06,5.36e-07,1.17e-06,1.17e-06,"0.0015492","1","1","1","V","V","I","L","F",0,0,0,0,0,0,0
"2999",3262,5156,5156,"t","t","c","c",0.00484871993793638,0.00484871993793638,0.000387897595034911,0.000387897595034911,0.000193948797517455,0.000193948797517455,0.000193948797517455,0.000193948797517455,0.0052366175329713,0.0052366175329713,0.0052366175329713,0.0052366175329713,"nonsyn","nonsyn","nonsyn",1.7e-05,1.07e-06,1.21e-06,1.21e-06,"0.00350608","0.00311938","0.00551692000000001","0.00623876000000001","V","V","A","D","G",0,1,1,0,0,0,0
"3000",3263,5190,5190,"c","c","t","t",0.00173410404624277,0.00173410404624277,0.000385356454720617,0.000385356454720617,0.000385356454720617,0,0.000385356454720617,0,0.00211946050096339,0.00211946050096339,0.00211946050096339,0.00211946050096339,"syn","syn","syn",4.58e-06,8.37e-07,4.33e-07,4.33e-07,"0.00264113333333334","0.001123635","0.002172015","1","V","V","V","V","V",0,0,0,0,0,0,0
"3001",3264,5217,5217,"g","g","a","a",0.0187847421889975,0.0187847421889975,0,0,0,0,0,0,0.0187847421889975,0.0187847421889975,0.0187847421889975,0.0187847421889975,"nonsyn","nonsyn","nonsyn",4.2e-06,5.36e-07,1.17e-06,1.17e-06,"0.000223585714285714","1","1","1","V","V","I","L","F",0,0,0,0,0,0,0
"3002",3265,5233,5233,"t","t","c","c",0.00573284922606535,0.00573284922606535,0.000191094974202178,0.000191094974202178,0,0.000191094974202178,0,0.000191094974202178,0.00592394420026753,0.00592394420026753,0.00592394420026753,0.00592394420026753,"nonsyn","nonsyn","nonsyn",1.7e-05,1.07e-06,1.21e-06,1.21e-06,"0.00296536666666667","0.00633193000000002","1","0.00633193000000002","V","V","A","D","G",0,1,1,0,0,0,0
"3003",3266,5264,5264,"c","t","t","c",0.000759878419452888,0.998860182370821,0.000379939209726444,0.000379939209726444,0.000189969604863222,0.000189969604863222,0.000189969604863222,0.000189969604863222,0.00113981762917933,0.999240121580547,0.00113981762917933,0.999240121580547,"syn","syn","syn",1.7e-05,1.07e-06,1.21e-06,1.21e-06,"1.70193990110308e-05","0.00318472","0.00563248","0.00636944","V","V","V","V","V",0,0,0,0,0,0,0
"3004",3267,5276,5276,"t","t","c","c",0.00549658832448825,0.00549658832448825,0.0161106899166035,0.0161106899166035,0.0157316148597422,0.000379075056861259,0.0157316148597422,0.000379075056861259,0.0216072782410917,0.0216072782410917,0.0216072782410917,0.0216072782410917,"nonsyn","nonsyn","nonsyn",1.7e-05,1.07e-06,1.21e-06,1.21e-06,"0.0030928275862069","7.51054117647058e-05","6.80159036144579e-05","0.00319198","F","F","L","I","V",0,0,0,0,0,0,0
"3005",3268,5158,5158,"t","t","c","c",0.00736719658782474,0.00736719658782474,0.000581620783249321,0.000581620783249321,0.000387747188832881,0.00019387359441644,0.000387747188832881,0.00019387359441644,0.00794881737107406,0.00794881737107406,0.00794881737107406,0.00794881737107406,"nonsyn","nonsyn","nonsyn",1.7e-05,1.07e-06,1.21e-06,1.21e-06,"0.00230752631578947","0.00208039333333334","0.00275953","0.00624118000000002","F","F","S","Y","C",1,0,1,0,0,0,0
"3006",3269,5246,5246,"c","c","t","t",0.000190621425848265,0.000190621425848265,0,0,0,0,0,0,0.000190621425848265,0.000190621425848265,0.000190621425848265,0.000190621425848265,"syn","nonsyn","nonsyn",4.58e-06,8.37e-07,4.33e-07,4.33e-07,"0.02402668","1","1","1","F","F","F","L","L",0,0,0,0,0,0,0
"3007",3270,5237,5237,"t","t","c","c",0.00305518426580103,0.00305518426580103,0.000190949016612564,0.000190949016612564,0,0.000190949016612564,0,0.000190949016612564,0.0032461332824136,0.0032461332824136,0.0032461332824136,0.0032461332824136,"nonsyn","nonsyn","nonsyn",1.7e-05,1.07e-06,1.21e-06,1.21e-06,"0.0055643125","0.00633677000000002","1","0.00633677000000002","S","S","P","T","A",1,0,1,0,1,0,1
"3008",3271,5295,5295,"c","c","t","t",0.00132200188857413,0.00132200188857413,0.000188857412653447,0.000188857412653447,0.000188857412653447,0,0.000188857412653447,0,0.00151085930122757,0.00151085930122757,0.00151085930122757,0.00151085930122757,"nonsyn","nonsyn","nonsyn",4.58e-06,8.37e-07,4.33e-07,4.33e-07,"0.00346444285714285","0.002292735","0.00443191499999999","1","S","S","F","Y","C",1,1,1,0,0,0,0
"3009",3272,5306,5306,"c","c","t","t",0.000565397663022993,0.000565397663022993,0.000753863550697324,0.000753863550697324,0.000753863550697324,0,0.000753863550697324,0,0.00131926121372032,0.00131926121372032,0.00131926121372032,0.00131926121372032,"syn","syn","syn",4.58e-06,8.37e-07,4.33e-07,4.33e-07,"0.00810049333333333","0.0005743745","0.0011102805","1","S","S","S","S","S",0,0,0,0,1,0,1
"3010",3273,5312,5312,"c","c","t","t",0.000753012048192771,0.000753012048192771,0,0,0,0,0,0,0.000753012048192771,0.000753012048192771,0.000753012048192771,0.000753012048192771,"stop","syn","nonsyn",4.58e-06,8.37e-07,4.33e-07,4.33e-07,"0.00608224","1","1","1","R","R","*","R","G",1,0,1,0,1,0,1
"3011",3274,5298,5298,"g","g","a","a",0.000755001887504719,0.000755001887504719,0.00018875047187618,0.00018875047187618,0,0.00018875047187618,0,0.00018875047187618,0.000943752359380898,0.000943752359380898,0.000943752359380898,0.000943752359380898,"nonsyn","nonsyn","nonsyn",4.2e-06,5.36e-07,1.17e-06,1.17e-06,"0.0055629","0.00619865999999999","1","0.00619865999999999","R","R","Q","P","L",1,1,1,0,0,0,0
"3012",3275,5252,5252,"a","a","g","g",0.00171363290175171,0.00171363290175171,0.00019040365575019,0.00019040365575019,0,0.00019040365575019,0,0.00019040365575019,0.0019040365575019,0.0019040365575019,0.0019040365575019,0.0019040365575019,"syn","syn","syn",1.77e-05,1.76e-06,1.7e-06,1.7e-06,"0.0103289333333334","0.00892840000000002","1","0.00892840000000002","R","R","R","R","R",0,0,0,0,0,0,0
"3013",3276,5212,5212,"a","a","g","g",0.00191864927091328,0.00191864927091328,0.000191864927091328,0.000191864927091328,0.000191864927091328,0,0.000191864927091328,0,0.0021105141980046,0.0021105141980046,0.0021105141980046,0.0021105141980046,"nonsyn","nonsyn","nonsyn",1.77e-05,1.76e-06,1.7e-06,1.7e-06,"0.00922523999999999","0.00886039999999999","0.00917311999999999","1","M","M","V","L","L",0,0,0,0,0,0,0
"3014",3277,5202,5202,"t","t","c","c",0.00307574009996155,0.00307574009996155,0,0,0,0,0,0,0.00307574009996155,0.00307574009996155,0.00307574009996155,0.00307574009996155,"nonsyn","nonsyn","nonsyn",1.7e-05,1.07e-06,1.21e-06,1.21e-06,"0.00552712500000001","1","1","1","M","M","T","K","R",1,1,1,1,0,0,0
"3015",3278,5293,5293,"g","g","a","a",0.0013225014169658,0.0013225014169658,0.000188928773852258,0.000188928773852258,0,0.000188928773852258,0,0.000188928773852258,0.00151143019081806,0.00151143019081806,0.00151143019081806,0.00151143019081806,"nonsyn","nonsyn","nonsyn",4.2e-06,5.36e-07,1.17e-06,1.17e-06,"0.00317580000000001","0.00619280999999999","1","0.00619280999999999","M","M","I","I","I",0,0,0,0,1,1,0
"3016",3279,5275,5275,"g","g","a","a",0.00113744075829384,0.00113744075829384,0.00018957345971564,0.00018957345971564,0,0.00018957345971564,0,0.00018957345971564,0.00132701421800948,0.00132701421800948,0.00132701421800948,0.00132701421800948,"nonsyn","nonsyn","stop",4.2e-06,5.36e-07,1.17e-06,1.17e-06,"0.0036925","0.00617174999999999","1","0.00617174999999999","E","E","K","Q","*",1,1,1,0,0,0,0
"3017",3280,5280,5280,"a","a","g","g",0.00492424242424242,0.00492424242424242,0.00132575757575758,0.00132575757575758,0.000378787878787879,0.000946969696969697,0.000378787878787879,0.000946969696969697,0.00625,0.00625,0.00625,0.00625,"nonsyn","nonsyn","nonsyn",1.77e-05,1.76e-06,1.7e-06,1.7e-06,"0.00359446153846154","0.00128228571428571","0.0046464","0.0017952","E","E","G","A","V",1,1,1,0,1,1,0
"3018",3281,5281,5281,"g","g","a","a",0.00189358076121947,0.00189358076121947,0.000378716152243893,0.000378716152243893,0,0.000378716152243893,0,0.000378716152243893,0.00227229691346336,0.00227229691346336,0.00227229691346336,0.00227229691346336,"syn","nonsyn","nonsyn",4.2e-06,5.36e-07,1.17e-06,1.17e-06,"0.00221802","0.003089385","1","0.003089385","E","E","E","D","D",0,0,0,0,0,0,0
"3019",3282,5273,5273,"a","a","g","g",0.00663758771098047,0.00663758771098047,0.000379290726341741,0.000379290726341741,0.00018964536317087,0.00018964536317087,0.00018964536317087,0.00018964536317087,0.00701687843732221,0.00701687843732221,0.00701687843732221,0.00701687843732221,"nonsyn","nonsyn","nonsyn",1.77e-05,1.76e-06,1.7e-06,1.7e-06,"0.00266663142857143","0.00448205","0.00928048000000002","0.00896410000000002","T","T","A","P","S",1,1,0,0,0,0,0
"3020",3283,5226,5226,"c","c","t","t",0.00114810562571757,0.00114810562571757,0.000765403750478377,0.000765403750478377,0.000382701875239189,0.000382701875239189,0.000382701875239189,0.000382701875239189,0.00191350937619594,0.00191350937619594,0.00191350937619594,0.00191350937619594,"nonsyn","nonsyn","nonsyn",4.58e-06,8.37e-07,4.33e-07,4.33e-07,"0.00398917999999999","0.0005657145","0.002187081","0.001131429","T","T","I","N","S",1,0,0,0,0,0,0
"3021",3284,5220,5220,"c","c","t","t",0.00114942528735632,0.00114942528735632,0.000766283524904215,0.000766283524904215,0.000766283524904215,0,0.000766283524904215,0,0.00191570881226054,0.00191570881226054,0.00191570881226054,0.00191570881226054,"syn","syn","syn",4.58e-06,8.37e-07,4.33e-07,4.33e-07,"0.00398460000000001","0.000565065","0.001092285","1","T","T","T","T","T",0,0,0,0,1,0,1
"3022",3285,5202,5203,"a","a","g","g",0.00230680507497117,0.00230680507497117,0.00230680507497117,0.00230680507497117,0,0.00230680507497117,0,0.00230680507497117,0.00461361014994233,0.00461361014994233,0.00461272342879108,0.00461272342879108,"nonsyn","nonsyn","stop",1.77e-05,1.76e-06,1.7e-06,1.7e-06,"0.00767294999999998","0.000736949999999998","1","0.000736949999999998","K","K","E","Q","*",1,1,1,1,0,0,0
"3023",3286,5168,5168,"a","a","g","g",0.0059984520123839,0.0059984520123839,0.00135448916408669,0.00135448916408669,0.000386996904024768,0.00096749226006192,0.000386996904024768,0.00096749226006192,0.00735294117647059,0.00735294117647059,0.00735294117647059,0.00735294117647059,"nonsyn","nonsyn","nonsyn",1.77e-05,1.76e-06,1.7e-06,1.7e-06,"0.00295076129032258","0.00125508571428571","0.00454784","0.00175712","K","K","R","T","M",0,1,1,0,1,1,0
"3024",3287,5204,5204,"g","g","a","a",0.00134511913912375,0.00134511913912375,0.000192159877017679,0.000192159877017679,0,0.000192159877017679,0,0.000192159877017679,0.00153727901614143,0.00153727901614143,0.00153727901614143,0.00153727901614143,"syn","nonsyn","nonsyn",4.2e-06,5.36e-07,1.17e-06,1.17e-06,"0.0031224","0.00608867999999999","1","0.00608867999999999","K","K","K","N","N",0,1,1,0,0,0,0
"3025",3288,5188,5188,"c","c","t","t",0.00115651503469545,0.00115651503469545,0,0,0,0,0,0,0.00115651503469545,0.00115651503469545,0.00115651503469545,0.00115651503469545,"nonsyn","nonsyn","nonsyn",4.58e-06,8.37e-07,4.33e-07,4.33e-07,"0.00396017333333334","1","1","1","L","L","F","I","V",0,0,0,0,0,0,0
"3026",3289,5192,5192,"t","t","c","c",0.00346687211093991,0.00346687211093991,0.000770416024653313,0.000770416024653313,0.000577812018489985,0.000192604006163328,0.000577812018489985,0.000192604006163328,0.00423728813559322,0.00423728813559322,0.00423728813559322,0.00423728813559322,"nonsyn","nonsyn","nonsyn",1.7e-05,1.07e-06,1.21e-06,1.21e-06,"0.00490355555555555","0.00157058","0.00185181333333333","0.00628232000000001","L","L","P","H","R",1,1,1,0,1,0,1
"3027",3290,5115,5115,"t","c","c","t",0.00527859237536657,0.994525904203324,0.000195503421309873,0.000195503421309873,0,0.000195503421309873,0,0.000195503421309873,0.00547409579667644,0.994721407624633,0.00547409579667644,0.994721407624633,"syn","syn","syn",4.58e-06,8.37e-07,4.33e-07,4.33e-07,"4.60520935718498e-06","0.002214795","1","0.002214795","L","L","L","L","L",0,0,0,0,0,0,0
"3028",3291,5176,5176,"a","a","g","g",0.000965996908809892,0.000965996908809892,0,0,0,0,0,0,0.000965996908809892,0.000965996908809892,0.000965996908809892,0.000965996908809892,"nonsyn","nonsyn","nonsyn",1.77e-05,1.76e-06,1.7e-06,1.7e-06,"0.01832304","1","1","1","I","I","V","L","F",0,0,0,1,0,0,0
"3029",3292,5105,5105,"t","t","c","c",0.00509304603330069,0.00509304603330069,0.00039177277179236,0.00039177277179236,0,0.00039177277179236,0,0.00039177277179236,0.00548481880509305,0.00548481880509305,0.00548481880509305,0.00548481880509305,"nonsyn","nonsyn","nonsyn",1.7e-05,1.07e-06,1.21e-06,1.21e-06,"0.00333788461538461","0.003088525","1","0.003088525","I","I","T","N","S",1,1,1,0,0,0,0
"3030",3293,5101,5101,"c","c","t","t",0.0013722799451088,0.0013722799451088,0.0001960399921584,0.0001960399921584,0.0001960399921584,0,0.0001960399921584,0,0.0015683199372672,0.0015683199372672,0.0015683199372672,0.0015683199372672,"syn","syn","nonsyn",4.58e-06,8.37e-07,4.33e-07,4.33e-07,"0.00333751142857143","0.002208733","0.00426953700000001","1","I","I","I","I","M",0,0,0,0,0,0,0
"3031",3294,5069,5069,"a","a","g","g",0.00473466166896824,0.00473466166896824,0.000789110278161373,0.000789110278161373,0.000197277569540343,0.00059183270862103,0.000197277569540343,0.00059183270862103,0.00552377194712961,0.00552377194712961,0.00552377194712961,0.00552377194712961,"nonsyn","nonsyn","nonsyn",1.77e-05,1.76e-06,1.7e-06,1.7e-06,"0.0037383875","0.002154325","0.00892144000000001","0.00287243333333333","T","T","A","P","S",1,1,0,1,0,0,0
"3032",3295,5092,5092,"c","c","t","t",0.00176747839748625,0.00176747839748625,0,0,0,0,0,0,0.00176747839748625,0.00176747839748625,0.00176747839748625,0.00176747839748625,"nonsyn","nonsyn","nonsyn",4.58e-06,8.37e-07,4.33e-07,4.33e-07,"0.00259126222222223","1","1","1","T","T","M","K","R",1,1,1,0,0,0,0
"3033",3296,5076,5076,"g","g","a","a",0.00472813238770686,0.00472813238770686,0.000197005516154452,0.000197005516154452,0,0.000197005516154452,0,0.000197005516154452,0.00492513790386131,0.00492513790386131,0.00492513790386131,0.00492513790386131,"syn","syn","syn",4.2e-06,5.36e-07,1.17e-06,1.17e-06,"0.000888299999999999","0.00593892000000001","1","0.00593892000000001","T","T","T","T","T",0,0,0,0,0,0,0
"3034",3297,4942,4949,"t","t","c","c",0.00384459732901659,0.00384459732901659,0.00121408336705787,0.00121408336705787,0.000607041683528936,0.000607041683528936,0.000607041683528936,0.000607041683528936,0.00505868069607446,0.00505868069607446,0.00505152556071934,0.00505152556071934,"nonsyn","nonsyn","nonsyn",1.7e-05,1.07e-06,1.21e-06,1.21e-06,"0.00442178947368421","0.000996636666666668","0.00176264666666667","0.00199327333333333","W","W","R","R","G",1,1,1,1,0,0,0
"3035",3298,4916,4961,"g","g","a","a",0.00081366965012205,0.00081366965012205,0.00081366965012205,0.00081366965012205,0,0.00081366965012205,0,0.00081366965012205,0.0016273393002441,0.0016273393002441,0.00161257810925217,0.00161257810925217,"stop","nonsyn","nonsyn",4.2e-06,5.36e-07,1.17e-06,1.17e-06,"0.0051618","0.00143793","1","0.00143793","W","W","*","S","L",1,1,0,0,1,1,0
"3036",3299,4943,4943,"g","g","a","a",0.000809225166902691,0.000809225166902691,0.00121383775035404,0.00121383775035404,0,0.00121383775035404,0,0.00121383775035404,0.00202306291725673,0.00202306291725673,0.00202306291725673,0.00202306291725673,"stop","nonsyn","nonsyn",4.2e-06,5.36e-07,1.17e-06,1.17e-06,"0.00519015","0.000963884999999997","1","0.000963884999999997","W","W","*","C","C",1,1,1,0,1,1,0
"3037",3300,4911,4911,"g","g","a","a",0.00183262064752596,0.00183262064752596,0.000814498065567094,0.000814498065567094,0,0.000814498065567094,0,0.000814498065567094,0.00264711871309306,0.00264711871309306,0.00264711871309306,0.00264711871309306,"nonsyn","nonsyn","nonsyn",4.2e-06,5.36e-07,1.17e-06,1.17e-06,"0.0022918","0.0014364675","1","0.0014364675","G","G","R","R","W",1,1,1,0,1,1,0
"3038",3301,4895,4895,"g","g","a","a",0.00326864147088866,0.00326864147088866,0.000408580183861083,0.000408580183861083,0,0.000408580183861083,0,0.000408580183861083,0.00367722165474974,0.00367722165474974,0.00367722165474974,0.00367722165474974,"nonsyn","nonsyn","nonsyn",4.2e-06,5.36e-07,1.17e-06,1.17e-06,"0.0012849375","0.002863575","1","0.002863575","G","G","E","A","V",1,1,1,0,1,1,0
"3039",3302,4900,4900,"g","g","a","a",0.000816326530612245,0.000816326530612245,0,0,0,0,0,0,0.000816326530612245,0.000816326530612245,0.000816326530612245,0.000816326530612245,"syn","syn","syn",4.2e-06,5.36e-07,1.17e-06,1.17e-06,"0.005145","1","1","1","G","G","G","G","G",0,0,0,0,1,1,0
"3040",3303,4898,4898,"g","g","a","a",0.00387913434054716,0.00387913434054716,0.000612494895875868,0.000612494895875868,0.000612494895875868,0,0.000612494895875868,0,0.00449162923642303,0.00449162923642303,0.00449162923642303,0.00449162923642303,"nonsyn","nonsyn","nonsyn",4.2e-06,5.36e-07,1.17e-06,1.17e-06,"0.00108271578947368","0.00191022","0.000875109333333333","1","A","A","T","P","S",1,1,1,0,0,0,0
"3041",3304,4880,4880,"c","c","t","t",0.00225409836065574,0.00225409836065574,0.000204918032786885,0.000204918032786885,0.000204918032786885,0,0.000204918032786885,0,0.00245901639344262,0.00245901639344262,0.00245901639344262,0.00245901639344262,"nonsyn","nonsyn","nonsyn",4.58e-06,8.37e-07,4.33e-07,4.33e-07,"0.00203185454545454","0.00211304","0.00408456","1","A","A","V","E","G",0,1,1,0,0,0,0
"3042",3305,4878,4878,"a","a","g","g",0.0043050430504305,0.0043050430504305,0.001640016400164,0.001640016400164,0.0002050020500205,0.0014350143501435,0.0002050020500205,0.0014350143501435,0.00594505945059451,0.00594505945059451,0.00594505945059451,0.00594505945059451,"syn","syn","syn",1.77e-05,1.76e-06,1.7e-06,1.7e-06,"0.00411145714285715","0.001036575","0.00858528000000001","0.00118465714285714","A","A","A","A","A",0,0,0,1,1,1,0
"3043",3306,4840,4840,"g","g","a","a",0.00144628099173554,0.00144628099173554,0.000826446280991736,0.000826446280991736,0.000206611570247934,0.000619834710743802,0.000206611570247934,0.000619834710743802,0.00227272727272727,0.00227272727272727,0.00227272727272727,0.00227272727272727,"nonsyn","nonsyn","nonsyn",4.2e-06,5.36e-07,1.17e-06,1.17e-06,"0.00290399999999999","0.0014157","0.00259424","0.0018876","D","D","N","H","Y",1,1,1,0,0,0,0
"3044",3307,4764,4764,"a","a","g","g",0.0044080604534005,0.0044080604534005,0.000629722921914358,0.000629722921914358,0.000209907640638119,0.000419815281276238,0.000209907640638119,0.000419815281276238,0.00503778337531486,0.00503778337531486,0.00503778337531486,0.00503778337531486,"nonsyn","nonsyn","nonsyn",1.77e-05,1.76e-06,1.7e-06,1.7e-06,"0.00401537142857143","0.0026996","0.00838464000000001","0.0040494","D","D","G","A","V",1,1,1,0,0,0,0
"3045",3308,4891,4891,"c","t","t","c",0.00122674299734206,0.998364342670211,0.000408914332447352,0.000408914332447352,0.000408914332447352,0,0.000408914332447352,0,0.00163565732978941,0.998773257002658,0.00163565732978941,0.998773257002658,"syn","nonsyn","nonsyn",1.7e-05,1.07e-06,1.21e-06,1.21e-06,"1.70278517304935e-05","0.002959055","0.002616685","1","D","D","D","E","E",0,0,0,0,0,0,0
"3046",3309,4855,4855,"a","a","g","g",0.00411946446961895,0.00411946446961895,0.00123583934088568,0.00123583934088568,0.000205973223480947,0.00102986611740474,0.000205973223480947,0.00102986611740474,0.00535530381050463,0.00535530381050463,0.00535530381050463,0.00535530381050463,"nonsyn","nonsyn","nonsyn",1.77e-05,1.76e-06,1.7e-06,1.7e-06,"0.004296675","0.00137558333333334","0.00854480000000002","0.0016507","T","T","A","P","S",1,1,0,0,0,0,0
"3047",3310,4937,4937,"c","c","t","t",0.00141786510026332,0.00141786510026332,0,0,0,0,0,0,0.00141786510026332,0.00141786510026332,0.00141786510026332,0.00141786510026332,"nonsyn","nonsyn","nonsyn",4.58e-06,8.37e-07,4.33e-07,4.33e-07,"0.00323020857142857","1","1","1","T","T","I","N","S",1,0,0,0,0,0,0
"3048",3311,4950,4950,"c","c","t","t",0.00181818181818182,0.00181818181818182,0.000404040404040404,0.000404040404040404,0.000404040404040404,0,0.000404040404040404,0,0.00222222222222222,0.00222222222222222,0.00222222222222222,0.00222222222222222,"syn","syn","syn",4.58e-06,8.37e-07,4.33e-07,4.33e-07,"0.002519","0.001071675","0.002071575","1","T","T","T","T","T",0,0,0,0,1,0,1
"3049",3312,4914,4914,"g","g","a","a",0.00101750101750102,0.00101750101750102,0.00101750101750102,0.00101750101750102,0.000407000407000407,0.000610500610500611,0.000407000407000407,0.000610500610500611,0.00203500203500203,0.00203500203500203,0.00203500203500203,0.00203500203500203,"nonsyn","nonsyn","nonsyn",4.2e-06,5.36e-07,1.17e-06,1.17e-06,"0.00412775999999999","0.001149876","0.001316952","0.00191646","A","A","T","P","S",1,1,1,0,0,0,0
"3050",3313,4927,4927,"c","c","t","t",0.00162370610919424,0.00162370610919424,0.000608889790947838,0.000608889790947838,0.000608889790947838,0,0.000608889790947838,0,0.00223259590014207,0.00223259590014207,0.00223259590014207,0.00223259590014207,"nonsyn","nonsyn","nonsyn",4.58e-06,8.37e-07,4.33e-07,4.33e-07,"0.00282070749999999","0.000711130333333334","0.001374633","1","A","A","V","D","G",0,1,1,0,0,0,0
"3051",3314,4920,4920,"c","c","t","t",0.0280487804878049,0.0280487804878049,0.000609756097560976,0.000609756097560976,0.000609756097560976,0,0.000609756097560976,0,0.0286585365853659,0.0286585365853659,0.0286585365853659,0.0286585365853659,"syn","syn","syn",4.58e-06,8.37e-07,4.33e-07,4.33e-07,"0.000163286956521739","0.00071012","0.00137268","1","A","A","A","A","A",0,0,0,0,1,0,1
"3052",3315,4898,4898,"g","g","a","a",0.00326663944467129,0.00326663944467129,0.000408329930583912,0.000408329930583912,0,0.000408329930583912,0,0.000408329930583912,0.00367496937525521,0.00367496937525521,0.00367496937525521,0.00367496937525521,"nonsyn","nonsyn","nonsyn",4.2e-06,5.36e-07,1.17e-06,1.17e-06,"0.001285725","0.00286533","1","0.00286533","A","A","T","P","S",1,1,1,0,0,0,0
"3053",3316,4886,4886,"c","c","t","t",0.00143266475644699,0.00143266475644699,0.000409332787556283,0.000409332787556283,0.000409332787556283,0,0.000409332787556283,0,0.00184199754400327,0.00184199754400327,0.00184199754400327,0.00184199754400327,"nonsyn","nonsyn","nonsyn",4.58e-06,8.37e-07,4.33e-07,4.33e-07,"0.00319684","0.001057819","0.002044791","1","A","A","V","E","G",0,1,1,0,0,0,0
"3054",3317,4893,4894,"g","g","a","a",0.000613120784794605,0.000613120784794605,0,0,0,0,0,0,0.000613120784794605,0.000613120784794605,0.000612995504699632,0.000612995504699632,"syn","syn","syn",4.2e-06,5.36e-07,1.17e-06,1.17e-06,"0.00685019999999999","1","1","1","A","A","A","A","A",0,0,0,0,0,0,0
"3055",3318,4823,4824,"t","t","c","c",0.00435413642960813,0.00435413642960813,0.00145137880986938,0.00145137880986938,0.00124403897988804,0.000207339829981339,0.00124403897988804,0.000207339829981339,0.0058055152394775,0.0058055152394775,0.00580431177446103,0.00580431177446103,"nonsyn","nonsyn","nonsyn",1.7e-05,1.07e-06,1.21e-06,1.21e-06,"0.00390433333333333","0.000833689999999998","0.000860101666666664","0.00583583000000001","C","C","R","S","G",1,1,0,1,0,0,0
"3056",3319,4864,4864,"g","g","a","a",0.00123355263157895,0.00123355263157895,0.000411184210526316,0.000411184210526316,0,0.000411184210526316,0,0.000411184210526316,0.00164473684210526,0.00164473684210526,0.00164473684210526,0.00164473684210526,"nonsyn","nonsyn","nonsyn",4.2e-06,5.36e-07,1.17e-06,1.17e-06,"0.00340479999999999","0.00284544","1","0.00284544","C","C","Y","S","F",1,1,1,0,0,0,0
"3057",3320,4882,4882,"c","c","t","t",0.0014338385907415,0.0014338385907415,0.000409668168783286,0.000409668168783286,0.000204834084391643,0.000204834084391643,0.000204834084391643,0.000204834084391643,0.00184350675952478,0.00184350675952478,0.00184350675952478,0.00184350675952478,"syn","stop","nonsyn",4.58e-06,8.37e-07,4.33e-07,4.33e-07,"0.00319422285714286","0.001056953","0.004086234","0.002113906","C","C","C","*","W",0,1,1,0,0,0,0
"3058",3321,4872,4873,"g","g","a","a",0.00266830870279146,0.00266830870279146,0,0,0,0,0,0,0.00266830870279146,0.00266830870279146,0.00266776113277242,0.00266776113277242,"nonsyn","nonsyn","nonsyn",4.2e-06,5.36e-07,1.17e-06,1.17e-06,"0.00157403076923077","1","1","1","G","G","S","R","C",1,1,0,0,1,1,0
"3059",3322,4891,4891,"g","g","a","a",0.00122674299734206,0.00122674299734206,0,0,0,0,0,0,0.00122674299734206,0.00122674299734206,0.00122674299734206,0.00122674299734206,"nonsyn","nonsyn","nonsyn",4.2e-06,5.36e-07,1.17e-06,1.17e-06,"0.00342369999999999","1","1","1","G","G","D","A","V",1,1,1,0,0,0,0
"3060",3323,4796,4796,"t","t","c","c",0.00625521267723103,0.00625521267723103,0.00187656380316931,0.00187656380316931,0,0.00187656380316931,0,0.00187656380316931,0.00813177648040033,0.00813177648040033,0.00813177648040033,0.00813177648040033,"syn","syn","syn",1.7e-05,1.07e-06,1.21e-06,1.21e-06,"0.00271773333333333","0.000644795555555555","1","0.000644795555555555","G","G","G","G","G",0,0,0,1,0,0,0
"3061",3324,4808,4808,"g","g","a","a",0.00145590682196339,0.00145590682196339,0.000207986688851913,0.000207986688851913,0,0.000207986688851913,0,0.000207986688851913,0.00166389351081531,0.00166389351081531,0.00166389351081531,0.00166389351081531,"nonsyn","nonsyn","nonsyn",4.2e-06,5.36e-07,1.17e-06,1.17e-06,"0.00288480000000001","0.00562536000000001","1","0.00562536000000001","D","D","N","H","Y",1,1,1,0,0,0,0
"3062",3325,4845,4845,"a","a","g","g",0.0105263157894737,0.0105263157894737,0.000206398348813209,0.000206398348813209,0,0.000206398348813209,0,0.000206398348813209,0.0107327141382869,0.0107327141382869,0.0107327141382869,0.0107327141382869,"nonsyn","nonsyn","nonsyn",1.77e-05,1.76e-06,1.7e-06,1.7e-06,"0.0016815","0.00823650000000002","1","0.00823650000000002","D","D","G","A","V",1,1,1,0,0,0,0
"3063",3326,4896,4896,"c","c","t","t",0.00163398692810458,0.00163398692810458,0.000408496732026144,0.000408496732026144,0.000408496732026144,0,0.000408496732026144,0,0.00204248366013072,0.00204248366013072,0.00204248366013072,0.00204248366013072,"syn","nonsyn","nonsyn",4.58e-06,8.37e-07,4.33e-07,4.33e-07,"0.00280295999999999","0.001059984","0.002048976","1","D","D","D","E","E",0,0,0,0,0,0,0
"3064",3327,4922,4922,"a","a","g","g",0.0130028443722064,0.0130028443722064,0.00101584721657863,0.00101584721657863,0,0.00101584721657863,0,0.00101584721657863,0.014018691588785,0.014018691588785,0.014018691588785,0.014018691588785,"nonsyn","nonsyn","nonsyn",1.77e-05,1.76e-06,1.7e-06,1.7e-06,"0.001361240625","0.00167347999999999","1","0.00167347999999999","I","I","V","L","F",0,0,0,1,0,0,0
"3065",3328,4882,4882,"t","t","c","c",0.00245800901269971,0.00245800901269971,0.00225317492830807,0.00225317492830807,0.00163867267513314,0.000614502253174928,0.00163867267513314,0.000614502253174928,0.00471118394100778,0.00471118394100778,0.00471118394100778,0.00471118394100778,"nonsyn","nonsyn","nonsyn",1.7e-05,1.07e-06,1.21e-06,1.21e-06,"0.00691616666666668","0.00053702","0.000652967500000001","0.00196907333333333","I","I","T","N","S",1,1,1,0,0,0,0
"3066",3329,4927,4927,"c","c","t","t",0.00182666937284352,0.00182666937284352,0.000405926527298559,0.000405926527298559,0.000405926527298559,0,0.000405926527298559,0,0.00223259590014207,0.00223259590014207,0.00223259590014207,0.00223259590014207,"syn","syn","nonsyn",4.58e-06,8.37e-07,4.33e-07,4.33e-07,"0.00250729555555555","0.0010666955","0.0020619495","1","I","I","I","I","M",0,0,0,0,0,0,0
"3067",3330,4898,4898,"a","a","g","g",0.00204164965291956,0.00204164965291956,0.000204164965291956,0.000204164965291956,0.000204164965291956,0,0.000204164965291956,0,0.00224581461821152,0.00224581461821152,0.00224581461821152,0.00224581461821152,"nonsyn","nonsyn","nonsyn",1.77e-05,1.76e-06,1.7e-06,1.7e-06,"0.00866946","0.0083266","0.00862048","1","I","I","V","L","F",0,0,0,1,0,0,0
"3068",3331,4805,4805,"t","t","c","c",0.00416233090530697,0.00416233090530697,0.000624349635796046,0.000624349635796046,0.000624349635796046,0,0.000624349635796046,0,0.00478668054110302,0.00478668054110302,0.00478668054110302,0.00478668054110302,"nonsyn","nonsyn","nonsyn",1.7e-05,1.07e-06,1.21e-06,1.21e-06,"0.00408425","0.00193801666666667","0.00171378333333333","1","I","I","T","N","S",1,1,1,0,0,0,0
"3069",3332,4811,4811,"c","c","t","t",0.000831427977551445,0.000831427977551445,0,0,0,0,0,0,0.000831427977551445,0.000831427977551445,0.000831427977551445,0.000831427977551445,"syn","syn","nonsyn",4.58e-06,8.37e-07,4.33e-07,4.33e-07,"0.005508595","1","1","1","I","I","I","I","M",0,0,0,0,0,0,0
"3070",3333,4804,4805,"a","a","g","g",0.00312239800166528,0.00312239800166528,0,0,0,0,0,0,0.00312239800166528,0.00312239800166528,0.00312174817898023,0.00312174817898023,"nonsyn","nonsyn","nonsyn",1.77e-05,1.76e-06,1.7e-06,1.7e-06,"0.00566872","1","1","1","N","N","D","H","Y",1,1,1,1,0,0,0
"3071",3334,4796,4796,"a","a","g","g",0.00229357798165138,0.00229357798165138,0.000417014178482068,0.000417014178482068,0.000208507089241034,0.000208507089241034,0.000208507089241034,0.000208507089241034,0.00271059216013344,0.00271059216013344,0.00271059216013344,0.00271059216013344,"nonsyn","nonsyn","nonsyn",1.77e-05,1.76e-06,1.7e-06,1.7e-06,"0.00771719999999999","0.0040766","0.00844096000000001","0.00815320000000001","N","N","S","T","I",0,0,1,0,0,0,0
"3072",3335,4815,4816,"c","c","t","t",0.00166147455867082,0.00166147455867082,0.000207684319833853,0.000207684319833853,0.000207684319833853,0,0.000207684319833853,0,0.00186915887850467,0.00186915887850467,0.0018687707641196,0.0018687707641196,"syn","nonsyn","nonsyn",4.58e-06,8.37e-07,4.33e-07,4.33e-07,"0.0027565875","0.002084895","0.00403015499999999","1","N","N","N","K","K",0,1,1,0,0,0,0
"3073",3336,4780,4780,"g","g","a","a",0.00397489539748954,0.00397489539748954,0.000209205020920502,0.000209205020920502,0,0.000209205020920502,0,0.000209205020920502,0.00418410041841004,0.00418410041841004,0.00418410041841004,0.00418410041841004,"nonsyn","nonsyn","nonsyn",4.2e-06,5.36e-07,1.17e-06,1.17e-06,"0.00105663157894737","0.0055926","1","0.0055926","G","G","S","R","C",1,1,0,0,1,1,0
"3074",3337,4740,4740,"g","g","a","a",0.00168776371308017,0.00168776371308017,0.00105485232067511,0.00105485232067511,0,0.00105485232067511,0,0.00105485232067511,0.00274261603375527,0.00274261603375527,0.00274261603375527,0.00274261603375527,"nonsyn","nonsyn","nonsyn",4.2e-06,5.36e-07,1.17e-06,1.17e-06,"0.0024885","0.00110916","1","0.00110916","G","G","D","A","V",1,1,1,0,0,0,0
"3075",3338,4718,4718,"c","c","t","t",0.00190758796100042,0.00190758796100042,0.000423908435777872,0.000423908435777872,0.000423908435777872,0,0.000423908435777872,0,0.0023314963967783,0.0023314963967783,0.0023314963967783,0.0023314963967783,"syn","syn","syn",4.58e-06,8.37e-07,4.33e-07,4.33e-07,"0.00240093777777778","0.001021447","0.001974483","1","G","G","G","G","G",0,0,0,0,0,0,0
"3076",3339,4706,4707,"t","t","c","c",0.00318742031449214,0.00318742031449214,0.000849978750531237,0.000849978750531237,0.000424989375265618,0.000424989375265618,0.000424989375265618,0.000424989375265618,0.00403739906502337,0.00403739906502337,0.00403654132143616,0.00403654132143616,"syn","nonsyn","nonsyn",1.7e-05,1.07e-06,1.21e-06,1.21e-06,"0.00533346666666666","0.001423565","0.00251771","0.00284713","L","L","L","M","V",0,0,0,0,1,0,1
"3077",3340,4699,4699,"t","t","c","c",0.00148967865503299,0.00148967865503299,0.000638433709299851,0.000638433709299851,0.000425622472866567,0.000212811236433284,0.000425622472866567,0.000212811236433284,0.00212811236433284,0.00212811236433284,0.00212811236433284,0.00212811236433284,"nonsyn","stop","nonsyn",1.7e-05,1.07e-06,1.21e-06,1.21e-06,"0.0114118571428571","0.00189526333333333","0.002513965","0.00568578999999999","L","L","S","*","W",1,1,0,1,0,0,0
"3078",3341,4748,4749,"g","g","a","a",0.0014743049705139,0.0014743049705139,0,0,0,0,0,0,0.0014743049705139,0.0014743049705139,0.00147399452516319,0.00147399452516319,"syn","nonsyn","nonsyn",4.2e-06,5.36e-07,1.17e-06,1.17e-06,"0.0028488","1","1","1","L","L","L","F","F",0,0,0,0,0,0,0
"3079",3342,4731,4733,"c","c","t","t",0.00253646163601776,0.00253646163601776,0,0,0,0,0,0,0.00253646163601776,0.00253646163601776,0.00253538981618424,0.00253538981618424,"nonsyn","nonsyn","nonsyn",4.58e-06,8.37e-07,4.33e-07,4.33e-07,"0.001805665","1","1","1","P","P","S","T","A",1,1,1,0,0,0,0
"3080",3343,4753,4753,"c","c","t","t",0.00294550810014728,0.00294550810014728,0.000631180307174416,0.000631180307174416,0.000420786871449611,0.000210393435724805,0.000420786871449611,0.000210393435724805,0.00357668840732169,0.00357668840732169,0.00357668840732169,0.00357668840732169,"nonsyn","nonsyn","nonsyn",4.58e-06,8.37e-07,4.33e-07,4.33e-07,"0.00155491","0.000686016333333334","0.0019891305","0.002058049","P","P","L","H","R",1,1,1,0,1,0,1
"3081",3344,4761,4761,"c","c","t","t",0.00462087796681369,0.00462087796681369,0.000420079815164881,0.000420079815164881,0.000210039907582441,0.000210039907582441,0.000210039907582441,0.000210039907582441,0.00504095778197858,0.00504095778197858,0.00504095778197858,0.00504095778197858,"syn","syn","syn",4.58e-06,8.37e-07,4.33e-07,4.33e-07,"0.000991153636363637","0.0010307565","0.00398495699999999","0.002061513","P","P","P","P","P",0,0,0,0,1,0,1
"3082",3345,4753,4753,"g","g","a","a",0.000841573742899221,0.000841573742899221,0,0,0,0,0,0,0.000841573742899221,0.000841573742899221,0.000841573742899221,0.000841573742899221,"nonsyn","nonsyn","nonsyn",4.2e-06,5.36e-07,1.17e-06,1.17e-06,"0.00499065","1","1","1","V","V","I","L","F",0,0,0,0,0,0,0
"3083",3346,4680,4680,"t","t","c","c",0.00662393162393162,0.00662393162393162,0.000213675213675214,0.000213675213675214,0,0.000213675213675214,0,0.000213675213675214,0.00683760683760684,0.00683760683760684,0.00683760683760684,0.00683760683760684,"nonsyn","nonsyn","nonsyn",1.7e-05,1.07e-06,1.21e-06,1.21e-06,"0.00256645161290323","0.00566279999999999","1","0.00566279999999999","V","V","A","D","G",0,1,1,0,0,0,0
"3084",3347,4687,4687,"c","c","t","t",0.000640068273949221,0.000640068273949221,0,0,0,0,0,0,0.000640068273949221,0.000640068273949221,0.000640068273949221,0.000640068273949221,"syn","syn","syn",4.58e-06,8.37e-07,4.33e-07,4.33e-07,"0.00715548666666667","1","1","1","V","V","V","V","V",0,0,0,0,0,0,0
"3085",3348,4698,4698,"t","t","c","c",0.0042571306939123,0.0042571306939123,0.00234142188165177,0.00234142188165177,0.00042571306939123,0.00191570881226054,0.00042571306939123,0.00191570881226054,0.00659855257556407,0.00659855257556407,0.00659855257556407,0.00659855257556407,"nonsyn","nonsyn","nonsyn",1.7e-05,1.07e-06,1.21e-06,1.21e-06,"0.0039933","0.000516779999999999","0.00251343","0.000631619999999999","S","S","P","T","A",1,0,1,0,1,0,1
"3086",3349,4732,4732,"c","c","t","t",0.000422654268808115,0.000422654268808115,0.000633981403212172,0.000633981403212172,0.000633981403212172,0,0.000633981403212172,0,0.00105663567202029,0.00105663567202029,0.00105663567202029,0.00105663567202029,"nonsyn","nonsyn","nonsyn",4.58e-06,8.37e-07,4.33e-07,4.33e-07,"0.01083628","0.000682985333333334","0.001320228","1","S","S","F","Y","C",1,1,1,0,0,0,0
"3087",3350,4740,4740,"c","t","t","c",0.00232067510548523,0.996835443037975,0.000843881856540084,0.000843881856540084,0.000843881856540084,0,0.000843881856540084,0,0.00316455696202532,0.997679324894515,0.00316455696202532,0.997679324894515,"syn","syn","syn",1.7e-05,1.07e-06,1.21e-06,1.21e-06,"1.70539682539682e-05","0.00143385","0.00126795","1","S","S","S","S","S",0,0,0,1,1,0,1
"3088",3351,4714,4715,"g","g","a","a",0.00190920661858294,0.00190920661858294,0.000212134068731438,0.000212134068731438,0,0.000212134068731438,0,0.000212134068731438,0.00212134068731438,0.00212134068731438,0.00212089077412513,0.00212089077412513,"nonsyn","nonsyn","nonsyn",4.2e-06,5.36e-07,1.17e-06,1.17e-06,"0.00219986666666667","0.00551538000000001","1","0.00551538000000001","A","A","T","P","S",1,1,1,0,0,0,0
"3089",3352,4718,4718,"c","c","t","t",0.0029673590504451,0.0029673590504451,0.000211954217888936,0.000211954217888936,0.000211954217888936,0,0.000211954217888936,0,0.00317931326833404,0.00317931326833404,0.00317931326833404,0.00317931326833404,"nonsyn","nonsyn","nonsyn",4.58e-06,8.37e-07,4.33e-07,4.33e-07,"0.00154346","0.002042894","0.003948966","1","A","A","V","D","G",0,1,1,0,0,0,0
"3090",3353,4729,4729,"c","c","t","t",0.00148022837809262,0.00148022837809262,0.000422922393740749,0.000422922393740749,0.000422922393740749,0,0.000422922393740749,0,0.00190315077183337,0.00190315077183337,0.00190315077183337,0.00190315077183337,"syn","syn","syn",4.58e-06,8.37e-07,4.33e-07,4.33e-07,"0.00309411714285714","0.0010238285","0.0019790865","1","A","A","A","A","A",0,0,0,0,1,0,1
"3091",3354,4734,4734,"c","c","t","t",0.000844951415293621,0.000844951415293621,0.000211237853823405,0.000211237853823405,0.000211237853823405,0,0.000211237853823405,0,0.00105618926911703,0.00105618926911703,0.00105618926911703,0.00105618926911703,"nonsyn","nonsyn","nonsyn",4.58e-06,8.37e-07,4.33e-07,4.33e-07,"0.00542043","0.002049822","0.003962358","1","R","R","C","S","G",1,1,1,0,1,0,1
"3092",3355,4703,4703,"g","g","a","a",0.00191367212417606,0.00191367212417606,0,0,0,0,0,0,0.00191367212417606,0.00191367212417606,0.00191367212417606,0.00191367212417606,"nonsyn","nonsyn","nonsyn",4.2e-06,5.36e-07,1.17e-06,1.17e-06,"0.00219473333333333","1","1","1","R","R","H","P","L",0,1,1,0,0,0,0
"3093",3356,4573,4574,"t","t","c","c",0.00196807347474306,0.00196807347474306,0.000437349661054013,0.000437349661054013,0.000218674830527006,0.000218674830527006,0.000218674830527006,0.000218674830527006,0.00240542313579707,0.00240542313579707,0.00240489724529952,0.00240489724529952,"syn","syn","syn",1.7e-05,1.07e-06,1.21e-06,1.21e-06,"0.00863788888888888","0.002766665","0.00489311000000001","0.00553333000000001","R","R","R","R","R",0,0,0,0,0,0,0
"3094",3357,4537,4539,"a","a","g","g",0.00198368966277276,0.00198368966277276,0.00176327970024245,0.00176327970024245,0.000220409962530306,0.00154286973771214,0.000220409962530306,0.00154286973771214,0.00374696936301521,0.00374696936301521,0.00374531835205993,0.00374531835205993,"nonsyn","syn","nonsyn",1.77e-05,1.76e-06,1.7e-06,1.7e-06,"0.00892276666666665","0.000964112500000001","0.00798512000000001","0.00110184285714286","R","R","G","R","W",1,0,1,0,1,1,0
"3095",3358,4550,4550,"g","g","a","a",0.000659340659340659,0.000659340659340659,0.000879120879120879,0.000879120879120879,0,0.000879120879120879,0,0.000879120879120879,0.00153846153846154,0.00153846153846154,0.00153846153846154,0.00153846153846154,"nonsyn","nonsyn","nonsyn",4.2e-06,5.36e-07,1.17e-06,1.17e-06,"0.00637","0.001330875","1","0.001330875","R","R","K","T","M",0,1,1,0,1,1,0
"3096",3359,4532,4532,"g","g","a","a",0.00088261253309797,0.00088261253309797,0.00088261253309797,0.00088261253309797,0,0.00088261253309797,0,0.00088261253309797,0.00176522506619594,0.00176522506619594,0.00176522506619594,0.00176522506619594,"syn","nonsyn","nonsyn",4.2e-06,5.36e-07,1.17e-06,1.17e-06,"0.0047586","0.00132561","1","0.00132561","R","R","R","S","S",0,1,1,0,1,1,0
"3097",3360,4519,4519,"g","g","a","a",0.00177030316441691,0.00177030316441691,0,0,0,0,0,0,0.00177030316441691,0.00177030316441691,0.00177030316441691,0.00177030316441691,"nonsyn","nonsyn","nonsyn",4.2e-06,5.36e-07,1.17e-06,1.17e-06,"0.00237247499999999","1","1","1","G","G","S","R","C",1,1,0,0,1,1,0
"3098",3361,4426,4426,"g","g","a","a",0.00112968820605513,0.00112968820605513,0.000677812923633077,0.000677812923633077,0,0.000677812923633077,0,0.000677812923633077,0.00180750112968821,0.00180750112968821,0.00180750112968821,0.00180750112968821,"nonsyn","nonsyn","nonsyn",4.2e-06,5.36e-07,1.17e-06,1.17e-06,"0.00371784","0.00172614","1","0.00172614","G","G","D","A","V",1,1,1,0,0,0,0
"3099",3362,4370,4370,"c","c","t","t",0.00251716247139588,0.00251716247139588,0.00045766590389016,0.00045766590389016,0,0.00045766590389016,0,0.00045766590389016,0.00297482837528604,0.00297482837528604,0.00297482837528604,0.00297482837528604,"syn","syn","syn",4.58e-06,8.37e-07,4.33e-07,4.33e-07,"0.00181950909090909","0.000946105","1","0.000946105","G","G","G","G","G",0,0,0,0,0,0,0
"3100",3363,4570,4570,"c","c","t","t",0.00393873085339169,0.00393873085339169,0.000218818380743983,0.000218818380743983,0,0.000218818380743983,0,0.000218818380743983,0.00415754923413567,0.00415754923413567,0.00415754923413567,0.00415754923413567,"stop","nonsyn","nonsyn",4.58e-06,8.37e-07,4.33e-07,4.33e-07,"0.00116281111111111","0.00197881","1","0.00197881","R","Q","*","K","E",1,1,1,0,1,0,1
"3101",3364,4751,4751,"g","a","a","g",0.00147337402652073,0.998316143969691,0.000210482003788676,0.000210482003788676,0,0.000210482003788676,0,0.000210482003788676,0.00168385603030941,0.998526625973479,0.00168385603030941,0.998526625973479,"nonsyn","nonsyn","nonsyn",1.77e-05,1.76e-06,1.7e-06,1.7e-06,"1.77298545224541e-05","0.0080767","1","0.0080767","R","Q","R","P","L",1,1,1,1,1,1,0
"3102",3365,4767,4767,"g","g","a","a",0.000839102160688064,0.000839102160688064,0.000839102160688064,0.000839102160688064,0,0.000839102160688064,0,0.000839102160688064,0.00167820432137613,0.00167820432137613,0.00167820432137613,0.00167820432137613,"syn","nonsyn","nonsyn",4.2e-06,5.36e-07,1.17e-06,1.17e-06,"0.00500535","0.0013943475","1","0.0013943475","R","Q","Q","H","H",0,1,1,0,1,1,0
"3103",3366,4795,4795,"g","g","a","a",0.000625651720542232,0.000625651720542232,0.000208550573514077,0.000208550573514077,0,0.000208550573514077,0,0.000208550573514077,0.000834202294056309,0.000834202294056309,0.000834202294056309,0.000834202294056309,"nonsyn","nonsyn","stop",4.2e-06,5.36e-07,1.17e-06,1.17e-06,"0.00671299999999999","0.00561015","1","0.00561015","E","E","K","Q","*",1,1,1,0,0,0,0
"3104",3367,4784,4784,"a","a","g","g",0.00438963210702341,0.00438963210702341,0.00104515050167224,0.00104515050167224,0,0.00104515050167224,0,0.00104515050167224,0.00543478260869565,0.00543478260869565,0.00543478260869565,0.00543478260869565,"nonsyn","nonsyn","nonsyn",1.77e-05,1.76e-06,1.7e-06,1.7e-06,"0.00403222857142857","0.00162656","1","0.00162656","E","E","G","A","V",1,1,1,0,1,1,0
"3105",3368,4679,4679,"g","g","a","a",0.00106860440265014,0.00106860440265014,0.000213720880530028,0.000213720880530028,0.000213720880530028,0,0.000213720880530028,0,0.00128232528318017,0.00128232528318017,0.00128232528318017,0.00128232528318017,"syn","nonsyn","nonsyn",4.2e-06,5.36e-07,1.17e-06,1.17e-06,"0.00393036","0.00547442999999999","0.002507944","1","E","E","E","D","D",0,0,0,0,0,0,0
"3106",3369,4684,4684,"a","a","g","g",0.00576430401366354,0.00576430401366354,0.000213492741246798,0.000213492741246798,0,0.000213492741246798,0,0.000213492741246798,0.00597779675491033,0.00597779675491033,0.00597779675491033,0.00597779675491033,"nonsyn","nonsyn","nonsyn",1.77e-05,1.76e-06,1.7e-06,1.7e-06,"0.00307062222222222","0.00796279999999999","1","0.00796279999999999","I","I","V","L","L",0,0,0,0,0,0,0
"3107",3370,4894,4894,"t","t","c","c",0.00265631385369841,0.00265631385369841,0.000204331834899877,0.000204331834899877,0.000204331834899877,0,0.000204331834899877,0,0.00286064568859828,0.00286064568859828,0.00286064568859828,0.00286064568859828,"nonsyn","nonsyn","nonsyn",1.7e-05,1.07e-06,1.21e-06,1.21e-06,"0.00639984615384614","0.00592174000000001","0.00523658000000001","1","I","I","T","K","R",1,1,1,0,0,0,0
"3108",3371,4926,4926,"a","a","g","g",0.00345107592367032,0.00345107592367032,0.000406008932196508,0.000406008932196508,0.000203004466098254,0.000203004466098254,0.000203004466098254,0.000203004466098254,0.00385708485586683,0.00385708485586683,0.00385708485586683,0.00385708485586683,"nonsyn","syn","syn",1.77e-05,1.76e-06,1.7e-06,1.7e-06,"0.00512883529411765","0.0041871","0.00866976000000001","0.00837420000000001","I","I","M","I","I",0,0,0,0,0,0,0
"3109",3372,4959,4959,"c","c","t","t",0.00604960677555959,0.00604960677555959,0.00020165355918532,0.00020165355918532,0.00020165355918532,0,0.00020165355918532,0,0.00625126033474491,0.00625126033474491,0.00625126033474491,0.00625126033474491,"syn","nonsyn","nonsyn",4.58e-06,8.37e-07,4.33e-07,4.33e-07,"0.000757074","0.002147247","0.00415068299999999","1","L","L","L","M","V",0,0,0,0,0,0,0
"3110",3373,4896,4897,"t","t","c","c",0.00102124183006536,0.00102124183006536,0.00102124183006536,0.00102124183006536,0.00102124183006536,0,0.00102124183006536,0,0.00204248366013072,0.00204248366013072,0.00204206657137023,0.00204206657137023,"nonsyn","nonsyn","nonsyn",1.7e-05,1.07e-06,1.21e-06,1.21e-06,"0.0166464","0.001184832","0.001047744","1","L","L","P","Q","R",1,1,1,1,1,0,1
"3111",3374,4929,4929,"g","g","a","a",0.00243457090687766,0.00243457090687766,0.000202880908906472,0.000202880908906472,0,0.000202880908906472,0,0.000202880908906472,0.00263745181578413,0.00263745181578413,0.00263745181578413,0.00263745181578413,"syn","syn","syn",4.2e-06,5.36e-07,1.17e-06,1.17e-06,"0.00172515","0.00576693","1","0.00576693","L","L","L","L","L",0,0,0,0,0,0,0
"3112",3375,4928,4928,"c","c","t","t",0.00142045454545455,0.00142045454545455,0,0,0,0,0,0,0.00142045454545455,0.00142045454545455,0.00142045454545455,0.00142045454545455,"nonsyn","nonsyn","nonsyn",4.58e-06,8.37e-07,4.33e-07,4.33e-07,"0.00322431999999999","1","1","1","L","L","F","I","V",0,0,0,0,0,0,0
"3113",3376,4902,4902,"t","t","c","c",0.00367197062423501,0.00367197062423501,0.000611995104039168,0.000611995104039168,0.000407996736026112,0.000203998368013056,0.000407996736026112,0.000203998368013056,0.00428396572827417,0.00428396572827417,0.00428396572827417,0.00428396572827417,"nonsyn","nonsyn","nonsyn",1.7e-05,1.07e-06,1.21e-06,1.21e-06,"0.00462966666666666","0.00197714","0.00262257","0.00593142","L","L","P","H","R",1,1,1,0,1,0,1
"3114",3377,4954,4954,"c","t","t","c",0.00100928542591845,0.990916431166734,0.0080742834073476,0.0080742834073476,0.00767056923698022,0.00040371417036738,0.00767056923698022,0.00040371417036738,0.00908356883326605,0.998990714574082,0.00908356883326605,0.998990714574082,"syn","syn","syn",1.7e-05,1.07e-06,1.21e-06,1.21e-06,"1.71558362191892e-05","0.0001498585","0.000139494210526316","0.00299717","L","L","L","L","L",0,0,0,1,0,0,0
"3115",3378,4973,4974,"g","g","a","a",0.000804343454655138,0.000804343454655138,0.000402171727327569,0.000402171727327569,0,0.000402171727327569,0,0.000402171727327569,0.00120651518198271,0.00120651518198271,0.00120627261761158,0.00120627261761158,"nonsyn","nonsyn","nonsyn",4.2e-06,5.36e-07,1.17e-06,1.17e-06,"0.00522165","0.002909205","1","0.002909205","G","G","R","R","W",1,1,1,0,1,1,0
"3116",3379,4952,4952,"g","g","a","a",0.00222132471728595,0.00222132471728595,0.000403877221324717,0.000403877221324717,0,0.000403877221324717,0,0.000403877221324717,0.00262520193861066,0.00262520193861066,0.00262520193861066,0.00262520193861066,"nonsyn","nonsyn","nonsyn",4.2e-06,5.36e-07,1.17e-06,1.17e-06,"0.00189076363636363","0.00289692","1","0.00289692","G","G","E","A","V",1,1,1,0,1,1,0
"3117",3380,4937,4937,"g","g","a","a",0.00162041725744379,0.00162041725744379,0.000405104314360948,0.000405104314360948,0,0.000405104314360948,0,0.000405104314360948,0.00202552157180474,0.00202552157180474,0.00202552157180474,0.00202552157180474,"syn","syn","syn",4.2e-06,5.36e-07,1.17e-06,1.17e-06,"0.002591925","0.002888145","1","0.002888145","G","G","G","G","G",0,0,0,0,0,0,0
"3118",3381,4988,4988,"c","c","t","t",0.00421010425020048,0.00421010425020048,0.000400962309542903,0.000400962309542903,0.000200481154771451,0.000200481154771451,0.000200481154771451,0.000200481154771451,0.00461106655974338,0.00461106655974338,0.00461106655974338,0.00461106655974338,"nonsyn","nonsyn","nonsyn",4.58e-06,8.37e-07,4.33e-07,4.33e-07,"0.00108785904761905","0.001079902","0.00417495600000001","0.00215980400000001","P","P","S","T","A",1,1,1,0,0,0,0
"3119",3382,5015,5015,"c","c","t","t",0.00159521435692921,0.00159521435692921,0.000199401794616152,0.000199401794616152,0,0.000199401794616152,0,0.000199401794616152,0.00179461615154536,0.00179461615154536,0.00179461615154536,0.00179461615154536,"nonsyn","nonsyn","nonsyn",4.58e-06,8.37e-07,4.33e-07,4.33e-07,"0.0028710875","0.002171495","1","0.002171495","P","P","L","Q","R",1,1,1,0,1,0,1
"3120",3383,5015,5015,"a","a","g","g",0.00199401794616152,0.00199401794616152,0.00139581256231306,0.00139581256231306,0.000199401794616152,0.00119641076769691,0.000199401794616152,0.00119641076769691,0.00338983050847458,0.00338983050847458,0.00338983050847458,0.00338983050847458,"syn","syn","syn",1.77e-05,1.76e-06,1.7e-06,1.7e-06,"0.00887654999999998","0.00121792857142857","0.00882639999999998","0.00142091666666667","P","P","P","P","P",0,0,0,1,1,1,0
"3121",3384,5049,5049,"g","g","a","a",0.00158447217270747,0.00158447217270747,0,0,0,0,0,0,0.00158447217270747,0.00158447217270747,0.00158447217270747,0.00158447217270747,"nonsyn","nonsyn","nonsyn",4.2e-06,5.36e-07,1.17e-06,1.17e-06,"0.00265072499999999","1","1","1","A","A","T","P","S",1,1,1,0,0,0,0
"3122",3385,5005,5005,"c","c","t","t",0.0025974025974026,0.0025974025974026,0,0,0,0,0,0,0.0025974025974026,0.0025974025974026,0.0025974025974026,0.0025974025974026,"nonsyn","nonsyn","nonsyn",4.58e-06,8.37e-07,4.33e-07,4.33e-07,"0.0017633","1","1","1","A","A","V","D","G",0,1,1,0,0,0,0
"3123",3386,5090,5090,"t","c","c","t",0.00353634577603143,0.996267190569745,0.000196463654223969,0.000196463654223969,0.000196463654223969,0,0.000196463654223969,0,0.0037328094302554,0.996463654223969,0.0037328094302554,0.996463654223969,"syn","syn","syn",4.58e-06,8.37e-07,4.33e-07,4.33e-07,"4.59716032340761e-06","0.00220397","0.00426032999999999","1","A","A","A","A","A",0,0,0,0,1,0,1
"3124",3387,5104,5104,"g","g","a","a",0.000391849529780564,0.000391849529780564,0.000587774294670846,0.000587774294670846,0,0.000587774294670846,0,0.000587774294670846,0.000979623824451411,0.000979623824451411,0.000979623824451411,0.000979623824451411,"nonsyn","nonsyn","nonsyn",4.2e-06,5.36e-07,1.17e-06,1.17e-06,"0.0107184","0.00199056","1","0.00199056","D","D","N","H","Y",1,1,1,0,0,0,0
"3125",3388,5103,5103,"a","a","g","g",0.00764256319811875,0.00764256319811875,0.000391926317852244,0.000391926317852244,0.000195963158926122,0.000195963158926122,0.000195963158926122,0.000195963158926122,0.008034489515971,0.008034489515971,0.008034489515971,0.008034489515971,"nonsyn","nonsyn","nonsyn",1.77e-05,1.76e-06,1.7e-06,1.7e-06,"0.00231597692307692","0.00433755","0.00898128","0.00867509999999999","D","D","G","A","V",1,1,1,0,0,0,0
"3126",3389,5123,5123,"c","c","t","t",0.000585594378293968,0.000585594378293968,0.000390396252195979,0.000390396252195979,0.000390396252195979,0,0.000390396252195979,0,0.000975990630489947,0.000975990630489947,0.000975990630489947,0.000975990630489947,"syn","nonsyn","nonsyn",4.58e-06,8.37e-07,4.33e-07,4.33e-07,"0.00782111333333334","0.0011091295","0.0021439755","1","D","D","D","E","E",0,0,0,0,0,0,0
"3127",3390,5121,5121,"g","g","a","a",0.00214801796524116,0.00214801796524116,0.000195274360476469,0.000195274360476469,0,0.000195274360476469,0,0.000195274360476469,0.00234329232571763,0.00234329232571763,0.00234329232571763,0.00234329232571763,"nonsyn","nonsyn","stop",4.2e-06,5.36e-07,1.17e-06,1.17e-06,"0.00195529090909091","0.00599157000000001","1","0.00599157000000001","G","G","R","R","*",1,1,1,0,1,1,0
"3128",3391,5116,5116,"g","g","a","a",0.000781860828772478,0.000781860828772478,0.00019546520719312,0.00019546520719312,0,0.00019546520719312,0,0.00019546520719312,0.000977326035965598,0.000977326035965598,0.000977326035965598,0.000977326035965598,"nonsyn","nonsyn","nonsyn",4.2e-06,5.36e-07,1.17e-06,1.17e-06,"0.0053718","0.00598571999999999","1","0.00598571999999999","G","G","E","A","V",1,1,1,0,0,0,0
"3129",3392,5052,5054,"a","a","g","g",0.00494853523357086,0.00494853523357086,0.000593824228028504,0.000593824228028504,0.000197941409342835,0.000395882818685669,0.000197941409342835,0.000395882818685669,0.00554235946159937,0.00554235946159937,0.00554016620498615,0.00554016620498615,"syn","syn","syn",1.77e-05,1.76e-06,1.7e-06,1.7e-06,"0.003576816","0.0028628","0.00889151999999998","0.0042942","G","G","G","G","G",0,0,0,0,0,0,0
"3130",3393,5060,5060,"a","a","g","g",0.00217391304347826,0.00217391304347826,0.000197628458498024,0.000197628458498024,0,0.000197628458498024,0,0.000197628458498024,0.00237154150197628,0.00237154150197628,0.00237154150197628,0.00237154150197628,"nonsyn","nonsyn","nonsyn",1.77e-05,1.76e-06,1.7e-06,1.7e-06,"0.008142","0.00860199999999999","1","0.00860199999999999","M","M","V","L","L",0,0,0,0,0,0,0
"3131",3394,5044,5044,"t","t","c","c",0.00178429817605075,0.00178429817605075,0.000198255352894528,0.000198255352894528,0,0.000198255352894528,0,0.000198255352894528,0.00198255352894528,0.00198255352894528,0.00198255352894528,0.00198255352894528,"nonsyn","nonsyn","nonsyn",1.7e-05,1.07e-06,1.21e-06,1.21e-06,"0.00952755555555557","0.00610324000000001","1","0.00610324000000001","M","M","T","K","R",1,1,1,1,0,0,0
"3132",3395,5057,5057,"g","g","a","a",0.00118647419418628,0.00118647419418628,0.000790982796124184,0.000790982796124184,0.000197745699031046,0.000593237097093138,0.000197745699031046,0.000593237097093138,0.00197745699031046,0.00197745699031046,0.00197745699031046,0.00197745699031046,"nonsyn","nonsyn","nonsyn",4.2e-06,5.36e-07,1.17e-06,1.17e-06,"0.00353989999999999","0.0014791725","0.002710552","0.00197223","M","M","I","I","I",0,0,0,0,1,1,0
"3133",3396,5088,5088,"g","g","a","a",0.00157232704402516,0.00157232704402516,0.000196540880503145,0.000196540880503145,0,0.000196540880503145,0,0.000196540880503145,0.0017688679245283,0.0017688679245283,0.0017688679245283,0.0017688679245283,"nonsyn","nonsyn","nonsyn",4.2e-06,5.36e-07,1.17e-06,1.17e-06,"0.0026712","0.00595295999999999","1","0.00595295999999999","V","V","I","L","F",0,0,0,0,0,0,0
"3134",3397,5022,5022,"t","t","c","c",0.00378335324571884,0.00378335324571884,0.000995619275189168,0.000995619275189168,0.000199123855037834,0.000796495420151334,0.000199123855037834,0.000796495420151334,0.004778972520908,0.004778972520908,0.004778972520908,0.004778972520908,"nonsyn","nonsyn","nonsyn",1.7e-05,1.07e-06,1.21e-06,1.21e-06,"0.00449336842105263","0.001215324","0.00537353999999999","0.001519155","V","V","A","D","G",0,1,1,0,0,0,0
"3135",3398,5061,5062,"c","c","t","t",0.352894684844892,0.352894684844892,0.000197589409207666,0.000197589409207666,0.000197589409207666,0,0.000197589409207666,0,0.3530922742541,0.3530922742541,0.353022520742789,0.353022520742789,"syn","syn","syn",4.58e-06,8.37e-07,4.33e-07,4.33e-07,"1.29783762597984e-05","0.00219141300000001","0.00423605700000001","1","V","V","V","V","V",0,0,0,0,0,0,0
"3136",3399,4929,4929,"t","t","c","c",0.00304321363359708,0.00304321363359708,0.000202880908906472,0.000202880908906472,0.000202880908906472,0,0.000202880908906472,0,0.00324609454250355,0.00324609454250355,0.00324609454250355,0.00324609454250355,"nonsyn","nonsyn","nonsyn",1.7e-05,1.07e-06,1.21e-06,1.21e-06,"0.0055862","0.00596409","0.00527403","1","S","S","P","T","A",1,0,1,0,1,0,1
"3137",3400,5035,5035,"c","c","t","t",0.000794438927507448,0.000794438927507448,0,0,0,0,0,0,0.000794438927507448,0.000794438927507448,0.000794438927507448,0.000794438927507448,"nonsyn","nonsyn","nonsyn",4.58e-06,8.37e-07,4.33e-07,4.33e-07,"0.005765075","1","1","1","S","S","F","Y","C",1,1,1,0,0,0,0
"3138",3401,5050,5050,"c","c","t","t",0.00099009900990099,0.00099009900990099,0.000396039603960396,0.000396039603960396,0.000396039603960396,0,0.000396039603960396,0,0.00138613861386139,0.00138613861386139,0.00138613861386139,0.00138613861386139,"syn","syn","syn",4.58e-06,8.37e-07,4.33e-07,4.33e-07,"0.0046258","0.001093325","0.002113425","1","S","S","S","S","S",0,0,0,0,1,0,1
"3139",3402,5031,5031,"a","a","g","g",0.00198767640628106,0.00198767640628106,0.000397535281256211,0.000397535281256211,0,0.000397535281256211,0,0.000397535281256211,0.00238521168753727,0.00238521168753727,0.00238521168753727,0.00238521168753727,"nonsyn","nonsyn","stop",1.77e-05,1.76e-06,1.7e-06,1.7e-06,"0.00890486999999999","0.00427635000000001","1","0.00427635000000001","K","K","E","Q","*",1,1,1,1,0,0,0
"3140",3403,4906,4906,"a","a","g","g",0.00244598450876478,0.00244598450876478,0.00101916021198532,0.00101916021198532,0.000203832042397065,0.000815328169588259,0.000203832042397065,0.000815328169588259,0.0034651447207501,0.0034651447207501,0.0034651447207501,0.0034651447207501,"nonsyn","nonsyn","nonsyn",1.77e-05,1.76e-06,1.7e-06,1.7e-06,"0.00723634999999999","0.00166804000000001","0.00863455999999999","0.00208505","K","K","R","T","M",0,1,1,0,1,1,0
"3141",3404,4913,4916,"g","g","a","a",0.000610624872786485,0.000610624872786485,0.000203541624262162,0.000203541624262162,0,0.000203541624262162,0,0.000203541624262162,0.000814166497048646,0.000814166497048646,0.00081366965012205,0.00081366965012205,"syn","nonsyn","nonsyn",4.2e-06,5.36e-07,1.17e-06,1.17e-06,"0.0068782","0.00574820999999999","1","0.00574820999999999","K","K","K","N","N",0,1,1,0,1,1,0
"3142",3405,4917,4917,"g","g","a","a",0.000813504169208867,0.000813504169208867,0.000203376042302217,0.000203376042302217,0,0.000203376042302217,0,0.000203376042302217,0.00101688021151108,0.00101688021151108,0.00101688021151108,0.00101688021151108,"nonsyn","nonsyn","nonsyn",4.2e-06,5.36e-07,1.17e-06,1.17e-06,"0.00516285","0.00575288999999999","1","0.00575288999999999","G","G","R","R","W",1,1,1,0,1,1,0
"3143",3406,4926,4926,"g","g","a","a",0.00243605359317905,0.00243605359317905,0.000812017864393017,0.000812017864393017,0,0.000812017864393017,0,0.000812017864393017,0.00324807145757207,0.00324807145757207,0.00324807145757207,0.00324807145757207,"nonsyn","nonsyn","nonsyn",4.2e-06,5.36e-07,1.17e-06,1.17e-06,"0.0017241","0.001440855","1","0.001440855","G","G","E","A","V",1,1,1,0,1,1,0
"3144",3407,4946,4946,"g","g","a","a",0.000808734330772341,0.000808734330772341,0.000202183582693085,0.000202183582693085,0,0.000202183582693085,0,0.000202183582693085,0.00101091791346543,0.00101091791346543,0.00101091791346543,0.00101091791346543,"syn","syn","syn",4.2e-06,5.36e-07,1.17e-06,1.17e-06,"0.0051933","0.00578682000000001","1","0.00578682000000001","G","G","G","G","G",0,0,0,0,0,0,0
"3145",3408,4878,4878,"t","t","c","c",0.0026650266502665,0.0026650266502665,0.000410004100041,0.000410004100041,0.000410004100041,0,0.000410004100041,0,0.0030750307503075,0.0030750307503075,0.0030750307503075,0.0030750307503075,"nonsyn","nonsyn","nonsyn",1.7e-05,1.07e-06,1.21e-06,1.21e-06,"0.00637892307692308","0.00295119","0.00260973","1","W","W","R","R","G",1,1,1,1,0,0,0
"3146",3409,4932,4932,"g","g","a","a",0.00101378751013788,0.00101378751013788,0.000202757502027575,0.000202757502027575,0,0.000202757502027575,0,0.000202757502027575,0.00121654501216545,0.00121654501216545,0.00121654501216545,0.00121654501216545,"stop","nonsyn","nonsyn",4.2e-06,5.36e-07,1.17e-06,1.17e-06,"0.00414287999999998","0.00577044","1","0.00577044","W","W","*","S","L",1,1,0,0,1,1,0
"3147",3410,4956,4956,"g","g","a","a",0.00121065375302663,0.00121065375302663,0,0,0,0,0,0,0.00121065375302663,0.00121065375302663,0.00121065375302663,0.00121065375302663,"stop","nonsyn","nonsyn",4.2e-06,5.36e-07,1.17e-06,1.17e-06,"0.00346920000000001","1","1","1","W","W","*","C","C",1,1,1,0,0,0,0
"3148",3411,5002,5002,"a","a","g","g",0.00319872051179528,0.00319872051179528,0.00139944022391044,0.00139944022391044,0.000199920031987205,0.00119952019192323,0.000199920031987205,0.00119952019192323,0.00459816073570572,0.00459816073570572,0.00459816073570572,0.00459816073570572,"nonsyn","syn","nonsyn",1.77e-05,1.76e-06,1.7e-06,1.7e-06,"0.0055334625","0.00121477142857142","0.00880352000000001","0.00141723333333333","R","R","G","R","W",1,0,1,0,1,1,0
"3149",3412,5028,5028,"g","g","a","a",0.000596658711217184,0.000596658711217184,0.000198886237072395,0.000198886237072395,0,0.000198886237072395,0,0.000198886237072395,0.000795544948289578,0.000795544948289578,0.000795544948289578,0.000795544948289578,"nonsyn","nonsyn","nonsyn",4.2e-06,5.36e-07,1.17e-06,1.17e-06,"0.0070392","0.00588275999999999","1","0.00588275999999999","R","R","K","T","M",0,1,1,0,1,1,0
"3150",3413,5068,5068,"a","g","g","a",0.00355169692186267,0.996250986582478,0.000197316495659037,0.000197316495659037,0.000197316495659037,0,0.000197316495659037,0,0.0037490134175217,0.996448303078137,0.0037490134175217,0.996448303078137,"syn","nonsyn","nonsyn",4.2e-06,5.36e-07,1.17e-06,1.17e-06,"4.21580510992276e-06","0.00592956","0.002716448","1","R","R","R","S","S",0,1,1,0,0,0,0
"3151",3414,5022,5022,"c","t","t","c",0.0503783353245719,0.949621664675428,0,0,0,0,0,0,0.0503783353245719,0.949621664675428,0.0503783353245719,0.949621664675428,"syn","nonsyn","nonsyn",1.7e-05,1.07e-06,1.21e-06,1.21e-06,"1.79018662193332e-05","1","1","1","L","L","L","M","V",0,0,0,0,0,0,0
"3152",3415,5199,5199,"t","t","c","c",0.00346220427005193,0.00346220427005193,0.000769378726678207,0.000769378726678207,0.000769378726678207,0,0.000769378726678207,0,0.00423158299673014,0.00423158299673014,0.00423158299673014,0.00423158299673014,"nonsyn","stop","nonsyn",1.7e-05,1.07e-06,1.21e-06,1.21e-06,"0.00491016666666667","0.0015726975","0.0013907325","1","L","L","S","*","W",1,1,0,1,0,0,0
"3153",3416,5142,5142,"g","g","a","a",0.00194476857253987,0.00194476857253987,0,0,0,0,0,0,0.00194476857253987,0.00194476857253987,0.00194476857253987,0.00194476857253987,"syn","nonsyn","nonsyn",4.2e-06,5.36e-07,1.17e-06,1.17e-06,"0.00215964","1","1","1","L","L","L","F","F",0,0,0,0,0,0,0
"3154",3417,5145,5146,"c","c","t","t",0.00272108843537415,0.00272108843537415,0.000583090379008746,0.000583090379008746,0.000583090379008746,0,0.000583090379008746,0,0.0033041788143829,0.0033041788143829,0.00330353672755538,0.00330353672755538,"stop","nonsyn","nonsyn",4.58e-06,8.37e-07,4.33e-07,4.33e-07,"0.00168315","0.000742595000000001","0.001435455","1","L","Q","*","K","E",1,1,1,0,0,0,0
"3155",3418,5146,5147,"t","a","c","g",0.00388651379712398,0,0.00174893120870579,0.998251068791294,0.00174893120870579,0,0.00388651379712398,0.99436455499417,0.00563544500582977,0.998251068791294,0.00563435010685836,0.998057120652807,"nonsyn","nonsyn","nonsyn",1.77e-05,1.76e-06,1.7e-06,1.7e-06,"1","1.70297839205762e-06","0.000452848","1.70963455149502e-06","L","Q","R","P","L",1,1,1,1,1,1,0
"3156",3419,5114,5115,"g","g","a","a",0.00254204145482988,0.00254204145482988,0,0,0,0,0,0,0.00254204145482988,0.00254204145482988,0.00254154447702835,0.00254154447702835,"syn","nonsyn","nonsyn",4.2e-06,5.36e-07,1.17e-06,1.17e-06,"0.00165221538461538","1","1","1","L","Q","Q","H","H",0,1,1,0,1,1,0
"3157",3420,5113,5113,"g","g","a","a",0.00117347936632114,0.00117347936632114,0.000195579894386857,0.000195579894386857,0,0.000195579894386857,0,0.000195579894386857,0.001369059260708,0.001369059260708,0.001369059260708,0.001369059260708,"nonsyn","nonsyn","nonsyn",4.2e-06,5.36e-07,1.17e-06,1.17e-06,"0.00357910000000001","0.00598221","1","0.00598221","A","A","T","P","S",1,1,1,0,0,0,0
"3158",3421,5102,5102,"c","c","t","t",0.00352802822422579,0.00352802822422579,0.000196001568012544,0.000196001568012544,0.000196001568012544,0,0.000196001568012544,0,0.00372402979223834,0.00372402979223834,0.00372402979223834,0.00372402979223834,"nonsyn","nonsyn","nonsyn",4.58e-06,8.37e-07,4.33e-07,4.33e-07,"0.00129817555555556","0.002209166","0.004270374","1","A","A","V","E","G",0,1,1,0,0,0,0
"3159",3422,5106,5106,"g","g","a","a",0.00137093615354485,0.00137093615354485,0.000391696043869957,0.000391696043869957,0.000195848021934978,0.000195848021934978,0.000195848021934978,0.000195848021934978,0.00176263219741481,0.00176263219741481,0.00176263219741481,0.00176263219741481,"syn","syn","syn",4.2e-06,5.36e-07,1.17e-06,1.17e-06,"0.0030636","0.00298701","0.00273681600000001","0.00597402000000001","A","A","A","A","A",0,0,0,0,0,0,0
"3160",3423,5074,5077,"c","c","t","t",0.00157666535277887,0.00157666535277887,0.000394166338194718,0.000394166338194718,0.000197083169097359,0.000197083169097359,0.000197083169097359,0.000197083169097359,0.00197083169097359,0.00197083169097359,0.00196966712625566,0.00196966712625566,"nonsyn","nonsyn","nonsyn",4.58e-06,8.37e-07,4.33e-07,4.33e-07,"0.00290486500000001","0.001098521","0.004246938","0.002197042","P","P","S","T","A",1,1,1,0,0,0,0
"3161",3424,5099,5099,"c","c","t","t",0.00215728574230241,0.00215728574230241,0,0,0,0,0,0,0.00215728574230241,0.00215728574230241,0.00215728574230241,0.00215728574230241,"nonsyn","nonsyn","nonsyn",4.58e-06,8.37e-07,4.33e-07,4.33e-07,"0.00212303818181818","1","1","1","P","P","L","H","R",1,1,1,0,1,0,1
"3162",3425,5118,5118,"c","c","t","t",0.00273544353262993,0.00273544353262993,0.000195388823759281,0.000195388823759281,0.000195388823759281,0,0.000195388823759281,0,0.00293083235638921,0.00293083235638921,0.00293083235638921,0.00293083235638921,"syn","syn","syn",4.58e-06,8.37e-07,4.33e-07,4.33e-07,"0.00167431714285715","0.002216094","0.004283766","1","P","P","P","P","P",0,0,0,0,1,0,1
"3163",3426,5144,5144,"a","a","g","g",0.00272161741835148,0.00272161741835148,0.000388802488335925,0.000388802488335925,0,0.000388802488335925,0,0.000388802488335925,0.0031104199066874,0.0031104199066874,0.0031104199066874,0.0031104199066874,"nonsyn","nonsyn","nonsyn",1.77e-05,1.76e-06,1.7e-06,1.7e-06,"0.00650348571428571","0.0043724","1","0.0043724","I","I","V","L","F",0,0,0,1,0,0,0
"3164",3427,5136,5136,"t","t","c","c",0.00798286604361371,0.00798286604361371,0.000389408099688474,0.000389408099688474,0.000389408099688474,0,0.000389408099688474,0,0.00837227414330218,0.00837227414330218,0.00837227414330218,0.00837227414330218,"nonsyn","nonsyn","nonsyn",1.7e-05,1.07e-06,1.21e-06,1.21e-06,"0.00212956097560976","0.00310728","0.00274776","1","I","I","T","N","S",1,1,1,0,0,0,0
"3165",3428,5113,5113,"c","c","t","t",0.00156463915509486,0.00156463915509486,0.000586739683160571,0.000586739683160571,0.000586739683160571,0,0.000586739683160571,0,0.00215137883825543,0.00215137883825543,0.00215137883825543,0.00215137883825543,"syn","syn","nonsyn",4.58e-06,8.37e-07,4.33e-07,4.33e-07,"0.00292719249999999","0.000737976333333333","0.001426527","1","I","I","I","I","M",0,0,0,0,0,0,0
"3166",3429,5053,5053,"a","a","g","g",0.00356224025331486,0.00356224025331486,0.000989511181476351,0.000989511181476351,0.00059370670888581,0.00039580447259054,0.00059370670888581,0.00039580447259054,0.00455175143479121,0.00455175143479121,0.00455175143479121,0.00455175143479121,"nonsyn","nonsyn","nonsyn",1.77e-05,1.76e-06,1.7e-06,1.7e-06,"0.00496878333333334","0.00171802","0.00296442666666667","0.00429505","T","T","A","P","S",1,1,0,1,0,0,0
"3167",3430,5034,5034,"c","c","t","t",0.00158919348430671,0.00158919348430671,0,0,0,0,0,0,0.00158919348430671,0.00158919348430671,0.00158919348430671,0.00158919348430671,"nonsyn","nonsyn","nonsyn",4.58e-06,8.37e-07,4.33e-07,4.33e-07,"0.00288196500000001","1","1","1","T","T","M","K","R",1,1,1,0,0,0,0
"3168",3431,5029,5029,"g","g","a","a",0.00258500695963412,0.00258500695963412,0.000198846689202625,0.000198846689202625,0,0.000198846689202625,0,0.000198846689202625,0.00278385364883675,0.00278385364883675,0.00278385364883675,0.00278385364883675,"syn","syn","syn",4.2e-06,5.36e-07,1.17e-06,1.17e-06,"0.00162475384615385","0.00588392999999999","1","0.00588392999999999","T","T","T","T","T",0,0,0,0,1,1,0
"3169",3432,5027,5027,"g","g","a","a",0.00159140640541078,0.00159140640541078,0.000994629003381739,0.000994629003381739,0.000795703202705391,0.000198925800676348,0.000795703202705391,0.000198925800676348,0.00258603540879252,0.00258603540879252,0.00258603540879252,0.00258603540879252,"nonsyn","nonsyn","nonsyn",4.2e-06,5.36e-07,1.17e-06,1.17e-06,"0.002639175","0.001176318","0.000673618","0.00588158999999999","A","A","T","P","S",1,1,1,0,0,0,0
"3170",3433,5010,5010,"c","c","t","t",0.00139720558882236,0.00139720558882236,0.000598802395209581,0.000598802395209581,0.000598802395209581,0,0.000598802395209581,0,0.00199600798403194,0.00199600798403194,0.00199600798403194,0.00199600798403194,"nonsyn","nonsyn","nonsyn",4.58e-06,8.37e-07,4.33e-07,4.33e-07,"0.00327797142857142","0.00072311","0.00139779","1","A","A","V","E","G",0,1,1,0,0,0,0
"3171",3434,5004,5004,"g","g","a","a",0.00139888089528377,0.00139888089528377,0,0,0,0,0,0,0.00139888089528377,0.00139888089528377,0.00139888089528377,0.00139888089528377,"syn","syn","syn",4.2e-06,5.36e-07,1.17e-06,1.17e-06,"0.00300240000000001","1","1","1","A","A","A","A","A",0,0,0,0,0,0,0
"3172",3435,4963,4963,"t","t","c","c",0.00382832963933105,0.00382832963933105,0.000402982067298005,0.000402982067298005,0.000402982067298005,0,0.000402982067298005,0,0.00423131170662906,0.00423131170662906,0.00423131170662906,0.00423131170662906,"nonsyn","nonsyn","nonsyn",1.7e-05,1.07e-06,1.21e-06,1.21e-06,"0.00444057894736842","0.003002615","0.002655205","1","Y","Y","H","N","D",1,1,1,0,0,0,0
"3173",3436,4968,4968,"a","a","g","g",0.00442834138486312,0.00442834138486312,0.00100644122383253,0.00100644122383253,0,0.00100644122383253,0,0.00100644122383253,0.00543478260869565,0.00543478260869565,0.00543478260869565,0.00543478260869565,"nonsyn","nonsyn","nonsyn",1.77e-05,1.76e-06,1.7e-06,1.7e-06,"0.00399698181818182","0.00168912","1","0.00168912","Y","Y","C","S","F",1,1,0,0,0,0,0
"3174",3437,5004,5004,"c","c","t","t",0.00139888089528377,0.00139888089528377,0,0,0,0,0,0,0.00139888089528377,0.00139888089528377,0.00139888089528377,0.00139888089528377,"syn","stop","stop",4.58e-06,8.37e-07,4.33e-07,4.33e-07,"0.00327404571428572","1","1","1","Y","Y","Y","*","*",0,1,1,0,0,0,0
"3175",3438,5029,5029,"g","a","a","g",0.000795386756810499,0.998806919864784,0.00039769337840525,0.00039769337840525,0.000198846689202625,0.000198846689202625,0.000198846689202625,0.000198846689202625,0.00119308013521575,0.99920461324319,0.00119308013521575,0.99920461324319,"nonsyn","nonsyn","nonsyn",1.77e-05,1.76e-06,1.7e-06,1.7e-06,"1.77211427433805e-05","0.00427465","0.00885103999999999","0.00854929999999999","A","T","A","P","S",1,1,0,1,0,0,0
"3176",3439,5058,5063,"c","c","t","t",0.00197706603400554,0.00197706603400554,0.000395413206801107,0.000395413206801107,0.000197706603400554,0.000197706603400554,0.000197706603400554,0.000197706603400554,0.00237247924080664,0.00237247924080664,0.00237013628283626,0.00237013628283626,"nonsyn","nonsyn","nonsyn",4.58e-06,8.37e-07,4.33e-07,4.33e-07,"0.00231656399999999","0.001095057","0.00423354599999999","0.002190114","A","T","I","N","S",1,0,0,0,0,0,0
"3177",3440,5073,5073,"c","c","t","t",0.00118273211117682,0.00118273211117682,0.000591366055588409,0.000591366055588409,0.000591366055588409,0,0.000591366055588409,0,0.00177409816676523,0.00177409816676523,0.00177409816676523,0.00177409816676523,"syn","syn","syn",4.58e-06,8.37e-07,4.33e-07,4.33e-07,"0.00387239","0.000732203","0.001415367","1","A","T","T","T","T",0,0,0,0,1,0,1
"3178",3441,5113,5113,"c","c","t","t",0.00293369841580286,0.00293369841580286,0.000586739683160571,0.000586739683160571,0.000586739683160571,0,0.000586739683160571,0,0.00352043809896343,0.00352043809896343,0.00352043809896343,0.00352043809896343,"stop","nonsyn","nonsyn",4.58e-06,8.37e-07,4.33e-07,4.33e-07,"0.00156116933333333","0.000737976333333333","0.001426527","1","Q","Q","*","K","E",1,1,1,0,1,0,1
"3179",3442,5147,5147,"a","a","g","g",0.00213716728191179,0.00213716728191179,0.000582863804157762,0.000582863804157762,0,0.000582863804157762,0,0.000582863804157762,0.00272003108606956,0.00272003108606956,0.00272003108606956,0.00272003108606956,"nonsyn","nonsyn","nonsyn",1.77e-05,1.76e-06,1.7e-06,1.7e-06,"0.00828199090909092","0.00291663333333333","1","0.00291663333333333","Q","Q","R","P","L",1,1,1,1,1,1,0
"3180",3443,5174,5174,"g","g","a","a",0.00193274062620796,0.00193274062620796,0.000386548125241593,0.000386548125241593,0,0.000386548125241593,0,0.000386548125241593,0.00231928875144956,0.00231928875144956,0.00231928875144956,0.00231928875144956,"syn","nonsyn","nonsyn",4.2e-06,5.36e-07,1.17e-06,1.17e-06,"0.00217308","0.00302679","1","0.00302679","Q","Q","Q","H","H",0,1,1,0,0,0,0
"3181",3444,5302,5302,"c","c","t","t",0.002263296869106,0.002263296869106,0,0,0,0,0,0,0.002263296869106,0.002263296869106,0.002263296869106,0.002263296869106,"stop","nonsyn","nonsyn",4.58e-06,8.37e-07,4.33e-07,4.33e-07,"0.00202359666666666","1","1","1","Q","Q","*","K","E",1,1,1,0,0,0,0
"3182",3445,5301,5301,"a","a","g","g",0.00207508017355216,0.00207508017355216,0.000943218260705527,0.000943218260705527,0.000565930956423316,0.000377287304282211,0.000565930956423316,0.000377287304282211,0.00301829843425769,0.00301829843425769,0.00301829843425769,0.00301829843425769,"nonsyn","nonsyn","nonsyn",1.77e-05,1.76e-06,1.7e-06,1.7e-06,"0.00852979090909091","0.00180234","0.00310992","0.00450585","Q","Q","R","P","L",1,1,1,1,1,1,0
"3183",3446,5337,5337,"g","g","a","a",0.00112422709387296,0.00112422709387296,0.000374742364624321,0.000374742364624321,0.00018737118231216,0.00018737118231216,0.00018737118231216,0.00018737118231216,0.00149896945849728,0.00149896945849728,0.00149896945849728,0.00149896945849728,"syn","nonsyn","nonsyn",4.2e-06,5.36e-07,1.17e-06,1.17e-06,"0.00373590000000001","0.003122145","0.00286063200000001","0.00624429000000001","Q","Q","Q","H","H",0,1,1,0,0,0,0
"3184",3447,5305,5305,"a","a","g","g",0.00377002827521206,0.00377002827521206,0.000377002827521206,0.000377002827521206,0.000377002827521206,0,0.000377002827521206,0,0.00414703110273327,0.00414703110273327,0.00414703110273327,0.00414703110273327,"nonsyn","nonsyn","nonsyn",1.77e-05,1.76e-06,1.7e-06,1.7e-06,"0.00469492500000001","0.00450925","0.00466840000000001","1","T","T","A","P","S",1,1,0,0,0,0,0
"3185",3448,5308,5309,"c","c","t","t",0.00094197437829691,0.00094197437829691,0,0,0,0,0,0,0.00094197437829691,0.00094197437829691,0.000941796948577887,0.000941796948577887,"nonsyn","nonsyn","nonsyn",4.58e-06,8.37e-07,4.33e-07,4.33e-07,"0.004862128","1","1","1","T","T","M","K","R",1,1,1,0,0,0,0
"3186",3449,5299,5300,"a","g","g","a",0.00283072277788262,0.995848273259106,0.00132100396301189,0.00132100396301189,0.000377429703717683,0.000943574259294206,0.000377429703717683,0.000943574259294206,0.00415172674089451,0.997169277222117,0.00415094339622642,0.996981132075472,"syn","syn","syn",4.2e-06,5.36e-07,1.17e-06,1.17e-06,"4.21750994883456e-06","0.000885689999999999","0.001420132","0.001239966","T","T","T","T","T",0,0,0,0,0,0,0
"3187",3450,5171,5171,"a","a","g","g",0.00425449622896925,0.00425449622896925,0.00038677238445175,0.00038677238445175,0.000193386192225875,0.000193386192225875,0.000193386192225875,0.000193386192225875,0.004641268613421,0.004641268613421,0.004641268613421,0.004641268613421,"nonsyn","syn","stop",1.77e-05,1.76e-06,1.7e-06,1.7e-06,"0.00416030454545455","0.00439535","0.00910096","0.0087907","R","R","G","R","*",1,0,1,0,1,1,0
"3188",3451,5116,5118,"g","g","a","a",0.000781860828772478,0.000781860828772478,0.000586395621579359,0.000586395621579359,0,0.000586395621579359,0,0.000586395621579359,0.00136825645035184,0.00136825645035184,0.00136772176631497,0.00136772176631497,"nonsyn","nonsyn","nonsyn",4.2e-06,5.36e-07,1.17e-06,1.17e-06,"0.0053718","0.00199524","1","0.00199524","R","R","K","T","I",0,1,1,0,0,0,0
"3189",3452,5105,5105,"g","a","a","g",0.000979431929480901,0.998628795298727,0.00039177277179236,0.00039177277179236,0,0.00039177277179236,0,0.00039177277179236,0.00137120470127326,0.999020568070519,0.00137120470127326,0.999020568070519,"syn","nonsyn","nonsyn",1.77e-05,1.76e-06,1.7e-06,1.7e-06,"1.77243036484896e-05","0.00433925000000001","1","0.00433925000000001","R","R","R","S","S",0,1,1,0,1,1,0
"3190",3453,4935,4935,"g","g","a","a",0.00121580547112462,0.00121580547112462,0.00060790273556231,0.00060790273556231,0,0.00060790273556231,0,0.00060790273556231,0.00182370820668693,0.00182370820668693,0.00182370820668693,0.00182370820668693,"nonsyn","nonsyn","nonsyn",4.2e-06,5.36e-07,1.17e-06,1.17e-06,"0.0034545","0.00192465","1","0.00192465","G","G","S","R","C",1,1,0,0,1,1,0
"3191",3454,4917,4917,"g","g","a","a",0.00264388854992882,0.00264388854992882,0,0,0,0,0,0,0.00264388854992882,0.00264388854992882,0.00264388854992882,0.00264388854992882,"nonsyn","nonsyn","nonsyn",4.2e-06,5.36e-07,1.17e-06,1.17e-06,"0.00158856923076923","1","1","1","G","G","D","A","V",1,1,1,0,0,0,0
"3192",3455,4945,4945,"c","c","t","t",0.029726996966633,0.029726996966633,0.000202224469160768,0.000202224469160768,0.000202224469160768,0,0.000202224469160768,0,0.0299292214357937,0.0299292214357937,0.0299292214357937,0.0299292214357937,"syn","syn","syn",4.58e-06,8.37e-07,4.33e-07,4.33e-07,"0.000154068707482993","0.00214118500000001","0.00413896500000001","1","G","G","G","G","G",0,0,0,0,0,0,0
"3193",3456,4985,4985,"c","c","t","t",0.00341023069207623,0.00341023069207623,0.000401203610832497,0.000401203610832497,0.000401203610832497,0,0.000401203610832497,0,0.00381143430290873,0.00381143430290873,0.00381143430290873,0.00381143430290873,"nonsyn","nonsyn","nonsyn",4.58e-06,8.37e-07,4.33e-07,4.33e-07,"0.00134301764705882","0.0010792525","0.0020862225","1","L","L","F","I","V",0,0,0,0,1,0,1
"3194",3457,5056,5057,"t","t","c","c",0.00395569620253165,0.00395569620253165,0.000791139240506329,0.000791139240506329,0.000791139240506329,0,0.000791139240506329,0,0.00474683544303797,0.00474683544303797,0.00474589677674511,0.00474589677674511,"nonsyn","nonsyn","nonsyn",1.7e-05,1.07e-06,1.21e-06,1.21e-06,"0.0042976","0.00152944","0.00135248","1","L","L","P","H","R",1,1,1,0,1,0,1
"3195",3458,5167,5167,"c","c","t","t",0.000387071801819237,0.000387071801819237,0.000387071801819237,0.000387071801819237,0.000387071801819237,0,0.000387071801819237,0,0.000774143603638475,0.000774143603638475,0.000774143603638475,0.000774143603638475,"syn","syn","syn",4.58e-06,8.37e-07,4.33e-07,4.33e-07,"0.01183243","0.0011186555","0.0021623895","1","L","L","L","L","L",0,0,0,0,0,0,0
"3196",3459,5195,5195,"c","c","t","t",0.000769971126082772,0.000769971126082772,0.000192492781520693,0.000192492781520693,0.000192492781520693,0,0.000192492781520693,0,0.000962463907603465,0.000962463907603465,0.000962463907603465,0.000962463907603465,"syn","nonsyn","nonsyn",4.58e-06,8.37e-07,4.33e-07,4.33e-07,"0.005948275","0.002249435","0.004348215","1","L","L","L","I","V",0,0,0,0,1,0,1
"3197",3460,5076,5076,"t","t","c","c",0.00157604412923562,0.00157604412923562,0.000394011032308905,0.000394011032308905,0.000394011032308905,0,0.000394011032308905,0,0.00197005516154452,0.00197005516154452,0.00197005516154452,0.00197005516154452,"nonsyn","nonsyn","nonsyn",1.7e-05,1.07e-06,1.21e-06,1.21e-06,"0.0107865","0.00307098","0.00271566","1","L","L","P","Q","R",1,1,1,0,1,0,1
"3198",3461,5124,5126,"a","a","g","g",0.00156128024980484,0.00156128024980484,0.00117096018735363,0.00117096018735363,0,0.00117096018735363,0,0.00117096018735363,0.00273224043715847,0.00273224043715847,0.00273117440499415,0.00273117440499415,"syn","syn","syn",1.77e-05,1.76e-06,1.7e-06,1.7e-06,"0.01133685","0.0014518","1","0.0014518","L","L","L","L","L",0,0,0,0,1,1,0
"3199",3462,5122,5122,"g","g","a","a",0.000585708707536119,0.000585708707536119,0,0,0,0,0,0,0.000585708707536119,0.000585708707536119,0.000585708707536119,0.000585708707536119,"nonsyn","nonsyn","nonsyn",4.2e-06,5.36e-07,1.17e-06,1.17e-06,"0.0071708","1","1","1","G","G","R","R","W",1,1,1,0,1,1,0
"3200",3463,5124,5124,"g","g","a","a",0.00117096018735363,0.00117096018735363,0.00039032006245121,0.00039032006245121,0.000195160031225605,0.000195160031225605,0.000195160031225605,0.000195160031225605,0.00156128024980484,0.00156128024980484,0.00156128024980484,0.00156128024980484,"nonsyn","nonsyn","nonsyn",4.2e-06,5.36e-07,1.17e-06,1.17e-06,"0.0035868","0.00299754","0.002746464","0.00599508","G","G","E","A","V",1,1,1,0,1,1,0
"3201",3464,5125,5125,"g","g","a","a",0.00214634146341463,0.00214634146341463,0.000390243902439024,0.000390243902439024,0.000390243902439024,0,0.000390243902439024,0,0.00253658536585366,0.00253658536585366,0.00253658536585366,0.00253658536585366,"syn","syn","syn",4.2e-06,5.36e-07,1.17e-06,1.17e-06,"0.00195681818181819","0.002998125","0.0013735","1","G","G","G","G","G",0,0,0,0,0,0,0
"3202",3465,5024,5025,"t","t","c","c",0.0035828025477707,0.0035828025477707,0.00238853503184713,0.00238853503184713,0.00218949044585987,0.000199044585987261,0.00218949044585987,0.000199044585987261,0.00597133757961783,0.00597133757961783,0.00597014925373134,0.00597014925373134,"nonsyn","nonsyn","nonsyn",1.7e-05,1.07e-06,1.21e-06,1.21e-06,"0.00474488888888889","0.000506586666666667","0.000488698181818182","0.00607904000000001","C","C","R","S","G",1,1,0,1,0,0,0
"3203",3466,5105,5105,"g","g","a","a",0.00215475024485798,0.00215475024485798,0.00019588638589618,0.00019588638589618,0,0.00019588638589618,0,0.00019588638589618,0.00235063663075416,0.00235063663075416,0.00235063663075416,0.00235063663075416,"nonsyn","nonsyn","nonsyn",4.2e-06,5.36e-07,1.17e-06,1.17e-06,"0.00194918181818182","0.00597285000000001","1","0.00597285000000001","C","C","Y","S","F",1,1,1,0,0,0,0
"3204",3467,5122,5122,"c","t","t","c",0.00292854353768059,0.996680983990629,0.000390472471690746,0.000390472471690746,0,0.000390472471690746,0,0.000390472471690746,0.00331901600937134,0.997071456462319,0.00331901600937134,0.997071456462319,"syn","stop","nonsyn",1.7e-05,1.07e-06,1.21e-06,1.21e-06,"1.7056611165524e-05","0.00309881","1","0.00309881","C","C","C","*","W",0,1,1,0,0,0,0
"3205",3468,5449,5449,"a","a","g","g",0.0113782345384474,0.0113782345384474,0.000917599559552211,0.000917599559552211,0.000550559735731327,0.000367039823820885,0.000550559735731327,0.000367039823820885,0.0122958340979996,0.0122958340979996,0.0122958340979996,0.0122958340979996,"nonsyn","nonsyn","nonsyn",1.77e-05,1.76e-06,1.7e-06,1.7e-06,"0.00155560161290323","0.00185266","0.00319674666666667","0.00463164999999999","I","I","V","L","L",0,0,0,0,0,0,0
"3206",3469,5525,5525,"t","t","c","c",0.00271493212669683,0.00271493212669683,0.000361990950226244,0.000361990950226244,0.000180995475113122,0.000180995475113122,0.000180995475113122,0.000180995475113122,0.00307692307692308,0.00307692307692308,0.00307692307692308,0.00307692307692308,"nonsyn","nonsyn","nonsyn",1.7e-05,1.07e-06,1.21e-06,1.21e-06,"0.00626166666666667","0.003342625","0.00591175","0.00668525000000001","I","I","T","K","R",1,1,1,0,0,0,0
"3207",3470,5529,5529,"a","a","g","g",0.0021703743895822,0.0021703743895822,0.000180864532465184,0.000180864532465184,0,0.000180864532465184,0,0.000180864532465184,0.00235123892204739,0.00235123892204739,0.00235123892204739,0.00235123892204739,"nonsyn","syn","syn",1.77e-05,1.76e-06,1.7e-06,1.7e-06,"0.00815527500000001","0.00939929999999998","1","0.00939929999999998","I","I","M","I","I",0,0,0,0,0,0,0
"3208",3471,5519,5519,"a","a","g","g",0.0445732922630911,0.0445732922630911,0,0,0,0,0,0,0.0445732922630911,0.0445732922630911,0.0445732922630911,0.0445732922630911,"nonsyn","nonsyn","nonsyn",1.77e-05,1.76e-06,1.7e-06,1.7e-06,"0.000397098780487805","1","1","1","I","I","V","L","F",0,0,0,0,0,0,0
"3209",3472,5433,5433,"t","t","c","c",0.00276090557702927,0.00276090557702927,0,0,0,0,0,0,0.00276090557702927,0.00276090557702927,0.00276090557702927,0.00276090557702927,"nonsyn","nonsyn","nonsyn",1.7e-05,1.07e-06,1.21e-06,1.21e-06,"0.00615739999999999","1","1","1","I","I","T","N","S",1,1,1,0,0,0,0
"3210",3473,5507,5507,"c","c","t","t",0.000181587071000545,0.000181587071000545,0,0,0,0,0,0,0.000181587071000545,0.000181587071000545,0.000181587071000545,0.000181587071000545,"syn","syn","nonsyn",4.58e-06,8.37e-07,4.33e-07,4.33e-07,"0.02522206","1","1","1","I","I","I","I","M",0,0,0,0,0,0,0
"3211",3474,5470,5470,"a","a","g","g",0.00475319926873857,0.00475319926873857,0.0036563071297989,0.0036563071297989,0.00347349177330896,0.000182815356489945,0.00347349177330896,0.000182815356489945,0.00840950639853748,0.00840950639853748,0.00840950639853748,0.00840950639853748,"nonsyn","nonsyn","nonsyn",1.77e-05,1.76e-06,1.7e-06,1.7e-06,"0.0037238076923077","0.00046495","0.000506694736842105","0.00929900000000001","T","T","A","P","S",1,1,0,1,0,0,0
"3212",3475,5563,5563,"c","c","t","t",0.00125831385942837,0.00125831385942837,0.000179759122775481,0.000179759122775481,0.000179759122775481,0,0.000179759122775481,0,0.00143807298220385,0.00143807298220385,0.00143807298220385,0.00143807298220385,"nonsyn","nonsyn","nonsyn",4.58e-06,8.37e-07,4.33e-07,4.33e-07,"0.00363979142857142","0.002408779","0.004656231","1","T","T","I","N","S",1,0,0,0,0,0,0
"3213",3476,5609,5609,"c","c","t","t",0.00249598858976645,0.00249598858976645,0.000178284899269032,0.000178284899269032,0,0.000178284899269032,0,0.000178284899269032,0.00267427348903548,0.00267427348903548,0.00267427348903548,0.00267427348903548,"syn","syn","syn",4.58e-06,8.37e-07,4.33e-07,4.33e-07,"0.00183494428571428","0.002428697","1","0.002428697","T","T","T","T","T",0,0,0,0,1,0,1
"3214",3477,5654,5654,"a","a","g","g",0.00477538026176158,0.00477538026176158,0.000530597806862398,0.000530597806862398,0.000176865935620799,0.000353731871241599,0.000176865935620799,0.000353731871241599,0.00530597806862398,0.00530597806862398,0.00530597806862398,0.00530597806862398,"nonsyn","nonsyn","nonsyn",1.77e-05,1.76e-06,1.7e-06,1.7e-06,"0.00370651111111111","0.00320393333333334","0.00995104000000003","0.0048059","S","S","G","R","C",1,1,1,1,1,1,0
"3215",3478,5658,5658,"g","g","a","a",0.00106044538706257,0.00106044538706257,0.000176740897843761,0.000176740897843761,0,0.000176740897843761,0,0.000176740897843761,0.00123718628490633,0.00123718628490633,0.00123718628490633,0.00123718628490633,"nonsyn","nonsyn","nonsyn",4.2e-06,5.36e-07,1.17e-06,1.17e-06,"0.00396059999999999","0.00661986","1","0.00661986","S","S","N","T","I",0,0,1,0,0,0,0
"3216",3479,5674,5674,"c","c","t","t",0.00176242509693338,0.00176242509693338,0,0,0,0,0,0,0.00176242509693338,0.00176242509693338,0.00176242509693338,0.00176242509693338,"syn","nonsyn","nonsyn",4.58e-06,8.37e-07,4.33e-07,4.33e-07,"0.002598692","1","1","1","S","S","S","R","R",0,1,1,0,0,0,0
"3217",3480,5671,5671,"c","c","t","t",0.000529007229765473,0.000529007229765473,0.000352671486510316,0.000352671486510316,0.000352671486510316,0,0.000352671486510316,0,0.000881678716275789,0.000881678716275789,0.000881678716275789,0.000881678716275789,"syn","nonsyn","nonsyn",4.58e-06,8.37e-07,4.33e-07,4.33e-07,"0.00865772666666667","0.0012277715","0.0023733135","1","L","L","L","M","V",0,0,0,0,1,0,1
"3218",3481,5715,5715,"t","t","c","c",0.00349956255468067,0.00349956255468067,0.00174978127734033,0.00174978127734033,0.0010498687664042,0.000699912510936133,0.0010498687664042,0.000699912510936133,0.005249343832021,0.005249343832021,0.005249343832021,0.005249343832021,"nonsyn","nonsyn","nonsyn",1.7e-05,1.07e-06,1.21e-06,1.21e-06,"0.00485774999999999","0.000691515000000001","0.001019175","0.0017287875","L","L","P","Q","R",1,1,1,1,1,0,1
"3219",3482,5710,5710,"g","g","a","a",0.00157618213660245,0.00157618213660245,0,0,0,0,0,0,0.00157618213660245,0.00157618213660245,0.00157618213660245,0.00157618213660245,"syn","syn","syn",4.2e-06,5.36e-07,1.17e-06,1.17e-06,"0.00266466666666667","1","1","1","L","L","L","L","L",0,0,0,0,0,0,0
"3220",3483,5736,5736,"a","a","g","g",0.00348675034867503,0.00348675034867503,0.000697350069735007,0.000697350069735007,0.000174337517433752,0.000523012552301255,0.000174337517433752,0.000523012552301255,0.00418410041841004,0.00418410041841004,0.00418410041841004,0.00418410041841004,"nonsyn","nonsyn","nonsyn",1.77e-05,1.76e-06,1.7e-06,1.7e-06,"0.00507636000000001","0.0024378","0.01009536","0.0032504","T","T","A","P","S",1,1,0,0,0,0,0
"3221",3484,5732,5732,"c","c","t","t",0.000348918353105373,0.000348918353105373,0.000348918353105373,0.000348918353105373,0.000348918353105373,0,0.000348918353105373,0,0.000697836706210747,0.000697836706210747,0.000697836706210747,0.000697836706210747,"nonsyn","nonsyn","nonsyn",4.58e-06,8.37e-07,4.33e-07,4.33e-07,"0.01312628","0.001240978","0.002398842","1","T","T","I","N","S",1,0,0,0,0,0,0
"3222",3485,5736,5736,"t","t","c","c",0.00278940027894003,0.00278940027894003,0.000523012552301255,0.000523012552301255,0.000174337517433752,0.000348675034867503,0.000174337517433752,0.000348675034867503,0.00331241283124128,0.00331241283124128,0.00331241283124128,0.00331241283124128,"syn","syn","syn",1.7e-05,1.07e-06,1.21e-06,1.21e-06,"0.0060945","0.00231352","0.00613751999999999","0.00347028000000001","T","T","T","T","T",0,0,0,1,1,0,1
"3223",3486,5771,5771,"g","g","a","a",0.00173280194073817,0.00173280194073817,0.000346560388147635,0.000346560388147635,0,0.000346560388147635,0,0.000346560388147635,0.00207936232888581,0.00207936232888581,0.00207936232888581,0.00207936232888581,"nonsyn","nonsyn","nonsyn",4.2e-06,5.36e-07,1.17e-06,1.17e-06,"0.00242382","0.003376035","1","0.003376035","G","G","S","R","C",1,1,0,0,1,1,0
"3224",3487,5786,5786,"g","g","a","a",0.00483926719668165,0.00483926719668165,0.000172830971310059,0.000172830971310059,0.000172830971310059,0,0.000172830971310059,0,0.0050120981679917,0.0050120981679917,0.0050120981679917,0.0050120981679917,"nonsyn","nonsyn","nonsyn",4.2e-06,5.36e-07,1.17e-06,1.17e-06,"0.000867899999999999","0.00676961999999999","0.003101296","1","G","G","D","A","V",1,1,1,0,0,0,0
"3225",3488,5790,5790,"c","c","t","t",0.00310880829015544,0.00310880829015544,0.000863557858376511,0.000863557858376511,0.000345423143350604,0.000518134715025907,0.000345423143350604,0.000518134715025907,0.00397236614853195,0.00397236614853195,0.00397236614853195,0.00397236614853195,"syn","syn","syn",4.58e-06,8.37e-07,4.33e-07,4.33e-07,"0.00147323333333333","0.000501414","0.002423115","0.00083569","G","G","G","G","G",0,0,0,0,0,0,0
"3226",3489,5822,5822,"c","c","t","t",0.00171762281003092,0.00171762281003092,0.000343524562006183,0.000343524562006183,0.000343524562006183,0,0.000343524562006183,0,0.0020611473720371,0.0020611473720371,0.0020611473720371,0.0020611473720371,"nonsyn","syn","nonsyn",4.58e-06,8.37e-07,4.33e-07,4.33e-07,"0.002666476","0.001260463","0.002436507","1","R","R","W","R","G",1,0,1,0,1,0,1
"3227",3490,5828,5828,"g","g","a","a",0.000343170899107756,0.000343170899107756,0.000171585449553878,0.000171585449553878,0,0.000171585449553878,0,0.000171585449553878,0.000514756348661634,0.000514756348661634,0.000514756348661634,0.000514756348661634,"nonsyn","nonsyn","nonsyn",4.2e-06,5.36e-07,1.17e-06,1.17e-06,"0.0122388","0.00681875999999999","1","0.00681875999999999","R","R","Q","P","L",1,1,1,0,1,1,0
"3228",3491,5798,5798,"a","g","g","a",0.00327699206622973,0.996205588133839,0.000517419799931011,0.000517419799931011,0,0.000517419799931011,0,0.000517419799931011,0.00379441186616075,0.99672300793377,0.00379441186616075,0.99672300793377,"syn","syn","syn",4.2e-06,5.36e-07,1.17e-06,1.17e-06,"4.2159972299169e-06","0.00226122","1","0.00226122","R","R","R","R","R",0,0,0,0,1,1,0
"3229",3492,5798,5798,"g","g","a","a",0.00103483959986202,0.00103483959986202,0.00034494653328734,0.00034494653328734,0,0.00034494653328734,0,0.00034494653328734,0.00137978613314936,0.00137978613314936,0.00137978613314936,0.00137978613314936,"nonsyn","nonsyn","nonsyn",4.2e-06,5.36e-07,1.17e-06,1.17e-06,"0.00405860000000001","0.00339183","1","0.00339183","D","D","N","H","Y",1,1,1,0,0,0,0
"3230",3493,5808,5808,"a","a","g","g",0.00946969696969697,0.00946969696969697,0.000860881542699725,0.000860881542699725,0.00034435261707989,0.000516528925619835,0.00034435261707989,0.000516528925619835,0.0103305785123967,0.0103305785123967,0.0103305785123967,0.0103305785123967,"nonsyn","nonsyn","nonsyn",1.77e-05,1.76e-06,1.7e-06,1.7e-06,"0.00186912","0.00197472","0.00511104","0.0032912","D","D","G","A","V",1,1,1,0,0,0,0
"3231",3494,5777,5777,"c","c","t","t",0.00121170157521205,0.00121170157521205,0,0,0,0,0,0,0.00121170157521205,0.00121170157521205,0.00121170157521205,0.00121170157521205,"syn","nonsyn","nonsyn",4.58e-06,8.37e-07,4.33e-07,4.33e-07,"0.00377980857142856","1","1","1","D","D","D","E","E",0,0,0,0,0,0,0
"3232",3495,5808,5815,"a","a","g","g",0.0134297520661157,0.0134297520661157,0.00034435261707989,0.00034435261707989,0,0.00034435261707989,0,0.00034435261707989,0.0137741046831956,0.0137741046831956,0.0137575236457438,0.0137575236457438,"nonsyn","nonsyn","stop",1.77e-05,1.76e-06,1.7e-06,1.7e-06,"0.00131796923076923","0.0049368","1","0.0049368","K","K","E","Q","*",1,1,1,1,0,0,0
"3233",3496,5797,5797,"a","a","g","g",0.00362256339485941,0.00362256339485941,0.000862515094014145,0.000862515094014145,0.000345006037605658,0.000517509056408487,0.000345006037605658,0.000517509056408487,0.00448507848887356,0.00448507848887356,0.00448507848887356,0.00448507848887356,"nonsyn","nonsyn","nonsyn",1.77e-05,1.76e-06,1.7e-06,1.7e-06,"0.00488604285714286","0.00197098","0.00510136","0.00328496666666667","K","K","R","T","I",0,1,1,0,0,0,0
"3234",3497,5795,5795,"a","a","g","g",0.00448662640207075,0.00448662640207075,0.00103537532355479,0.00103537532355479,0.000345125107851596,0.000690250215703192,0.000345125107851596,0.000690250215703192,0.00552200172562554,0.00552200172562554,0.00552200172562554,0.00552200172562554,"syn","nonsyn","nonsyn",1.77e-05,1.76e-06,1.7e-06,1.7e-06,"0.00394505769230769","0.00164191666666666","0.0050996","0.002462875","K","K","K","N","N",0,1,1,0,0,0,0
"3235",3498,5781,5781,"a","a","g","g",0.00622729631551635,0.00622729631551635,0.00069192181283515,0.00069192181283515,0.000345960906417575,0.000345960906417575,0.000345960906417575,0.000345960906417575,0.0069192181283515,0.0069192181283515,0.0069192181283515,0.0069192181283515,"nonsyn","nonsyn","nonsyn",1.77e-05,1.76e-06,1.7e-06,1.7e-06,"0.002842325","0.002456925","0.00508728","0.00491385","N","N","D","H","Y",1,1,1,0,0,0,0
"3236",3499,5779,5779,"a","a","g","g",0.00415296764146046,0.00415296764146046,0.00155736286554767,0.00155736286554767,0.00103824191036511,0.000519120955182557,0.00103824191036511,0.000519120955182557,0.00571033050700813,0.00571033050700813,0.00571033050700813,0.00571033050700813,"nonsyn","nonsyn","nonsyn",1.77e-05,1.76e-06,1.7e-06,1.7e-06,"0.0042620125","0.00109158888888889","0.00169517333333334","0.00327476666666667","N","N","S","T","I",0,0,1,0,0,0,0
"3237",3500,5814,5815,"c","c","t","t",0.00103199174406605,0.00103199174406605,0.000171998624011008,0.000171998624011008,0.000171998624011008,0,0.000171998624011008,0,0.00120399036807706,0.00120399036807706,0.00120378331900258,0.00120378331900258,"syn","nonsyn","nonsyn",4.58e-06,8.37e-07,4.33e-07,4.33e-07,"0.00443801999999999","0.002517462","0.004866318","1","N","N","N","K","K",0,1,1,0,0,0,0
"3238",3501,5817,5817,"c","c","t","t",0.0013752793536187,0.0013752793536187,0.000171909919202338,0.000171909919202338,0.000171909919202338,0,0.000171909919202338,0,0.00154718927282104,0.00154718927282104,0.00154718927282104,0.00154718927282104,"stop","nonsyn","nonsyn",4.58e-06,8.37e-07,4.33e-07,4.33e-07,"0.00333023250000001","0.002518761","0.004868829","1","Q","Q","*","K","E",1,1,1,0,1,0,1
"3239",3502,5814,5814,"a","a","g","g",0.00257997936016512,0.00257997936016512,0.00085999312005504,0.00085999312005504,0.000171998624011008,0.000687994496044032,0.000171998624011008,0.000687994496044032,0.00343997248022016,0.00343997248022016,0.00343997248022016,0.00343997248022016,"nonsyn","nonsyn","nonsyn",1.77e-05,1.76e-06,1.7e-06,1.7e-06,"0.00686052","0.00197676","0.01023264","0.00247095","Q","Q","R","P","L",1,1,1,1,0,0,0
"3240",3503,5788,5788,"a","a","g","g",0.00241879751209399,0.00241879751209399,0.000691085003455425,0.000691085003455425,0.000172771250863856,0.000518313752591569,0.000172771250863856,0.000518313752591569,0.00310988251554941,0.00310988251554941,0.00310988251554941,0.00310988251554941,"syn","nonsyn","nonsyn",1.77e-05,1.76e-06,1.7e-06,1.7e-06,"0.00731768571428571","0.0024599","0.01018688","0.00327986666666667","Q","Q","Q","H","H",0,1,1,0,1,1,0
"3241",3504,5863,5863,"g","g","a","a",0.000511683438512707,0.000511683438512707,0,0,0,0,0,0,0.000511683438512707,0.000511683438512707,0.000511683438512707,0.000511683438512707,"nonsyn","nonsyn","nonsyn",4.2e-06,5.36e-07,1.17e-06,1.17e-06,"0.0082082","1","1","1","V","V","M","L","L",0,0,0,0,0,0,0
"3242",3505,5806,5806,"t","t","c","c",0.00189459180158457,0.00189459180158457,0,0,0,0,0,0,0.00189459180158457,0.00189459180158457,0.00189459180158457,0.00189459180158457,"nonsyn","nonsyn","nonsyn",1.7e-05,1.07e-06,1.21e-06,1.21e-06,"0.00897290909090908","1","1","1","V","V","A","E","G",0,1,1,1,0,0,0
"3243",3506,5764,5765,"g","g","a","a",0.00104094378903539,0.00104094378903539,0,0,0,0,0,0,0.00104094378903539,0.00104094378903539,0.001040763226366,0.001040763226366,"syn","syn","syn",4.2e-06,5.36e-07,1.17e-06,1.17e-06,"0.00403480000000001","1","1","1","V","V","V","V","V",0,0,0,0,1,1,0
"3244",3507,5783,5783,"g","g","a","a",0.000345841258862182,0.000345841258862182,0.000345841258862182,0.000345841258862182,0,0.000345841258862182,0,0.000345841258862182,0.000691682517724365,0.000691682517724365,0.000691682517724365,0.000691682517724365,"nonsyn","nonsyn","stop",4.2e-06,5.36e-07,1.17e-06,1.17e-06,"0.0121443","0.003383055","1","0.003383055","E","E","K","Q","*",1,1,1,0,0,0,0
"3245",3508,5736,5741,"a","a","g","g",0.00435843793584379,0.00435843793584379,0.00156903765690377,0.00156903765690377,0.000174337517433752,0.00139470013947001,0.000174337517433752,0.00139470013947001,0.00592747559274756,0.00592747559274756,0.00592231318585612,0.00592231318585612,"nonsyn","nonsyn","nonsyn",1.77e-05,1.76e-06,1.7e-06,1.7e-06,"0.004061088","0.00108346666666666","0.01009536","0.0012189","E","E","G","A","V",1,1,1,0,1,1,0
"3246",3509,5759,5759,"g","g","a","a",0.00191005382878972,0.00191005382878972,0.000173641257162702,0.000173641257162702,0,0.000173641257162702,0,0.000173641257162702,0.00208369508595242,0.00208369508595242,0.00208369508595242,0.00208369508595242,"syn","nonsyn","nonsyn",4.2e-06,5.36e-07,1.17e-06,1.17e-06,"0.00219889090909091","0.00673802999999999","1","0.00673802999999999","E","E","E","D","D",0,0,0,0,1,1,0
"3247",3510,5751,5751,"g","g","a","a",0.00156494522691706,0.00156494522691706,0.000695531211963137,0.000695531211963137,0,0.000695531211963137,0,0.000695531211963137,0.00226047643888019,0.00226047643888019,0.00226047643888019,0.00226047643888019,"nonsyn","nonsyn","nonsyn",4.2e-06,5.36e-07,1.17e-06,1.17e-06,"0.0026838","0.0016821675","1","0.0016821675","G","G","S","R","C",1,1,0,0,1,1,0
"3248",3511,5726,5726,"g","g","a","a",0.00157177785539644,0.00157177785539644,0,0,0,0,0,0,0.00157177785539644,0.00157177785539644,0.00157177785539644,0.00157177785539644,"nonsyn","nonsyn","nonsyn",4.2e-06,5.36e-07,1.17e-06,1.17e-06,"0.00267213333333333","1","1","1","G","G","D","A","V",1,1,1,0,0,0,0
"3249",3512,5675,5675,"t","t","c","c",0.00352422907488987,0.00352422907488987,0,0,0,0,0,0,0.00352422907488987,0.00352422907488987,0.00352422907488987,0.00352422907488987,"syn","syn","syn",1.7e-05,1.07e-06,1.21e-06,1.21e-06,"0.00482375","1","1","1","G","G","G","G","G",0,0,0,1,0,0,0
"3250",3513,5725,5725,"g","g","a","a",0.000349344978165939,0.000349344978165939,0.000873362445414847,0.000873362445414847,0,0.000873362445414847,0,0.000873362445414847,0.00122270742358079,0.00122270742358079,0.00122270742358079,0.00122270742358079,"nonsyn","nonsyn","stop",4.2e-06,5.36e-07,1.17e-06,1.17e-06,"0.0120225","0.00133965","1","0.00133965","E","E","K","Q","*",1,1,1,0,0,0,0
"3251",3514,5729,5729,"a","a","g","g",0.00436376330947809,0.00436376330947809,0.00104730319427474,0.00104730319427474,0,0.00104730319427474,0,0.00104730319427474,0.00541106650375284,0.00541106650375284,0.00541106650375284,0.00541106650375284,"nonsyn","nonsyn","nonsyn",1.77e-05,1.76e-06,1.7e-06,1.7e-06,"0.004056132","0.00162321666666667","1","0.00162321666666667","E","E","G","A","V",1,1,1,0,1,1,0
"3252",3515,5800,5800,"g","g","a","a",0.000344827586206897,0.000344827586206897,0.000172413793103448,0.000172413793103448,0,0.000172413793103448,0,0.000172413793103448,0.000517241379310345,0.000517241379310345,0.000517241379310345,0.000517241379310345,"syn","nonsyn","nonsyn",4.2e-06,5.36e-07,1.17e-06,1.17e-06,"0.01218","0.00678600000000001","1","0.00678600000000001","E","E","E","D","D",0,0,0,0,1,1,0
"3253",3516,5834,5834,"g","g","a","a",0.348303051079877,0.348303051079877,0.000171408981830648,0.000171408981830648,0.000171408981830648,0,0.000171408981830648,0,0.348474460061707,0.348474460061707,0.348474460061707,0.348474460061707,"nonsyn","nonsyn","nonsyn",4.2e-06,5.36e-07,1.17e-06,1.17e-06,"1.20584645669291e-05","0.00682578","0.003127024","1","V","V","I","L","F",0,0,0,0,0,0,0
"3254",3517,5791,5791,"t","t","c","c",0.00310827145570713,0.00310827145570713,0.000172681747539285,0.000172681747539285,0,0.000172681747539285,0,0.000172681747539285,0.00328095320324642,0.00328095320324642,0.00328095320324642,0.00328095320324642,"nonsyn","nonsyn","nonsyn",1.7e-05,1.07e-06,1.21e-06,1.21e-06,"0.00546927777777778","0.00700711","1","0.00700711","V","V","A","D","G",0,1,1,0,0,0,0
"3255",3518,5888,5888,"c","c","t","t",0.00203804347826087,0.00203804347826087,0.000509510869565217,0.000509510869565217,0.000509510869565217,0,0.000509510869565217,0,0.00254755434782609,0.00254755434782609,0.00254755434782609,0.00254755434782609,"syn","syn","syn",4.58e-06,8.37e-07,4.33e-07,4.33e-07,"0.00224725333333333","0.000849834666666667","0.001642752","1","V","V","V","V","V",0,0,0,0,0,0,0
"3256",3519,5713,5713,"c","c","t","t",0.00140031507089095,0.00140031507089095,0.000175039383861369,0.000175039383861369,0.000175039383861369,0,0.000175039383861369,0,0.00157535445475232,0.00157535445475232,0.00157535445475232,0.00157535445475232,"stop","nonsyn","nonsyn",4.58e-06,8.37e-07,4.33e-07,4.33e-07,"0.0032706925","0.002473729","0.00478178099999999","1","Q","Q","*","K","E",1,1,1,0,1,0,1
"3257",3520,5912,5912,"a","a","g","g",0.00321380243572395,0.00321380243572395,0.0006765899864682,0.0006765899864682,0,0.0006765899864682,0,0.0006765899864682,0.00389039242219215,0.00389039242219215,0.00389039242219215,0.00389039242219215,"nonsyn","nonsyn","nonsyn",1.77e-05,1.76e-06,1.7e-06,1.7e-06,"0.00550749473684211","0.0025126","1","0.0025126","Q","Q","R","P","L",1,1,1,1,1,1,0
"3258",3521,5974,5974,"g","g","a","a",0.00133913625711416,0.00133913625711416,0.00050217609641781,0.00050217609641781,0,0.00050217609641781,0,0.00050217609641781,0.00184131235353197,0.00184131235353197,0.00184131235353197,0.00184131235353197,"syn","nonsyn","nonsyn",4.2e-06,5.36e-07,1.17e-06,1.17e-06,"0.00313635","0.00232986","1","0.00232986","Q","Q","Q","H","H",0,1,1,0,0,0,0
"3259",3522,5978,5978,"a","a","g","g",0.00234192037470726,0.00234192037470726,0.000669120107059217,0.000669120107059217,0,0.000669120107059217,0,0.000669120107059217,0.00301104048176648,0.00301104048176648,0.00301104048176648,0.00301104048176648,"nonsyn","nonsyn","nonsyn",1.77e-05,1.76e-06,1.7e-06,1.7e-06,"0.0075579","0.00254065","1","0.00254065","I","I","V","L","F",0,0,0,0,0,0,0
"3260",3523,5979,5979,"t","t","c","c",0.00418130122093996,0.00418130122093996,0.000334504097675196,0.000334504097675196,0.000334504097675196,0,0.000334504097675196,0,0.00451580531861515,0.00451580531861515,0.00451580531861515,0.00451580531861515,"nonsyn","nonsyn","nonsyn",1.7e-05,1.07e-06,1.21e-06,1.21e-06,"0.00406572","0.00361729500000001","0.003198765","1","I","I","T","N","S",1,1,1,0,0,0,0
"3261",3524,5999,5999,"t","c","c","t",0.00350058343057176,0.995832638773129,0.000666777796299383,0.000666777796299383,0.000666777796299383,0,0.000666777796299383,0,0.00416736122687114,0.996499416569428,0.00416736122687114,0.996499416569428,"syn","syn","nonsyn",4.58e-06,8.37e-07,4.33e-07,4.33e-07,"4.59916638767995e-06","0.00064939175","0.00125529075","1","I","I","I","I","M",0,0,0,0,0,0,0
"3262",3525,6010,6010,"g","g","a","a",0.00133111480865225,0.00133111480865225,0,0,0,0,0,0,0.00133111480865225,0.00133111480865225,0.00133111480865225,0.00133111480865225,"nonsyn","nonsyn","nonsyn",4.2e-06,5.36e-07,1.17e-06,1.17e-06,"0.00315524999999999","1","1","1","V","V","M","L","L",0,0,0,0,0,0,0
"3263",3526,6020,6020,"t","t","c","c",0.00598006644518272,0.00598006644518272,0.000498338870431894,0.000498338870431894,0.000498338870431894,0,0.000498338870431894,0,0.00647840531561462,0.00647840531561462,0.00647840531561462,0.00647840531561462,"nonsyn","nonsyn","nonsyn",1.7e-05,1.07e-06,1.21e-06,1.21e-06,"0.00284277777777778","0.00242806666666667","0.00214713333333333","1","V","V","A","E","G",0,1,1,1,0,0,0
"3264",3527,6053,6053,"g","g","a","a",0.000991244011234099,0.000991244011234099,0,0,0,0,0,0,0.000991244011234099,0.000991244011234099,0.000991244011234099,0.000991244011234099,"syn","syn","syn",4.2e-06,5.36e-07,1.17e-06,1.17e-06,"0.0042371","1","1","1","V","V","V","V","V",0,0,0,0,0,0,0
"3265",3528,6033,6033,"t","t","c","c",0.00961379081717222,0.00961379081717222,0.000994530084535057,0.000994530084535057,0.000994530084535057,0,0.000994530084535057,0,0.0106083209017073,0.0106083209017073,0.0106083209017073,0.0106083209017073,"nonsyn","nonsyn","nonsyn",1.7e-05,1.07e-06,1.21e-06,1.21e-06,"0.00176829310344828","0.001216655","0.001075885","1","S","S","P","T","A",1,0,1,0,0,0,0
"3266",3529,6023,6023,"c","c","t","t",0.00132824173999668,0.00132824173999668,0.00066412086999834,0.00066412086999834,0.00066412086999834,0,0.00066412086999834,0,0.00199236260999502,0.00199236260999502,0.00199236260999502,0.00199236260999502,"nonsyn","stop","stop",4.58e-06,8.37e-07,4.33e-07,4.33e-07,"0.0034481675","0.00065198975","0.00126031275","1","S","S","L","*","*",1,1,1,0,0,0,0
"3267",3530,6073,6073,"a","a","g","g",0.00510456117240244,0.00510456117240244,0.0011526428453812,0.0011526428453812,0.00032932652725177,0.000823316318129425,0.00032932652725177,0.000823316318129425,0.00625720401778363,0.00625720401778363,0.00625720401778363,0.00625720401778363,"syn","syn","syn",1.77e-05,1.76e-06,1.7e-06,1.7e-06,"0.00346748709677419","0.00147487142857142","0.00534424","0.00206482","S","S","S","S","S",0,0,0,1,0,0,0
"3268",3531,6066,6066,"a","a","g","g",0.00181338608638312,0.00181338608638312,0.000329706561160567,0.000329706561160567,0,0.000329706561160567,0,0.000329706561160567,0.00214309264754369,0.00214309264754369,0.00214309264754369,0.00214309264754369,"nonsyn","nonsyn","nonsyn",1.77e-05,1.76e-06,1.7e-06,1.7e-06,"0.00976074545454545","0.0051561","1","0.0051561","T","T","A","P","S",1,1,0,0,0,0,0
"3269",3532,6098,6098,"c","c","t","t",0.00131190554280092,0.00131190554280092,0.000163988192850115,0.000163988192850115,0,0.000163988192850115,0,0.000163988192850115,0.00147589373565103,0.00147589373565103,0.00147589373565103,0.00147589373565103,"nonsyn","nonsyn","nonsyn",4.58e-06,8.37e-07,4.33e-07,4.33e-07,"0.003491105","0.002640434","1","0.002640434","T","T","I","N","S",1,0,0,0,0,0,0
"3270",3533,6105,6105,"t","t","c","c",0.00245700245700246,0.00245700245700246,0.00212940212940213,0.00212940212940213,0.00131040131040131,0.000819000819000819,0.00131040131040131,0.000819000819000819,0.00458640458640459,0.00458640458640459,0.00458640458640459,0.00458640458640459,"syn","syn","syn",1.7e-05,1.07e-06,1.21e-06,1.21e-06,"0.00691899999999999","0.000568234615384615","0.00081654375","0.00147741","T","T","T","T","T",0,0,0,1,1,0,1
"3271",3534,6090,6090,"g","g","a","a",0.00295566502463054,0.00295566502463054,0,0,0,0,0,0,0.00295566502463054,0.00295566502463054,0.00295566502463054,0.00295566502463054,"nonsyn","nonsyn","nonsyn",4.2e-06,5.36e-07,1.17e-06,1.17e-06,"0.001421","1","1","1","A","A","T","P","S",1,1,1,0,0,0,0
"3272",3535,6051,6051,"c","c","t","t",0.00165261940175178,0.00165261940175178,0.000495785820525533,0.000495785820525533,0.000165261940175178,0.000330523880350355,0.000165261940175178,0.000330523880350355,0.00214840522227731,0.00214840522227731,0.00214840522227731,0.00214840522227731,"nonsyn","nonsyn","nonsyn",4.58e-06,8.37e-07,4.33e-07,4.33e-07,"0.00277135799999999","0.000873361","0.00506468699999999","0.0013100415","A","A","V","D","G",0,1,1,0,0,0,0
"3273",3536,6037,6037,"t","t","c","c",0.00265032300811661,0.00265032300811661,0.000828225940036442,0.000828225940036442,0.000662580752029154,0.000165645188007288,0.000662580752029154,0.000165645188007288,0.00347854894815306,0.00347854894815306,0.00347854894815306,0.00347854894815306,"syn","syn","syn",1.7e-05,1.07e-06,1.21e-06,1.21e-06,"0.00641431250000001","0.001460954","0.0016148975","0.00730477000000002","A","A","A","A","A",0,0,0,0,1,0,1
"3274",3537,6006,6006,"a","a","g","g",0.00233100233100233,0.00233100233100233,0.000333000333000333,0.000333000333000333,0.000166500166500167,0.000166500166500167,0.000166500166500167,0.000166500166500167,0.00266400266400266,0.00266400266400266,0.00266400266400266,0.00266400266400266,"nonsyn","nonsyn","nonsyn",1.77e-05,1.76e-06,1.7e-06,1.7e-06,"0.0075933","0.0051051","0.01057056","0.0102102","T","T","A","P","S",1,1,0,0,0,0,0
"3275",3538,6026,6026,"c","c","t","t",0.0016594756057086,0.0016594756057086,0.00016594756057086,0.00016594756057086,0,0.00016594756057086,0,0.00016594756057086,0.00182542316627946,0.00182542316627946,0.00182542316627946,0.00182542316627946,"nonsyn","nonsyn","nonsyn",4.58e-06,8.37e-07,4.33e-07,4.33e-07,"0.00275990799999999","0.00260925799999999","1","0.00260925799999999","T","T","I","N","S",1,0,0,0,0,0,0
"3276",3539,6040,6040,"c","c","t","t",0.00115894039735099,0.00115894039735099,0.000165562913907285,0.000165562913907285,0.000165562913907285,0,0.000165562913907285,0,0.00132450331125828,0.00132450331125828,0.00132450331125828,0.00132450331125828,"syn","syn","syn",4.58e-06,8.37e-07,4.33e-07,4.33e-07,"0.00395188571428573","0.00261532","0.00505547999999999","1","T","T","T","T","T",0,0,0,0,1,0,1
"3277",3540,6042,6042,"c","c","t","t",0.000496524329692155,0.000496524329692155,0.00066203243958954,0.00066203243958954,0.00066203243958954,0,0.00066203243958954,0,0.00115855676928169,0.00115855676928169,0.00115855676928169,0.00115855676928169,"stop","nonsyn","nonsyn",4.58e-06,8.37e-07,4.33e-07,4.33e-07,"0.00922412","0.0006540465","0.0012642885","1","Q","Q","*","K","E",1,1,1,0,1,0,1
"3278",3541,6044,6045,"a","a","g","g",0.00132362673726009,0.00132362673726009,0.000496360026472535,0.000496360026472535,0.000165453342157512,0.000330906684315023,0.000165453342157512,0.000330906684315023,0.00181998676373263,0.00181998676373263,0.00181968569065343,0.00181968569065343,"nonsyn","nonsyn","nonsyn",1.77e-05,1.76e-06,1.7e-06,1.7e-06,"0.01337235","0.00342493333333333","0.01063744","0.0051374","Q","Q","R","P","L",1,1,1,1,0,0,0
"3279",3542,6016,6016,"a","a","g","g",0.00332446808510638,0.00332446808510638,0.000166223404255319,0.000166223404255319,0,0.000166223404255319,0,0.000166223404255319,0.0034906914893617,0.0034906914893617,0.0034906914893617,0.0034906914893617,"syn","nonsyn","nonsyn",1.77e-05,1.76e-06,1.7e-06,1.7e-06,"0.00532416","0.0102272","1","0.0102272","Q","Q","Q","H","H",0,1,1,0,0,0,0
"3280",3543,5995,5995,"a","a","g","g",0.00283569641367806,0.00283569641367806,0.000333611342785655,0.000333611342785655,0.000333611342785655,0,0.000333611342785655,0,0.00316930775646372,0.00316930775646372,0.00316930775646372,0.00316930775646372,"nonsyn","nonsyn","nonsyn",1.77e-05,1.76e-06,1.7e-06,1.7e-06,"0.00624185294117648","0.00509575","0.0052756","1","T","T","A","P","S",1,1,0,0,0,0,0
"3281",3544,6022,6022,"c","c","t","t",0.0013284623048821,0.0013284623048821,0.000166057788110262,0.000166057788110262,0.000166057788110262,0,0.000166057788110262,0,0.00149452009299236,0.00149452009299236,0.00149452009299236,0.00149452009299236,"nonsyn","nonsyn","nonsyn",4.58e-06,8.37e-07,4.33e-07,4.33e-07,"0.003447595","0.00260752600000001","0.00504041400000001","1","T","T","I","N","S",1,0,0,0,0,0,0
"3282",3545,5998,5998,"t","c","c","t",0.00516838946315438,0.99349783261087,0.00133377792597533,0.00133377792597533,0.00100033344448149,0.000333444481493831,0.00100033344448149,0.000333444481493831,0.00650216738912971,0.994831610536846,0.00650216738912971,0.994831610536846,"syn","syn","syn",4.58e-06,8.37e-07,4.33e-07,4.33e-07,"4.60997482799128e-06","0.000324641749999999","0.000836721000000003","0.001298567","T","T","T","T","T",0,0,0,0,1,0,1
"3283",3546,6011,6011,"t","t","c","c",0.0038263184162369,0.0038263184162369,0.000332723340542339,0.000332723340542339,0,0.000332723340542339,0,0.000332723340542339,0.00415904175677924,0.00415904175677924,0.00415904175677924,0.00415904175677924,"nonsyn","nonsyn","nonsyn",1.7e-05,1.07e-06,1.21e-06,1.21e-06,"0.00444291304347826","0.003636655","1","0.003636655","F","F","L","I","V",0,0,0,0,1,0,1
"3284",3547,5986,5986,"t","t","c","c",0.00200467758102239,0.00200467758102239,0.000835282325425994,0.000835282325425994,0.000501169395255596,0.000334112930170398,0.000501169395255596,0.000334112930170398,0.00283995990644838,0.00283995990644838,0.00283995990644838,0.00283995990644838,"nonsyn","nonsyn","nonsyn",1.7e-05,1.07e-06,1.21e-06,1.21e-06,"0.00848016666666665","0.001448612","0.00213500666666667","0.00362153","F","F","S","Y","C",1,0,1,0,0,0,0
"3285",3548,6041,6041,"c","c","t","t",0.00198642608839596,0.00198642608839596,0,0,0,0,0,0,0.00198642608839596,0.00198642608839596,0.00198642608839596,0.00198642608839596,"syn","nonsyn","nonsyn",4.58e-06,8.37e-07,4.33e-07,4.33e-07,"0.00230564833333333","1","1","1","F","F","F","L","L",0,0,0,0,0,0,0
"3286",3549,6046,6046,"c","c","t","t",0.00181938471716838,0.00181938471716838,0.000165398610651671,0.000165398610651671,0.000165398610651671,0,0.000165398610651671,0,0.00198478332782005,0.00198478332782005,0.00198478332782005,0.00198478332782005,"syn","nonsyn","nonsyn",4.58e-06,8.37e-07,4.33e-07,4.33e-07,"0.00251733454545454","0.00261791799999999","0.00506050199999999","1","L","L","L","M","V",0,0,0,0,1,0,1
"3287",3550,6038,6038,"t","t","c","c",0.00347797283868831,0.00347797283868831,0.00298111957601855,0.00298111957601855,0.0028155018217953,0.000165617754223253,0.0028155018217953,0.000165617754223253,0.00645909241470686,0.00645909241470686,0.00645909241470686,0.00645909241470686,"nonsyn","nonsyn","nonsyn",1.7e-05,1.07e-06,1.21e-06,1.21e-06,"0.00488790476190476","0.000405887777777778","0.000380038823529411","0.00730597999999999","L","L","P","Q","R",1,1,1,1,1,0,1
"3288",3551,6046,6047,"g","g","a","a",0.00148858749586503,0.00148858749586503,0.000165398610651671,0.000165398610651671,0,0.000165398610651671,0,0.000165398610651671,0.00165398610651671,0.00165398610651671,0.00165371258475277,0.00165371258475277,"syn","syn","syn",4.2e-06,5.36e-07,1.17e-06,1.17e-06,"0.00282146666666668","0.00707381999999998","1","0.00707381999999998","L","L","L","L","L",0,0,0,0,1,1,0
"3289",3552,6025,6025,"g","g","a","a",0.00182572614107884,0.00182572614107884,0.00016597510373444,0.00016597510373444,0.00016597510373444,0,0.00016597510373444,0,0.00199170124481328,0.00199170124481328,0.00199170124481328,0.00199170124481328,"nonsyn","nonsyn","nonsyn",4.2e-06,5.36e-07,1.17e-06,1.17e-06,"0.00230045454545454","0.00704924999999999","0.0032294","1","A","A","T","P","S",1,1,1,0,0,0,0
"3290",3553,6025,6025,"c","c","t","t",0.00116182572614108,0.00116182572614108,0.00016597510373444,0.00016597510373444,0.00016597510373444,0,0.00016597510373444,0,0.00132780082987552,0.00132780082987552,0.00132780082987552,0.00132780082987552,"nonsyn","nonsyn","nonsyn",4.58e-06,8.37e-07,4.33e-07,4.33e-07,"0.00394207142857142","0.002608825","0.00504292499999999","1","A","A","V","E","G",0,1,1,0,0,0,0
"3291",3554,6027,6027,"a","a","g","g",0.00348432055749129,0.00348432055749129,0.000497760079641613,0.000497760079641613,0.000165920026547204,0.000331840053094409,0.000165920026547204,0.000331840053094409,0.0039820806371329,0.0039820806371329,0.0039820806371329,0.0039820806371329,"syn","syn","syn",1.77e-05,1.76e-06,1.7e-06,1.7e-06,"0.0050799","0.0034153","0.01060752","0.00512294999999999","A","A","A","A","A",0,0,0,1,0,0,0
"3292",3555,6019,6019,"a","a","g","g",0.0024921083236418,0.0024921083236418,0.000166140554909453,0.000166140554909453,0.000166140554909453,0,0.000166140554909453,0,0.00265824887855125,0.00265824887855125,0.00265824887855125,0.00265824887855125,"nonsyn","nonsyn","nonsyn",1.77e-05,1.76e-06,1.7e-06,1.7e-06,"0.00710242","0.0102323","0.01059344","1","T","T","A","P","S",1,1,0,0,0,0,0
"3293",3556,6022,6022,"c","c","t","t",0.00498173364330787,0.00498173364330787,0,0,0,0,0,0,0.00498173364330787,0.00498173364330787,0.00498173364330787,0.00498173364330787,"nonsyn","nonsyn","nonsyn",4.58e-06,8.37e-07,4.33e-07,4.33e-07,"0.000919358666666667","1","1","1","T","T","M","K","R",1,1,1,0,0,0,0
"3294",3557,6017,6017,"g","g","a","a",0.00249293667940834,0.00249293667940834,0.000166195778627223,0.000166195778627223,0,0.000166195778627223,0,0.000166195778627223,0.00265913245803557,0.00265913245803557,0.00265913245803557,0.00265913245803557,"syn","syn","syn",4.2e-06,5.36e-07,1.17e-06,1.17e-06,"0.00168476","0.00703988999999999","1","0.00703988999999999","T","T","T","T","T",0,0,0,0,0,0,0
"3295",3558,6005,6005,"t","t","c","c",0.00766028309741882,0.00766028309741882,0.000666111573688593,0.000666111573688593,0.000166527893422148,0.000499583680266445,0.000166527893422148,0.000499583680266445,0.00832639467110741,0.00832639467110741,0.00832639467110741,0.00832639467110741,"nonsyn","nonsyn","nonsyn",1.7e-05,1.07e-06,1.21e-06,1.21e-06,"0.00221923913043478","0.0018165125","0.00642535000000001","0.00242201666666666","C","C","R","S","G",1,1,0,1,0,0,0
"3296",3559,6019,6019,"g","g","a","a",0.00631334108655923,0.00631334108655923,0.000332281109818907,0.000332281109818907,0.000332281109818907,0,0.000332281109818907,0,0.00664562219637814,0.00664562219637814,0.00664562219637814,0.00664562219637814,"nonsyn","nonsyn","nonsyn",4.2e-06,5.36e-07,1.17e-06,1.17e-06,"0.000665257894736842","0.003521115","0.001613092","1","C","C","Y","S","F",1,1,1,0,0,0,0
"3297",3560,6039,6039,"c","c","t","t",0.00331180659049512,0.00331180659049512,0.000496770988574267,0.000496770988574267,0.000331180659049512,0.000165590329524756,0.000331180659049512,0.000165590329524756,0.00380857757906938,0.00380857757906938,0.00380857757906938,0.00380857757906938,"syn","stop","nonsyn",4.58e-06,8.37e-07,4.33e-07,4.33e-07,"0.001382931","0.000871629","0.0025273215","0.002614887","C","C","C","*","W",0,1,1,0,0,0,0
"3298",3561,6003,6003,"a","a","g","g",0.00349825087456272,0.00349825087456272,0.000832916874895885,0.000832916874895885,0.000333166749958354,0.000499750124937531,0.000333166749958354,0.000499750124937531,0.0043311677494586,0.0043311677494586,0.0043311677494586,0.0043311677494586,"nonsyn","nonsyn","nonsyn",1.77e-05,1.76e-06,1.7e-06,1.7e-06,"0.00505967142857143","0.00204102","0.00528264","0.0034017","I","I","V","L","F",0,0,0,1,0,0,0
"3299",3562,6086,6086,"t","t","c","c",0.00312191915872494,0.00312191915872494,0.000164311534669734,0.000164311534669734,0,0.000164311534669734,0,0.000164311534669734,0.00328623069339468,0.00328623069339468,0.00328623069339468,0.00328623069339468,"nonsyn","nonsyn","nonsyn",1.7e-05,1.07e-06,1.21e-06,1.21e-06,"0.00544536842105264","0.00736405999999999","1","0.00736405999999999","I","I","T","N","S",1,1,1,0,0,0,0
"3300",3563,6104,6104,"c","c","t","t",0.000491480996068152,0.000491480996068152,0,0,0,0,0,0,0.000491480996068152,0.000491480996068152,0.000491480996068152,0.000491480996068152,"syn","syn","nonsyn",4.58e-06,8.37e-07,4.33e-07,4.33e-07,"0.00931877333333333","1","1","1","I","I","I","I","M",0,0,0,0,0,0,0
"3301",3564,6074,6074,"a","a","g","g",0.0016463615409944,0.0016463615409944,0,0,0,0,0,0,0.0016463615409944,0.0016463615409944,0.0016463615409944,0.0016463615409944,"nonsyn","nonsyn","nonsyn",1.77e-05,1.76e-06,1.7e-06,1.7e-06,"0.01075098","1","1","1","N","N","D","H","Y",1,1,1,1,0,0,0
"3302",3565,6090,6090,"a","a","g","g",0.000656814449917898,0.000656814449917898,0,0,0,0,0,0,0.000656814449917898,0.000656814449917898,0.000656814449917898,0.000656814449917898,"nonsyn","nonsyn","nonsyn",1.77e-05,1.76e-06,1.7e-06,1.7e-06,"0.02694825","1","1","1","N","N","S","T","I",0,0,1,0,0,0,0
"3303",3566,5910,5910,"t","t","c","c",0.00236886632825719,0.00236886632825719,0.000338409475465313,0.000338409475465313,0.000169204737732657,0.000169204737732657,0.000169204737732657,0.000169204737732657,0.0027072758037225,0.0027072758037225,0.0027072758037225,0.0027072758037225,"syn","nonsyn","nonsyn",1.7e-05,1.07e-06,1.21e-06,1.21e-06,"0.00717642857142857","0.00357555","0.00632369999999998","0.00715109999999998","N","N","N","K","K",0,1,1,1,0,0,0
"3304",3567,5912,5922,"g","g","a","a",0.00118403247631935,0.00118403247631935,0.0010148849797023,0.0010148849797023,0,0.0010148849797023,0,0.0010148849797023,0.00219891745602165,0.00219891745602165,0.0021952043228639,0.0021952043228639,"nonsyn","nonsyn","nonsyn",4.2e-06,5.36e-07,1.17e-06,1.17e-06,"0.0035472","0.00115284","1","0.00115284","G","G","R","R","W",1,1,1,0,1,1,0
"3305",3568,5927,5927,"g","g","a","a",0.00236207187447275,0.00236207187447275,0.000674877678420786,0.000674877678420786,0,0.000674877678420786,0,0.000674877678420786,0.00303694955289354,0.00303694955289354,0.00303694955289354,0.00303694955289354,"nonsyn","nonsyn","nonsyn",4.2e-06,5.36e-07,1.17e-06,1.17e-06,"0.0017781","0.0017336475","1","0.0017336475","G","G","E","A","V",1,1,1,0,1,1,0
"3306",3569,5915,5915,"g","g","a","a",0.0191039729501268,0.0191039729501268,0,0,0,0,0,0,0.0191039729501268,0.0191039729501268,0.0191039729501268,0.0191039729501268,"syn","syn","syn",4.2e-06,5.36e-07,1.17e-06,1.17e-06,"0.000219849557522124","1","1","1","G","G","G","G","G",0,0,0,0,1,1,0
"3307",3570,5936,5936,"g","g","a","a",0.00101078167115903,0.00101078167115903,0.000168463611859838,0.000168463611859838,0,0.000168463611859838,0,0.000168463611859838,0.00117924528301887,0.00117924528301887,0.00117924528301887,0.00117924528301887,"nonsyn","nonsyn","nonsyn",4.2e-06,5.36e-07,1.17e-06,1.17e-06,"0.0041552","0.00694512000000001","1","0.00694512000000001","V","V","I","L","L",0,0,0,0,0,0,0
"3308",3571,5852,5854,"t","t","c","c",0.00222146274777854,0.00222146274777854,0.000512645249487355,0.000512645249487355,0.000512645249487355,0,0.000512645249487355,0,0.00273410799726589,0.00273410799726589,0.00273317389818927,0.00273317389818927,"nonsyn","nonsyn","nonsyn",1.7e-05,1.07e-06,1.21e-06,1.21e-06,"0.00765261538461537","0.00236030666666667","0.00208721333333333","1","V","V","A","E","G",0,1,1,0,0,0,0
"3309",3572,5855,5855,"a","a","g","g",0.00324508966695132,0.00324508966695132,0.000341588385994876,0.000341588385994876,0,0.000341588385994876,0,0.000341588385994876,0.0035866780529462,0.0035866780529462,0.0035866780529462,0.0035866780529462,"syn","syn","syn",1.77e-05,1.76e-06,1.7e-06,1.7e-06,"0.00545439473684211","0.00497675","1","0.00497675","V","V","V","V","V",0,0,0,0,0,0,0
"3310",3573,6119,6119,"t","t","c","c",0.00196110475567903,0.00196110475567903,0.000490276188919758,0.000490276188919758,0.000163425396306586,0.000326850792613172,0.000163425396306586,0.000326850792613172,0.00245138094459879,0.00245138094459879,0.00245138094459879,0.00245138094459879,"nonsyn","nonsyn","nonsyn",1.7e-05,1.07e-06,1.21e-06,1.21e-06,"0.00866858333333334","0.00246799666666667","0.00654733","0.003701995","C","C","R","S","G",1,1,0,1,0,0,0
"3311",3574,6113,6113,"g","g","a","a",0.00376247341730738,0.00376247341730738,0,0,0,0,0,0,0.00376247341730738,0.00376247341730738,0.00376247341730738,0.00376247341730738,"nonsyn","nonsyn","nonsyn",4.2e-06,5.36e-07,1.17e-06,1.17e-06,"0.00111628695652174","1","1","1","C","C","Y","S","F",1,1,1,0,0,0,0
"3312",3575,6124,6124,"c","c","t","t",0.011430437622469,0.011430437622469,0.000326583932070542,0.000326583932070542,0.000326583932070542,0,0.000326583932070542,0,0.0117570215545395,0.0117570215545395,0.0117570215545395,0.0117570215545395,"syn","stop","nonsyn",4.58e-06,8.37e-07,4.33e-07,4.33e-07,"0.000400684571428571","0.001325846","0.002562894","1","C","C","C","*","W",0,1,1,0,0,0,0
"3313",3576,5802,5802,"t","t","c","c",0.0105136159944847,0.0105136159944847,0.00103412616339193,0.00103412616339193,0.000517063081695967,0.000517063081695967,0.000517063081695967,0.000517063081695967,0.0115477421578766,0.0115477421578766,0.0115477421578766,0.0115477421578766,"nonsyn","nonsyn","nonsyn",1.7e-05,1.07e-06,1.21e-06,1.21e-06,"0.00161695081967213","0.00117007","0.00206938","0.00234014","W","W","R","R","G",1,1,1,1,1,0,1
"3314",3577,6070,6071,"g","g","a","a",0.00164744645799012,0.00164744645799012,0.000329489291598023,0.000329489291598023,0,0.000329489291598023,0,0.000329489291598023,0.00197693574958814,0.00197693574958814,0.00197661011365508,0.00197661011365508,"stop","nonsyn","nonsyn",4.2e-06,5.36e-07,1.17e-06,1.17e-06,"0.00254939999999999","0.00355095","1","0.00355095","W","W","*","S","L",1,1,0,0,1,1,0
"3315",3578,6051,6051,"g","g","a","a",0.00231366716245249,0.00231366716245249,0.000330523880350355,0.000330523880350355,0,0.000330523880350355,0,0.000330523880350355,0.00264419104280284,0.00264419104280284,0.00264419104280284,0.00264419104280284,"stop","nonsyn","nonsyn",4.2e-06,5.36e-07,1.17e-06,1.17e-06,"0.0018153","0.003539835","1","0.003539835","W","W","*","C","C",1,1,1,0,0,0,0
"3316",3579,6072,6072,"a","a","g","g",0.00527009222661397,0.00527009222661397,0.000164690382081686,0.000164690382081686,0,0.000164690382081686,0,0.000164690382081686,0.00543478260869565,0.00543478260869565,0.00543478260869565,0.00543478260869565,"nonsyn","nonsyn","nonsyn",1.77e-05,1.76e-06,1.7e-06,1.7e-06,"0.003358575","0.0103224","1","0.0103224","T","T","A","P","S",1,1,0,0,0,0,0
"3317",3580,6079,6080,"c","c","t","t",0.00180950814278664,0.00180950814278664,0.000822503701266656,0.000822503701266656,0.000493502220759993,0.000329001480506662,0.000493502220759993,0.000329001480506662,0.0026320118440533,0.0026320118440533,0.00263157894736842,0.00263157894736842,"nonsyn","nonsyn","nonsyn",4.58e-06,8.37e-07,4.33e-07,4.33e-07,"0.00253107454545455","0.0005264414","0.001696041","0.0013161035","T","T","I","N","S",1,0,0,0,0,0,0
"3318",3581,6024,6024,"t","t","c","c",0.00132802124833997,0.00132802124833997,0.000664010624169987,0.000664010624169987,0.000166002656042497,0.00049800796812749,0.000166002656042497,0.00049800796812749,0.00199203187250996,0.00199203187250996,0.00199203187250996,0.00199203187250996,"syn","syn","syn",1.7e-05,1.07e-06,1.21e-06,1.21e-06,"0.012801","0.00182226","0.00644567999999999","0.00242968","T","T","T","T","T",0,0,0,1,1,0,1
"3319",3582,6030,6030,"g","g","a","a",0.00099502487562189,0.00099502487562189,0.000497512437810945,0.000497512437810945,0.000165837479270315,0.00033167495854063,0.000165837479270315,0.00033167495854063,0.00149253731343284,0.00149253731343284,0.00149253731343284,0.00149253731343284,"nonsyn","nonsyn","nonsyn",4.2e-06,5.36e-07,1.17e-06,1.17e-06,"0.004221","0.0023517","0.00323208","0.00352755","V","V","I","L","F",0,0,0,0,0,0,0
"3320",3583,6084,6090,"t","t","c","c",0.00575279421433268,0.00575279421433268,0.00345167652859961,0.00345167652859961,0.000821827744904668,0.00262984878369494,0.000821827744904668,0.00262984878369494,0.00920447074293228,0.00920447074293228,0.00919540229885057,0.00919540229885057,"nonsyn","nonsyn","nonsyn",1.7e-05,1.07e-06,1.21e-06,1.21e-06,"0.00295508571428571","0.000350554285714285","0.001301976","0.0004601025","V","V","A","D","G",0,1,1,0,0,0,0
"3321",3584,6062,6062,"t","c","c","t",0.00197954470471791,0.997525569119103,0.000494886176179479,0.000494886176179479,0.000164962058726493,0.000329924117452986,0.000164962058726493,0.000329924117452986,0.00247443088089739,0.998020455295282,0.00247443088089739,0.998020455295282,"syn","syn","syn",4.58e-06,8.37e-07,4.33e-07,4.33e-07,"4.59136100545725e-06","0.000874948666666666","0.005073894","0.001312423","V","V","V","V","V",0,0,0,0,0,0,0
"3322",3585,6071,6072,"t","t","c","c",0.00296491517048262,0.00296491517048262,0.000329435018942514,0.000329435018942514,0.000164717509471257,0.000164717509471257,0.000164717509471257,0.000164717509471257,0.00329435018942514,0.00329435018942514,0.00329380764163373,0.00329380764163373,"nonsyn","nonsyn","nonsyn",1.7e-05,1.07e-06,1.21e-06,1.21e-06,"0.00573372222222223","0.003672955","0.00649596999999999","0.00734590999999999","Y","Y","H","N","D",1,1,1,0,1,0,1
"3323",3586,5772,5773,"a","a","g","g",0.00190575190575191,0.00190575190575191,0.00051975051975052,0.00051975051975052,0,0.00051975051975052,0,0.00051975051975052,0.00242550242550243,0.00242550242550243,0.00242508227957734,0.00242508227957734,"nonsyn","nonsyn","nonsyn",1.77e-05,1.76e-06,1.7e-06,1.7e-06,"0.00928767272727271","0.0032708","1","0.0032708","Y","Y","C","S","F",1,1,0,0,0,0,0
"3324",3587,5948,5949,"c","c","t","t",0.0011768661735037,0.0011768661735037,0,0,0,0,0,0,0.0011768661735037,0.0011768661735037,0.00117666834762145,0.00117666834762145,"syn","stop","stop",4.58e-06,8.37e-07,4.33e-07,4.33e-07,"0.00389169142857142","1","1","1","Y","Y","Y","*","*",0,1,1,0,0,0,0
"3325",3588,5943,5943,"c","c","t","t",0.00117785630153121,0.00117785630153121,0,0,0,0,0,0,0.00117785630153121,0.00117785630153121,0.00117785630153121,0.00117785630153121,"nonsyn","nonsyn","nonsyn",4.58e-06,8.37e-07,4.33e-07,4.33e-07,"0.00388842000000001","1","1","1","H","H","Y","N","D",1,1,1,0,1,0,1
"3326",3589,5793,5793,"a","a","g","g",0.00258933195235629,0.00258933195235629,0.00189884343172795,0.00189884343172795,0.000345244260314172,0.00155359917141378,0.000345244260314172,0.00155359917141378,0.00448817538408424,0.00448817538408424,0.00448817538408424,0.00448817538408424,"nonsyn","nonsyn","nonsyn",1.77e-05,1.76e-06,1.7e-06,1.7e-06,"0.00683574000000001","0.000895281818181817","0.00509784","0.00109423333333333","H","H","R","P","L",0,1,1,1,0,0,0
"3327",3590,5791,5791,"c","c","t","t",0.00241754446554999,0.00241754446554999,0,0,0,0,0,0,0.00241754446554999,0.00241754446554999,0.00241754446554999,0.00241754446554999,"syn","nonsyn","nonsyn",4.58e-06,8.37e-07,4.33e-07,4.33e-07,"0.00189448428571429","1","1","1","H","H","H","Q","Q",0,1,1,0,0,0,0
"3328",3591,5757,5759,"g","g","a","a",0.00260552371026576,0.00260552371026576,0.000173701580684384,0.000173701580684384,0,0.000173701580684384,0,0.000173701580684384,0.00277922529095015,0.00277922529095015,0.00277826011460323,0.00277826011460323,"nonsyn","nonsyn","nonsyn",4.2e-06,5.36e-07,1.17e-06,1.17e-06,"0.00161196","0.00673569000000001","1","0.00673569000000001","G","G","R","R","W",1,1,1,0,1,1,0
"3329",3592,5726,5726,"g","g","a","a",0.00157177785539644,0.00157177785539644,0.000523925951798812,0.000523925951798812,0.000174641983932937,0.000349283967865875,0.000174641983932937,0.000349283967865875,0.00209570380719525,0.00209570380719525,0.00209570380719525,0.00209570380719525,"nonsyn","nonsyn","nonsyn",4.2e-06,5.36e-07,1.17e-06,1.17e-06,"0.00267213333333333","0.00223314","0.00306913600000001","0.00334971","G","G","E","A","V",1,1,1,0,1,1,0
"3330",3593,5722,5722,"g","g","a","a",0.00139811254806012,0.00139811254806012,0,0,0,0,0,0,0.00139811254806012,0.00139811254806012,0.00139811254806012,0.00139811254806012,"syn","syn","syn",4.2e-06,5.36e-07,1.17e-06,1.17e-06,"0.00300405","1","1","1","G","G","G","G","G",0,0,0,0,1,1,0
"3331",3594,5805,5805,"g","g","a","a",0.0020671834625323,0.0020671834625323,0.000516795865633075,0.000516795865633075,0.000172265288544358,0.000344530577088717,0.000172265288544358,0.000344530577088717,0.00258397932816537,0.00258397932816537,0.00258397932816537,0.00258397932816537,"nonsyn","nonsyn","nonsyn",4.2e-06,5.36e-07,1.17e-06,1.17e-06,"0.00203175","0.00226395","0.00311148000000001","0.003395925","A","A","T","P","S",1,1,1,0,0,0,0
"3332",3595,5809,5809,"c","c","t","t",0.00189361335858151,0.00189361335858151,0.000172146668961956,0.000172146668961956,0.000172146668961956,0,0.000172146668961956,0,0.00206576002754347,0.00206576002754347,0.00206576002754347,0.00206576002754347,"nonsyn","nonsyn","nonsyn",4.58e-06,8.37e-07,4.33e-07,4.33e-07,"0.00241865636363637","0.00251529699999999","0.00486213299999999","1","A","A","V","D","G",0,1,1,0,0,0,0
"3333",3596,5805,5805,"t","c","c","t",0.00310077519379845,0.995865633074935,0.00103359173126615,0.00103359173126615,0.000861326442721792,0.000172265288544358,0.000861326442721792,0.000172265288544358,0.0041343669250646,0.996899224806202,0.0041343669250646,0.996899224806202,"syn","syn","syn",4.58e-06,8.37e-07,4.33e-07,4.33e-07,"4.59901401141671e-06","0.0004189275","0.000971757","0.002513565","A","A","A","A","A",0,0,0,0,1,0,1
"3334",3597,5790,5790,"g","g","a","a",0.00138169257340242,0.00138169257340242,0.000172711571675302,0.000172711571675302,0,0.000172711571675302,0,0.000172711571675302,0.00155440414507772,0.00155440414507772,0.00155440414507772,0.00155440414507772,"nonsyn","nonsyn","stop",4.2e-06,5.36e-07,1.17e-06,1.17e-06,"0.00303975","0.00677430000000001","1","0.00677430000000001","G","G","R","R","*",1,1,1,0,1,1,0
"3335",3598,5788,5788,"g","g","a","a",0.00103662750518314,0.00103662750518314,0.000345542501727712,0.000345542501727712,0,0.000345542501727712,0,0.000345542501727712,0.00138217000691085,0.00138217000691085,0.00138217000691085,0.00138217000691085,"nonsyn","nonsyn","nonsyn",4.2e-06,5.36e-07,1.17e-06,1.17e-06,"0.00405159999999999","0.00338598000000001","1","0.00338598000000001","G","G","E","A","V",1,1,1,0,0,0,0
"3336",3599,5781,5781,"a","a","g","g",0.00743815948797786,0.00743815948797786,0.000518941359626362,0.000518941359626362,0,0.000518941359626362,0,0.000518941359626362,0.00795710084760422,0.00795710084760422,0.00795710084760422,0.00795710084760422,"syn","syn","syn",1.77e-05,1.76e-06,1.7e-06,1.7e-06,"0.00237962093023256","0.0032759","1","0.0032759","G","G","G","G","G",0,0,0,0,0,0,0
"3337",3600,5770,5770,"a","a","g","g",0.00450606585788562,0.00450606585788562,0.000346620450606586,0.000346620450606586,0,0.000346620450606586,0,0.000346620450606586,0.0048526863084922,0.0048526863084922,0.0048526863084922,0.0048526863084922,"nonsyn","nonsyn","nonsyn",1.77e-05,1.76e-06,1.7e-06,1.7e-06,"0.00392803846153846","0.0049045","1","0.0049045","T","T","A","P","S",1,1,0,0,0,0,0
"3338",3601,5762,5762,"c","c","t","t",0.00190905935439084,0.00190905935439084,0.000173550850399167,0.000173550850399167,0,0.000173550850399167,0,0.000173550850399167,0.00208261020479,0.00208261020479,0.00208261020479,0.00208261020479,"nonsyn","nonsyn","nonsyn",4.58e-06,8.37e-07,4.33e-07,4.33e-07,"0.00239908727272727","0.002494946","1","0.002494946","T","T","M","K","R",1,1,1,0,0,0,0
"3339",3602,5749,5749,"g","g","a","a",0.00243520612280397,0.00243520612280397,0,0,0,0,0,0,0.00243520612280397,0.00243520612280397,0.00243520612280397,0.00243520612280397,"syn","syn","syn",4.2e-06,5.36e-07,1.17e-06,1.17e-06,"0.0017247","1","1","1","T","T","T","T","T",0,0,0,0,0,0,0
"3340",3603,5752,5752,"a","a","g","g",0.00434631432545202,0.00434631432545202,0.00104311543810848,0.00104311543810848,0,0.00104311543810848,0,0.00104311543810848,0.0053894297635605,0.0053894297635605,0.0053894297635605,0.0053894297635605,"nonsyn","syn","nonsyn",1.77e-05,1.76e-06,1.7e-06,1.7e-06,"0.004072416","0.00162973333333334","1","0.00162973333333334","R","R","G","R","W",1,0,1,0,1,1,0
"3341",3604,5793,5793,"g","g","a","a",0.00189884343172795,0.00189884343172795,0.000345244260314172,0.000345244260314172,0,0.000345244260314172,0,0.000345244260314172,0.00224408769204212,0.00224408769204212,0.00224408769204212,0.00224408769204212,"nonsyn","nonsyn","nonsyn",4.2e-06,5.36e-07,1.17e-06,1.17e-06,"0.00221187272727272","0.003388905","1","0.003388905","R","R","K","T","M",0,1,1,0,1,1,0
"3342",3605,5784,5784,"g","g","a","a",0.0465076071922545,0.0465076071922545,0.000345781466113416,0.000345781466113416,0,0.000345781466113416,0,0.000345781466113416,0.0468533886583679,0.0468533886583679,0.0468533886583679,0.0468533886583679,"syn","nonsyn","nonsyn",4.2e-06,5.36e-07,1.17e-06,1.17e-06,"9.03078066914498e-05","0.00338364","1","0.00338364","R","R","R","S","S",0,1,1,0,0,0,0
"3343",3606,5791,5791,"a","a","g","g",0.00310827145570713,0.00310827145570713,0,0,0,0,0,0,0.00310827145570713,0.00310827145570713,0.00310827145570713,0.00310827145570713,"nonsyn","nonsyn","nonsyn",1.77e-05,1.76e-06,1.7e-06,1.7e-06,"0.00569448333333334","1","1","1","T","T","A","P","S",1,1,0,0,0,0,0
"3344",3607,5718,5719,"c","c","t","t",0.00104931794333683,0.00104931794333683,0,0,0,0,0,0,0.00104931794333683,0.00104931794333683,0.00104913446406714,0.00104913446406714,"nonsyn","nonsyn","nonsyn",4.58e-06,8.37e-07,4.33e-07,4.33e-07,"0.00436474","1","1","1","T","T","I","N","S",1,0,0,0,0,0,0
"3345",3608,5705,5705,"c","c","t","t",0.00105170902716915,0.00105170902716915,0.000525854513584575,0.000525854513584575,0.000525854513584575,0,0.000525854513584575,0,0.00157756354075372,0.00157756354075372,0.00157756354075372,0.00157756354075372,"syn","syn","syn",4.58e-06,8.37e-07,4.33e-07,4.33e-07,"0.00435481666666667","0.000823421666666667","0.001591695","1","T","T","T","T","T",0,0,0,0,1,0,1
"3346",3609,5713,5713,"a","a","g","g",0.00210047260633643,0.00210047260633643,0.000700157535445475,0.000700157535445475,0.000350078767722738,0.000350078767722738,0.000350078767722738,0.000350078767722738,0.0028006301417819,0.0028006301417819,0.0028006301417819,0.0028006301417819,"nonsyn","nonsyn","nonsyn",1.77e-05,1.76e-06,1.7e-06,1.7e-06,"0.00842667499999998","0.002428025","0.00502744","0.00485604999999999","I","I","V","L","F",0,0,0,1,0,0,0
"3347",3610,5771,5771,"t","t","c","c",0.00259920291110726,0.00259920291110726,0.000173280194073817,0.000173280194073817,0.000173280194073817,0,0.000173280194073817,0,0.00277248310518108,0.00277248310518108,0.00277248310518108,0.00277248310518108,"nonsyn","nonsyn","nonsyn",1.7e-05,1.07e-06,1.21e-06,1.21e-06,"0.00654046666666667","0.00698291000000002","0.00617497000000001","1","I","I","T","N","S",1,1,1,0,0,0,0
"3348",3611,5776,5776,"c","c","t","t",0.000865650969529086,0.000865650969529086,0,0,0,0,0,0,0.000865650969529086,0.000865650969529086,0.000865650969529086,0.000865650969529086,"syn","syn","nonsyn",4.58e-06,8.37e-07,4.33e-07,4.33e-07,"0.005290816","1","1","1","I","I","I","I","M",0,0,0,0,0,0,0
"3349",3612,5770,5770,"g","g","a","a",0.00311958405545927,0.00311958405545927,0.000173310225303293,0.000173310225303293,0.000173310225303293,0,0.000173310225303293,0,0.00329289428076256,0.00329289428076256,0.00329289428076256,0.00329289428076256,"nonsyn","nonsyn","nonsyn",4.2e-06,5.36e-07,1.17e-06,1.17e-06,"0.00134633333333333","0.0067509","0.00309272","1","A","A","T","P","S",1,1,1,0,0,0,0
"3350",3613,5759,5759,"c","c","t","t",0.00121548880013891,0.00121548880013891,0.000520923771488106,0.000520923771488106,0.000520923771488106,0,0.000520923771488106,0,0.00173641257162702,0.00173641257162702,0.00173641257162702,0.00173641257162702,"nonsyn","nonsyn","nonsyn",4.58e-06,8.37e-07,4.33e-07,4.33e-07,"0.00376803142857144","0.000831215666666666","0.001606761","1","A","A","V","E","G",0,1,1,0,0,0,0
"3351",3614,5747,5747,"a","a","g","g",0.00330607273360014,0.00330607273360014,0.000696015312336871,0.000696015312336871,0,0.000696015312336871,0,0.000696015312336871,0.00400208804593701,0.00400208804593701,0.00400208804593701,0.00400208804593701,"syn","syn","syn",1.77e-05,1.76e-06,1.7e-06,1.7e-06,"0.00535378421052631","0.002442475","1","0.002442475","A","A","A","A","A",0,0,0,1,0,0,0
"3352",3615,5485,5485,"t","t","c","c",0.00419325432999088,0.00419325432999088,0.000546946216955333,0.000546946216955333,0.000546946216955333,0,0.000546946216955333,0,0.00474020054694622,0.00474020054694622,0.00474020054694622,0.00474020054694622,"nonsyn","nonsyn","nonsyn",1.7e-05,1.07e-06,1.21e-06,1.21e-06,"0.00405413043478261","0.00221228333333333","0.00195631666666667","1","S","S","P","T","A",1,0,1,0,0,0,0
"3353",3616,5445,5445,"c","c","t","t",0.000734618916437098,0.000734618916437098,0.000367309458218549,0.000367309458218549,0.000367309458218549,0,0.000367309458218549,0,0.00110192837465565,0.00110192837465565,0.00110192837465565,0.00110192837465565,"nonsyn","stop","stop",4.58e-06,8.37e-07,4.33e-07,4.33e-07,"0.006234525","0.0011788425","0.0022787325","1","S","S","L","*","*",1,1,1,0,0,0,0
"3354",3617,5443,5443,"a","a","g","g",0.00385816645232409,0.00385816645232409,0.000183722212015433,0.000183722212015433,0.000183722212015433,0,0.000183722212015433,0,0.00404188866433952,0.00404188866433952,0.00404188866433952,0.00404188866433952,"syn","syn","syn",1.77e-05,1.76e-06,1.7e-06,1.7e-06,"0.00458767142857142","0.00925309999999998","0.00957967999999998","1","S","S","S","S","S",0,0,0,1,0,0,0
"3355",3618,5502,5502,"c","c","t","t",0.00109051254089422,0.00109051254089422,0,0,0,0,0,0,0.00109051254089422,0.00109051254089422,0.00109051254089422,0.00109051254089422,"nonsyn","nonsyn","nonsyn",4.58e-06,8.37e-07,4.33e-07,4.33e-07,"0.00419986","1","1","1","P","P","S","T","A",1,1,1,0,0,0,0
"3356",3619,5504,5504,"c","c","t","t",0.000545058139534884,0.000545058139534884,0,0,0,0,0,0,0.000545058139534884,0.000545058139534884,0.000545058139534884,0.000545058139534884,"nonsyn","nonsyn","nonsyn",4.58e-06,8.37e-07,4.33e-07,4.33e-07,"0.00840277333333333","1","1","1","P","P","L","H","R",1,1,1,0,1,0,1
"3357",3620,5501,5501,"c","c","t","t",0.00090892564988184,0.00090892564988184,0.000545355389929104,0.000545355389929104,0.000545355389929104,0,0.000545355389929104,0,0.00145428103981094,0.00145428103981094,0.00145428103981094,0.00145428103981094,"syn","syn","syn",4.58e-06,8.37e-07,4.33e-07,4.33e-07,"0.005038916","0.000793977666666666","0.001534779","1","P","P","P","P","P",0,0,0,0,1,0,1
"3358",3621,5491,5492,"a","a","g","g",0.00127481333090512,0.00127481333090512,0.000182116190129302,0.000182116190129302,0,0.000182116190129302,0,0.000182116190129302,0.00145692952103442,0.00145692952103442,0.00145666423889294,0.00145666423889294,"nonsyn","nonsyn","stop",1.77e-05,1.76e-06,1.7e-06,1.7e-06,"0.0138843857142857","0.00933470000000003","1","0.00933470000000003","K","K","E","Q","*",1,1,1,1,0,0,0
"3359",3622,5460,5460,"a","a","g","g",0.00311355311355311,0.00311355311355311,0.000915750915750916,0.000915750915750916,0.000183150183150183,0.000732600732600733,0.000183150183150183,0.000732600732600733,0.00402930402930403,0.00402930402930403,0.00402930402930403,0.00402930402930403,"nonsyn","nonsyn","nonsyn",1.77e-05,1.76e-06,1.7e-06,1.7e-06,"0.00568482352941177","0.0018564","0.00960960000000001","0.0023205","K","K","R","T","M",0,1,1,0,1,1,0
"3360",3623,5370,5372,"g","g","a","a",0.000931098696461825,0.000931098696461825,0.000186219739292365,0.000186219739292365,0,0.000186219739292365,0,0.000186219739292365,0.00111731843575419,0.00111731843575419,0.00111690245718541,0.00111690245718541,"syn","nonsyn","nonsyn",4.2e-06,5.36e-07,1.17e-06,1.17e-06,"0.0045108","0.0062829","1","0.0062829","K","K","K","N","N",0,1,1,0,1,1,0
"3361",3624,5352,5352,"g","g","a","a",0.00280269058295964,0.00280269058295964,0.000186846038863976,0.000186846038863976,0,0.000186846038863976,0,0.000186846038863976,0.00298953662182362,0.00298953662182362,0.00298953662182362,0.00298953662182362,"nonsyn","nonsyn","nonsyn",4.2e-06,5.36e-07,1.17e-06,1.17e-06,"0.00149856","0.00626184","1","0.00626184","G","G","S","R","C",1,1,0,0,1,1,0
"3362",3625,5366,5366,"g","g","a","a",0.00204994409243384,0.00204994409243384,0.000372717107715244,0.000372717107715244,0.000186358553857622,0.000186358553857622,0.000186358553857622,0.000186358553857622,0.00242266120014909,0.00242266120014909,0.00242266120014909,0.00242266120014909,"nonsyn","nonsyn","nonsyn",4.2e-06,5.36e-07,1.17e-06,1.17e-06,"0.00204883636363637","0.00313911","0.002876176","0.00627822","G","G","D","A","V",1,1,1,0,0,0,0
"3363",3626,5516,5516,"t","t","c","c",0.00362581580855693,0.00362581580855693,0,0,0,0,0,0,0.00362581580855693,0.00362581580855693,0.00362581580855693,0.00362581580855693,"syn","syn","syn",1.7e-05,1.07e-06,1.21e-06,1.21e-06,"0.00468859999999999","1","1","1","G","G","G","G","G",0,0,0,0,0,0,0
"3364",3627,5528,5528,"c","c","t","t",0.00271345875542692,0.00271345875542692,0.000542691751085384,0.000542691751085384,0.000542691751085384,0,0.000542691751085384,0,0.0032561505065123,0.0032561505065123,0.0032561505065123,0.0032561505065123,"nonsyn","nonsyn","nonsyn",4.58e-06,8.37e-07,4.33e-07,4.33e-07,"0.00168788266666667","0.000797874666666666","0.001542312","1","P","P","S","T","A",1,1,1,0,0,0,0
"3365",3628,5546,5546,"c","c","t","t",0.00108186080057699,0.00108186080057699,0.000180310133429499,0.000180310133429499,0.000180310133429499,0,0.000180310133429499,0,0.00126217093400649,0.00126217093400649,0.00126217093400649,0.00126217093400649,"nonsyn","nonsyn","nonsyn",4.58e-06,8.37e-07,4.33e-07,4.33e-07,"0.00423344666666668","0.002401418","0.00464200199999999","1","P","P","L","H","R",1,1,1,0,1,0,1
"3366",3629,5618,5618,"t","t","c","c",0.0044499822000712,0.0044499822000712,0.00302598789604842,0.00302598789604842,0.00284798860804557,0.000177999288002848,0.00284798860804557,0.000177999288002848,0.00747597009611962,0.00747597009611962,0.00747597009611962,0.00747597009611962,"syn","syn","syn",1.7e-05,1.07e-06,1.21e-06,1.21e-06,"0.00382024","0.000399869411764705","0.00037570375","0.00679778","P","P","P","P","P",0,0,0,1,1,0,1
"3367",3630,5655,5655,"g","g","a","a",0.000707338638373121,0.000707338638373121,0.000353669319186561,0.000353669319186561,0,0.000353669319186561,0,0.000353669319186561,0.00106100795755968,0.00106100795755968,0.00106100795755968,0.00106100795755968,"nonsyn","nonsyn","nonsyn",4.2e-06,5.36e-07,1.17e-06,1.17e-06,"0.00593775","0.003308175","1","0.003308175","V","V","I","L","F",0,0,0,0,0,0,0
"3368",3631,5641,5641,"t","t","c","c",0.00620457365715299,0.00620457365715299,0.000709094132246056,0.000709094132246056,0.000354547066123028,0.000354547066123028,0.000354547066123028,0.000354547066123028,0.00691366778939904,0.00691366778939904,0.00691366778939904,0.00691366778939904,"nonsyn","nonsyn","nonsyn",1.7e-05,1.07e-06,1.21e-06,1.21e-06,"0.00273991428571428","0.0017064025","0.003017935","0.003412805","V","V","A","D","G",0,1,1,0,0,0,0
"3369",3632,5628,5628,"c","c","t","t",0.00142146410803127,0.00142146410803127,0.000355366027007818,0.000355366027007818,0.000355366027007818,0,0.000355366027007818,0,0.00177683013503909,0.00177683013503909,0.00177683013503909,0.00177683013503909,"syn","syn","syn",4.58e-06,8.37e-07,4.33e-07,4.33e-07,"0.00322203000000001","0.001218462","0.002355318","1","V","V","V","V","V",0,0,0,0,0,0,0
"3370",3633,5643,5643,"a","a","g","g",0.00301258195995038,0.00301258195995038,0.000354421407052986,0.000354421407052986,0.000177210703526493,0.000177210703526493,0.000177210703526493,0.000177210703526493,0.00336700336700337,0.00336700336700337,0.00336700336700337,0.00336700336700337,"nonsyn","nonsyn","nonsyn",1.77e-05,1.76e-06,1.7e-06,1.7e-06,"0.00587535882352941","0.00479655","0.00993168","0.0095931","I","I","V","L","F",0,0,0,1,0,0,0
"3371",3634,5598,5598,"t","t","c","c",0.00321543408360129,0.00321543408360129,0.000535905680600214,0.000535905680600214,0.000535905680600214,0,0.000535905680600214,0,0.0037513397642015,0.0037513397642015,0.0037513397642015,0.0037513397642015,"nonsyn","nonsyn","nonsyn",1.7e-05,1.07e-06,1.21e-06,1.21e-06,"0.00528699999999999","0.00225786","0.00199662","1","I","I","T","N","S",1,1,1,0,0,0,0
"3372",3635,5623,5623,"c","c","t","t",0.0391250222301263,0.0391250222301263,0.000177841010136938,0.000177841010136938,0.000177841010136938,0,0.000177841010136938,0,0.0393028632402632,0.0393028632402632,0.0393028632402632,0.0393028632402632,"syn","syn","nonsyn",4.58e-06,8.37e-07,4.33e-07,4.33e-07,"0.000117060636363636","0.00243475899999999","0.00470645099999999","1","I","I","I","I","M",0,0,0,0,0,0,0
"3373",3636,5620,5620,"c","c","t","t",0.00142348754448399,0.00142348754448399,0.000177935943060498,0.000177935943060498,0.000177935943060498,0,0.000177935943060498,0,0.00160142348754448,0.00160142348754448,0.00160142348754448,0.00160142348754448,"stop","nonsyn","nonsyn",4.58e-06,8.37e-07,4.33e-07,4.33e-07,"0.00321744999999999","0.00243346","0.00470394000000001","1","Q","Q","*","K","E",1,1,1,0,1,0,1
"3374",3637,5550,5550,"a","a","g","g",0.00252252252252252,0.00252252252252252,0.00144144144144144,0.00144144144144144,0.00036036036036036,0.00108108108108108,0.00036036036036036,0.00108108108108108,0.00396396396396396,0.00396396396396396,0.00396396396396396,0.00396396396396396,"nonsyn","nonsyn","nonsyn",1.77e-05,1.76e-06,1.7e-06,1.7e-06,"0.00701678571428572","0.001179375","0.00488400000000001","0.0015725","Q","Q","R","P","L",1,1,1,1,1,1,0
"3375",3638,5616,5617,"g","g","a","a",0.00124643874643875,0.00124643874643875,0,0,0,0,0,0,0.00124643874643875,0.00124643874643875,0.00124621684173046,0.00124621684173046,"syn","nonsyn","nonsyn",4.2e-06,5.36e-07,1.17e-06,1.17e-06,"0.00336959999999999","1","1","1","Q","Q","Q","H","H",0,1,1,0,0,0,0
"3376",3639,5610,5610,"a","a","g","g",0.00481283422459893,0.00481283422459893,0.00017825311942959,0.00017825311942959,0.00017825311942959,0,0.00017825311942959,0,0.00499108734402852,0.00499108734402852,0.00499108734402852,0.00499108734402852,"nonsyn","nonsyn","nonsyn",1.77e-05,1.76e-06,1.7e-06,1.7e-06,"0.00367766666666667","0.009537","0.0098736","1","M","M","V","L","L",0,0,0,0,0,0,0
"3377",3640,5590,5590,"t","t","c","c",0.00339892665474061,0.00339892665474061,0.00035778175313059,0.00035778175313059,0.000178890876565295,0.000178890876565295,0.000178890876565295,0.000178890876565295,0.0037567084078712,0.0037567084078712,0.0037567084078712,0.0037567084078712,"nonsyn","nonsyn","nonsyn",1.7e-05,1.07e-06,1.21e-06,1.21e-06,"0.00500157894736842","0.00338195","0.00598130000000001","0.00676390000000001","M","M","T","K","R",1,1,1,1,0,0,0
"3378",3641,5597,5597,"g","g","a","a",0.000714668572449526,0.000714668572449526,0.000178667143112382,0.000178667143112382,0,0.000178667143112382,0,0.000178667143112382,0.000893335715561908,0.000893335715561908,0.000893335715561908,0.000893335715561908,"nonsyn","nonsyn","nonsyn",4.2e-06,5.36e-07,1.17e-06,1.17e-06,"0.00587685","0.00654848999999999","1","0.00654848999999999","M","M","I","I","I",0,0,0,0,0,0,0
"3379",3642,5453,5453,"t","t","c","c",0.00476801760498808,0.00476801760498808,0.000550155877498625,0.000550155877498625,0.000550155877498625,0,0.000550155877498625,0,0.0053181734824867,0.0053181734824867,0.0053181734824867,0.0053181734824867,"nonsyn","nonsyn","nonsyn",1.7e-05,1.07e-06,1.21e-06,1.21e-06,"0.00356542307692308","0.00219937666666667","0.00194490333333333","1","Y","Y","H","N","D",1,1,1,0,0,0,0
"3380",3643,5173,5173,"a","a","g","g",0.0023197370964624,0.0023197370964624,0.0011598685482312,0.0011598685482312,0,0.0011598685482312,0,0.0011598685482312,0.0034796056446936,0.0034796056446936,0.0034796056446936,0.0034796056446936,"nonsyn","nonsyn","nonsyn",1.77e-05,1.76e-06,1.7e-06,1.7e-06,"0.007630175","0.00146568333333333","1","0.00146568333333333","Y","Y","C","S","F",1,1,0,0,0,0,0
"3381",3644,5287,5287,"c","t","t","c",0.0737658407414413,0.925477586533005,0.000756572725553244,0.000756572725553244,0.000756572725553244,0,0.000756572725553244,0,0.0745224134669945,0.926234159258559,0.0745224134669945,0.926234159258559,"syn","stop","stop",1.7e-05,1.07e-06,1.21e-06,1.21e-06,"1.83688943388514e-05","0.0015993175","0.0014142725","1","Y","Y","Y","*","*",0,1,1,0,0,0,0
"3382",3645,5250,5250,"a","a","g","g",0.00476190476190476,0.00476190476190476,0.000380952380952381,0.000380952380952381,0,0.000380952380952381,0,0.000380952380952381,0.00514285714285714,0.00514285714285714,0.00514285714285714,0.00514285714285714,"nonsyn","nonsyn","nonsyn",1.77e-05,1.76e-06,1.7e-06,1.7e-06,"0.003717","0.0044625","1","0.0044625","T","T","A","P","S",1,1,0,0,0,0,0
"3383",3646,5279,5279,"c","c","t","t",0.00113657889751847,0.00113657889751847,0,0,0,0,0,0,0.00113657889751847,0.00113657889751847,0.00113657889751847,0.00113657889751847,"nonsyn","nonsyn","nonsyn",4.58e-06,8.37e-07,4.33e-07,4.33e-07,"0.00402963666666667","1","1","1","T","T","I","N","S",1,0,0,0,0,0,0
"3384",3647,5252,5252,"c","c","t","t",0.000952018278750952,0.000952018278750952,0.00019040365575019,0.00019040365575019,0,0.00019040365575019,0,0.00019040365575019,0.00114242193450114,0.00114242193450114,0.00114242193450114,0.00114242193450114,"syn","syn","syn",4.58e-06,8.37e-07,4.33e-07,4.33e-07,"0.004810832","0.002274116","1","0.002274116","T","T","T","T","T",0,0,0,0,1,0,1
"3385",3648,5213,5213,"a","a","g","g",0.0040283905620564,0.0040283905620564,0.000191828122002686,0.000191828122002686,0,0.000191828122002686,0,0.000191828122002686,0.00422021868405908,0.00422021868405908,0.00422021868405908,0.00422021868405908,"nonsyn","nonsyn","nonsyn",1.77e-05,1.76e-06,1.7e-06,1.7e-06,"0.00439381428571428","0.00886209999999998","1","0.00886209999999998","N","N","D","H","Y",1,1,1,1,0,0,0
"3386",3649,5191,5191,"a","a","g","g",0.00346753997303024,0.00346753997303024,0,0,0,0,0,0,0.00346753997303024,0.00346753997303024,0.00346753997303024,0.00346753997303024,"nonsyn","nonsyn","nonsyn",1.77e-05,1.76e-06,1.7e-06,1.7e-06,"0.00510448333333334","1","1","1","N","N","S","T","I",0,0,1,0,0,0,0
"3387",3650,5269,5269,"t","t","c","c",0.019927880053141,0.019927880053141,0.000569368001518315,0.000569368001518315,0,0.000569368001518315,0,0.000569368001518315,0.0204972480546593,0.0204972480546593,0.0204972480546593,0.0204972480546593,"syn","nonsyn","nonsyn",1.7e-05,1.07e-06,1.21e-06,1.21e-06,"0.000853076190476191","0.00212516333333333","1","0.00212516333333333","N","N","N","K","K",0,1,1,1,0,0,0
"3388",3651,5270,5270,"g","g","a","a",0.000569259962049336,0.000569259962049336,0,0,0,0,0,0,0.000569259962049336,0.000569259962049336,0.000569259962049336,0.000569259962049336,"nonsyn","nonsyn","nonsyn",4.2e-06,5.36e-07,1.17e-06,1.17e-06,"0.007378","1","1","1","V","V","M","L","L",0,0,0,0,0,0,0
"3389",3652,5171,5171,"t","t","c","c",0.004641268613421,0.004641268613421,0.00038677238445175,0.00038677238445175,0.000193386192225875,0.000193386192225875,0.000193386192225875,0.000193386192225875,0.00502804099787275,0.00502804099787275,0.00502804099787275,0.00502804099787275,"nonsyn","nonsyn","nonsyn",1.7e-05,1.07e-06,1.21e-06,1.21e-06,"0.00366279166666667","0.003128455","0.00553297","0.00625691","V","V","A","E","G",0,1,1,1,0,0,0
"3390",3653,5179,5180,"g","g","a","a",0.000965437343116432,0.000965437343116432,0.000193087468623286,0.000193087468623286,0,0.000193087468623286,0,0.000193087468623286,0.00115852481173972,0.00115852481173972,0.00115830115830116,0.00115830115830116,"syn","syn","syn",4.2e-06,5.36e-07,1.17e-06,1.17e-06,"0.00435036","0.00605943000000001","1","0.00605943000000001","V","V","V","V","V",0,0,0,0,1,1,0
"3391",3654,5196,5196,"g","g","a","a",0.00192455735180908,0.00192455735180908,0.000384911470361817,0.000384911470361817,0.000192455735180908,0.000192455735180908,0.000192455735180908,0.000192455735180908,0.0023094688221709,0.0023094688221709,0.0023094688221709,0.0023094688221709,"nonsyn","nonsyn","nonsyn",4.2e-06,5.36e-07,1.17e-06,1.17e-06,"0.00218232","0.00303966","0.00278505600000001","0.00607932000000001","D","D","N","H","Y",1,1,1,0,0,0,0
"3392",3655,5161,5161,"a","a","g","g",0.00523154427436543,0.00523154427436543,0.000581282697151715,0.000581282697151715,0,0.000581282697151715,0,0.000581282697151715,0.00581282697151715,0.00581282697151715,0.00581282697151715,0.00581282697151715,"nonsyn","nonsyn","nonsyn",1.77e-05,1.76e-06,1.7e-06,1.7e-06,"0.00338332222222222","0.00292456666666667","1","0.00292456666666667","D","D","G","A","V",1,1,1,0,0,0,0
"3393",3656,5221,5221,"c","c","t","t",0.00268147864393794,0.00268147864393794,0,0,0,0,0,0,0.00268147864393794,0.00268147864393794,0.00268147864393794,0.00268147864393794,"syn","nonsyn","nonsyn",4.58e-06,8.37e-07,4.33e-07,4.33e-07,"0.00170801285714286","1","1","1","D","D","D","E","E",0,0,0,0,0,0,0
"3394",3657,5199,5199,"c","c","t","t",0.00230813618003462,0.00230813618003462,0.000192344681669552,0.000192344681669552,0.000192344681669552,0,0.000192344681669552,0,0.00250048086170417,0.00250048086170417,0.00250048086170417,0.00250048086170417,"stop","nonsyn","nonsyn",4.58e-06,8.37e-07,4.33e-07,4.33e-07,"0.001984285","0.002251167","0.004351563","1","Q","Q","*","K","E",1,1,1,0,1,0,1
"3395",3658,5016,5017,"a","a","g","g",0.00318979266347687,0.00318979266347687,0.000598086124401914,0.000598086124401914,0.000199362041467305,0.000398724082934609,0.000199362041467305,0.000398724082934609,0.00378787878787879,0.00378787878787879,0.00378712377915089,0.00378712377915089,"nonsyn","nonsyn","nonsyn",1.77e-05,1.76e-06,1.7e-06,1.7e-06,"0.00554895000000001","0.0028424","0.00882815999999998","0.0042636","Q","Q","R","P","L",1,1,1,1,0,0,0
"3396",3659,5017,5018,"g","a","a","g",0.00239186764999003,0.996412198525015,0.00119593382499502,0.00119593382499502,0.000199322304165836,0.000996611520829181,0.000199322304165836,0.000996611520829181,0.00358780147498505,0.99760813235001,0.00358708648864089,0.99740932642487,"syn","nonsyn","nonsyn",1.77e-05,1.76e-06,1.7e-06,1.7e-06,"1.77637327465493e-05","0.00142148333333333","0.00882992000000001","0.00170578","Q","Q","Q","H","H",0,1,1,0,1,1,0
"3397",3660,4956,4956,"g","g","a","a",0.000807102502017756,0.000807102502017756,0.000403551251008878,0.000403551251008878,0,0.000403551251008878,0,0.000403551251008878,0.00121065375302663,0.00121065375302663,0.00121065375302663,0.00121065375302663,"nonsyn","nonsyn","nonsyn",4.2e-06,5.36e-07,1.17e-06,1.17e-06,"0.0052038","0.00289926","1","0.00289926","D","D","N","H","Y",1,1,1,0,0,0,0
"3398",3661,4781,4781,"a","a","g","g",0.00376490274001255,0.00376490274001255,0.000209161263334031,0.000209161263334031,0.000209161263334031,0,0.000209161263334031,0,0.00397406400334658,0.00397406400334658,0.00397406400334658,0.00397406400334658,"nonsyn","nonsyn","nonsyn",1.77e-05,1.76e-06,1.7e-06,1.7e-06,"0.00470131666666667","0.00812769999999998","0.00841455999999998","1","D","D","G","A","V",1,1,1,0,0,0,0
"3399",3662,4789,4789,"c","c","t","t",0.00208811860513677,0.00208811860513677,0.000208811860513677,0.000208811860513677,0.000208811860513677,0,0.000208811860513677,0,0.00229693046565045,0.00229693046565045,0.00229693046565045,0.00229693046565045,"syn","nonsyn","nonsyn",4.58e-06,8.37e-07,4.33e-07,4.33e-07,"0.002193362","0.002073637","0.004008393","1","D","D","D","E","E",0,0,0,0,0,0,0
"3400",3663,4771,4771,"c","c","t","t",0.00104799832320268,0.00104799832320268,0,0,0,0,0,0,0.00104799832320268,0.00104799832320268,0.00104799832320268,0.00104799832320268,"nonsyn","nonsyn","nonsyn",4.58e-06,8.37e-07,4.33e-07,4.33e-07,"0.00437023600000001","1","1","1","L","L","F","I","V",0,0,0,0,1,0,1
"3401",3664,4906,4906,"t","t","c","c",0.00326131267835304,0.00326131267835304,0.00142682429677945,0.00142682429677945,0.00142682429677945,0,0.00142682429677945,0,0.00468813697513249,0.00468813697513249,0.00468813697513249,0.00468813697513249,"nonsyn","nonsyn","nonsyn",1.7e-05,1.07e-06,1.21e-06,1.21e-06,"0.005212625","0.000848037142857145","0.000749917142857145","1","L","L","P","H","R",1,1,1,0,1,0,1
"3402",3665,4877,4877,"c","t","t","c",0.00369079352060693,0.995899118310437,0.000410088168956326,0.000410088168956326,0.000205044084478163,0.000205044084478163,0.000205044084478163,0.000205044084478163,0.00410088168956326,0.996309206479393,0.00410088168956326,0.996309206479393,"syn","syn","syn",1.7e-05,1.07e-06,1.21e-06,1.21e-06,"1.70700020588841e-05","0.002950585","0.00521838999999999","0.00590116999999999","L","L","L","L","L",0,0,0,1,0,0,0
"3403",3666,4869,4869,"g","g","a","a",0.00184842883548983,0.00184842883548983,0,0,0,0,0,0,0.00184842883548983,0.00184842883548983,0.00184842883548983,0.00184842883548983,"nonsyn","nonsyn","nonsyn",4.2e-06,5.36e-07,1.17e-06,1.17e-06,"0.0022722","1","1","1","V","V","M","L","L",0,0,0,0,0,0,0
"3404",3667,4846,4846,"t","t","c","c",0.00412711514651259,0.00412711514651259,0.00226991333058192,0.00226991333058192,0.00206355757325629,0.000206355757325629,0.00206355757325629,0.000206355757325629,0.00639702847709451,0.00639702847709451,0.00639702847709451,0.00639702847709451,"nonsyn","nonsyn","nonsyn",1.7e-05,1.07e-06,1.21e-06,1.21e-06,"0.0041191","0.000533060000000001","0.000518522000000001","0.00586366000000001","V","V","A","E","G",0,1,1,1,0,0,0
"3405",3668,4838,4841,"g","g","a","a",0.0020669698222406,0.0020669698222406,0,0,0,0,0,0,0.0020669698222406,0.0020669698222406,0.00206568890725057,0.00206568890725057,"syn","syn","syn",4.2e-06,5.36e-07,1.17e-06,1.17e-06,"0.00203196","1","1","1","V","V","V","V","V",0,0,0,0,1,1,0
"3406",3669,4809,4809,"g","g","a","a",0.00249532127261385,0.00249532127261385,0.000415886878768975,0.000415886878768975,0.000207943439384487,0.000207943439384487,0.000207943439384487,0.000207943439384487,0.00291120815138282,0.00291120815138282,0.00291120815138282,0.00291120815138282,"nonsyn","nonsyn","nonsyn",4.2e-06,5.36e-07,1.17e-06,1.17e-06,"0.00168315","0.002813265","0.00257762400000001","0.00562653000000001","G","G","S","R","C",1,1,0,0,1,1,0
"3407",3670,4787,4787,"g","g","a","a",0.00250678922080635,0.00250678922080635,0.00083559640693545,0.00083559640693545,0.000626697305201588,0.000208899101733863,0.000626697305201588,0.000208899101733863,0.0033423856277418,0.0033423856277418,0.0033423856277418,0.0033423856277418,"nonsyn","nonsyn","nonsyn",4.2e-06,5.36e-07,1.17e-06,1.17e-06,"0.00167545","0.0014001975","0.000855277333333333","0.00560078999999999","G","G","D","A","V",1,1,1,0,0,0,0
"3408",3671,4828,4828,"c","c","t","t",0.00248550124275062,0.00248550124275062,0.00103562551781276,0.00103562551781276,0.000621375310687655,0.000414250207125104,0.000621375310687655,0.000414250207125104,0.00352112676056338,0.00352112676056338,0.00352112676056338,0.00352112676056338,"syn","syn","syn",4.58e-06,8.37e-07,4.33e-07,4.33e-07,"0.00184268666666667","0.0004181048","0.001347012","0.001045262","G","G","G","G","G",0,0,0,0,0,0,0
"3409",3672,4853,4853,"t","t","c","c",0.00535751081805069,0.00535751081805069,0.00144240675870596,0.00144240675870596,0.00082423243354626,0.000618174325159695,0.00082423243354626,0.000618174325159695,0.00679991757675664,0.00679991757675664,0.00679991757675664,0.00679991757675664,"nonsyn","nonsyn","nonsyn",1.7e-05,1.07e-06,1.21e-06,1.21e-06,"0.00317311538461538","0.000838875714285711","0.0012981775","0.00195737666666667","W","W","R","R","G",1,1,1,1,1,0,1
"3410",3673,4830,4831,"g","g","a","a",0.00041407867494824,0.00041407867494824,0,0,0,0,0,0,0.00041407867494824,0.00041407867494824,0.000413992962119644,0.000413992962119644,"stop","nonsyn","nonsyn",4.2e-06,5.36e-07,1.17e-06,1.17e-06,"0.010143","1","1","1","W","W","*","S","L",1,1,0,0,1,1,0
"3411",3674,4815,4815,"g","g","a","a",0.00166147455867082,0.00166147455867082,0.000623052959501558,0.000623052959501558,0.000415368639667705,0.000207684319833853,0.000415368639667705,0.000207684319833853,0.00228452751817238,0.00228452751817238,0.00228452751817238,0.00228452751817238,"stop","nonsyn","nonsyn",4.2e-06,5.36e-07,1.17e-06,1.17e-06,"0.002527875","0.00187785","0.00129042","0.00563354999999999","W","W","*","C","C",1,1,1,0,0,0,0
"3412",3675,4864,4866,"c","c","t","t",0.00431743421052632,0.00431743421052632,0.000205592105263158,0.000205592105263158,0,0.000205592105263158,0,0.000205592105263158,0.00452302631578947,0.00452302631578947,0.00452116728318948,0.00452116728318948,"nonsyn","nonsyn","nonsyn",4.58e-06,8.37e-07,4.33e-07,4.33e-07,"0.00106081523809524","0.002106112","1","0.002106112","P","P","S","T","A",1,1,1,0,0,0,0
"3413",3676,4696,4696,"c","c","t","t",0.00319420783645656,0.00319420783645656,0.00170357751277683,0.00170357751277683,0.00170357751277683,0,0.00170357751277683,0,0.00489778534923339,0.00489778534923339,0.00489778534923339,0.00489778534923339,"nonsyn","nonsyn","nonsyn",4.58e-06,8.37e-07,4.33e-07,4.33e-07,"0.00143384533333333","0.000254171","0.000491319","1","P","P","L","H","R",1,1,1,0,1,0,1
"3414",3677,4628,4628,"c","c","t","t",0.00259291270527226,0.00259291270527226,0.000216076058772688,0.000216076058772688,0.000216076058772688,0,0.000216076058772688,0,0.00280898876404494,0.00280898876404494,0.00280898876404494,0.00280898876404494,"syn","syn","syn",4.58e-06,8.37e-07,4.33e-07,4.33e-07,"0.00176635333333333","0.002003924","0.003873636","1","P","P","P","P","P",0,0,0,0,1,0,1
"3415",3678,4356,4356,"g","g","a","a",0.00229568411386593,0.00229568411386593,0.00068870523415978,0.00068870523415978,0.000459136822773186,0.000229568411386593,0.000459136822773186,0.000229568411386593,0.00298438934802571,0.00298438934802571,0.00298438934802571,0.00298438934802571,"nonsyn","nonsyn","nonsyn",4.2e-06,5.36e-07,1.17e-06,1.17e-06,"0.00182952","0.00169884","0.001167408","0.00509652","A","A","T","P","S",1,1,1,0,0,0,0
"3416",3679,4351,4352,"c","c","t","t",0.00114916111238796,0.00114916111238796,0,0,0,0,0,0,0.00114916111238796,0.00114916111238796,0.00114889705882353,0.00114889705882353,"nonsyn","nonsyn","nonsyn",4.58e-06,8.37e-07,4.33e-07,4.33e-07,"0.00398551599999999","1","1","1","A","A","V","D","G",0,1,1,0,0,0,0
"3417",3680,4376,4376,"t","t","c","c",0.00457038391224863,0.00457038391224863,0.000457038391224863,0.000457038391224863,0.000457038391224863,0,0.000457038391224863,0,0.00502742230347349,0.00502742230347349,0.00502742230347349,0.00502742230347349,"syn","syn","syn",1.7e-05,1.07e-06,1.21e-06,1.21e-06,"0.0037196","0.00264748","0.00234116","1","A","A","A","A","A",0,0,0,0,1,0,1
"3418",3681,4412,4412,"c","c","t","t",0.000906618313689937,0.000906618313689937,0.000226654578422484,0.000226654578422484,0.000226654578422484,0,0.000226654578422484,0,0.00113327289211242,0.00113327289211242,0.00113327289211242,0.00113327289211242,"nonsyn","nonsyn","nonsyn",4.58e-06,8.37e-07,4.33e-07,4.33e-07,"0.00505174","0.001910396","0.003692844","1","P","P","S","T","A",1,1,1,0,0,0,0
"3419",3682,4419,4419,"c","c","t","t",0.00113147770988912,0.00113147770988912,0,0,0,0,0,0,0.00113147770988912,0.00113147770988912,0.00113147770988912,0.00113147770988912,"nonsyn","nonsyn","nonsyn",4.58e-06,8.37e-07,4.33e-07,4.33e-07,"0.00404780399999998","1","1","1","P","P","L","H","R",1,1,1,0,1,0,1
"3420",3683,4404,4406,"t","t","c","c",0.307674841053588,0.307674841053588,0.000454132606721163,0.000454132606721163,0.000227066303360581,0.000227066303360581,0.000227066303360581,0.000227066303360581,0.308128973660309,0.308128973660309,0.307989105764866,0.307989105764866,"syn","syn","syn",1.7e-05,1.07e-06,1.21e-06,1.21e-06,"5.52531365313652e-05","0.00266442","0.00471228000000001","0.00532884000000001","P","P","P","P","P",0,0,0,0,1,0,1
"3421",3684,4485,4485,"c","c","t","t",0.000668896321070234,0.000668896321070234,0.000445930880713489,0.000445930880713489,0.000445930880713489,0,0.000445930880713489,0,0.00111482720178372,0.00111482720178372,0.00111482720178372,0.00111482720178372,"stop","nonsyn","nonsyn",4.58e-06,8.37e-07,4.33e-07,4.33e-07,"0.0068471","0.000971002500000001","0.0018769725","1","Q","Q","*","K","E",1,1,1,0,0,0,0
"3422",3685,4220,4220,"a","a","g","g",0.00260663507109005,0.00260663507109005,0.000947867298578199,0.000947867298578199,0.0004739336492891,0.0004739336492891,0.0004739336492891,0.0004739336492891,0.00355450236966825,0.00355450236966825,0.00355450236966825,0.00355450236966825,"nonsyn","nonsyn","nonsyn",1.77e-05,1.76e-06,1.7e-06,1.7e-06,"0.00679036363636363","0.0017935","0.0037136","0.003587","Q","Q","R","P","L",1,1,1,1,0,0,0
"3423",3686,4512,4512,"a","a","g","g",0.34197695035461,0.34197695035461,0.00110815602836879,0.00110815602836879,0.000221631205673759,0.000886524822695035,0.000221631205673759,0.000886524822695035,0.343085106382979,0.343085106382979,0.343085106382979,0.343085106382979,"syn","nonsyn","nonsyn",1.77e-05,1.76e-06,1.7e-06,1.7e-06,"5.17578742709008e-05","0.00153408000000001","0.00794112","0.0019176","Q","Q","Q","H","H",0,1,1,0,1,1,0
"3424",3687,4543,4543,"g","g","a","a",0.000880475456746643,0.000880475456746643,0.000220118864186661,0.000220118864186661,0,0.000220118864186661,0,0.000220118864186661,0.0011005943209333,0.0011005943209333,0.0011005943209333,0.0011005943209333,"nonsyn","nonsyn","nonsyn",4.2e-06,5.36e-07,1.17e-06,1.17e-06,"0.00477015","0.00531530999999999","1","0.00531530999999999","G","G","S","R","C",1,1,0,0,1,1,0
"3425",3688,4519,4519,"g","g","a","a",0.00265545474662536,0.00265545474662536,0.000221287895552113,0.000221287895552113,0.000221287895552113,0,0.000221287895552113,0,0.00287674264217747,0.00287674264217747,0.00287674264217747,0.00287674264217747,"nonsyn","nonsyn","nonsyn",4.2e-06,5.36e-07,1.17e-06,1.17e-06,"0.00158165","0.00528723000000001","0.002422184","1","G","G","D","A","V",1,1,1,0,0,0,0
"3426",3689,4536,4536,"c","t","t","c",0.00264550264550265,0.997354497354497,0,0,0,0,0,0,0.00264550264550265,0.997354497354497,0.00264550264550265,0.997354497354497,"syn","syn","syn",1.7e-05,1.07e-06,1.21e-06,1.21e-06,"1.70450928381963e-05","1","1","1","G","G","G","G","G",0,0,0,0,0,0,0
"3427",3690,5571,5571,"t","t","c","c",0.00161550888529887,0.00161550888529887,0.000897504936277149,0.000897504936277149,0.000897504936277149,0,0.000897504936277149,0,0.00251301382157602,0.00251301382157602,0.00251301382157602,0.00251301382157602,"nonsyn","nonsyn","nonsyn",1.7e-05,1.07e-06,1.21e-06,1.21e-06,"0.010523","0.001348182","0.001192194","1","S","S","P","T","A",1,0,1,0,0,0,0
"3428",3691,5629,5629,"c","c","t","t",0.0010659086871558,0.0010659086871558,0.0005329543435779,0.0005329543435779,0.0005329543435779,0,0.0005329543435779,0,0.0015988630307337,0.0015988630307337,0.0015988630307337,0.0015988630307337,"nonsyn","nonsyn","nonsyn",4.58e-06,8.37e-07,4.33e-07,4.33e-07,"0.00429680333333333","0.000812452333333334","0.001570491","1","S","S","F","Y","C",1,1,1,0,0,0,0
"3429",3692,5724,5724,"t","c","c","t",0.00314465408805031,0.996156533892383,0.000698812019566737,0.000698812019566737,0.000698812019566737,0,0.000698812019566737,0,0.00384346610761705,0.99685534591195,0.00384346610761705,0.99685534591195,"syn","syn","syn",4.58e-06,8.37e-07,4.33e-07,4.33e-07,"4.59767099263416e-06","0.000619623","0.001197747","1","S","S","S","S","S",0,0,0,0,1,0,1
"3430",3693,5751,5751,"c","c","t","t",0.00243435924187098,0.00243435924187098,0.000347765605981568,0.000347765605981568,0.000173882802990784,0.000173882802990784,0.000173882802990784,0.000173882802990784,0.00278212484785255,0.00278212484785255,0.00278212484785255,0.00278212484785255,"nonsyn","nonsyn","nonsyn",4.58e-06,8.37e-07,4.33e-07,4.33e-07,"0.00188139857142857","0.0012450915","0.00481358700000001","0.002490183","R","R","C","S","G",1,1,1,0,1,0,1
"3431",3694,5741,5741,"g","g","a","a",0.00296115659292806,0.00296115659292806,0.00034837136387389,0.00034837136387389,0,0.00034837136387389,0,0.00034837136387389,0.00330952795680195,0.00330952795680195,0.00330952795680195,0.00330952795680195,"nonsyn","nonsyn","nonsyn",4.2e-06,5.36e-07,1.17e-06,1.17e-06,"0.00141836470588235","0.003358485","1","0.003358485","R","R","H","P","L",0,1,1,0,0,0,0
"3432",3695,5763,5763,"c","c","t","t",0.00173520735727919,0.00173520735727919,0.000347041471455839,0.000347041471455839,0.000347041471455839,0,0.000347041471455839,0,0.00208224882873503,0.00208224882873503,0.00208224882873503,0.00208224882873503,"syn","syn","syn",4.58e-06,8.37e-07,4.33e-07,4.33e-07,"0.00263945400000001","0.0012476895","0.0024118155","1","R","R","R","R","R",0,0,0,0,0,0,0
"3433",3696,5770,5770,"t","t","c","c",0.00467937608318891,0.00467937608318891,0.000519930675909879,0.000519930675909879,0.000173310225303293,0.000346620450606586,0.000173310225303293,0.000346620450606586,0.00519930675909879,0.00519930675909879,0.00519930675909879,0.00519930675909879,"nonsyn","nonsyn","nonsyn",1.7e-05,1.07e-06,1.21e-06,1.21e-06,"0.00363296296296296","0.00232723333333333","0.0061739","0.00349085","S","S","P","T","A",1,0,1,0,1,0,1
"3434",3697,5776,5776,"c","c","t","t",0.000346260387811634,0.000346260387811634,0.000173130193905817,0.000173130193905817,0.000173130193905817,0,0.000173130193905817,0,0.000519390581717452,0.000519390581717452,0.000519390581717452,0.000519390581717452,"nonsyn","stop","stop",4.58e-06,8.37e-07,4.33e-07,4.33e-07,"0.01322704","0.002501008","0.004834512","1","S","S","L","*","*",1,1,1,0,0,0,0
"3435",3698,5784,5785,"a","a","g","g",0.00103734439834025,0.00103734439834025,0.000172890733056708,0.000172890733056708,0,0.000172890733056708,0,0.000172890733056708,0.00121023513139696,0.00121023513139696,0.00121002592912705,0.00121002592912705,"syn","syn","syn",1.77e-05,1.76e-06,1.7e-06,1.7e-06,"0.0170628","0.00983280000000001","1","0.00983280000000001","S","S","S","S","S",0,0,0,1,0,0,0
"3436",3699,5829,5830,"t","t","c","c",0.00154400411734431,0.00154400411734431,0.000343112026076514,0.000343112026076514,0.000171556013038257,0.000171556013038257,0.000171556013038257,0.000171556013038257,0.00188711614342083,0.00188711614342083,0.00188679245283019,0.00188679245283019,"syn","nonsyn","nonsyn",1.7e-05,1.07e-06,1.21e-06,1.21e-06,"0.0110103333333334","0.003526545","0.00623703","0.00705309","L","L","L","M","V",0,0,0,0,0,0,0
"3437",3700,5880,5881,"t","t","c","c",0.00578231292517007,0.00578231292517007,0.000680272108843537,0.000680272108843537,0.000510204081632653,0.000170068027210884,0.000510204081632653,0.000170068027210884,0.00646258503401361,0.00646258503401361,0.00646148614181262,0.00646148614181262,"nonsyn","stop","nonsyn",1.7e-05,1.07e-06,1.21e-06,1.21e-06,"0.00294","0.0017787","0.0020972","0.00711480000000002","L","L","S","*","W",1,1,0,1,0,0,0
"3438",3701,5805,5805,"g","g","a","a",0.000861326442721792,0.000861326442721792,0.000516795865633075,0.000516795865633075,0,0.000516795865633075,0,0.000516795865633075,0.00137812230835487,0.00137812230835487,0.00137812230835487,0.00137812230835487,"syn","nonsyn","nonsyn",4.2e-06,5.36e-07,1.17e-06,1.17e-06,"0.0048762","0.00226395","1","0.00226395","L","L","L","F","F",0,0,0,0,1,1,0
"3439",3702,5784,5784,"a","g","g","a",0.0395919778699862,0.960408022130014,0,0,0,0,0,0,0.0395919778699862,0.960408022130014,0.0395919778699862,0.960408022130014,"nonsyn","nonsyn","nonsyn",4.2e-06,5.36e-07,1.17e-06,1.17e-06,"4.37314131413141e-06","1","1","1","T","A","T","P","S",1,1,1,0,0,0,0
"3440",3703,5794,5794,"c","c","t","t",0.00155333103210217,0.00155333103210217,0,0,0,0,0,0,0.00155333103210217,0.00155333103210217,0.00155333103210217,0.00155333103210217,"nonsyn","nonsyn","nonsyn",4.58e-06,8.37e-07,4.33e-07,4.33e-07,"0.00294850222222223","1","1","1","T","A","V","E","G",0,1,1,0,0,0,0
"3441",3704,5777,5777,"a","a","g","g",0.00605850787606024,0.00605850787606024,0.00103860135018176,0.00103860135018176,0,0.00103860135018176,0,0.00103860135018176,0.00709710922624199,0.00709710922624199,0.00709710922624199,0.00709710922624199,"syn","syn","syn",1.77e-05,1.76e-06,1.7e-06,1.7e-06,"0.00292151142857143","0.00163681666666666","1","0.00163681666666666","T","A","A","A","A",0,0,0,1,0,0,0
"3442",3705,5794,5794,"c","c","t","t",0.00155333103210217,0.00155333103210217,0.000172592336900242,0.000172592336900242,0.000172592336900242,0,0.000172592336900242,0,0.00172592336900242,0.00172592336900242,0.00172592336900242,0.00172592336900242,"nonsyn","nonsyn","nonsyn",4.58e-06,8.37e-07,4.33e-07,4.33e-07,"0.00294850222222223","0.00250880199999999","0.00484957799999999","1","P","P","S","T","A",1,1,1,0,0,0,0
"3443",3706,5786,5786,"c","c","t","t",0.00535776011061182,0.00535776011061182,0.000691323885240235,0.000691323885240235,0.000691323885240235,0,0.000691323885240235,0,0.00604908399585206,0.00604908399585206,0.00604908399585206,0.00604908399585206,"nonsyn","nonsyn","nonsyn",4.58e-06,8.37e-07,4.33e-07,4.33e-07,"0.000854834838709678","0.0006263345","0.0012107205","1","P","P","L","H","R",1,1,1,0,1,0,1
"3444",3707,5772,5772,"c","c","t","t",0.00277200277200277,0.00277200277200277,0.000346500346500347,0.000346500346500347,0.000173250173250173,0.000173250173250173,0.000173250173250173,0.000173250173250173,0.00311850311850312,0.00311850311850312,0.00311850311850312,0.00311850311850312,"syn","syn","syn",4.58e-06,8.37e-07,4.33e-07,4.33e-07,"0.001652235","0.001249638","0.00483116400000001","0.002499276","P","P","P","P","P",0,0,0,0,1,0,1
"3445",3708,5766,5767,"t","t","c","c",0.00433576135969476,0.00433576135969476,0.00242802636142907,0.00242802636142907,0.00225459590704128,0.00017343045438779,0.00225459590704128,0.00017343045438779,0.00676378772112383,0.00676378772112383,0.00676261487775273,0.00676261487775273,"nonsyn","nonsyn","nonsyn",1.7e-05,1.07e-06,1.21e-06,1.21e-06,"0.00392088","0.000498347142857142","0.000474586153846153","0.00697686000000002","C","C","R","S","G",1,1,0,1,1,0,1
"3446",3709,5839,5839,"g","g","a","a",0.00256893303647885,0.00256893303647885,0.000171262202431923,0.000171262202431923,0,0.000171262202431923,0,0.000171262202431923,0.00274019523891077,0.00274019523891077,0.00274019523891077,0.00274019523891077,"nonsyn","nonsyn","nonsyn",4.2e-06,5.36e-07,1.17e-06,1.17e-06,"0.00163492","0.00683163000000001","1","0.00683163000000001","C","C","Y","S","F",1,1,1,0,0,0,0
"3447",3710,5837,5837,"c","c","t","t",0.00188452972417338,0.00188452972417338,0,0,0,0,0,0,0.00188452972417338,0.00188452972417338,0.00188452972417338,0.00188452972417338,"syn","stop","nonsyn",4.58e-06,8.37e-07,4.33e-07,4.33e-07,"0.00243031454545454","1","1","1","C","C","C","*","W",0,1,1,0,0,0,0
"3448",3711,5914,5914,"a","a","g","g",0.00355089617855935,0.00355089617855935,0.000338180588434224,0.000338180588434224,0,0.000338180588434224,0,0.000338180588434224,0.00388907676699357,0.00388907676699357,0.00388907676699357,0.00388907676699357,"nonsyn","nonsyn","nonsyn",1.77e-05,1.76e-06,1.7e-06,1.7e-06,"0.00498465714285714","0.0050269","1","0.0050269","T","T","A","P","S",1,1,0,1,0,0,0
"3449",3712,5929,5929,"c","c","t","t",0.00134930005059875,0.00134930005059875,0,0,0,0,0,0,0.00134930005059875,0.00134930005059875,0.00134930005059875,0.00134930005059875,"nonsyn","nonsyn","nonsyn",4.58e-06,8.37e-07,4.33e-07,4.33e-07,"0.00339435250000001","1","1","1","T","T","I","N","S",1,0,0,0,0,0,0
"3450",3713,5921,5921,"c","c","t","t",0.000168890390136801,0.000168890390136801,0,0,0,0,0,0,0.000168890390136801,0.000168890390136801,0.000168890390136801,0.000168890390136801,"syn","syn","syn",4.58e-06,8.37e-07,4.33e-07,4.33e-07,"0.02711818","1","1","1","T","T","T","T","T",0,0,0,0,1,0,1
"3451",3714,5912,5913,"t","t","c","c",0.00355209742895805,0.00355209742895805,0.0016914749661705,0.0016914749661705,0.00152232746955345,0.00016914749661705,0.00152232746955345,0.00016914749661705,0.00524357239512855,0.00524357239512855,0.00524268560798241,0.00524268560798241,"nonsyn","nonsyn","nonsyn",1.7e-05,1.07e-06,1.21e-06,1.21e-06,"0.00478590476190476","0.000715352","0.000702871111111111","0.00715352","C","C","R","S","G",1,1,0,1,1,0,1
"3452",3715,5905,5905,"g","g","a","a",0.00118543607112616,0.00118543607112616,0.000169348010160881,0.000169348010160881,0.000169348010160881,0,0.000169348010160881,0,0.00135478408128704,0.00135478408128704,0.00135478408128704,0.00135478408128704,"nonsyn","nonsyn","nonsyn",4.2e-06,5.36e-07,1.17e-06,1.17e-06,"0.00354300000000001","0.00690884999999998","0.00316507999999999","1","C","C","Y","S","F",1,1,1,0,0,0,0
"3453",3716,5900,5900,"c","c","t","t",0.00406779661016949,0.00406779661016949,0.000677966101694915,0.000677966101694915,0.000677966101694915,0,0.000677966101694915,0,0.00474576271186441,0.00474576271186441,0.00474576271186441,0.00474576271186441,"syn","stop","nonsyn",4.58e-06,8.37e-07,4.33e-07,4.33e-07,"0.00112591666666667","0.000638675","0.001234575","1","C","C","C","*","W",0,1,1,0,0,0,0
"3454",3717,5825,5825,"g","g","a","a",0.0032618025751073,0.0032618025751073,0.000515021459227468,0.000515021459227468,0.000515021459227468,0,0.000515021459227468,0,0.00377682403433476,0.00377682403433476,0.00377682403433476,0.00377682403433476,"nonsyn","nonsyn","nonsyn",4.2e-06,5.36e-07,1.17e-06,1.17e-06,"0.00128763157894737","0.00227175","0.00104073333333333","1","G","G","S","R","C",1,1,0,0,1,1,0
"3455",3718,5747,5747,"g","g","a","a",0.00243605359317905,0.00243605359317905,0.000348007656168436,0.000348007656168436,0,0.000348007656168436,0,0.000348007656168436,0.00278406124934749,0.00278406124934749,0.00278406124934749,0.00278406124934749,"nonsyn","nonsyn","nonsyn",4.2e-06,5.36e-07,1.17e-06,1.17e-06,"0.0017241","0.003361995","1","0.003361995","G","G","D","A","V",1,1,1,0,0,0,0
"3456",3719,5744,5744,"c","c","t","t",0.00104456824512535,0.00104456824512535,0.000522284122562674,0.000522284122562674,0.000348189415041783,0.000174094707520891,0.000348189415041783,0.000174094707520891,0.00156685236768802,0.00156685236768802,0.00156685236768802,0.00156685236768802,"syn","syn","syn",4.58e-06,8.37e-07,4.33e-07,4.33e-07,"0.00438458666666666","0.000829050666666667","0.002403864","0.00248715200000001","G","G","G","G","G",0,0,0,0,0,0,0
"3457",3720,5703,5703,"t","t","c","c",0.00683850604944766,0.00683850604944766,0.00140277047168157,0.00140277047168157,0.000876731544800982,0.000526038926880589,0.000876731544800982,0.000526038926880589,0.00824127652112923,0.00824127652112923,0.00824127652112923,0.00824127652112923,"nonsyn","nonsyn","nonsyn",1.7e-05,1.07e-06,1.21e-06,1.21e-06,"0.00248592307692308","0.000862578750000001","0.001220442","0.00230021","S","S","P","T","A",1,0,1,0,1,0,1
"3458",3721,5748,5748,"c","c","t","t",0.0012178148921364,0.0012178148921364,0.00034794711203897,0.00034794711203897,0.000173973556019485,0.000173973556019485,0.000173973556019485,0.000173973556019485,0.00156576200417537,0.00156576200417537,0.00156576200417537,0.00156576200417537,"nonsyn","nonsyn","nonsyn",4.58e-06,8.37e-07,4.33e-07,4.33e-07,"0.00376083428571427","0.001244442","0.004811076","0.002488884","S","S","F","Y","C",1,1,1,0,0,0,0
"3459",3722,5764,5764,"c","c","t","t",0.000173490631505899,0.000173490631505899,0.000173490631505899,0.000173490631505899,0.000173490631505899,0,0.000173490631505899,0,0.000346981263011797,0.000346981263011797,0.000346981263011797,0.000346981263011797,"syn","syn","syn",4.58e-06,8.37e-07,4.33e-07,4.33e-07,"0.02639912","0.002495812","0.00482446799999999","1","S","S","S","S","S",0,0,0,0,1,0,1
"3460",3723,5745,5745,"t","t","c","c",0.00574412532637076,0.00574412532637076,0.00156657963446475,0.00156657963446475,0.00156657963446475,0,0.00156657963446475,0,0.00731070496083551,0.00731070496083551,0.00731070496083551,0.00731070496083551,"nonsyn","nonsyn","nonsyn",1.7e-05,1.07e-06,1.21e-06,1.21e-06,"0.00295954545454545","0.000772383333333334","0.000683016666666667","1","S","S","P","T","A",1,0,1,0,1,0,1
"3461",3724,5744,5745,"c","c","t","t",0.00278551532033426,0.00278551532033426,0.000174094707520891,0.000174094707520891,0.000174094707520891,0,0.000174094707520891,0,0.00295961002785515,0.00295961002785515,0.00295909486510009,0.00295909486510009,"nonsyn","stop","nonsyn",4.58e-06,8.37e-07,4.33e-07,4.33e-07,"0.00164422","0.00248715200000001","0.00480772800000001","1","S","S","L","*","W",1,1,1,0,0,0,0
"3462",3725,5724,5725,"g","g","a","a",0.00209643605870021,0.00209643605870021,0.000174703004891684,0.000174703004891684,0,0.000174703004891684,0,0.000174703004891684,0.00227113906359189,0.00227113906359189,0.0022707423580786,0.0022707423580786,"syn","syn","syn",4.2e-06,5.36e-07,1.17e-06,1.17e-06,"0.0020034","0.00669708000000001","1","0.00669708000000001","S","S","S","S","S",0,0,0,0,1,1,0
"3463",3726,5697,5697,"g","g","a","a",0.00140424784974548,0.00140424784974548,0.00070212392487274,0.00070212392487274,0.000526592943654555,0.000175530981218185,0.000526592943654555,0.000175530981218185,0.00210637177461822,0.00210637177461822,0.00210637177461822,0.00210637177461822,"nonsyn","nonsyn","nonsyn",4.2e-06,5.36e-07,1.17e-06,1.17e-06,"0.002990925","0.0016663725","0.001017864","0.00666549","D","D","N","H","Y",1,1,1,0,0,0,0
"3464",3727,5655,5655,"a","a","g","g",0.00371352785145889,0.00371352785145889,0.00017683465959328,0.00017683465959328,0,0.00017683465959328,0,0.00017683465959328,0.00389036251105217,0.00389036251105217,0.00389036251105217,0.00389036251105217,"nonsyn","nonsyn","nonsyn",1.77e-05,1.76e-06,1.7e-06,1.7e-06,"0.00476635714285714","0.00961350000000002","1","0.00961350000000002","D","D","G","A","V",1,1,1,0,0,0,0
"3465",3728,5724,5724,"c","c","t","t",0.000873515024458421,0.000873515024458421,0,0,0,0,0,0,0.000873515024458421,0.000873515024458421,0.000873515024458421,0.000873515024458421,"syn","nonsyn","nonsyn",4.58e-06,8.37e-07,4.33e-07,4.33e-07,"0.005243184","1","1","1","D","D","D","E","E",0,0,0,0,0,0,0
"3466",3729,5726,5726,"c","c","t","t",0.0686342996856444,0.0686342996856444,0.000349283967865875,0.000349283967865875,0.000349283967865875,0,0.000349283967865875,0,0.0689835836535103,0.0689835836535103,0.0689835836535103,0.0689835836535103,"nonsyn","nonsyn","nonsyn",4.58e-06,8.37e-07,4.33e-07,4.33e-07,"6.67304834605598e-05","0.001239679","0.002396331","1","L","L","F","I","V",0,0,0,0,1,0,1
"3467",3730,5605,5610,"t","t","c","c",0.00338983050847458,0.00338983050847458,0.000713648528099911,0.000713648528099911,0.000356824264049955,0.000356824264049955,0.000356824264049955,0.000356824264049955,0.00410347903657449,0.00410347903657449,0.00409982174688057,0.00409982174688057,"nonsyn","nonsyn","nonsyn",1.7e-05,1.07e-06,1.21e-06,1.21e-06,"0.00501499999999999","0.0016955125","0.002998675","0.003391025","L","L","P","H","R",1,1,1,0,1,0,1
"3468",3731,5836,5836,"t","t","c","c",0.0656271418779986,0.0656271418779986,0.000514050719671008,0.000514050719671008,0.000514050719671008,0,0.000514050719671008,0,0.0661411925976696,0.0661411925976696,0.0661411925976696,0.0661411925976696,"syn","syn","syn",1.7e-05,1.07e-06,1.21e-06,1.21e-06,"0.000259039164490862","0.00235385333333333","0.00208150666666666","1","L","L","L","L","L",0,0,0,0,0,0,0
"3469",3732,5802,5802,"t","t","c","c",0.000861771802826612,0.000861771802826612,0.000172354360565322,0.000172354360565322,0.000172354360565322,0,0.000172354360565322,0,0.00103412616339193,0.00103412616339193,0.00103412616339193,0.00103412616339193,"nonsyn","nonsyn","nonsyn",1.7e-05,1.07e-06,1.21e-06,1.21e-06,"0.0197268","0.00702042000000001","0.00620814000000001","1","Y","Y","H","N","D",1,1,1,0,0,0,0
"3470",3733,5886,5886,"a","a","g","g",0.00135915732246007,0.00135915732246007,0.000169894665307509,0.000169894665307509,0.000169894665307509,0,0.000169894665307509,0,0.00152905198776758,0.00152905198776758,0.00152905198776758,0.00152905198776758,"nonsyn","nonsyn","nonsyn",1.77e-05,1.76e-06,1.7e-06,1.7e-06,"0.013022775","0.0100062","0.01035936","1","Y","Y","C","S","F",1,1,0,0,0,0,0
"3471",3734,5899,5899,"c","c","t","t",0.000678081030683167,0.000678081030683167,0,0,0,0,0,0,0.000678081030683167,0.000678081030683167,0.000678081030683167,0.000678081030683167,"syn","stop","stop",4.58e-06,8.37e-07,4.33e-07,4.33e-07,"0.006754355","1","1","1","Y","Y","Y","*","*",0,1,1,0,0,0,0
"3472",3735,5776,5776,"t","c","c","t",0.0256232686980609,0.973164819944598,0.00121191135734072,0.00121191135734072,0.000692520775623269,0.000519390581717452,0.000692520775623269,0.000519390581717452,0.0268351800554017,0.974376731301939,0.0268351800554017,0.974376731301939,"syn","nonsyn","nonsyn",4.58e-06,8.37e-07,4.33e-07,4.33e-07,"4.70629425369152e-06","0.000357286857142857","0.001208628","0.000833669333333333","L","L","L","M","V",0,0,0,0,1,0,1
"3473",3736,5892,5892,"t","t","c","c",0.00169721656483367,0.00169721656483367,0.00152749490835031,0.00152749490835031,0.0010183299389002,0.000509164969450102,0.0010183299389002,0.000509164969450102,0.00322471147318398,0.00322471147318398,0.00322471147318398,0.00322471147318398,"nonsyn","nonsyn","nonsyn",1.7e-05,1.07e-06,1.21e-06,1.21e-06,"0.0100164","0.000792146666666664","0.00105074","0.00237644","L","L","P","Q","R",1,1,1,1,1,0,1
"3474",3737,5886,5888,"g","g","a","a",0.00135915732246007,0.00135915732246007,0.000339789330615019,0.000339789330615019,0,0.000339789330615019,0,0.000339789330615019,0.00169894665307509,0.00169894665307509,0.00169836956521739,0.00169836956521739,"syn","syn","syn",4.2e-06,5.36e-07,1.17e-06,1.17e-06,"0.00309015000000001","0.00344331","1","0.00344331","L","L","L","L","L",0,0,0,0,1,1,0
"3475",3738,5848,5848,"g","g","a","a",0.00136798905608755,0.00136798905608755,0,0,0,0,0,0,0.00136798905608755,0.00136798905608755,0.00136798905608755,0.00136798905608755,"nonsyn","nonsyn","nonsyn",4.2e-06,5.36e-07,1.17e-06,1.17e-06,"0.0030702","1","1","1","V","V","I","L","F",0,0,0,0,0,0,0
"3476",3739,5847,5847,"t","t","c","c",0.00478878057123311,0.00478878057123311,0.000342055755088079,0.000342055755088079,0.000342055755088079,0,0.000342055755088079,0,0.00513083632632119,0.00513083632632119,0.00513083632632119,0.00513083632632119,"nonsyn","nonsyn","nonsyn",1.7e-05,1.07e-06,1.21e-06,1.21e-06,"0.00354996428571429","0.003537435","0.003128145","1","V","V","A","D","G",0,1,1,0,0,0,0
"3477",3740,5809,5809,"c","c","t","t",0.00103288001377173,0.00103288001377173,0.000172146668961956,0.000172146668961956,0,0.000172146668961956,0,0.000172146668961956,0.00120502668273369,0.00120502668273369,0.00120502668273369,0.00120502668273369,"syn","syn","syn",4.58e-06,8.37e-07,4.33e-07,4.33e-07,"0.00443420333333335","0.00251529699999999","1","0.00251529699999999","V","V","V","V","V",0,0,0,0,0,0,0
"3478",3741,5788,5789,"a","a","g","g",0.00449205252246026,0.00449205252246026,0.000172771250863856,0.000172771250863856,0.000172771250863856,0,0.000172771250863856,0,0.00466482377332412,0.00466482377332412,0.00466401796510624,0.00466401796510624,"nonsyn","nonsyn","nonsyn",1.77e-05,1.76e-06,1.7e-06,1.7e-06,"0.00394029230769231","0.00983960000000001","0.01018688","1","T","T","A","P","S",1,1,0,1,0,0,0
"3479",3742,5810,5810,"c","c","t","t",0.00172117039586919,0.00172117039586919,0,0,0,0,0,0,0.00172117039586919,0.00172117039586919,0.00172117039586919,0.00172117039586919,"nonsyn","nonsyn","nonsyn",4.58e-06,8.37e-07,4.33e-07,4.33e-07,"0.00266098","1","1","1","T","T","M","K","R",1,1,1,0,0,0,0
"3480",3743,5821,5821,"g","g","a","a",0.00120254251846762,0.00120254251846762,0.000171791788352517,0.000171791788352517,0,0.000171791788352517,0,0.000171791788352517,0.00137433430682013,0.00137433430682013,0.00137433430682013,0.00137433430682013,"syn","syn","syn",4.2e-06,5.36e-07,1.17e-06,1.17e-06,"0.00349259999999999","0.00681056999999999","1","0.00681056999999999","T","T","T","T","T",0,0,0,0,0,0,0
"3481",3744,5775,5776,"a","a","g","g",0.00571428571428571,0.00571428571428571,0.000692640692640693,0.000692640692640693,0.000173160173160173,0.000519480519480519,0.000173160173160173,0.000519480519480519,0.00640692640692641,0.00640692640692641,0.00640581717451524,0.00640581717451524,"nonsyn","syn","nonsyn",1.77e-05,1.76e-06,1.7e-06,1.7e-06,"0.0030975","0.002454375","0.010164","0.0032725","R","R","G","R","W",1,0,1,0,1,1,0
"3482",3745,5740,5740,"g","g","a","a",0.00209059233449477,0.00209059233449477,0.000522648083623693,0.000522648083623693,0,0.000522648083623693,0,0.000522648083623693,0.00261324041811847,0.00261324041811847,0.00261324041811847,0.00261324041811847,"nonsyn","nonsyn","nonsyn",4.2e-06,5.36e-07,1.17e-06,1.17e-06,"0.002009","0.0022386","1","0.0022386","R","R","K","T","M",0,1,1,0,1,1,0
"3483",3746,5720,5720,"g","g","a","a",0.00297202797202797,0.00297202797202797,0.000524475524475524,0.000524475524475524,0,0.000524475524475524,0,0.000524475524475524,0.0034965034965035,0.0034965034965035,0.0034965034965035,0.0034965034965035,"syn","nonsyn","nonsyn",4.2e-06,5.36e-07,1.17e-06,1.17e-06,"0.00141317647058824","0.0022308","1","0.0022308","R","R","R","S","S",0,1,1,0,0,0,0
"3484",3747,5776,5776,"c","c","t","t",0.000692520775623269,0.000692520775623269,0.000692520775623269,0.000692520775623269,0.000692520775623269,0,0.000692520775623269,0,0.00138504155124654,0.00138504155124654,0.00138504155124654,0.00138504155124654,"nonsyn","nonsyn","nonsyn",4.58e-06,8.37e-07,4.33e-07,4.33e-07,"0.00661352","0.000625252","0.001208628","1","H","H","Y","N","D",1,1,1,0,0,0,0
"3485",3748,5802,5802,"a","a","g","g",0.00448121337469838,0.00448121337469838,0.000517063081695967,0.000517063081695967,0,0.000517063081695967,0,0.000517063081695967,0.00499827645639435,0.00499827645639435,0.00499827645639435,0.00499827645639435,"nonsyn","nonsyn","nonsyn",1.77e-05,1.76e-06,1.7e-06,1.7e-06,"0.00394982307692308","0.0032878","1","0.0032878","H","H","R","P","L",0,1,1,1,0,0,0
"3486",3749,5912,5912,"c","c","t","t",0.0027063599458728,0.0027063599458728,0.00016914749661705,0.00016914749661705,0,0.00016914749661705,0,0.00016914749661705,0.00287550744248985,0.00287550744248985,0.00287550744248985,0.00287550744248985,"syn","nonsyn","nonsyn",4.58e-06,8.37e-07,4.33e-07,4.33e-07,"0.00169231","0.002559896","1","0.002559896","H","H","H","Q","Q",0,1,1,0,0,0,0
"3487",3750,5902,5902,"g","g","a","a",0.00152490681125042,0.00152490681125042,0.000338868180277872,0.000338868180277872,0,0.000338868180277872,0,0.000338868180277872,0.0018637749915283,0.0018637749915283,0.0018637749915283,0.0018637749915283,"nonsyn","nonsyn","nonsyn",4.2e-06,5.36e-07,1.17e-06,1.17e-06,"0.00275426666666667","0.00345267","1","0.00345267","A","A","T","P","S",1,1,1,0,0,0,0
"3488",3751,5901,5901,"c","c","t","t",0.00186409083206236,0.00186409083206236,0,0,0,0,0,0,0.00186409083206236,0.00186409083206236,0.00186409083206236,0.00186409083206236,"nonsyn","nonsyn","nonsyn",4.58e-06,8.37e-07,4.33e-07,4.33e-07,"0.00245696181818182","1","1","1","A","A","V","D","G",0,1,1,0,0,0,0
"3489",3752,5923,5923,"c","c","t","t",0.0241431706905284,0.0241431706905284,0.000337666722944454,0.000337666722944454,0.000168833361472227,0.000168833361472227,0.000168833361472227,0.000168833361472227,0.0244808374134729,0.0244808374134729,0.0244808374134729,0.0244808374134729,"syn","syn","syn",4.58e-06,8.37e-07,4.33e-07,4.33e-07,"0.000189701678321679","0.0012823295","0.004957551","0.002564659","A","A","A","A","A",0,0,0,0,1,0,1
"3490",3753,5933,5933,"g","g","a","a",0.00117984156413282,0.00117984156413282,0.000168548794876117,0.000168548794876117,0,0.000168548794876117,0,0.000168548794876117,0.00134839035900893,0.00134839035900893,0.00134839035900893,0.00134839035900893,"nonsyn","nonsyn","nonsyn",4.2e-06,5.36e-07,1.17e-06,1.17e-06,"0.00355979999999999","0.00694160999999999","1","0.00694160999999999","D","D","N","H","Y",1,1,1,0,0,0,0
"3491",3754,5875,5875,"a","a","g","g",0.00153191489361702,0.00153191489361702,0.000340425531914894,0.000340425531914894,0.000170212765957447,0.000170212765957447,0.000170212765957447,0.000170212765957447,0.00187234042553191,0.00187234042553191,0.00187234042553191,0.00187234042553191,"nonsyn","nonsyn","nonsyn",1.77e-05,1.76e-06,1.7e-06,1.7e-06,"0.0115541666666667","0.00499374999999999","0.01034","0.00998749999999999","D","D","G","A","V",1,1,1,0,0,0,0
"3492",3755,5898,5898,"t","t","c","c",0.00389962699220075,0.00389962699220075,0.000678195998643608,0.000678195998643608,0.000508646998982706,0.000169548999660902,0.000508646998982706,0.000169548999660902,0.00457782299084435,0.00457782299084435,0.00457782299084435,0.00457782299084435,"syn","nonsyn","nonsyn",1.7e-05,1.07e-06,1.21e-06,1.21e-06,"0.00435939130434782","0.001784145","0.00210362","0.00713658","D","D","D","E","E",0,0,0,1,0,0,0
"3493",3756,5923,5923,"g","g","a","a",0.00101300016883336,0.00101300016883336,0.000844166807361135,0.000844166807361135,0.000844166807361135,0,0.000844166807361135,0,0.0018571669761945,0.0018571669761945,0.0018571669761945,0.0018571669761945,"nonsyn","nonsyn","nonsyn",4.2e-06,5.36e-07,1.17e-06,1.17e-06,"0.0041461","0.001385982","0.0006349456","1","V","V","I","L","F",0,0,0,0,0,0,0
"3494",3757,5998,5998,"t","t","c","c",0.00766922307435812,0.00766922307435812,0.00100033344448149,0.00100033344448149,0.000666888962987663,0.000333444481493831,0.000666888962987663,0.000333444481493831,0.00866955651883961,0.00866955651883961,0.00866955651883961,0.00866955651883961,"nonsyn","nonsyn","nonsyn",1.7e-05,1.07e-06,1.21e-06,1.21e-06,"0.00221665217391304","0.00120959666666667","0.001604465","0.00362879","V","V","A","D","G",0,1,1,0,0,0,0
"3495",3758,6019,6019,"c","c","t","t",0.00116298388436617,0.00116298388436617,0.00049842166472836,0.00049842166472836,0.000332281109818907,0.000166140554909453,0.000332281109818907,0.000166140554909453,0.00166140554909453,0.00166140554909453,0.00166140554909453,0.00166140554909453,"syn","syn","syn",4.58e-06,8.37e-07,4.33e-07,4.33e-07,"0.00393814571428573","0.000868742333333334","0.0025189515","0.00260622700000001","V","V","V","V","V",0,0,0,0,0,0,0
"3496",3759,5985,5985,"a","a","g","g",0.00367585630743525,0.00367585630743525,0.000668337510442774,0.000668337510442774,0.000334168755221387,0.000334168755221387,0.000334168755221387,0.000334168755221387,0.00434419381787803,0.00434419381787803,0.00434419381787803,0.00434419381787803,"nonsyn","nonsyn","nonsyn",1.77e-05,1.76e-06,1.7e-06,1.7e-06,"0.00481520454545455","0.002543625","0.0052668","0.00508725","I","I","V","L","F",0,0,0,1,0,0,0
"3497",3760,6025,6026,"t","t","c","c",0.00381742738589212,0.00381742738589212,0.00016597510373444,0.00016597510373444,0.00016597510373444,0,0.00016597510373444,0,0.00398340248962656,0.00398340248962656,0.00398274145370063,0.00398274145370063,"nonsyn","nonsyn","nonsyn",1.7e-05,1.07e-06,1.21e-06,1.21e-06,"0.00445326086956521","0.00729024999999999","0.00644674999999999","1","I","I","T","N","S",1,1,1,0,0,0,0
"3498",3761,6027,6027,"t","t","c","c",0.00431392069022731,0.00431392069022731,0.000497760079641613,0.000497760079641613,0.000497760079641613,0,0.000497760079641613,0,0.00481168076986892,0.00481168076986892,0.00481168076986892,0.00481168076986892,"syn","syn","nonsyn",1.7e-05,1.07e-06,1.21e-06,1.21e-06,"0.00394073076923077","0.00243089","0.00214963","1","I","I","I","I","M",0,0,0,0,0,0,0
"3499",3762,6029,6029,"c","c","t","t",0.00116105490131033,0.00116105490131033,0,0,0,0,0,0,0.00116105490131033,0.00116105490131033,0.00116105490131033,0.00116105490131033,"nonsyn","nonsyn","nonsyn",4.58e-06,8.37e-07,4.33e-07,4.33e-07,"0.00394468857142858","1","1","1","P","P","S","T","A",1,1,1,0,0,0,0
"3500",3763,6022,6022,"c","c","t","t",0.00149452009299236,0.00149452009299236,0.000996346728661574,0.000996346728661574,0.000996346728661574,0,0.000996346728661574,0,0.00249086682165394,0.00249086682165394,0.00249086682165394,0.00249086682165394,"nonsyn","nonsyn","nonsyn",4.58e-06,8.37e-07,4.33e-07,4.33e-07,"0.00306452888888889","0.000434587666666667","0.000840069","1","P","P","L","H","R",1,1,1,0,1,0,1
"3501",3764,5991,5993,"c","c","t","t",0.0702720747788349,0.0702720747788349,0.00100150225338007,0.00100150225338007,0.00100150225338007,0,0.00100150225338007,0,0.071273577032215,0.071273577032215,0.0712497914233272,0.0712497914233272,"syn","syn","syn",4.58e-06,8.37e-07,4.33e-07,4.33e-07,"6.51752494061758e-05","0.0004323505","0.0008357445","1","P","P","P","P","P",0,0,0,0,1,0,1
"3502",3765,5973,5973,"g","g","a","a",0.00485518165076176,0.00485518165076176,0.000334840113845639,0.000334840113845639,0,0.000334840113845639,0,0.000334840113845639,0.0051900217646074,0.0051900217646074,0.0051900217646074,0.0051900217646074,"nonsyn","nonsyn","nonsyn",4.2e-06,5.36e-07,1.17e-06,1.17e-06,"0.000865055172413793","0.003494205","1","0.003494205","V","V","M","L","L",0,0,0,0,0,0,0
"3503",3766,5891,5891,"t","t","c","c",0.00543201493804108,0.00543201493804108,0.00118825326769649,0.00118825326769649,0.0010185028008827,0.000169750466813784,0.0010185028008827,0.000169750466813784,0.00662026820573757,0.00662026820573757,0.00662026820573757,0.00662026820573757,"nonsyn","nonsyn","nonsyn",1.7e-05,1.07e-06,1.21e-06,1.21e-06,"0.00312959375","0.00101830142857143","0.00105056166666667","0.00712810999999999","V","V","A","E","G",0,1,1,1,0,0,0
"3504",3767,5835,5835,"g","g","a","a",0.00171379605826907,0.00171379605826907,0,0,0,0,0,0,0.00171379605826907,0.00171379605826907,0.00171379605826907,0.00171379605826907,"syn","syn","syn",4.2e-06,5.36e-07,1.17e-06,1.17e-06,"0.00245069999999999","1","1","1","V","V","V","V","V",0,0,0,0,0,0,0
"3505",3768,5851,5851,"c","c","t","t",0.00256366433088361,0.00256366433088361,0.000170910955392241,0.000170910955392241,0,0.000170910955392241,0,0.000170910955392241,0.00273457528627585,0.00273457528627585,0.00273457528627585,0.00273457528627585,"nonsyn","nonsyn","nonsyn",4.58e-06,8.37e-07,4.33e-07,4.33e-07,"0.00178650533333333","0.002533483","1","0.002533483","R","R","C","S","G",1,1,1,0,0,0,0
"3506",3769,5825,5825,"g","g","a","a",0.00927038626609442,0.00927038626609442,0.000343347639484979,0.000343347639484979,0,0.000343347639484979,0,0.000343347639484979,0.0096137339055794,0.0096137339055794,0.0096137339055794,0.0096137339055794,"nonsyn","nonsyn","nonsyn",4.2e-06,5.36e-07,1.17e-06,1.17e-06,"0.000453055555555556","0.003407625","1","0.003407625","R","R","H","P","L",0,1,1,0,0,0,0
"3507",3770,5832,5832,"c","c","t","t",0.00291495198902606,0.00291495198902606,0.000342935528120713,0.000342935528120713,0,0.000342935528120713,0,0.000342935528120713,0.00325788751714678,0.00325788751714678,0.00325788751714678,0.00325788751714678,"syn","syn","syn",4.58e-06,8.37e-07,4.33e-07,4.33e-07,"0.00157120941176471","0.001262628","1","0.001262628","R","R","R","R","R",0,0,0,0,0,0,0
"3508",3771,5846,5846,"c","c","t","t",0.00342114266164899,0.00342114266164899,0.000513171399247349,0.000513171399247349,0.000513171399247349,0,0.000513171399247349,0,0.00393431406089634,0.00393431406089634,0.00393431406089634,0.00393431406089634,"nonsyn","syn","nonsyn",4.58e-06,8.37e-07,4.33e-07,4.33e-07,"0.001338734","0.000843772666666666","0.001631034","1","R","R","W","R","G",1,0,1,0,1,0,1
"3509",3772,5875,5875,"g","g","a","a",0.00204255319148936,0.00204255319148936,0.000851063829787234,0.000851063829787234,0.000170212765957447,0.000680851063829787,0.000170212765957447,0.000680851063829787,0.0028936170212766,0.0028936170212766,0.0028936170212766,0.0028936170212766,"nonsyn","nonsyn","nonsyn",4.2e-06,5.36e-07,1.17e-06,1.17e-06,"0.00205625","0.00137475","0.003149","0.0017184375","R","R","Q","P","L",1,1,1,0,1,1,0
"3510",3773,5841,5841,"g","g","a","a",0.0022256462934429,0.0022256462934429,0,0,0,0,0,0,0.0022256462934429,0.0022256462934429,0.0022256462934429,0.0022256462934429,"syn","syn","syn",4.2e-06,5.36e-07,1.17e-06,1.17e-06,"0.00188709230769231","1","1","1","R","R","R","R","R",0,0,0,0,0,0,0
"3511",3774,5872,5872,"c","c","t","t",0.0180517711171662,0.0180517711171662,0,0,0,0,0,0,0.0180517711171662,0.0180517711171662,0.0180517711171662,0.0180517711171662,"stop","syn","nonsyn",4.58e-06,8.37e-07,4.33e-07,4.33e-07,"0.000253714716981132","1","1","1","R","R","*","R","G",1,0,1,0,0,0,0
"3512",3775,5849,5849,"g","g","a","a",0.000683877585912122,0.000683877585912122,0.000341938792956061,0.000341938792956061,0,0.000341938792956061,0,0.000341938792956061,0.00102581637886818,0.00102581637886818,0.00102581637886818,0.00102581637886818,"nonsyn","nonsyn","nonsyn",4.2e-06,5.36e-07,1.17e-06,1.17e-06,"0.00614145","0.003421665","1","0.003421665","R","R","Q","P","L",1,1,1,0,0,0,0
"3513",3776,5812,5812,"a","a","g","g",0.00275292498279422,0.00275292498279422,0.000688231245698555,0.000688231245698555,0,0.000688231245698555,0,0.000688231245698555,0.00344115622849277,0.00344115622849277,0.00344115622849277,0.00344115622849277,"syn","syn","syn",1.77e-05,1.76e-06,1.7e-06,1.7e-06,"0.006429525","0.0024701","1","0.0024701","R","R","R","R","R",0,0,0,0,1,1,0
"3514",3777,5815,5815,"g","g","a","a",0.00137575236457438,0.00137575236457438,0.000171969045571797,0.000171969045571797,0,0.000171969045571797,0,0.000171969045571797,0.00154772141014617,0.00154772141014617,0.00154772141014617,0.00154772141014617,"nonsyn","nonsyn","nonsyn",4.2e-06,5.36e-07,1.17e-06,1.17e-06,"0.00305287499999999","0.00680355","1","0.00680355","G","G","S","R","C",1,1,0,0,1,1,0
"3515",3778,5801,5801,"g","g","a","a",0.00137907257369419,0.00137907257369419,0,0,0,0,0,0,0.00137907257369419,0.00137907257369419,0.00137907257369419,0.00137907257369419,"nonsyn","nonsyn","nonsyn",4.2e-06,5.36e-07,1.17e-06,1.17e-06,"0.003045525","1","1","1","G","G","D","A","V",1,1,1,0,0,0,0
"3516",3779,5734,5734,"t","t","c","c",0.00366236484129752,0.00366236484129752,0.000523194977328218,0.000523194977328218,0,0.000523194977328218,0,0.000523194977328218,0.00418555981862574,0.00418555981862574,0.00418555981862574,0.00418555981862574,"syn","syn","syn",1.7e-05,1.07e-06,1.21e-06,1.21e-06,"0.00464180952380953","0.00231271333333333","1","0.00231271333333333","G","G","G","G","G",0,0,0,1,0,0,0
"3517",3780,5773,5773,"g","g","a","a",0.00190542179109648,0.00190542179109648,0.000346440325653906,0.000346440325653906,0.000173220162826953,0.000173220162826953,0.000173220162826953,0.000173220162826953,0.00225186211675039,0.00225186211675039,0.00225186211675039,0.00225186211675039,"nonsyn","nonsyn","nonsyn",4.2e-06,5.36e-07,1.17e-06,1.17e-06,"0.00220423636363637","0.003377205","0.003094328","0.00675441","D","D","N","H","Y",1,1,1,0,0,0,0
"3518",3781,5746,5746,"a","a","g","g",0.00487295509919944,0.00487295509919944,0.000522102332057083,0.000522102332057083,0,0.000522102332057083,0,0.000522102332057083,0.00539505743125653,0.00539505743125653,0.00539505743125653,0.00539505743125653,"nonsyn","nonsyn","nonsyn",1.77e-05,1.76e-06,1.7e-06,1.7e-06,"0.00363229285714286","0.00325606666666667","1","0.00325606666666667","D","D","G","A","V",1,1,1,0,0,0,0
"3519",3782,5754,5754,"t","t","c","c",0.00451859575947167,0.00451859575947167,0,0,0,0,0,0,0.00451859575947167,0.00451859575947167,0.00451859575947167,0.00451859575947167,"syn","nonsyn","nonsyn",1.7e-05,1.07e-06,1.21e-06,1.21e-06,"0.00376223076923077","1","1","1","D","D","D","E","E",0,0,0,0,0,0,0
"3520",3783,5798,5798,"a","a","g","g",0.00310451879958606,0.00310451879958606,0.00155225939979303,0.00155225939979303,0,0.00155225939979303,0,0.00155225939979303,0.0046567781993791,0.0046567781993791,0.0046567781993791,0.0046567781993791,"nonsyn","nonsyn","nonsyn",1.77e-05,1.76e-06,1.7e-06,1.7e-06,"0.00570136666666667","0.00109517777777778","1","0.00109517777777778","S","S","G","R","C",1,1,1,0,1,1,0
"3521",3784,5680,5680,"g","g","a","a",0.00158450704225352,0.00158450704225352,0.000176056338028169,0.000176056338028169,0,0.000176056338028169,0,0.000176056338028169,0.00176056338028169,0.00176056338028169,0.00176056338028169,0.00176056338028169,"nonsyn","nonsyn","nonsyn",4.2e-06,5.36e-07,1.17e-06,1.17e-06,"0.00265066666666667","0.0066456","1","0.0066456","S","S","N","T","I",0,0,1,0,0,0,0
"3522",3785,5671,5671,"c","c","t","t",0.00193969317580674,0.00193969317580674,0.000176335743255158,0.000176335743255158,0.000176335743255158,0,0.000176335743255158,0,0.00211602891906189,0.00211602891906189,0.00211602891906189,0.00211602891906189,"syn","nonsyn","nonsyn",4.58e-06,8.37e-07,4.33e-07,4.33e-07,"0.00236119818181818","0.002455543","0.00474662699999999","1","S","S","S","R","R",0,1,1,0,0,0,0
"3523",3786,5663,5663,"a","a","g","g",0.00300194243333922,0.00300194243333922,0.00105950909411972,0.00105950909411972,0,0.00105950909411972,0,0.00105950909411972,0.00406145152745894,0.00406145152745894,0.00406145152745894,0.00406145152745894,"nonsyn","syn","nonsyn",1.77e-05,1.76e-06,1.7e-06,1.7e-06,"0.00589618235294118","0.00160451666666667","1","0.00160451666666667","R","R","G","R","W",1,0,1,1,1,1,0
"3524",3787,5649,5650,"g","g","a","a",0.000708089927420782,0.000708089927420782,0.000354044963710391,0.000354044963710391,0,0.000354044963710391,0,0.000354044963710391,0.00106213489113117,0.00106213489113117,0.00106194690265487,0.00106194690265487,"nonsyn","nonsyn","nonsyn",4.2e-06,5.36e-07,1.17e-06,1.17e-06,"0.00593145","0.003304665","1","0.003304665","R","R","K","T","M",0,1,1,0,1,1,0
"3525",3788,5619,5619,"g","g","a","a",0.000711870439579996,0.000711870439579996,0.000355935219789998,0.000355935219789998,0,0.000355935219789998,0,0.000355935219789998,0.00106780565936999,0.00106780565936999,0.00106780565936999,0.00106780565936999,"syn","nonsyn","nonsyn",4.2e-06,5.36e-07,1.17e-06,1.17e-06,"0.00589995","0.003287115","1","0.003287115","R","R","R","S","S",0,1,1,0,1,1,0
"3526",3789,5585,5585,"g","g","a","a",0.00107430617726052,0.00107430617726052,0.00017905102954342,0.00017905102954342,0,0.00017905102954342,0,0.00017905102954342,0.00125335720680394,0.00125335720680394,0.00125335720680394,0.00125335720680394,"nonsyn","nonsyn","nonsyn",4.2e-06,5.36e-07,1.17e-06,1.17e-06,"0.0039095","0.00653445","1","0.00653445","G","G","S","R","C",1,1,0,0,1,1,0
"3527",3790,5586,5586,"g","g","a","a",0.00161117078410311,0.00161117078410311,0.000179018976011457,0.000179018976011457,0.000179018976011457,0,0.000179018976011457,0,0.00179018976011457,0.00179018976011457,0.00179018976011457,0.00179018976011457,"nonsyn","nonsyn","nonsyn",4.2e-06,5.36e-07,1.17e-06,1.17e-06,"0.00260680000000001","0.00653562000000001","0.002994096","1","G","G","D","A","V",1,1,1,0,0,0,0
"3528",3791,5595,5595,"c","t","t","c",0.00250223413762288,0.997140303842717,0.000357462019660411,0.000357462019660411,0,0.000357462019660411,0,0.000357462019660411,0.00285969615728329,0.997497765862377,0.00285969615728329,0.997497765862377,"syn","syn","syn",1.7e-05,1.07e-06,1.21e-06,1.21e-06,"1.70487542570353e-05","0.003384975","1","0.003384975","G","G","G","G","G",0,0,0,0,0,0,0
"3529",3792,5596,5596,"a","a","g","g",0.00428877769835597,0.00428877769835597,0.00232308791994282,0.00232308791994282,0.00142959256611866,0.00089349535382416,0.00142959256611866,0.00089349535382416,0.00661186561829879,0.00661186561829879,0.00661186561829879,0.00661186561829879,"nonsyn","nonsyn","nonsyn",1.77e-05,1.76e-06,1.7e-06,1.7e-06,"0.00412705","0.000731784615384614","0.00123112","0.00190264","S","S","G","R","C",1,1,1,0,1,1,0
"3530",3793,5575,5575,"g","g","a","a",0.00251121076233184,0.00251121076233184,0.000538116591928251,0.000538116591928251,0.000179372197309417,0.000358744394618834,0.000179372197309417,0.000358744394618834,0.00304932735426009,0.00304932735426009,0.00304932735426009,0.00304932735426009,"nonsyn","nonsyn","nonsyn",4.2e-06,5.36e-07,1.17e-06,1.17e-06,"0.0016725","0.00217425","0.0029882","0.003261375","S","S","N","T","I",0,0,1,0,0,0,0
"3531",3794,5645,5645,"c","c","t","t",0.00230292294065545,0.00230292294065545,0.000531443755535872,0.000531443755535872,0.000531443755535872,0,0.000531443755535872,0,0.00283436669619132,0.00283436669619132,0.00283436669619132,0.00283436669619132,"syn","nonsyn","nonsyn",4.58e-06,8.37e-07,4.33e-07,4.33e-07,"0.00198877692307692","0.000814761666666667","0.001574955","1","S","S","S","R","R",0,1,1,0,0,0,0
"3532",3795,5703,5703,"c","c","t","t",0.00157811678064177,0.00157811678064177,0.000175346308960196,0.000175346308960196,0.000175346308960196,0,0.000175346308960196,0,0.00175346308960196,0.00175346308960196,0.00175346308960196,0.00175346308960196,"syn","nonsyn","nonsyn",4.58e-06,8.37e-07,4.33e-07,4.33e-07,"0.00290219333333333","0.00246939900000001","0.00477341100000001","1","L","L","L","M","V",0,0,0,0,1,0,1
"3533",3796,5733,5734,"t","t","c","c",0.00279085993371708,0.00279085993371708,0.00226757369614512,0.00226757369614512,0.00174428745857317,0.000523286237571952,0.00174428745857317,0.000523286237571952,0.0050584336298622,0.0050584336298622,0.0050575514475061,0.0050575514475061,"nonsyn","nonsyn","nonsyn",1.7e-05,1.07e-06,1.21e-06,1.21e-06,"0.00609131249999999","0.000533610000000001","0.000613431000000001","0.00231231","L","L","P","Q","R",1,1,1,1,1,0,1
"3534",3797,5717,5717,"g","g","a","a",0.00157425223019066,0.00157425223019066,0.000174916914465629,0.000174916914465629,0,0.000174916914465629,0,0.000174916914465629,0.00174916914465629,0.00174916914465629,0.00174916914465629,0.00174916914465629,"syn","syn","syn",4.2e-06,5.36e-07,1.17e-06,1.17e-06,"0.00266793333333333","0.00668888999999999","1","0.00668888999999999","L","L","L","L","L",0,0,0,0,0,0,0
"3535",3798,5681,5681,"c","c","t","t",0.00123217743355043,0.00123217743355043,0,0,0,0,0,0,0.00123217743355043,0.00123217743355043,0.00123217743355043,0.00123217743355043,"nonsyn","nonsyn","nonsyn",4.58e-06,8.37e-07,4.33e-07,4.33e-07,"0.00371699714285715","1","1","1","L","L","F","I","V",0,0,0,0,0,0,0
"3536",3799,5679,5683,"t","t","c","c",0.00581088219756999,0.00581088219756999,0.00123261137524212,0.00123261137524212,0.00123261137524212,0,0.00123261137524212,0,0.00704349357281212,0.00704349357281212,0.00703853598451522,0.00703853598451522,"nonsyn","nonsyn","nonsyn",1.7e-05,1.07e-06,1.21e-06,1.21e-06,"0.00292554545454546","0.000981655714285714","0.000868075714285714","1","L","L","P","H","R",1,1,1,0,1,0,1
"3537",3800,5668,5668,"t","t","c","c",0.00352858151023289,0.00352858151023289,0.000176429075511644,0.000176429075511644,0.000176429075511644,0,0.000176429075511644,0,0.00370501058574453,0.00370501058574453,0.00370501058574453,0.00370501058574453,"syn","syn","syn",1.7e-05,1.07e-06,1.21e-06,1.21e-06,"0.0048178","0.00685828000000001","0.00606476000000001","1","L","L","L","L","L",0,0,0,0,0,0,0
"3538",3801,5646,5646,"t","t","c","c",0.0026567481402763,0.0026567481402763,0.00053134962805526,0.00053134962805526,0.000177116542685087,0.000354233085370174,0.000177116542685087,0.000354233085370174,0.00318809776833156,0.00318809776833156,0.00318809776833156,0.00318809776833156,"nonsyn","nonsyn","nonsyn",1.7e-05,1.07e-06,1.21e-06,1.21e-06,"0.0063988","0.00227722","0.00604121999999999","0.00341583","S","S","P","T","A",1,0,1,0,0,0,0
"3539",3802,5652,5652,"c","c","t","t",0.00212314225053079,0.00212314225053079,0.000176928520877565,0.000176928520877565,0.000176928520877565,0,0.000176928520877565,0,0.00230007077140835,0.00230007077140835,0.00230007077140835,0.00230007077140835,"nonsyn","stop","nonsyn",4.58e-06,8.37e-07,4.33e-07,4.33e-07,"0.00215718","0.00244731600000001","0.00473072400000001","1","S","S","L","*","W",1,1,1,0,0,0,0
"3540",3803,5631,5631,"g","g","a","a",0.00195347185224649,0.00195347185224649,0.000710353400816906,0.000710353400816906,0,0.000710353400816906,0,0.000710353400816906,0.0026638252530634,0.0026638252530634,0.0026638252530634,0.0026638252530634,"syn","syn","syn",4.2e-06,5.36e-07,1.17e-06,1.17e-06,"0.00215001818181818","0.0016470675","1","0.0016470675","S","S","S","S","S",0,0,0,0,0,0,0
"3541",3804,5627,5632,"c","c","t","t",0.000888572951839346,0.000888572951839346,0.000177714590367869,0.000177714590367869,0.000177714590367869,0,0.000177714590367869,0,0.00106628754220722,0.00106628754220722,0.00106534090909091,0.00106534090909091,"nonsyn","nonsyn","nonsyn",4.58e-06,8.37e-07,4.33e-07,4.33e-07,"0.005154332","0.002436491","0.004709799","1","P","P","S","T","A",1,1,1,0,0,0,0
"3542",3805,5619,5619,"c","c","t","t",0.00302544936821498,0.00302544936821498,0.000355935219789998,0.000355935219789998,0.000355935219789998,0,0.000355935219789998,0,0.00338138458800498,0.00338138458800498,0.00338138458800498,0.00338138458800498,"nonsyn","nonsyn","nonsyn",4.58e-06,8.37e-07,4.33e-07,4.33e-07,"0.00151382470588236","0.0012165135","0.0023515515","1","P","P","L","H","R",1,1,1,0,1,0,1
"3543",3806,5553,5553,"c","c","t","t",0.00108049702863317,0.00108049702863317,0.000180082838105529,0.000180082838105529,0.000180082838105529,0,0.000180082838105529,0,0.0012605798667387,0.0012605798667387,0.0012605798667387,0.0012605798667387,"syn","syn","syn",4.58e-06,8.37e-07,4.33e-07,4.33e-07,"0.00423879000000001","0.00240444899999999","0.00464786099999999","1","P","P","P","P","P",0,0,0,0,1,0,1
"3544",3807,5523,5523,"c","c","t","t",0.00253485424588086,0.00253485424588086,0.000362122035125837,0.000362122035125837,0.000362122035125837,0,0.000362122035125837,0,0.0028969762810067,0.0028969762810067,0.0028969762810067,0.0028969762810067,"nonsyn","syn","nonsyn",4.58e-06,8.37e-07,4.33e-07,4.33e-07,"0.00180681","0.0011957295","0.0023113755","1","R","R","W","R","G",1,0,1,0,1,0,1
"3545",3808,5495,5495,"g","g","a","a",0.00181983621474067,0.00181983621474067,0.000181983621474067,0.000181983621474067,0,0.000181983621474067,0,0.000181983621474067,0.00200181983621474,0.00200181983621474,0.00200181983621474,0.00200181983621474,"nonsyn","nonsyn","nonsyn",4.2e-06,5.36e-07,1.17e-06,1.17e-06,"0.0023079","0.00642915000000001","1","0.00642915000000001","R","R","Q","P","L",1,1,1,0,1,1,0
"3546",3809,5510,5510,"g","g","a","a",0.00199637023593466,0.00199637023593466,0.000362976406533575,0.000362976406533575,0.000181488203266788,0.000181488203266788,0.000181488203266788,0.000181488203266788,0.00235934664246824,0.00235934664246824,0.00235934664246824,0.00235934664246824,"syn","syn","syn",4.2e-06,5.36e-07,1.17e-06,1.17e-06,"0.00210381818181819","0.00322335","0.00295335999999999","0.00644669999999999","R","R","R","R","R",0,0,0,0,0,0,0
"3547",3810,5510,5510,"c","c","t","t",0.00272232304900181,0.00272232304900181,0.000181488203266788,0.000181488203266788,0.000181488203266788,0,0.000181488203266788,0,0.0029038112522686,0.0029038112522686,0.0029038112522686,0.0029038112522686,"nonsyn","nonsyn","nonsyn",4.58e-06,8.37e-07,4.33e-07,4.33e-07,"0.00168238666666667","0.00238583","0.00461186999999999","1","P","P","S","T","A",1,1,1,0,0,0,0
"3548",3811,5492,5492,"c","c","t","t",0.00345957756737072,0.00345957756737072,0.000364166059723234,0.000364166059723234,0.000182083029861617,0.000182083029861617,0.000182083029861617,0.000182083029861617,0.00382374362709395,0.00382374362709395,0.00382374362709395,0.00382374362709395,"nonsyn","nonsyn","nonsyn",4.58e-06,8.37e-07,4.33e-07,4.33e-07,"0.00132386105263158","0.001189018","0.004596804","0.002378036","P","P","L","H","R",1,1,1,0,1,0,1
"3549",3812,5488,5488,"c","c","t","t",0.00127551020408163,0.00127551020408163,0,0,0,0,0,0,0.00127551020408163,0.00127551020408163,0.00127551020408163,0.00127551020408163,"syn","syn","syn",4.58e-06,8.37e-07,4.33e-07,4.33e-07,"0.00359072000000001","1","1","1","P","P","P","P","P",0,0,0,0,1,0,1
"3550",3813,5405,5405,"a","a","g","g",0.0210915818686401,0.0210915818686401,0.000370027752081406,0.000370027752081406,0.000370027752081406,0,0.000370027752081406,0,0.0214616096207216,0.0214616096207216,0.0214616096207216,0.0214616096207216,"nonsyn","nonsyn","nonsyn",1.77e-05,1.76e-06,1.7e-06,1.7e-06,"0.000839197368421055","0.00459425","0.0047564","1","I","I","V","L","F",0,0,0,1,0,0,0
"3551",3814,5501,5504,"t","t","c","c",0.0045446282494092,0.0045446282494092,0.000181785129976368,0.000181785129976368,0.000181785129976368,0,0.000181785129976368,0,0.00472641337938557,0.00472641337938557,0.00472383720930233,0.00472383720930233,"nonsyn","nonsyn","nonsyn",1.7e-05,1.07e-06,1.21e-06,1.21e-06,"0.00374068","0.00665621","0.00588607","1","I","I","T","N","S",1,1,1,0,0,0,0
"3552",3815,5512,5512,"t","t","c","c",0.00362844702467344,0.00362844702467344,0.000181422351233672,0.000181422351233672,0,0.000181422351233672,0,0.000181422351233672,0.00380986937590711,0.00380986937590711,0.00380986937590711,0.00380986937590711,"syn","syn","nonsyn",1.7e-05,1.07e-06,1.21e-06,1.21e-06,"0.0046852","0.00666952","1","0.00666952","I","I","I","I","M",0,0,0,0,0,0,0
"3553",3816,5485,5485,"t","t","c","c",0.00419325432999088,0.00419325432999088,0.000182315405651778,0.000182315405651778,0,0.000182315405651778,0,0.000182315405651778,0.00437556973564266,0.00437556973564266,0.00437556973564266,0.00437556973564266,"nonsyn","nonsyn","nonsyn",1.7e-05,1.07e-06,1.21e-06,1.21e-06,"0.00405413043478261","0.00663684999999998","1","0.00663684999999998","S","S","P","T","A",1,0,1,0,0,0,0
"3554",3817,5472,5474,"c","c","t","t",0.000730994152046784,0.000730994152046784,0.000182748538011696,0.000182748538011696,0.000182748538011696,0,0.000182748538011696,0,0.000913742690058479,0.000913742690058479,0.000913408841797589,0.000913408841797589,"nonsyn","nonsyn","nonsyn",4.58e-06,8.37e-07,4.33e-07,4.33e-07,"0.00626544","0.002369376","0.004580064","1","S","S","F","Y","C",1,1,1,0,0,0,0
"3555",3818,5464,5464,"c","c","t","t",0.000183016105417277,0.000183016105417277,0.000366032210834553,0.000366032210834553,0.000366032210834553,0,0.000366032210834553,0,0.00054904831625183,0.00054904831625183,0.00054904831625183,0.00054904831625183,"syn","syn","syn",4.58e-06,8.37e-07,4.33e-07,4.33e-07,"0.02502512","0.001182956","0.002286684","1","S","S","S","S","S",0,0,0,0,1,0,1
"3556",3819,5464,5464,"t","t","c","c",0.00219619326500732,0.00219619326500732,0.000915080527086384,0.000915080527086384,0.000915080527086384,0,0.000915080527086384,0,0.0031112737920937,0.0031112737920937,0.0031112737920937,0.0031112737920937,"nonsyn","nonsyn","nonsyn",1.7e-05,1.07e-06,1.21e-06,1.21e-06,"0.00774066666666667","0.001322288","0.001169296","1","Y","Y","H","N","D",1,1,1,0,1,0,1
"3557",3820,5423,5423,"a","a","g","g",0.00276599668080398,0.00276599668080398,0.000184399778720266,0.000184399778720266,0.000184399778720266,0,0.000184399778720266,0,0.00295039645952425,0.00295039645952425,0.00295039645952425,0.00295039645952425,"nonsyn","nonsyn","nonsyn",1.77e-05,1.76e-06,1.7e-06,1.7e-06,"0.00639914000000001","0.00921909999999998","0.00954447999999998","1","Y","Y","C","S","F",1,1,0,0,0,0,0
"3558",3821,5465,5465,"c","c","t","t",0.000548947849954254,0.000548947849954254,0,0,0,0,0,0,0.000548947849954254,0.000548947849954254,0.000548947849954254,0.000548947849954254,"syn","stop","stop",4.58e-06,8.37e-07,4.33e-07,4.33e-07,"0.00834323333333334","1","1","1","Y","Y","Y","*","*",0,1,1,0,0,0,0
"3559",3822,5446,5446,"t","t","c","c",0.00275431509364671,0.00275431509364671,0.000367242012486228,0.000367242012486228,0,0.000367242012486228,0,0.000367242012486228,0.00312155710613294,0.00312155710613294,0.00312155710613294,0.00312155710613294,"syn","nonsyn","nonsyn",1.7e-05,1.07e-06,1.21e-06,1.21e-06,"0.00617213333333334","0.00329483","1","0.00329483","L","L","L","M","V",0,0,0,0,1,0,1
"3560",3823,5425,5425,"t","t","c","c",0.00258064516129032,0.00258064516129032,0.000184331797235023,0.000184331797235023,0,0.000184331797235023,0,0.000184331797235023,0.00276497695852535,0.00276497695852535,0.00276497695852535,0.00276497695852535,"nonsyn","stop","nonsyn",1.7e-05,1.07e-06,1.21e-06,1.21e-06,"0.00658750000000001","0.00656425","1","0.00656425","L","L","S","*","W",1,1,0,1,0,0,0
"3561",3824,5400,5400,"g","g","a","a",0.000740740740740741,0.000740740740740741,0.000185185185185185,0.000185185185185185,0,0.000185185185185185,0,0.000185185185185185,0.000925925925925926,0.000925925925925926,0.000925925925925926,0.000925925925925926,"syn","nonsyn","nonsyn",4.2e-06,5.36e-07,1.17e-06,1.17e-06,"0.00567","0.00631800000000001","1","0.00631800000000001","L","L","L","F","F",0,0,0,0,0,0,0
"3562",3825,5377,5383,"a","a","g","g",0.00390552352612981,0.00390552352612981,0.000185977310768086,0.000185977310768086,0,0.000185977310768086,0,0.000185977310768086,0.0040915008368979,0.0040915008368979,0.00408694036782463,0.00408694036782463,"nonsyn","nonsyn","stop",1.77e-05,1.76e-06,1.7e-06,1.7e-06,"0.00453204285714286","0.00914090000000001","1","0.00914090000000001","K","K","E","Q","*",1,1,1,0,0,0,0
"3563",3826,5343,5343,"a","a","g","g",0.00168444693992139,0.00168444693992139,0.000187160771102377,0.000187160771102377,0,0.000187160771102377,0,0.000187160771102377,0.00187160771102377,0.00187160771102377,0.00187160771102377,0.00187160771102377,"nonsyn","nonsyn","nonsyn",1.77e-05,1.76e-06,1.7e-06,1.7e-06,"0.0105079","0.0090831","1","0.0090831","K","K","R","T","I",0,1,1,0,0,0,0
"3564",3827,5300,5300,"a","a","g","g",0.0069811320754717,0.0069811320754717,0.00169811320754717,0.00169811320754717,0.000754716981132075,0.000943396226415094,0.000754716981132075,0.000943396226415094,0.00867924528301887,0.00867924528301887,0.00867924528301887,0.00867924528301887,"syn","nonsyn","nonsyn",1.77e-05,1.76e-06,1.7e-06,1.7e-06,"0.0025354054054054","0.00100111111111111","0.002332","0.001802","K","K","K","N","N",0,1,1,0,1,1,0
"3565",3828,5204,5205,"g","g","a","a",0.00153727901614143,0.00153727901614143,0.000384319754035357,0.000384319754035357,0,0.000384319754035357,0,0.000384319754035357,0.00192159877017679,0.00192159877017679,0.00192122958693564,0.00192122958693564,"nonsyn","nonsyn","nonsyn",4.2e-06,5.36e-07,1.17e-06,1.17e-06,"0.0027321","0.00304434","1","0.00304434","G","G","S","R","C",1,1,0,0,1,1,0
"3566",3829,5145,5145,"g","g","a","a",0.00155490767735666,0.00155490767735666,0.000388726919339164,0.000388726919339164,0.000194363459669582,0.000194363459669582,0.000194363459669582,0.000194363459669582,0.00194363459669582,0.00194363459669582,0.00194363459669582,0.00194363459669582,"nonsyn","nonsyn","nonsyn",4.2e-06,5.36e-07,1.17e-06,1.17e-06,"0.00270112499999999","0.003009825","0.00275772","0.00601965","G","G","D","A","V",1,1,1,0,0,0,0
"3567",3830,5076,5076,"c","c","t","t",0.00256107171000788,0.00256107171000788,0.000197005516154452,0.000197005516154452,0.000197005516154452,0,0.000197005516154452,0,0.00275807722616233,0.00275807722616233,0.00275807722616233,0.00275807722616233,"syn","syn","syn",4.58e-06,8.37e-07,4.33e-07,4.33e-07,"0.00178831384615385","0.002197908","0.00424861200000001","1","G","G","G","G","G",0,0,0,0,0,0,0
"3568",3831,5036,5036,"t","t","c","c",0.00277998411437649,0.00277998411437649,0.00079428117553614,0.00079428117553614,0.00079428117553614,0,0.00079428117553614,0,0.00357426528991263,0.00357426528991263,0.00357426528991263,0.00357426528991263,"nonsyn","nonsyn","nonsyn",1.7e-05,1.07e-06,1.21e-06,1.21e-06,"0.00611514285714286","0.00152339","0.00134713","1","S","S","P","T","A",1,0,1,0,1,0,1
"3569",3832,5022,5022,"c","c","t","t",0.000597371565113501,0.000597371565113501,0.000398247710075667,0.000398247710075667,0.000199123855037834,0.000199123855037834,0.000199123855037834,0.000199123855037834,0.000995619275189168,0.000995619275189168,0.000995619275189168,0.000995619275189168,"nonsyn","nonsyn","nonsyn",4.58e-06,8.37e-07,4.33e-07,4.33e-07,"0.00766692","0.001087263","0.00420341399999999","0.002174526","S","S","F","Y","C",1,1,1,0,0,0,0
"3570",3833,5002,5003,"c","c","t","t",0.00119952019192323,0.00119952019192323,0,0,0,0,0,0,0.00119952019192323,0.00119952019192323,0.00119928043174096,0.00119928043174096,"syn","syn","syn",4.58e-06,8.37e-07,4.33e-07,4.33e-07,"0.00381819333333334","1","1","1","S","S","S","S","S",0,0,0,0,1,0,1
"3571",3834,4988,4988,"t","t","c","c",0.00180433039294306,0.00180433039294306,0.000601443464314354,0.000601443464314354,0,0.000601443464314354,0,0.000601443464314354,0.00240577385725742,0.00240577385725742,0.00240577385725742,0.00240577385725742,"nonsyn","nonsyn","nonsyn",1.7e-05,1.07e-06,1.21e-06,1.21e-06,"0.00942177777777779","0.00201182666666667","1","0.00201182666666667","S","S","P","T","A",1,0,1,0,1,0,1
"3572",3835,5005,5006,"c","c","t","t",0.000999000999000999,0.000999000999000999,0.0001998001998002,0.0001998001998002,0,0.0001998001998002,0,0.0001998001998002,0.0011988011988012,0.0011988011988012,0.00119856172592889,0.00119856172592889,"nonsyn","stop","nonsyn",4.58e-06,8.37e-07,4.33e-07,4.33e-07,"0.00458458","0.002167165","1","0.002167165","S","S","L","*","W",1,1,1,0,0,0,0
"3573",3836,4967,5009,"g","g","a","a",0.00140930138916851,0.00140930138916851,0.000805315079524864,0.000805315079524864,0,0.000805315079524864,0,0.000805315079524864,0.00221461646869338,0.00221461646869338,0.00219604711519265,0.00219604711519265,"syn","syn","syn",4.2e-06,5.36e-07,1.17e-06,1.17e-06,"0.0029802","0.0014528475","1","0.0014528475","S","S","S","S","S",0,0,0,0,1,1,0
"3574",3837,4928,4928,"g","g","a","a",0.00304383116883117,0.00304383116883117,0.00101461038961039,0.00101461038961039,0,0.00101461038961039,0,0.00101461038961039,0.00405844155844156,0.00405844155844156,0.00405844155844156,0.00405844155844156,"nonsyn","nonsyn","nonsyn",4.2e-06,5.36e-07,1.17e-06,1.17e-06,"0.00137984","0.001153152","1","0.001153152","G","G","R","R","W",1,1,1,0,1,1,0
"3575",3838,4757,4757,"g","g","a","a",0.000630649569056128,0.000630649569056128,0.000210216523018709,0.000210216523018709,0,0.000210216523018709,0,0.000210216523018709,0.000840866092074837,0.000840866092074837,0.000840866092074837,0.000840866092074837,"nonsyn","nonsyn","nonsyn",4.2e-06,5.36e-07,1.17e-06,1.17e-06,"0.0066598","0.00556569000000001","1","0.00556569000000001","G","G","E","A","V",1,1,1,0,1,1,0
"3576",3839,4675,4675,"g","g","a","a",0.00192513368983957,0.00192513368983957,0.000213903743315508,0.000213903743315508,0,0.000213903743315508,0,0.000213903743315508,0.00213903743315508,0.00213903743315508,0.00213903743315508,0.00213903743315508,"syn","syn","syn",4.2e-06,5.36e-07,1.17e-06,1.17e-06,"0.00218166666666667","0.00546975","1","0.00546975","G","G","G","G","G",0,0,0,0,1,1,0
"3577",3840,4556,4556,"g","g","a","a",0.00153643546971027,0.00153643546971027,0.000438981562774363,0.000438981562774363,0,0.000438981562774363,0,0.000438981562774363,0.00197541703248464,0.00197541703248464,0.00197541703248464,0.00197541703248464,"nonsyn","nonsyn","nonsyn",4.2e-06,5.36e-07,1.17e-06,1.17e-06,"0.0027336","0.00266526","1","0.00266526","G","G","S","R","C",1,1,0,0,1,1,0
"3578",3841,4512,4512,"g","g","a","a",0.00288120567375887,0.00288120567375887,0,0,0,0,0,0,0.00288120567375887,0.00288120567375887,0.00288120567375887,0.00288120567375887,"nonsyn","nonsyn","nonsyn",4.2e-06,5.36e-07,1.17e-06,1.17e-06,"0.00145772307692307","1","1","1","G","G","D","A","V",1,1,1,0,0,0,0
"3579",3842,4464,4464,"t","t","c","c",0.00448028673835125,0.00448028673835125,0.000896057347670251,0.000896057347670251,0.000672043010752688,0.000224014336917563,0.000672043010752688,0.000224014336917563,0.00537634408602151,0.00537634408602151,0.00537634408602151,0.00537634408602151,"syn","syn","syn",1.7e-05,1.07e-06,1.21e-06,1.21e-06,"0.0037944","0.00135036","0.00159216","0.00540143999999999","G","G","G","G","G",0,0,0,0,0,0,0
"3580",3843,4463,4463,"c","c","t","t",0.00156845171409366,0.00156845171409366,0.000896258122339234,0.000896258122339234,0.000896258122339234,0,0.000896258122339234,0,0.00246470983643289,0.00246470983643289,0.00246470983643289,0.00246470983643289,"nonsyn","nonsyn","nonsyn",4.58e-06,8.37e-07,4.33e-07,4.33e-07,"0.00292007714285714","0.00048311975","0.00093388275","1","P","P","S","T","A",1,1,1,0,0,0,0
"3581",3844,4516,4516,"c","c","t","t",0.0033215234720992,0.0033215234720992,0,0,0,0,0,0,0.0033215234720992,0.0033215234720992,0.0033215234720992,0.0033215234720992,"nonsyn","nonsyn","nonsyn",4.58e-06,8.37e-07,4.33e-07,4.33e-07,"0.00137888533333333","1","1","1","P","P","L","Q","R",1,1,1,0,1,0,1
"3582",3845,4539,4539,"g","g","a","a",0.00176250275391055,0.00176250275391055,0.000440625688477638,0.000440625688477638,0.000220312844238819,0.000220312844238819,0.000220312844238819,0.000220312844238819,0.00220312844238819,0.00220312844238819,0.00220312844238819,0.00220312844238819,"syn","syn","syn",4.2e-06,5.36e-07,1.17e-06,1.17e-06,"0.002382975","0.002655315","0.002432904","0.00531063","P","P","P","P","P",0,0,0,0,0,0,0
"3583",3846,4556,4556,"c","c","t","t",0.00197541703248464,0.00197541703248464,0.000219490781387182,0.000219490781387182,0.000219490781387182,0,0.000219490781387182,0,0.00219490781387182,0.00219490781387182,0.00219490781387182,0.00219490781387182,"syn","nonsyn","nonsyn",4.58e-06,8.37e-07,4.33e-07,4.33e-07,"0.00231849777777777","0.001972748","0.003813372","1","L","L","L","M","V",0,0,0,0,0,0,0
"3584",3847,4463,4463,"t","t","c","c",0.00179251624467847,0.00179251624467847,0.000672193591754425,0.000672193591754425,0.000448129061169617,0.000224064530584808,0.000448129061169617,0.000224064530584808,0.00246470983643289,0.00246470983643289,0.00246470983643289,0.00246470983643289,"nonsyn","nonsyn","nonsyn",1.7e-05,1.07e-06,1.21e-06,1.21e-06,"0.00948387499999999","0.00180007666666667","0.002387705","0.00540023000000001","L","L","P","Q","R",1,1,1,1,1,0,1
"3585",3848,4471,4471,"g","g","a","a",0.000894654439722657,0.000894654439722657,0.000223663609930664,0.000223663609930664,0,0.000223663609930664,0,0.000223663609930664,0.00111831804965332,0.00111831804965332,0.00111831804965332,0.00111831804965332,"syn","syn","syn",4.2e-06,5.36e-07,1.17e-06,1.17e-06,"0.00469455","0.00523107000000001","1","0.00523107000000001","L","L","L","L","L",0,0,0,0,0,0,0
"3586",3849,4498,4498,"t","t","c","c",0.00555802578923966,0.00555802578923966,0,0,0,0,0,0,0.00555802578923966,0.00555802578923966,0.00555802578923966,0.00555802578923966,"syn","nonsyn","nonsyn",1.7e-05,1.07e-06,1.21e-06,1.21e-06,"0.00305864","1","1","1","L","L","L","M","V",0,0,0,0,0,0,0
"3587",3850,4594,4594,"t","t","c","c",0.00282977797126687,0.00282977797126687,0.00065302568567697,0.00065302568567697,0.00065302568567697,0,0.00065302568567697,0,0.00348280365694384,0.00348280365694384,0.00348280365694384,0.00348280365694384,"nonsyn","stop","nonsyn",1.7e-05,1.07e-06,1.21e-06,1.21e-06,"0.00600753846153846","0.00185291333333333","0.00163852666666667","1","L","L","S","*","W",1,1,0,1,0,0,0
"3588",3851,4574,4574,"g","g","a","a",0.00262352426759948,0.00262352426759948,0,0,0,0,0,0,0.00262352426759948,0.00262352426759948,0.00262352426759948,0.00262352426759948,"syn","nonsyn","nonsyn",4.2e-06,5.36e-07,1.17e-06,1.17e-06,"0.0016009","1","1","1","L","L","L","F","F",0,0,0,0,0,0,0
"3589",3852,4564,4564,"t","t","c","c",0.00394390885188431,0.00394390885188431,0.000657318141980719,0.000657318141980719,0.000438212094653812,0.000219106047326906,0.000438212094653812,0.000219106047326906,0.00460122699386503,0.00460122699386503,0.00460122699386503,0.00460122699386503,"nonsyn","nonsyn","nonsyn",1.7e-05,1.07e-06,1.21e-06,1.21e-06,"0.00431044444444445","0.00184081333333333","0.00244174","0.00552244000000001","C","C","R","S","G",1,1,0,1,0,0,0
"3590",3853,4551,4551,"g","g","a","a",0.003295978905735,0.003295978905735,0.000219731927049,0.000219731927049,0.000219731927049,0,0.000219731927049,0,0.003515710832784,0.003515710832784,0.003515710832784,0.003515710832784,"nonsyn","nonsyn","nonsyn",4.2e-06,5.36e-07,1.17e-06,1.17e-06,"0.00127428","0.00532467000000001","0.002439336","1","C","C","Y","S","F",1,1,1,0,0,0,0
"3591",3854,4741,4747,"c","c","t","t",0.00400759333473951,0.00400759333473951,0.000632777894958869,0.000632777894958869,0.00021092596498629,0.00042185192997258,0.00021092596498629,0.00042185192997258,0.00464037122969838,0.00464037122969838,0.00463450600379187,0.00463450600379187,"syn","stop","nonsyn",4.58e-06,8.37e-07,4.33e-07,4.33e-07,"0.00114283052631579","0.000684284333333334","0.003968217","0.0010264265","C","C","C","*","W",0,1,1,0,0,0,0
"3592",3855,4730,4730,"c","c","t","t",0.00169133192389006,0.00169133192389006,0.00105708245243129,0.00105708245243129,0.000211416490486258,0.000845665961945032,0.000211416490486258,0.000845665961945032,0.00274841437632135,0.00274841437632135,0.00274841437632135,0.00274841437632135,"nonsyn","nonsyn","nonsyn",4.58e-06,8.37e-07,4.33e-07,4.33e-07,"0.00270792500000001","0.000409618","0.00395901","0.0005120225","P","P","S","T","A",1,1,1,0,1,0,1
"3593",3856,4731,4732,"c","c","t","t",0.00232508983301628,0.00232508983301628,0.00021137180300148,0.00021137180300148,0.00021137180300148,0,0.00021137180300148,0,0.00253646163601776,0.00253646163601776,0.00253592561284869,0.00253592561284869,"nonsyn","nonsyn","nonsyn",4.58e-06,8.37e-07,4.33e-07,4.33e-07,"0.00196981636363636","0.002048523","0.00395984699999999","1","P","P","L","H","R",1,1,1,0,1,0,1
"3594",3857,4711,4712,"c","c","t","t",0.00169815325833156,0.00169815325833156,0.000636807471874337,0.000636807471874337,0.000636807471874337,0,0.000636807471874337,0,0.0023349607302059,0.0023349607302059,0.00233446519524618,0.00233446519524618,"syn","syn","syn",4.58e-06,8.37e-07,4.33e-07,4.33e-07,"0.00269704750000001","0.000679954333333333","0.001314369","1","P","P","P","P","P",0,0,0,0,1,0,1
"3595",3858,4672,4673,"g","g","a","a",0.000642123287671233,0.000642123287671233,0.000214041095890411,0.000214041095890411,0,0.000214041095890411,0,0.000214041095890411,0.000856164383561644,0.000856164383561644,0.000855981168414295,0.000855981168414295,"nonsyn","nonsyn","nonsyn",4.2e-06,5.36e-07,1.17e-06,1.17e-06,"0.0065408","0.00546624","1","0.00546624","A","A","T","P","S",1,1,1,0,0,0,0
"3596",3859,4698,4698,"c","c","t","t",0.00191570881226054,0.00191570881226054,0.000638569604086846,0.000638569604086846,0,0.000638569604086846,0,0.000638569604086846,0.00255427841634738,0.00255427841634738,0.00255427841634738,0.00255427841634738,"nonsyn","nonsyn","nonsyn",4.58e-06,8.37e-07,4.33e-07,4.33e-07,"0.00239076","0.000678077999999999","1","0.000678077999999999","A","A","V","E","G",0,1,1,0,0,0,0
"3597",3860,5184,5185,"g","g","a","a",0.00289351851851852,0.00289351851851852,0.000385802469135802,0.000385802469135802,0,0.000385802469135802,0,0.000385802469135802,0.00327932098765432,0.00327932098765432,0.00327868852459016,0.00327868852459016,"syn","syn","syn",4.2e-06,5.36e-07,1.17e-06,1.17e-06,"0.00145152","0.00303264","1","0.00303264","A","A","A","A","A",0,0,0,0,1,1,0
"3598",3861,5144,5144,"g","g","a","a",0.00194401244167963,0.00194401244167963,0.000583203732503888,0.000583203732503888,0,0.000583203732503888,0,0.000583203732503888,0.00252721617418351,0.00252721617418351,0.00252721617418351,0.00252721617418351,"nonsyn","nonsyn","stop",4.2e-06,5.36e-07,1.17e-06,1.17e-06,"0.00216048","0.00200616","1","0.00200616","G","G","R","R","*",1,1,1,0,1,1,0
"3599",3862,5111,5111,"g","g","a","a",0.000782625709254549,0.000782625709254549,0,0,0,0,0,0,0.000782625709254549,0.000782625709254549,0.000782625709254549,0.000782625709254549,"nonsyn","nonsyn","nonsyn",4.2e-06,5.36e-07,1.17e-06,1.17e-06,"0.00536655","1","1","1","G","G","E","A","V",1,1,1,0,0,0,0
"3600",3863,5107,5108,"a","a","g","g",0.056001566477384,0.056001566477384,0.000391619345995692,0.000391619345995692,0,0.000391619345995692,0,0.000391619345995692,0.0563931858233797,0.0563931858233797,0.0563821456538763,0.0563821456538763,"syn","syn","syn",1.77e-05,1.76e-06,1.7e-06,1.7e-06,"0.000316062587412587","0.00434095","1","0.00434095","G","G","G","G","G",0,0,0,0,0,0,0
"3601",3864,5269,5269,"c","c","t","t",0.000759157335357753,0.000759157335357753,0.000189789333839438,0.000189789333839438,0.000189789333839438,0,0.000189789333839438,0,0.000948946669197191,0.000948946669197191,0.000948946669197191,0.000948946669197191,"nonsyn","nonsyn","nonsyn",4.58e-06,8.37e-07,4.33e-07,4.33e-07,"0.006033005","0.002281477","0.00441015300000001","1","H","H","Y","N","D",1,1,1,0,0,0,0
"3602",3865,5364,5364,"a","a","g","g",0.00876211782252051,0.00876211782252051,0.00577926920208799,0.00577926920208799,0.00093214019388516,0.00484712900820283,0.00093214019388516,0.00484712900820283,0.0145413870246085,0.0145413870246085,0.0145413870246085,0.0145413870246085,"nonsyn","nonsyn","nonsyn",1.77e-05,1.76e-06,1.7e-06,1.7e-06,"0.00202005957446808","0.000294154838709678","0.001888128","0.000350723076923077","H","H","R","P","L",0,1,1,1,0,0,0
"3603",3866,5454,5454,"c","c","t","t",0.00146681334800147,0.00146681334800147,0,0,0,0,0,0,0.00146681334800147,0.00146681334800147,0.00146681334800147,0.00146681334800147,"syn","nonsyn","nonsyn",4.58e-06,8.37e-07,4.33e-07,4.33e-07,"0.00312241499999999","1","1","1","H","H","H","Q","Q",0,1,1,0,0,0,0
"3604",3867,5477,5477,"g","g","a","a",0.00365163410626255,0.00365163410626255,0.000365163410626255,0.000365163410626255,0.000365163410626255,0,0.000365163410626255,0,0.00401679751688881,0.00401679751688881,0.00401679751688881,0.00401679751688881,"nonsyn","nonsyn","nonsyn",4.2e-06,5.36e-07,1.17e-06,1.17e-06,"0.00115017","0.003204045","0.001467836","1","A","A","T","P","S",1,1,1,0,0,0,0
"3605",3868,5503,5504,"c","c","t","t",0.00145375249863711,0.00145375249863711,0.000545157186988915,0.000545157186988915,0.000545157186988915,0,0.000545157186988915,0,0.00199890968562602,0.00199890968562602,0.00199854651162791,0.00199854651162791,"nonsyn","nonsyn","nonsyn",4.58e-06,8.37e-07,4.33e-07,4.33e-07,"0.00315046749999999","0.000794266333333334","0.001535337","1","A","A","V","D","G",0,1,1,0,0,0,0
"3606",3869,5553,5553,"c","c","t","t",0.00198091121916081,0.00198091121916081,0.000360165676211057,0.000360165676211057,0.000180082838105529,0.000180082838105529,0.000180082838105529,0.000180082838105529,0.00234107689537187,0.00234107689537187,0.00234107689537187,0.00234107689537187,"syn","syn","syn",4.58e-06,8.37e-07,4.33e-07,4.33e-07,"0.00231206727272728","0.0012022245","0.00464786099999999","0.00240444899999999","A","A","A","A","A",0,0,0,0,1,0,1
"3607",3870,5553,5553,"g","g","a","a",0.000900414190527643,0.000900414190527643,0.000180082838105529,0.000180082838105529,0,0.000180082838105529,0,0.000180082838105529,0.00108049702863317,0.00108049702863317,0.00108049702863317,0.00108049702863317,"nonsyn","nonsyn","nonsyn",4.2e-06,5.36e-07,1.17e-06,1.17e-06,"0.00466452","0.00649700999999998","1","0.00649700999999998","V","V","M","L","L",0,0,0,0,0,0,0
"3608",3871,5523,5523,"t","t","c","c",0.00144848814050335,0.00144848814050335,0.000181061017562919,0.000181061017562919,0,0.000181061017562919,0,0.000181061017562919,0.00162954915806627,0.00162954915806627,0.00162954915806627,0.00162954915806627,"nonsyn","nonsyn","nonsyn",1.7e-05,1.07e-06,1.21e-06,1.21e-06,"0.011736375","0.00668282999999999","1","0.00668282999999999","V","V","A","E","G",0,1,1,1,0,0,0
"3609",3872,5543,5543,"a","g","g","a",0.00613386252931625,0.991881652534728,0.00198448493595526,0.00198448493595526,0,0.00198448493595526,0,0.00198448493595526,0.00811834746527151,0.993866137470684,0.00811834746527151,0.993866137470684,"syn","syn","syn",4.2e-06,5.36e-07,1.17e-06,1.17e-06,"4.23437613677701e-06","0.000589573636363636","1","0.000589573636363636","V","V","V","V","V",0,0,0,0,1,1,0
"3610",3873,5606,5606,"g","g","a","a",0.00231894398858366,0.00231894398858366,0.000178380306814128,0.000178380306814128,0,0.000178380306814128,0,0.000178380306814128,0.00249732429539779,0.00249732429539779,0.00249732429539779,0.00249732429539779,"nonsyn","nonsyn","nonsyn",4.2e-06,5.36e-07,1.17e-06,1.17e-06,"0.00181116923076923","0.00655901999999999","1","0.00655901999999999","G","G","S","R","C",1,1,0,0,1,1,0
"3611",3874,5624,5624,"g","g","a","a",0.00213371266002845,0.00213371266002845,0.000177809388335704,0.000177809388335704,0.000177809388335704,0,0.000177809388335704,0,0.00231152204836415,0.00231152204836415,0.00231152204836415,0.00231152204836415,"nonsyn","nonsyn","nonsyn",4.2e-06,5.36e-07,1.17e-06,1.17e-06,"0.0019684","0.00658008","0.003014464","1","G","G","D","A","V",1,1,1,0,0,0,0
"3612",3875,5794,5794,"c","c","t","t",0.00120814635830169,0.00120814635830169,0.000345184673800483,0.000345184673800483,0.000172592336900242,0.000172592336900242,0.000172592336900242,0.000172592336900242,0.00155333103210217,0.00155333103210217,0.00155333103210217,0.00155333103210217,"syn","syn","syn",4.58e-06,8.37e-07,4.33e-07,4.33e-07,"0.00379093142857143","0.001254401","0.00484957799999999","0.00250880199999999","G","G","G","G","G",0,0,0,0,0,0,0
"3613",3876,5802,5802,"a","c","g","t",0.00344708721130645,0.000517063081695967,0.000689417442261289,0.999310582557739,0.000172354360565322,0.000517063081695967,0.995863495346432,0.00344708721130645,0.00413650465356774,0.999827645639435,0.00413650465356774,0.999827645639435,"syn","nonsyn","nonsyn",4.58e-06,8.37e-07,4.33e-07,4.33e-07,"0.00885772","4.33298723697827e-07","8.40476635514019e-07","0.0001256133","I","L","L","I","V",0,0,0,0,1,0,1
"3614",3877,5703,5703,"t","t","c","c",0.00175346308960196,0.00175346308960196,0.000526038926880589,0.000526038926880589,0.000526038926880589,0,0.000526038926880589,0,0.00227950201648255,0.00227950201648255,0.00227950201648255,0.00227950201648255,"nonsyn","nonsyn","nonsyn",1.7e-05,1.07e-06,1.21e-06,1.21e-06,"0.00969510000000002","0.00230021","0.00203407","1","I","L","P","Q","R",1,1,1,0,1,0,1
"3615",3878,5848,5848,"a","a","g","g",0.00222298221614227,0.00222298221614227,0.000341997264021888,0.000341997264021888,0.000170998632010944,0.000170998632010944,0.000170998632010944,0.000170998632010944,0.00256497948016416,0.00256497948016416,0.00256497948016416,0.00256497948016416,"syn","syn","syn",1.77e-05,1.76e-06,1.7e-06,1.7e-06,"0.00796227692307693","0.0049708","0.01029248","0.00994159999999999","I","L","L","L","L",0,0,0,0,0,0,0
"3616",3879,5849,5849,"t","t","c","c",0.00495811249786288,0.00495811249786288,0,0,0,0,0,0,0.00495811249786288,0.00495811249786288,0.00495811249786288,0.00495811249786288,"nonsyn","nonsyn","nonsyn",1.7e-05,1.07e-06,1.21e-06,1.21e-06,"0.00342872413793104","1","1","1","F","F","L","I","V",0,0,0,0,0,0,0
"3617",3880,5863,5863,"t","t","c","c",0.00426402865427256,0.00426402865427256,0.000682244584683609,0.000682244584683609,0.000341122292341805,0.000341122292341805,0.000341122292341805,0.000341122292341805,0.00494627323895617,0.00494627323895617,0.00494627323895617,0.00494627323895617,"nonsyn","nonsyn","nonsyn",1.7e-05,1.07e-06,1.21e-06,1.21e-06,"0.00398684","0.0017735575","0.003136705","0.003547115","F","F","S","Y","C",1,0,1,0,0,0,0
"3618",3881,5887,5887,"c","c","t","t",0.0010191948360795,0.0010191948360795,0,0,0,0,0,0,0.0010191948360795,0.0010191948360795,0.0010191948360795,0.0010191948360795,"syn","nonsyn","nonsyn",4.58e-06,8.37e-07,4.33e-07,4.33e-07,"0.00449374333333332","1","1","1","F","F","F","L","L",0,0,0,0,0,0,0
"3619",3882,5804,5804,"a","a","g","g",0.00241212956581668,0.00241212956581668,0.00206753962784287,0.00206753962784287,0.000516884906960717,0.00155065472088215,0.000516884906960717,0.00155065472088215,0.00447966919365955,0.00447966919365955,0.00447966919365955,0.00447966919365955,"nonsyn","syn","nonsyn",1.77e-05,1.76e-06,1.7e-06,1.7e-06,"0.00733791428571428","0.000822233333333332","0.00340501333333333","0.00109631111111111","R","R","G","R","W",1,0,1,1,1,1,0
"3620",3883,5845,5845,"g","g","a","a",0.000684345594525235,0.000684345594525235,0.000171086398631309,0.000171086398631309,0,0.000171086398631309,0,0.000171086398631309,0.000855431993156544,0.000855431993156544,0.000855431993156544,0.000855431993156544,"nonsyn","nonsyn","nonsyn",4.2e-06,5.36e-07,1.17e-06,1.17e-06,"0.00613725","0.00683864999999999","1","0.00683864999999999","R","R","K","T","M",0,1,1,0,1,1,0
"3621",3884,5841,5841,"a","g","g","a",0.00359527478171546,0.996404725218284,0,0,0,0,0,0,0.00359527478171546,0.996404725218284,0.00359527478171546,0.996404725218284,"syn","nonsyn","nonsyn",4.2e-06,5.36e-07,1.17e-06,1.17e-06,"4.21515463917526e-06","1","1","1","R","R","R","S","S",0,1,1,0,1,1,0
"3622",3885,5833,5833,"g","g","a","a",0.00154294531116064,0.00154294531116064,0.000171438367906738,0.000171438367906738,0,0.000171438367906738,0,0.000171438367906738,0.00171438367906738,0.00171438367906738,0.00171438367906738,0.00171438367906738,"nonsyn","nonsyn","nonsyn",4.2e-06,5.36e-07,1.17e-06,1.17e-06,"0.00272206666666666","0.00682460999999998","1","0.00682460999999998","A","A","T","P","S",1,1,1,0,0,0,0
"3623",3886,5831,5831,"c","c","t","t",0.00188646887326359,0.00188646887326359,0,0,0,0,0,0,0.00188646887326359,0.00188646887326359,0.00188646887326359,0.00188646887326359,"nonsyn","nonsyn","nonsyn",4.58e-06,8.37e-07,4.33e-07,4.33e-07,"0.00242781636363637","1","1","1","A","A","V","D","G",0,1,1,0,0,0,0
"3624",3887,5825,5825,"c","c","t","t",0.00171673819742489,0.00171673819742489,0.000343347639484979,0.000343347639484979,0.000343347639484979,0,0.000343347639484979,0,0.00206008583690987,0.00206008583690987,0.00206008583690987,0.00206008583690987,"syn","syn","syn",4.58e-06,8.37e-07,4.33e-07,4.33e-07,"0.00266785","0.0012611125","0.0024377625","1","A","A","A","A","A",0,0,0,0,1,0,1
"3625",3888,5741,5741,"g","g","a","a",0.000522557045810834,0.000522557045810834,0.000174185681936945,0.000174185681936945,0,0.000174185681936945,0,0.000174185681936945,0.000696742727747779,0.000696742727747779,0.000696742727747779,0.000696742727747779,"nonsyn","nonsyn","nonsyn",4.2e-06,5.36e-07,1.17e-06,1.17e-06,"0.00803740000000001","0.00671696999999999","1","0.00671696999999999","A","A","T","P","S",1,1,1,0,0,0,0
"3626",3889,5728,5728,"c","c","t","t",0.00331703910614525,0.00331703910614525,0,0,0,0,0,0,0.00331703910614525,0.00331703910614525,0.00331703910614525,0.00331703910614525,"nonsyn","nonsyn","nonsyn",4.58e-06,8.37e-07,4.33e-07,4.33e-07,"0.00138074947368421","1","1","1","A","A","V","E","G",0,1,1,0,0,0,0
"3627",3890,5722,5722,"g","g","a","a",0.00174764068507515,0.00174764068507515,0.000174764068507515,0.000174764068507515,0,0.000174764068507515,0,0.000174764068507515,0.00192240475358266,0.00192240475358266,0.00192240475358266,0.00192240475358266,"syn","syn","syn",4.2e-06,5.36e-07,1.17e-06,1.17e-06,"0.00240324","0.00669473999999999","1","0.00669473999999999","A","A","A","A","A",0,0,0,0,1,1,0
"3628",3891,5699,5699,"g","g","a","a",0.00140375504474469,0.00140375504474469,0,0,0,0,0,0,0.00140375504474469,0.00140375504474469,0.00140375504474469,0.00140375504474469,"nonsyn","nonsyn","nonsyn",4.2e-06,5.36e-07,1.17e-06,1.17e-06,"0.002991975","1","1","1","V","V","M","L","L",0,0,0,0,0,0,0
"3629",3892,5636,5636,"t","t","c","c",0.00230660042583392,0.00230660042583392,0.0007097232079489,0.0007097232079489,0.00035486160397445,0.00035486160397445,0.00035486160397445,0.00035486160397445,0.00301632363378282,0.00301632363378282,0.00301632363378282,0.00301632363378282,"nonsyn","nonsyn","nonsyn",1.7e-05,1.07e-06,1.21e-06,1.21e-06,"0.00737015384615386","0.00170489","0.00301526","0.00340978","V","V","A","E","G",0,1,1,1,0,0,0
"3630",3893,5639,5639,"g","g","a","a",0.0345805993970562,0.0345805993970562,0,0,0,0,0,0,0.0345805993970562,0.0345805993970562,0.0345805993970562,0.0345805993970562,"syn","syn","syn",4.2e-06,5.36e-07,1.17e-06,1.17e-06,"0.000121455384615385","1","1","1","V","V","V","V","V",0,0,0,0,0,0,0
"3631",3894,5598,5598,"t","t","c","c",0.00482315112540193,0.00482315112540193,0.00178635226866738,0.00178635226866738,0.00160771704180064,0.000178635226866738,0.00160771704180064,0.000178635226866738,0.00660950339406931,0.00660950339406931,0.00660950339406931,0.00660950339406931,"nonsyn","nonsyn","nonsyn",1.7e-05,1.07e-06,1.21e-06,1.21e-06,"0.00352466666666667","0.000677358000000001","0.000665540000000001","0.00677358","C","C","R","S","G",1,1,0,1,0,0,0
"3632",3895,5174,5174,"g","g","a","a",0.00309238500193274,0.00309238500193274,0,0,0,0,0,0,0.00309238500193274,0.00309238500193274,0.00309238500193274,0.00309238500193274,"nonsyn","nonsyn","nonsyn",4.2e-06,5.36e-07,1.17e-06,1.17e-06,"0.001358175","1","1","1","C","C","Y","S","F",1,1,1,0,0,0,0
"3633",3896,5277,5277,"c","c","t","t",0.0022740193291643,0.0022740193291643,0.000189501610763691,0.000189501610763691,0,0.000189501610763691,0,0.000189501610763691,0.00246352093992799,0.00246352093992799,0.00246352093992799,0.00246352093992799,"syn","stop","nonsyn",4.58e-06,8.37e-07,4.33e-07,4.33e-07,"0.002014055","0.00228494100000001","1","0.00228494100000001","C","C","C","*","W",0,1,1,0,0,0,0
"3634",3897,5269,5269,"a","a","g","g",0.00341620800910989,0.00341620800910989,0.000759157335357753,0.000759157335357753,0,0.000759157335357753,0,0.000759157335357753,0.00417536534446764,0.00417536534446764,0.00417536534446764,0.00417536534446764,"nonsyn","nonsyn","nonsyn",1.77e-05,1.76e-06,1.7e-06,1.7e-06,"0.00518118333333333","0.002239325","1","0.002239325","T","T","A","P","S",1,1,0,1,0,0,0
"3635",3898,5301,5301,"c","c","t","t",0.00245236747783437,0.00245236747783437,0.000377287304282211,0.000377287304282211,0.000188643652141105,0.000188643652141105,0.000188643652141105,0.000188643652141105,0.00282965478211658,0.00282965478211658,0.00282965478211658,0.00282965478211658,"nonsyn","nonsyn","nonsyn",4.58e-06,8.37e-07,4.33e-07,4.33e-07,"0.00186758307692308","0.0011476665","0.00443693700000001","0.00229533300000001","T","T","I","N","S",1,0,0,0,0,0,0
"3636",3899,5326,5326,"c","c","t","t",0.00150206533984228,0.00150206533984228,0.000187758167480285,0.000187758167480285,0.000187758167480285,0,0.000187758167480285,0,0.00168982350732257,0.00168982350732257,0.00168982350732257,0.00168982350732257,"syn","syn","syn",4.58e-06,8.37e-07,4.33e-07,4.33e-07,"0.00304913500000001","0.002306158","0.00445786200000001","1","T","T","T","T","T",0,0,0,0,1,0,1
"3637",3900,5376,5376,"c","c","t","t",0.00148809523809524,0.00148809523809524,0.00037202380952381,0.00037202380952381,0.00037202380952381,0,0.00037202380952381,0,0.00186011904761905,0.00186011904761905,0.00186011904761905,0.00186011904761905,"nonsyn","nonsyn","nonsyn",4.58e-06,8.37e-07,4.33e-07,4.33e-07,"0.00307776","0.001163904","0.002249856","1","R","R","C","S","G",1,1,1,0,1,0,1
"3638",3901,5387,5388,"g","g","a","a",0.00185632077222944,0.00185632077222944,0.000185632077222944,0.000185632077222944,0,0.000185632077222944,0,0.000185632077222944,0.00204195284945239,0.00204195284945239,0.00204157386785449,0.00204157386785449,"nonsyn","nonsyn","nonsyn",4.2e-06,5.36e-07,1.17e-06,1.17e-06,"0.00226254","0.00630279","1","0.00630279","R","R","H","P","L",0,1,1,0,0,0,0
"3639",3902,5349,5349,"t","t","c","c",0.00560852495793606,0.00560852495793606,0.000186950831931202,0.000186950831931202,0.000186950831931202,0,0.000186950831931202,0,0.00579547578986726,0.00579547578986726,0.00579547578986726,0.00579547578986726,"syn","syn","syn",1.7e-05,1.07e-06,1.21e-06,1.21e-06,"0.0030311","0.00647229","0.00572343","1","R","R","R","R","R",0,0,0,1,0,0,0
"3640",3903,5458,5459,"g","g","a","a",0.00109930377427629,0.00109930377427629,0.000183217295712715,0.000183217295712715,0,0.000183217295712715,0,0.000183217295712715,0.00128252106998901,0.00128252106998901,0.00128228613299139,0.00128228613299139,"nonsyn","nonsyn","stop",4.2e-06,5.36e-07,1.17e-06,1.17e-06,"0.00382060000000001","0.00638586000000001","1","0.00638586000000001","G","G","R","R","*",1,1,1,0,1,1,0
"3641",3904,5462,5462,"g","g","a","a",0.00109849871841816,0.00109849871841816,0.000549249359209081,0.000549249359209081,0,0.000549249359209081,0,0.000549249359209081,0.00164774807762724,0.00164774807762724,0.00164774807762724,0.00164774807762724,"nonsyn","nonsyn","nonsyn",4.2e-06,5.36e-07,1.17e-06,1.17e-06,"0.00382340000000001","0.00213018","1","0.00213018","G","G","E","A","V",1,1,1,0,0,0,0
"3642",3905,5488,5488,"a","a","g","g",0.00419096209912536,0.00419096209912536,0.000182215743440233,0.000182215743440233,0,0.000182215743440233,0,0.000182215743440233,0.0043731778425656,0.0043731778425656,0.0043731778425656,0.0043731778425656,"syn","syn","syn",1.77e-05,1.76e-06,1.7e-06,1.7e-06,"0.00422337391304348","0.00932960000000001","1","0.00932960000000001","G","G","G","G","G",0,0,0,0,1,1,0
"3643",3906,5500,5500,"g","g","a","a",0.00127272727272727,0.00127272727272727,0.000181818181818182,0.000181818181818182,0,0.000181818181818182,0,0.000181818181818182,0.00145454545454545,0.00145454545454545,0.00145454545454545,0.00145454545454545,"nonsyn","nonsyn","nonsyn",4.2e-06,5.36e-07,1.17e-06,1.17e-06,"0.00330000000000001","0.00643499999999999","1","0.00643499999999999","V","V","M","L","L",0,0,0,0,0,0,0
"3644",3907,5589,5589,"t","t","c","c",0.00143138307389515,0.00143138307389515,0.00161030595813205,0.00161030595813205,0.000178922884236894,0.00143138307389515,0.000178922884236894,0.00143138307389515,0.0030416890320272,0.0030416890320272,0.0030416890320272,0.0030416890320272,"nonsyn","nonsyn","nonsyn",1.7e-05,1.07e-06,1.21e-06,1.21e-06,"0.011876625","0.000751409999999998","0.00598023","0.000845336250000001","V","V","A","E","G",0,1,1,1,0,0,0
"3645",3908,5575,5576,"g","g","a","a",0.00125560538116592,0.00125560538116592,0.000896860986547085,0.000896860986547085,0,0.000896860986547085,0,0.000896860986547085,0.002152466367713,0.002152466367713,0.00215208034433285,0.00215208034433285,"syn","syn","syn",4.2e-06,5.36e-07,1.17e-06,1.17e-06,"0.003345","0.00130455","1","0.00130455","V","V","V","V","V",0,0,0,0,1,1,0
"3646",3909,5578,5578,"g","g","a","a",0.00250986016493367,0.00250986016493367,0,0,0,0,0,0,0.00250986016493367,0.00250986016493367,0.00250986016493367,0.00250986016493367,"nonsyn","nonsyn","nonsyn",4.2e-06,5.36e-07,1.17e-06,1.17e-06,"0.0016734","1","1","1","A","A","T","P","S",1,1,1,0,0,0,0
"3647",3910,5583,5583,"c","c","t","t",0.0016120365394949,0.0016120365394949,0,0,0,0,0,0,0.0016120365394949,0.0016120365394949,0.0016120365394949,0.0016120365394949,"nonsyn","nonsyn","nonsyn",4.58e-06,8.37e-07,4.33e-07,4.33e-07,"0.00284112666666666","1","1","1","A","A","V","D","G",0,1,1,0,0,0,0
"3648",3911,5604,5604,"t","t","c","c",0.00267665952890792,0.00267665952890792,0.000892219842969308,0.000892219842969308,0.000535331905781585,0.000356887937187723,0.000535331905781585,0.000356887937187723,0.00356887937187723,0.00356887937187723,0.00356887937187723,0.00356887937187723,"syn","syn","syn",1.7e-05,1.07e-06,1.21e-06,1.21e-06,"0.00635120000000001","0.001356168","0.00199876","0.00339042","A","A","A","A","A",0,0,0,0,1,0,1
"3649",3912,5299,5303,"a","a","g","g",0.00132100396301189,0.00132100396301189,0.000188714851858841,0.000188714851858841,0,0.000188714851858841,0,0.000188714851858841,0.00150971881487073,0.00150971881487073,0.00150858004902885,0.00150858004902885,"nonsyn","nonsyn","stop",1.77e-05,1.76e-06,1.7e-06,1.7e-06,"0.0133989","0.00900830000000001","1","0.00900830000000001","K","K","E","Q","*",1,1,1,0,0,0,0
"3650",3913,5401,5401,"a","a","g","g",0.00759118681725606,0.00759118681725606,0.000555452693945566,0.000555452693945566,0.000185150897981855,0.00037030179596371,0.000185150897981855,0.00037030179596371,0.00814663951120163,0.00814663951120163,0.00814663951120163,0.00814663951120163,"nonsyn","nonsyn","nonsyn",1.77e-05,1.76e-06,1.7e-06,1.7e-06,"0.0023316512195122","0.00306056666666666","0.00950576000000001","0.00459085000000001","K","K","R","T","M",0,1,1,0,1,1,0
"3651",3914,5399,5399,"g","g","a","a",0.000740877940359326,0.000740877940359326,0.000185219485089831,0.000185219485089831,0,0.000185219485089831,0,0.000185219485089831,0.000926097425449157,0.000926097425449157,0.000926097425449157,0.000926097425449157,"syn","nonsyn","nonsyn",4.2e-06,5.36e-07,1.17e-06,1.17e-06,"0.00566895","0.00631683000000002","1","0.00631683000000002","K","K","K","N","N",0,1,1,0,1,1,0
"3652",3915,5397,5397,"g","g","a","a",0.000741152492125255,0.000741152492125255,0,0,0,0,0,0,0.000741152492125255,0.000741152492125255,0.000741152492125255,0.000741152492125255,"nonsyn","nonsyn","nonsyn",4.2e-06,5.36e-07,1.17e-06,1.17e-06,"0.00566685","1","1","1","A","A","T","P","S",1,1,1,0,0,0,0
"3653",3916,5386,5387,"c","c","t","t",0.000556999628666914,0.000556999628666914,0.000185666542888971,0.000185666542888971,0.000185666542888971,0,0.000185666542888971,0,0.000742666171555886,0.000742666171555886,0.000742528308891777,0.000742528308891777,"nonsyn","nonsyn","nonsyn",4.58e-06,8.37e-07,4.33e-07,4.33e-07,"0.00822262666666667","0.00233213800000001","0.00450808200000001","1","A","A","V","E","G",0,1,1,0,0,0,0
"3654",3917,5364,5364,"g","g","a","a",0.00205070842654735,0.00205070842654735,0.00093214019388516,0.00093214019388516,0.000186428038777032,0.000745712155108128,0.000186428038777032,0.000745712155108128,0.00298284862043251,0.00298284862043251,0.00298284862043251,0.00298284862043251,"syn","syn","syn",4.2e-06,5.36e-07,1.17e-06,1.17e-06,"0.00204807272727273","0.001255176","0.002875104","0.00156897","A","A","A","A","A",0,0,0,0,1,1,0
"3655",3918,5332,5332,"g","g","a","a",0.00356339084771193,0.00356339084771193,0,0,0,0,0,0,0.00356339084771193,0.00356339084771193,0.00356339084771193,0.00356339084771193,"nonsyn","nonsyn","nonsyn",4.2e-06,5.36e-07,1.17e-06,1.17e-06,"0.00117865263157895","1","1","1","V","V","M","L","L",0,0,0,0,0,0,0
"3656",3919,5184,5184,"t","t","c","c",0.00385802469135802,0.00385802469135802,0.00173611111111111,0.00173611111111111,0.000385802469135802,0.00135030864197531,0.000385802469135802,0.00135030864197531,0.00559413580246914,0.00559413580246914,0.00559413580246914,0.00559413580246914,"nonsyn","nonsyn","nonsyn",1.7e-05,1.07e-06,1.21e-06,1.21e-06,"0.0044064","0.00069696","0.00277344","0.000896091428571428","V","V","A","E","G",0,1,1,1,0,0,0
"3657",3920,5258,5259,"g","g","a","a",0.000950931913275009,0.000950931913275009,0.000950931913275009,0.000950931913275009,0.000190186382655002,0.000760745530620008,0.000190186382655002,0.000760745530620008,0.00190186382655002,0.00190186382655002,0.00190150218672751,0.00190150218672751,"syn","syn","syn",4.2e-06,5.36e-07,1.17e-06,1.17e-06,"0.00441672","0.001230372","0.002818288","0.001537965","V","V","V","V","V",0,0,0,0,1,1,0
"3658",3921,5269,5269,"g","g","a","a",0.000569368001518315,0.000569368001518315,0.000379578667678876,0.000379578667678876,0,0.000379578667678876,0,0.000379578667678876,0.000948946669197191,0.000948946669197191,0.000948946669197191,0.000948946669197191,"nonsyn","nonsyn","nonsyn",4.2e-06,5.36e-07,1.17e-06,1.17e-06,"0.0073766","0.003082365","1","0.003082365","D","D","N","H","Y",1,1,1,0,0,0,0
"3659",3922,5231,5231,"a","a","g","g",0.00477920091760658,0.00477920091760658,0.000573504110112789,0.000573504110112789,0,0.000573504110112789,0,0.000573504110112789,0.00535270502771937,0.00535270502771937,0.00535270502771937,0.00535270502771937,"nonsyn","nonsyn","nonsyn",1.77e-05,1.76e-06,1.7e-06,1.7e-06,"0.003703548","0.00296423333333333","1","0.00296423333333333","D","D","G","A","V",1,1,1,0,0,0,0
"3660",3923,5312,5312,"c","c","t","t",0.000753012048192771,0.000753012048192771,0.000188253012048193,0.000188253012048193,0.000188253012048193,0,0.000188253012048193,0,0.000941265060240964,0.000941265060240964,0.000941265060240964,0.000941265060240964,"syn","nonsyn","nonsyn",4.58e-06,8.37e-07,4.33e-07,4.33e-07,"0.00608224","0.002300096","0.00444614399999999","1","D","D","D","E","E",0,0,0,0,0,0,0
"3661",3924,5340,5343,"t","t","c","c",0.00430711610486891,0.00430711610486891,0.00149812734082397,0.00149812734082397,0.000749063670411985,0.000749063670411985,0.000749063670411985,0.000749063670411985,0.00580524344569288,0.00580524344569288,0.00580198390417368,0.00580198390417368,"nonsyn","nonsyn","nonsyn",1.7e-05,1.07e-06,1.21e-06,1.21e-06,"0.00394695652173913","0.000807675","0.00142845","0.00161535","F","F","L","I","V",0,0,0,0,1,0,1
"3662",3925,5244,5244,"t","t","c","c",0.0036231884057971,0.0036231884057971,0.0020976353928299,0.0020976353928299,0.0005720823798627,0.0015255530129672,0.0005720823798627,0.0015255530129672,0.005720823798627,0.005720823798627,0.005720823798627,0.005720823798627,"nonsyn","nonsyn","nonsyn",1.7e-05,1.07e-06,1.21e-06,1.21e-06,"0.004692","0.00057684","0.00187036","0.000793155","F","F","S","Y","C",1,0,1,0,0,0,0
"3663",3926,5215,5215,"t","t","c","c",0.0304889741131352,0.0304889741131352,0.000575263662511985,0.000575263662511985,0.000383509108341323,0.000191754554170662,0.000383509108341323,0.000191754554170662,0.0310642377756472,0.0310642377756472,0.0310642377756472,0.0310642377756472,"syn","nonsyn","nonsyn",1.7e-05,1.07e-06,1.21e-06,1.21e-06,"0.000557578616352201","0.00210338333333333","0.002790025","0.00631014999999999","F","F","F","L","L",0,0,0,0,0,0,0
"3664",3927,5004,5004,"a","a","g","g",0.00339728217426059,0.00339728217426059,0.000399680255795364,0.000399680255795364,0.000199840127897682,0.000199840127897682,0.000199840127897682,0.000199840127897682,0.00379696243005596,0.00379696243005596,0.00379696243005596,0.00379696243005596,"nonsyn","nonsyn","nonsyn",1.77e-05,1.76e-06,1.7e-06,1.7e-06,"0.00521004705882353","0.0042534","0.00880703999999999","0.00850679999999999","I","I","V","L","F",0,0,0,0,0,0,0
"3665",3928,5052,5052,"t","t","c","c",0.00217735550277118,0.00217735550277118,0.000395882818685669,0.000395882818685669,0.000395882818685669,0,0.000395882818685669,0,0.00257323832145685,0.00257323832145685,0.00257323832145685,0.00257323832145685,"nonsyn","nonsyn","nonsyn",1.7e-05,1.07e-06,1.21e-06,1.21e-06,"0.00780763636363636","0.00305646","0.00270282","1","I","I","T","N","S",1,1,1,0,0,0,0
"3666",3929,5043,5045,"c","c","t","t",0.00118976799524093,0.00118976799524093,0.000198294665873488,0.000198294665873488,0,0.000198294665873488,0,0.000198294665873488,0.00138806266111442,0.00138806266111442,0.00138751238850347,0.00138751238850347,"syn","syn","nonsyn",4.58e-06,8.37e-07,4.33e-07,4.33e-07,"0.00384948999999999","0.002183619","1","0.002183619","I","I","I","I","M",0,0,0,0,0,0,0
"3667",3930,5046,5046,"c","c","t","t",0.00277447483154974,0.00277447483154974,0.000990883868410622,0.000990883868410622,0.000792707094728498,0.000198176773682124,0.000792707094728498,0.000198176773682124,0.00376535869996036,0.00376535869996036,0.00376535869996036,0.00376535869996036,"nonsyn","nonsyn","nonsyn",4.58e-06,8.37e-07,4.33e-07,4.33e-07,"0.00165076285714286","0.0004369836","0.0010558755","0.00218491800000001","P","P","S","T","A",1,1,1,0,1,0,1
"3668",3931,5054,5054,"c","c","t","t",0.000791452314998021,0.000791452314998021,0.000791452314998021,0.000791452314998021,0.000791452314998021,0,0.000791452314998021,0,0.00158290462999604,0.00158290462999604,0.00158290462999604,0.00158290462999604,"nonsyn","nonsyn","nonsyn",4.58e-06,8.37e-07,4.33e-07,4.33e-07,"0.00578683","0.0005470955","0.0010575495","1","P","P","L","H","R",1,1,1,0,1,0,1
"3669",3932,5056,5057,"c","t","t","c",0.00178006329113924,0.997231012658228,0.000988924050632911,0.000988924050632911,0.000988924050632911,0,0.000988924050632911,0,0.00276898734177215,0.998219936708861,0.00276843978643464,0.99802254300969,"syn","syn","syn",1.7e-05,1.07e-06,1.21e-06,1.21e-06,"1.70472034906783e-05","0.001223552","0.001081984","1","P","P","P","P","P",0,0,0,1,1,0,1
"3670",3933,5035,5035,"g","g","a","a",0.00178748758689176,0.00178748758689176,0.000198609731876862,0.000198609731876862,0.000198609731876862,0,0.000198609731876862,0,0.00198609731876862,0.00198609731876862,0.00198609731876862,0.00198609731876862,"nonsyn","nonsyn","nonsyn",4.2e-06,5.36e-07,1.17e-06,1.17e-06,"0.00234966666666666","0.00589095","0.00269876","1","V","V","M","L","L",0,0,0,0,0,0,0
"3671",3934,5001,5001,"t","t","c","c",0.00339932013597281,0.00339932013597281,0.000999800039992002,0.000999800039992002,0.000799840031993601,0.0001999600079984,0.000799840031993601,0.0001999600079984,0.00439912017596481,0.00439912017596481,0.00439912017596481,0.00439912017596481,"nonsyn","nonsyn","nonsyn",1.7e-05,1.07e-06,1.21e-06,1.21e-06,"0.00500099999999999","0.001210242","0.0013377675","0.00605121000000001","V","V","A","E","G",0,1,1,1,0,0,0
"3672",3935,5026,5026,"g","g","a","a",0.00318344608038201,0.00318344608038201,0.000397930760047752,0.000397930760047752,0,0.000397930760047752,0,0.000397930760047752,0.00358137684042977,0.00358137684042977,0.00358137684042977,0.00358137684042977,"syn","syn","syn",4.2e-06,5.36e-07,1.17e-06,1.17e-06,"0.001319325","0.00294021","1","0.00294021","V","V","V","V","V",0,0,0,0,1,1,0
"3673",3936,5028,5028,"g","g","a","a",0.00238663484486874,0.00238663484486874,0.000198886237072395,0.000198886237072395,0.000198886237072395,0,0.000198886237072395,0,0.00258552108194113,0.00258552108194113,0.00258552108194113,0.00258552108194113,"nonsyn","nonsyn","stop",4.2e-06,5.36e-07,1.17e-06,1.17e-06,"0.0017598","0.00588275999999999","0.00269500799999999","1","E","E","K","Q","*",1,1,1,0,0,0,0
"3674",3937,4993,4993,"a","a","g","g",0.00440616863609053,0.00440616863609053,0.000600841177648708,0.000600841177648708,0,0.000600841177648708,0,0.000600841177648708,0.00500700981373923,0.00500700981373923,0.00500700981373923,0.00500700981373923,"nonsyn","nonsyn","nonsyn",1.77e-05,1.76e-06,1.7e-06,1.7e-06,"0.00401709545454545","0.00282936666666667","1","0.00282936666666667","E","E","G","A","V",1,1,1,0,1,1,0
"3675",3938,5005,5005,"g","g","a","a",0.000799200799200799,0.000799200799200799,0,0,0,0,0,0,0.000799200799200799,0.000799200799200799,0.000799200799200799,0.000799200799200799,"syn","nonsyn","nonsyn",4.2e-06,5.36e-07,1.17e-06,1.17e-06,"0.00525525","1","1","1","E","E","E","D","D",0,0,0,0,0,0,0
"3676",3939,5025,5025,"a","a","g","g",0.00875621890547264,0.00875621890547264,0.000796019900497512,0.000796019900497512,0.000199004975124378,0.000597014925373134,0.000199004975124378,0.000597014925373134,0.00955223880597015,0.00955223880597015,0.00955223880597015,0.00955223880597015,"nonsyn","nonsyn","nonsyn",1.77e-05,1.76e-06,1.7e-06,1.7e-06,"0.00202142045454545","0.002135625","0.00884400000000001","0.0028475","S","N","D","H","Y",1,1,1,0,0,0,0
"3677",3940,5032,5032,"g","a","a","g",0.0019872813990461,0.998012718600954,0,0,0,0,0,0,0.0019872813990461,0.998012718600954,0.0019872813990461,0.998012718600954,"nonsyn","nonsyn","nonsyn",1.77e-05,1.76e-06,1.7e-06,1.7e-06,"1.77352449223417e-05","1","1","1","S","N","S","T","I",0,0,1,0,0,0,0
"3678",3941,5027,5027,"c","c","t","t",0.00258603540879252,0.00258603540879252,0.000397851601352695,0.000397851601352695,0.000198925800676348,0.000198925800676348,0.000198925800676348,0.000198925800676348,0.00298388701014522,0.00298388701014522,0.00298388701014522,0.00298388701014522,"syn","nonsyn","nonsyn",4.58e-06,8.37e-07,4.33e-07,4.33e-07,"0.00177105076923077","0.0010883455","0.00420759899999999","0.002176691","S","N","N","K","K",0,1,1,0,0,0,0
"3679",3942,5100,5100,"c","c","t","t",0.000784313725490196,0.000784313725490196,0.000784313725490196,0.000784313725490196,0.000784313725490196,0,0.000784313725490196,0,0.00156862745098039,0.00156862745098039,0.00156862745098039,0.00156862745098039,"syn","nonsyn","nonsyn",4.58e-06,8.37e-07,4.33e-07,4.33e-07,"0.0058395","0.000552075","0.001067175","1","L","L","L","I","V",0,0,0,0,1,0,1
"3680",3943,5062,5062,"t","t","c","c",0.00237060450414856,0.00237060450414856,0.000790201501382853,0.000790201501382853,0.00059265112603714,0.000197550375345713,0.00059265112603714,0.000197550375345713,0.00316080600553141,0.00316080600553141,0.00316080600553141,0.00316080600553141,"nonsyn","nonsyn","nonsyn",1.7e-05,1.07e-06,1.21e-06,1.21e-06,"0.00717116666666666","0.001531255","0.00180544666666667","0.00612502","L","L","P","Q","R",1,1,1,0,1,0,1
"3681",3944,4792,4792,"a","a","g","g",0.00146076794657763,0.00146076794657763,0.000417362270450751,0.000417362270450751,0,0.000417362270450751,0,0.000417362270450751,0.00187813021702838,0.00187813021702838,0.00187813021702838,0.00187813021702838,"syn","syn","syn",1.77e-05,1.76e-06,1.7e-06,1.7e-06,"0.0121169142857143","0.0040732","1","0.0040732","L","L","L","L","L",0,0,0,0,1,1,0
"3682",3945,4946,4946,"g","g","a","a",0.000404367165386171,0.000404367165386171,0.000404367165386171,0.000404367165386171,0,0.000404367165386171,0,0.000404367165386171,0.000808734330772341,0.000808734330772341,0.000808734330772341,0.000808734330772341,"nonsyn","nonsyn","nonsyn",4.2e-06,5.36e-07,1.17e-06,1.17e-06,"0.0103866","0.00289341","1","0.00289341","E","G","R","R","W",1,1,1,0,1,1,0
"3683",3946,4948,4948,"a","g","g","a",0.00363783346806791,0.996160064672595,0.000202101859337106,0.000202101859337106,0.000202101859337106,0,0.000202101859337106,0,0.00383993532740501,0.996362166531932,0.00383993532740501,0.996362166531932,"nonsyn","nonsyn","nonsyn",4.2e-06,5.36e-07,1.17e-06,1.17e-06,"4.21618989653074e-06","0.00578916","0.002652128","1","E","G","E","A","V",1,1,1,0,1,1,0
"3684",3947,4940,4940,"g","g","a","a",0.000202429149797571,0.000202429149797571,0,0,0,0,0,0,0.000202429149797571,0.000202429149797571,0.000202429149797571,0.000202429149797571,"syn","syn","syn",4.2e-06,5.36e-07,1.17e-06,1.17e-06,"0.020748","1","1","1","E","G","G","G","G",0,0,0,0,0,0,0
"3685",3948,4811,4811,"a","a","g","g",0.00540428185408439,0.00540428185408439,0.00103928497193931,0.00103928497193931,0.000415713988775722,0.000623570983163583,0.000415713988775722,0.000623570983163583,0.0064435668260237,0.0064435668260237,0.0064435668260237,0.0064435668260237,"nonsyn","nonsyn","nonsyn",1.77e-05,1.76e-06,1.7e-06,1.7e-06,"0.00327518076923077","0.00163573999999999","0.00423368","0.00272623333333334","T","T","A","P","S",1,1,0,0,0,0,0
"3686",3949,4832,4832,"c","c","t","t",0.000827814569536424,0.000827814569536424,0,0,0,0,0,0,0.000827814569536424,0.000827814569536424,0.000827814569536424,0.000827814569536424,"nonsyn","nonsyn","nonsyn",4.58e-06,8.37e-07,4.33e-07,4.33e-07,"0.00553264","1","1","1","T","T","I","K","R",1,1,1,0,0,0,0
"3687",3950,4819,4819,"a","a","g","g",0.00415023863872173,0.00415023863872173,0.00207511931936086,0.00207511931936086,0.000207511931936086,0.00186760738742478,0.000207511931936086,0.00186760738742478,0.00622535795808259,0.00622535795808259,0.00622535795808259,0.00622535795808259,"syn","syn","syn",1.77e-05,1.76e-06,1.7e-06,1.7e-06,"0.004264815","0.000819230000000001","0.00848144000000001","0.000910255555555554","T","T","T","T","T",0,0,0,1,0,0,0
"3688",3951,4802,4802,"a","a","g","g",0.0043731778425656,0.0043731778425656,0,0,0,0,0,0,0.0043731778425656,0.0043731778425656,0.0043731778425656,0.0043731778425656,"nonsyn","nonsyn","nonsyn",1.77e-05,1.76e-06,1.7e-06,1.7e-06,"0.0040474","1","1","1","T","T","A","P","S",1,1,0,0,0,0,0
"3689",3952,4807,4807,"c","c","t","t",0.00187226960682338,0.00187226960682338,0,0,0,0,0,0,0.00187226960682338,0.00187226960682338,0.00187226960682338,0.00187226960682338,"nonsyn","nonsyn","nonsyn",4.58e-06,8.37e-07,4.33e-07,4.33e-07,"0.00244622888888889","1","1","1","T","T","I","N","S",1,0,0,0,0,0,0
"3690",3953,4791,4791,"c","c","t","t",0.00166979753704863,0.00166979753704863,0.000208724692131079,0.000208724692131079,0.000208724692131079,0,0.000208724692131079,0,0.00187852222917971,0.00187852222917971,0.00187852222917971,0.00187852222917971,"syn","syn","syn",4.58e-06,8.37e-07,4.33e-07,4.33e-07,"0.00274284750000001","0.002074503","0.004010067","1","T","T","T","T","T",0,0,0,0,1,0,1
"3691",3954,4777,4777,"a","a","g","g",0.00167469122880469,0.00167469122880469,0.000418672807201172,0.000418672807201172,0.000209336403600586,0.000209336403600586,0.000209336403600586,0.000209336403600586,0.00209336403600586,0.00209336403600586,0.00209336403600586,0.00209336403600586,"nonsyn","nonsyn","nonsyn",1.77e-05,1.76e-06,1.7e-06,1.7e-06,"0.0105691125","0.00406045","0.00840752000000001","0.00812090000000001","M","M","V","L","L",0,0,0,1,0,0,0
"3692",3955,4687,4687,"t","t","c","c",0.00192020482184766,0.00192020482184766,0.000213356091316407,0.000213356091316407,0.000213356091316407,0,0.000213356091316407,0,0.00213356091316407,0.00213356091316407,0.00213356091316407,0.00213356091316407,"nonsyn","nonsyn","nonsyn",1.7e-05,1.07e-06,1.21e-06,1.21e-06,"0.00885322222222224","0.00567127","0.00501509","1","M","M","T","K","R",1,1,1,1,0,0,0
"3693",3956,4789,4789,"g","g","a","a",0.00187930674462309,0.00187930674462309,0.000626435581541032,0.000626435581541032,0,0.000626435581541032,0,0.000626435581541032,0.00250574232616413,0.00250574232616413,0.00250574232616413,0.00250574232616413,"nonsyn","nonsyn","nonsyn",4.2e-06,5.36e-07,1.17e-06,1.17e-06,"0.00223486666666667","0.00186771","1","0.00186771","M","M","I","I","I",0,0,0,0,0,0,0
"3694",3957,4789,4789,"a","a","g","g",0.00438504907078722,0.00438504907078722,0.012946335351848,0.012946335351848,0,0.012946335351848,0,0.012946335351848,0.0173313844226352,0.0173313844226352,0.0173313844226352,0.0173313844226352,"nonsyn","syn","stop",1.77e-05,1.76e-06,1.7e-06,1.7e-06,"0.00403644285714286","0.00013131129032258","1","0.00013131129032258","R","R","G","R","*",1,0,1,0,1,1,0
"3695",3958,4692,4692,"g","g","a","a",0.00234441602728048,0.00234441602728048,0.000852514919011083,0.000852514919011083,0,0.000852514919011083,0,0.000852514919011083,0.00319693094629156,0.00319693094629156,0.00319693094629156,0.00319693094629156,"nonsyn","nonsyn","nonsyn",4.2e-06,5.36e-07,1.17e-06,1.17e-06,"0.00179149090909091","0.00137241","1","0.00137241","R","R","K","T","I",0,1,1,0,0,0,0
"3696",3959,4686,4686,"g","a","a","g",0.00192061459667093,0.997865983781477,0.000213401621852326,0.000213401621852326,0,0.000213401621852326,0,0.000213401621852326,0.00213401621852326,0.998079385403329,0.00213401621852326,0.998079385403329,"syn","nonsyn","nonsyn",1.77e-05,1.76e-06,1.7e-06,1.7e-06,"1.77378528656972e-05","0.0079662","1","0.0079662","R","R","R","S","S",0,1,1,0,0,0,0
"3697",3960,4651,4651,"t","t","c","c",0.00430015050526768,0.00430015050526768,0.000860030101053537,0.000860030101053537,0,0.000860030101053537,0,0.000860030101053537,0.00516018060632122,0.00516018060632122,0.00516018060632122,0.00516018060632122,"nonsyn","nonsyn","nonsyn",1.7e-05,1.07e-06,1.21e-06,1.21e-06,"0.00395335","0.0014069275","1","0.0014069275","S","S","P","T","A",1,0,1,0,0,0,0
"3698",3961,4686,4690,"c","c","t","t",0.00213401621852326,0.00213401621852326,0.000213401621852326,0.000213401621852326,0.000213401621852326,0,0.000213401621852326,0,0.00234741784037559,0.00234741784037559,0.0023454157782516,0.0023454157782516,"nonsyn","nonsyn","nonsyn",4.58e-06,8.37e-07,4.33e-07,4.33e-07,"0.002146188","0.002029038","0.003922182","1","S","S","F","Y","C",1,1,1,0,0,0,0
"3699",3962,4690,4690,"c","c","t","t",0.00170575692963753,0.00170575692963753,0.000426439232409382,0.000426439232409382,0.000426439232409382,0,0.000426439232409382,0,0.00213219616204691,0.00213219616204691,0.00213219616204691,0.00213219616204691,"syn","syn","syn",4.58e-06,8.37e-07,4.33e-07,4.33e-07,"0.00268502499999999","0.001015385","0.001962765","1","S","S","S","S","S",0,0,0,0,1,0,1
"3700",3963,4685,4685,"c","c","t","t",0.00170757737459979,0.00170757737459979,0.00064034151547492,0.00064034151547492,0.00064034151547492,0,0.00064034151547492,0,0.00234791889007471,0.00234791889007471,0.00234791889007471,0.00234791889007471,"nonsyn","nonsyn","nonsyn",4.58e-06,8.37e-07,4.33e-07,4.33e-07,"0.00268216249999999","0.000676201666666667","0.001307115","1","P","P","S","T","A",1,1,1,0,1,0,1
"3701",3964,4678,4678,"c","c","t","t",0.00128259940145361,0.00128259940145361,0.00128259940145361,0.00128259940145361,0.00106883283454468,0.000213766566908935,0.00106883283454468,0.000213766566908935,0.00256519880290723,0.00256519880290723,0.00256519880290723,0.00256519880290723,"nonsyn","nonsyn","nonsyn",4.58e-06,8.37e-07,4.33e-07,4.33e-07,"0.00357087333333334","0.000337595666666667","0.000783097199999998","0.002025574","P","P","L","Q","R",1,1,1,0,1,0,1
"3702",3965,4684,4684,"g","g","a","a",0.000640478223740393,0.000640478223740393,0,0,0,0,0,0,0.000640478223740393,0.000640478223740393,0.000640478223740393,0.000640478223740393,"syn","syn","syn",4.2e-06,5.36e-07,1.17e-06,1.17e-06,"0.0065576","1","1","1","P","P","P","P","P",0,0,0,0,1,1,0
"3703",3966,4686,4686,"g","g","a","a",0.00128040973111396,0.00128040973111396,0,0,0,0,0,0,0.00128040973111396,0.00128040973111396,0.00128040973111396,0.00128040973111396,"nonsyn","nonsyn","nonsyn",4.2e-06,5.36e-07,1.17e-06,1.17e-06,"0.00328019999999999","1","1","1","V","V","M","L","L",0,0,0,0,0,0,0
"3704",3967,4635,4635,"t","t","c","c",0.00323624595469256,0.00323624595469256,0.000431499460625674,0.000431499460625674,0.000215749730312837,0.000215749730312837,0.000215749730312837,0.000215749730312837,0.00366774541531823,0.00366774541531823,0.00366774541531823,0.00366774541531823,"nonsyn","nonsyn","nonsyn",1.7e-05,1.07e-06,1.21e-06,1.21e-06,"0.00525299999999999","0.002804175","0.00495945","0.00560835","V","V","A","E","G",0,1,1,1,0,0,0
"3705",3968,4679,4679,"g","g","a","a",0.000213720880530028,0.000213720880530028,0,0,0,0,0,0,0.000213720880530028,0.000213720880530028,0.000213720880530028,0.000213720880530028,"syn","syn","syn",4.2e-06,5.36e-07,1.17e-06,1.17e-06,"0.0196518","1","1","1","V","V","V","V","V",0,0,0,0,0,0,0
"3706",3969,4463,4464,"t","t","c","c",0.00201658077526328,0.00201658077526328,0.00156845171409366,0.00156845171409366,0,0.00156845171409366,0,0.00156845171409366,0.00358503248935693,0.00358503248935693,0.003584229390681,0.003584229390681,"nonsyn","nonsyn","nonsyn",1.7e-05,1.07e-06,1.21e-06,1.21e-06,"0.00843011111111109","0.000771461428571428","1","0.000771461428571428","F","F","L","I","V",0,0,0,0,0,0,0
"3707",3970,4508,4508,"t","t","c","c",0.00177462289263532,0.00177462289263532,0.000665483584738243,0.000665483584738243,0.000443655723158829,0.000221827861579414,0.000443655723158829,0.000221827861579414,0.00244010647737356,0.00244010647737356,0.00244010647737356,0.00244010647737356,"nonsyn","nonsyn","nonsyn",1.7e-05,1.07e-06,1.21e-06,1.21e-06,"0.00957949999999997","0.00181822666666667","0.00241178","0.00545468000000001","F","F","S","Y","C",1,0,1,0,0,0,0
"3708",3971,4620,4620,"t","c","c","t",0.00194805194805195,0.998051948051948,0,0,0,0,0,0,0.00194805194805195,0.998051948051948,0.00194805194805195,0.998051948051948,"syn","nonsyn","nonsyn",4.58e-06,8.37e-07,4.33e-07,4.33e-07,"4.58893949251789e-06","1","1","1","F","F","F","L","L",0,0,0,0,0,0,0
"3709",3972,4597,4597,"a","a","g","g",0.00891886012616924,0.00891886012616924,0.000217533173809006,0.000217533173809006,0,0.000217533173809006,0,0.000217533173809006,0.00913639329997825,0.00913639329997825,0.00913639329997825,0.00913639329997825,"nonsyn","nonsyn","nonsyn",1.77e-05,1.76e-06,1.7e-06,1.7e-06,"0.00198455853658537","0.00781489999999999","1","0.00781489999999999","T","T","A","P","S",1,1,0,1,0,0,0
"3710",3973,4609,4609,"c","c","t","t",0.000867867216315904,0.000867867216315904,0.000433933608157952,0.000433933608157952,0.000433933608157952,0,0.000433933608157952,0,0.00130180082447386,0.00130180082447386,0.00130180082447386,0.00130180082447386,"nonsyn","nonsyn","nonsyn",4.58e-06,8.37e-07,4.33e-07,4.33e-07,"0.005277305","0.0009978485","0.0019288665","1","T","T","M","K","R",1,1,1,0,0,0,0
"3711",3974,4591,4591,"g","g","a","a",0.00108908734480505,0.00108908734480505,0.0431278588542801,0.0431278588542801,0,0.0431278588542801,0,0.0431278588542801,0.0442169461990852,0.0442169461990852,0.0442169461990852,0.0442169461990852,"syn","syn","syn",4.2e-06,5.36e-07,1.17e-06,1.17e-06,"0.00385644000000001","2.71286363636364e-05","1","2.71286363636364e-05","T","T","T","T","T",0,0,0,0,1,1,0
"3712",3975,4629,4629,"g","g","a","a",0.00194426441996111,0.00194426441996111,0.00172823503996544,0.00172823503996544,0.000216029379995679,0.00151220565996976,0.000216029379995679,0.00151220565996976,0.00367249945992655,0.00367249945992655,0.00367249945992655,0.00367249945992655,"nonsyn","nonsyn","nonsyn",4.2e-06,5.36e-07,1.17e-06,1.17e-06,"0.0021602","0.000676991249999998","0.00248114400000001","0.000773704285714284","D","D","N","H","Y",1,1,1,0,0,0,0
"3713",3976,4618,4618,"a","a","g","g",0.00454742312689476,0.00454742312689476,0.00086617583369424,0.00086617583369424,0.00064963187527068,0.00021654395842356,0.00064963187527068,0.00021654395842356,0.005413598960589,0.005413598960589,0.005413598960589,0.005413598960589,"nonsyn","nonsyn","nonsyn",1.77e-05,1.76e-06,1.7e-06,1.7e-06,"0.00389231428571429","0.00196265","0.00270922666666667","0.0078506","D","D","G","A","V",1,1,1,0,0,0,0
"3714",3977,4631,4631,"c","c","t","t",0.00129561649751674,0.00129561649751674,0,0,0,0,0,0,0.00129561649751674,0.00129561649751674,0.00129561649751674,0.00129561649751674,"syn","nonsyn","nonsyn",4.58e-06,8.37e-07,4.33e-07,4.33e-07,"0.00353499666666665","1","1","1","D","D","D","E","E",0,0,0,0,0,0,0
"3715",3978,4649,4649,"a","a","g","g",0.00236610023661002,0.00236610023661002,0.000645300064530006,0.000645300064530006,0.000430200043020004,0.000215100021510002,0.000430200043020004,0.000215100021510002,0.00301140030114003,0.00301140030114003,0.00301140030114003,0.00301140030114003,"nonsyn","nonsyn","nonsyn",1.77e-05,1.76e-06,1.7e-06,1.7e-06,"0.00748066363636365","0.00263443333333334","0.00409112","0.00790330000000001","N","N","D","H","Y",1,1,1,1,0,0,0
"3716",3979,4697,4697,"a","a","g","g",0.00340642963593783,0.00340642963593783,0.000212901852246115,0.000212901852246115,0,0.000212901852246115,0,0.000212901852246115,0.00361933148818395,0.00361933148818395,0.00361933148818395,0.00361933148818395,"nonsyn","nonsyn","nonsyn",1.77e-05,1.76e-06,1.7e-06,1.7e-06,"0.00519605625","0.00798489999999998","1","0.00798489999999998","N","N","S","T","I",0,0,1,0,0,0,0
"3717",3980,4588,4588,"c","c","t","t",0.00108979947689625,0.00108979947689625,0.0004359197907585,0.0004359197907585,0.0004359197907585,0,0.0004359197907585,0,0.00152571926765475,0.00152571926765475,0.00152571926765475,0.00152571926765475,"syn","nonsyn","nonsyn",4.58e-06,8.37e-07,4.33e-07,4.33e-07,"0.004202608","0.000993302000000001","0.001920078","1","N","N","N","K","K",0,1,1,0,0,0,0
"3718",3981,4609,4609,"t","t","c","c",0.00195270123671078,0.00195270123671078,0.000216966804078976,0.000216966804078976,0.000216966804078976,0,0.000216966804078976,0,0.00216966804078976,0.00216966804078976,0.00216966804078976,0.00216966804078976,"nonsyn","nonsyn","nonsyn",1.7e-05,1.07e-06,1.21e-06,1.21e-06,"0.0087058888888889","0.00557689","0.00493163","1","S","S","P","T","A",1,0,1,0,1,0,1
"3719",3982,4501,4501,"c","c","t","t",0.000666518551433015,0.000666518551433015,0.000444345700955343,0.000444345700955343,0.000444345700955343,0,0.000444345700955343,0,0.00111086425238836,0.00111086425238836,0.00111086425238836,0.00111086425238836,"nonsyn","nonsyn","nonsyn",4.58e-06,8.37e-07,4.33e-07,4.33e-07,"0.00687152666666667","0.000974466500000001","0.0018836685","1","S","S","F","Y","C",1,1,1,0,0,0,0
"3720",3983,4505,4505,"c","c","t","t",0.00110987791342952,0.00110987791342952,0.000443951165371809,0.000443951165371809,0.000221975582685905,0.000221975582685905,0.000221975582685905,0.000221975582685905,0.00155382907880133,0.00155382907880133,0.00155382907880133,0.00155382907880133,"syn","syn","syn",4.58e-06,8.37e-07,4.33e-07,4.33e-07,"0.00412658000000001","0.0009753325","0.00377068499999999","0.001950665","S","S","S","S","S",0,0,0,0,1,0,1
"3721",3984,4497,4498,"t","t","c","c",0.00511452079163887,0.00511452079163887,0.00022237046920169,0.00022237046920169,0.00022237046920169,0,0.00022237046920169,0,0.00533689126084056,0.00533689126084056,0.00533570475767008,0.00533570475767008,"nonsyn","nonsyn","nonsyn",1.7e-05,1.07e-06,1.21e-06,1.21e-06,"0.00332386956521739","0.00544137","0.00481179","1","S","S","P","T","A",1,0,1,0,1,0,1
"3722",3985,4437,4437,"c","c","t","t",0.00157764255127338,0.00157764255127338,0.000225377507324769,0.000225377507324769,0.000225377507324769,0,0.000225377507324769,0,0.00180302005859815,0.00180302005859815,0.00180302005859815,0.00180302005859815,"nonsyn","nonsyn","nonsyn",4.58e-06,8.37e-07,4.33e-07,4.33e-07,"0.00290306571428572","0.001921221","0.003713769","1","S","S","F","Y","C",1,1,1,0,0,0,0
"3723",3986,4429,4429,"t","t","c","c",0.00428990742831339,0.00428990742831339,0,0,0,0,0,0,0.00428990742831339,0.00428990742831339,0.00428990742831339,0.00428990742831339,"syn","syn","syn",1.7e-05,1.07e-06,1.21e-06,1.21e-06,"0.00396278947368421","1","1","1","S","S","S","S","S",0,0,0,0,1,0,1
"3724",3987,4489,4490,"c","c","t","t",0.000222766763198931,0.000222766763198931,0,0,0,0,0,0,0.000222766763198931,0.000222766763198931,0.00022271714922049,0.00022271714922049,"nonsyn","nonsyn","nonsyn",4.58e-06,8.37e-07,4.33e-07,4.33e-07,"0.02055962","1","1","1","P","P","S","T","A",1,1,1,0,0,0,0
"3725",3988,4494,4494,"c","c","t","t",0.00222518914107699,0.00222518914107699,0.000667556742323097,0.000667556742323097,0.000667556742323097,0,0.000667556742323097,0,0.00289274588340009,0.00289274588340009,0.00289274588340009,0.00289274588340009,"nonsyn","nonsyn","nonsyn",4.58e-06,8.37e-07,4.33e-07,4.33e-07,"0.002058252","0.000648634","0.001253826","1","P","P","L","Q","R",1,1,1,0,1,0,1
"3726",3989,4469,4469,"a","a","g","g",0.00268516446632356,0.00268516446632356,0.00111881852763482,0.00111881852763482,0.000223763705526964,0.000895054822107854,0.000223763705526964,0.000895054822107854,0.00380398299395838,0.00380398299395838,0.00380398299395838,0.00380398299395838,"syn","syn","syn",1.77e-05,1.76e-06,1.7e-06,1.7e-06,"0.00659177500000001","0.00151946","0.00786543999999998","0.001899325","P","P","P","P","P",0,0,0,1,0,0,0
"3727",3990,4587,4588,"c","c","t","t",0.000872029649008066,0.000872029649008066,0,0,0,0,0,0,0.000872029649008066,0.000872029649008066,0.000871839581517001,0.000871839581517001,"nonsyn","nonsyn","nonsyn",4.58e-06,8.37e-07,4.33e-07,4.33e-07,"0.005252115","1","1","1","P","P","S","T","A",1,1,1,0,0,0,0
"3728",3991,4583,4583,"c","c","t","t",0.000872790748418067,0.000872790748418067,0,0,0,0,0,0,0.000872790748418067,0.000872790748418067,0.000872790748418067,0.000872790748418067,"nonsyn","nonsyn","nonsyn",4.58e-06,8.37e-07,4.33e-07,4.33e-07,"0.005247535","1","1","1","P","P","L","Q","R",1,1,1,0,1,0,1
"3729",3992,4532,4532,"a","a","g","g",0.00154457193292145,0.00154457193292145,0.00132391879964696,0.00132391879964696,0.000220653133274493,0.00110326566637246,0.000220653133274493,0.00110326566637246,0.0028684907325684,0.0028684907325684,0.0028684907325684,0.0028684907325684,"syn","syn","syn",1.77e-05,1.76e-06,1.7e-06,1.7e-06,"0.0114594857142857","0.00128406666666666","0.00797631999999998","0.00154088","P","P","P","P","P",0,0,0,1,1,1,0
"3730",3993,4554,4554,"g","g","a","a",0.00109793588054458,0.00109793588054458,0,0,0,0,0,0,0.00109793588054458,0.00109793588054458,0.00109793588054458,0.00109793588054458,"nonsyn","nonsyn","nonsyn",4.2e-06,5.36e-07,1.17e-06,1.17e-06,"0.00382535999999999","1","1","1","V","A","T","P","S",1,1,1,0,0,0,0
"3731",3994,4534,4534,"t","c","c","t",0.00573445081605646,0.994044993383326,0.000220555800617556,0.000220555800617556,0.000220555800617556,0,0.000220555800617556,0,0.00595500661667402,0.994265549183943,0.00595500661667402,0.994265549183943,"nonsyn","nonsyn","nonsyn",4.58e-06,8.37e-07,4.33e-07,4.33e-07,"4.60743731972487e-06","0.001963222","0.003794958","1","V","A","V","E","G",0,1,1,0,0,0,0
"3732",3995,4307,4307,"g","a","a","g",0.00185744137450662,0.99791037845368,0.000232180171813327,0.000232180171813327,0,0.000232180171813327,0,0.000232180171813327,0.00208962154631994,0.998142558625493,0.00208962154631994,0.998142558625493,"syn","syn","syn",1.77e-05,1.76e-06,1.7e-06,1.7e-06,"1.77370637505817e-05","0.0073219","1","0.0073219","V","A","A","A","A",0,0,0,1,1,1,0
"3733",3996,4272,4272,"g","g","a","a",0.00187265917602996,0.00187265917602996,0.000234082397003745,0.000234082397003745,0.000234082397003745,0,0.000234082397003745,0,0.00210674157303371,0.00210674157303371,0.00210674157303371,0.00210674157303371,"nonsyn","nonsyn","nonsyn",4.2e-06,5.36e-07,1.17e-06,1.17e-06,"0.0022428","0.00499824000000001","0.002289792","1","V","V","M","L","L",0,0,0,0,0,0,0
"3734",3997,4237,4237,"t","t","c","c",0.00401227283455275,0.00401227283455275,0.000708048147274015,0.000708048147274015,0.000236016049091338,0.000472032098182676,0.000236016049091338,0.000472032098182676,0.00472032098182676,0.00472032098182676,0.00472032098182676,0.00472032098182676,"nonsyn","nonsyn","nonsyn",1.7e-05,1.07e-06,1.21e-06,1.21e-06,"0.004237","0.00170892333333333","0.00453359","0.002563385","V","V","A","E","G",0,1,1,1,0,0,0
"3735",3998,4261,4262,"g","g","a","a",0.00258155362590941,0.00258155362590941,0.000234686693264492,0.000234686693264492,0,0.000234686693264492,0,0.000234686693264492,0.0028162403191739,0.0028162403191739,0.00281557954012201,0.00281557954012201,"syn","syn","syn",4.2e-06,5.36e-07,1.17e-06,1.17e-06,"0.00162692727272727","0.00498537","1","0.00498537","V","V","V","V","V",0,0,0,0,0,0,0
"3736",3999,4296,4302,"c","c","t","t",0.00302607076350093,0.00302607076350093,0.000931098696461825,0.000931098696461825,0.000931098696461825,0,0.000931098696461825,0,0.00395716945996276,0.00395716945996276,0.00395165039516504,0.00395165039516504,"nonsyn","nonsyn","nonsyn",4.58e-06,8.37e-07,4.33e-07,4.33e-07,"0.00151351384615385","0.000465042","0.000898938","1","P","P","S","T","A",1,1,1,0,0,0,0
"3737",4000,4319,4319,"c","c","t","t",0.00277842093077101,0.00277842093077101,0.000463070155128502,0.000463070155128502,0.000463070155128502,0,0.000463070155128502,0,0.00324149108589951,0.00324149108589951,0.00324149108589951,0.00324149108589951,"nonsyn","nonsyn","nonsyn",4.58e-06,8.37e-07,4.33e-07,4.33e-07,"0.00164841833333333","0.0009350635","0.0018075015","1","P","P","L","H","R",1,1,1,0,1,0,1
"3738",4001,4328,4328,"c","c","t","t",0.00693160813308688,0.00693160813308688,0.000462107208872458,0.000462107208872458,0.000462107208872458,0,0.000462107208872458,0,0.00739371534195933,0.00739371534195933,0.00739371534195933,0.00739371534195933,"syn","syn","syn",4.58e-06,8.37e-07,4.33e-07,4.33e-07,"0.000660741333333333","0.000937012000000001","0.001811268","1","P","P","P","P","P",0,0,0,0,1,0,1
"3739",4002,4311,4311,"c","c","t","t",0.00069589422407794,0.00069589422407794,0.000463929482718627,0.000463929482718627,0.000231964741359313,0.000231964741359313,0.000231964741359313,0.000231964741359313,0.00115982370679657,0.00115982370679657,0.00115982370679657,0.00115982370679657,"stop","nonsyn","nonsyn",4.58e-06,8.37e-07,4.33e-07,4.33e-07,"0.00658146","0.0009333315","0.00360830700000001","0.001866663","Q","Q","*","K","E",1,1,1,0,1,0,1
"3740",4003,4279,4279,"a","a","g","g",0.00327179247487731,0.00327179247487731,0.000233699462491236,0.000233699462491236,0,0.000233699462491236,0,0.000233699462491236,0.00350549193736854,0.00350549193736854,0.00350549193736854,0.00350549193736854,"nonsyn","nonsyn","nonsyn",1.77e-05,1.76e-06,1.7e-06,1.7e-06,"0.00540987857142857","0.00727430000000001","1","0.00727430000000001","Q","Q","R","P","L",1,1,1,1,1,1,0
"3741",4004,4261,4261,"g","g","a","a",0.000469373386528984,0.000469373386528984,0.000704060079793476,0.000704060079793476,0,0.000704060079793476,0,0.000704060079793476,0.00117343346632246,0.00117343346632246,0.00117343346632246,0.00117343346632246,"syn","nonsyn","nonsyn",4.2e-06,5.36e-07,1.17e-06,1.17e-06,"0.0089481","0.00166179","1","0.00166179","Q","Q","Q","H","H",0,1,1,0,0,0,0
"3742",4005,4256,4256,"a","a","g","g",0.00446428571428571,0.00446428571428571,0.000234962406015038,0.000234962406015038,0.000234962406015038,0,0.000234962406015038,0,0.00469924812030075,0.00469924812030075,0.00469924812030075,0.00469924812030075,"nonsyn","nonsyn","nonsyn",1.77e-05,1.76e-06,1.7e-06,1.7e-06,"0.0039648","0.00723519999999999","0.00749055999999999","1","T","S","G","R","C",1,1,1,0,1,1,0
"3743",4006,4229,4229,"c","g","t","a",0.00141877512414282,0,0,1,0,0,0.998581224875857,0.00141877512414282,0.00141877512414282,1,0.00141877512414282,1,"nonsyn","nonsyn","nonsyn",4.2e-06,5.36e-07,1.17e-06,1.17e-06,"1","1.17e-06","5.36761543926119e-07","0.000824655000000002","T","S","N","T","I",0,0,1,0,0,0,0
"3744",4007,4239,4239,"c","c","t","t",0.00212314225053079,0.00212314225053079,0.000235904694503421,0.000235904694503421,0.000235904694503421,0,0.000235904694503421,0,0.00235904694503421,0.00235904694503421,0.00235904694503421,0.00235904694503421,"syn","nonsyn","nonsyn",4.58e-06,8.37e-07,4.33e-07,4.33e-07,"0.00215718","0.001835487","0.00354804299999999","1","T","S","S","R","R",0,1,1,0,0,0,0
"3745",4008,4381,4383,"t","t","c","c",0.00433690938141977,0.00433690938141977,0.000684775165487332,0.000684775165487332,0.000684775165487332,0,0.000684775165487332,0,0.0050216845469071,0.0050216845469071,0.00501939310974219,0.00501939310974219,"nonsyn","nonsyn","nonsyn",1.7e-05,1.07e-06,1.21e-06,1.21e-06,"0.00391984210526316","0.00176700333333333","0.00156255666666667","1","F","F","L","I","V",0,0,0,0,1,0,1
"3746",4009,4421,4421,"t","t","c","c",0.00565482922415743,0.00565482922415743,0.0214883510517982,0.0214883510517982,0,0.0214883510517982,0,0.0214883510517982,0.0271431802759557,0.0271431802759557,0.0271431802759557,0.0271431802759557,"nonsyn","nonsyn","nonsyn",1.7e-05,1.07e-06,1.21e-06,1.21e-06,"0.00300628","5.63095789473685e-05","1","5.63095789473685e-05","F","F","S","Y","C",1,0,1,0,0,0,0
"3747",4010,4387,4387,"c","c","t","t",0.00113973102347846,0.00113973102347846,0.000227946204695692,0.000227946204695692,0.000227946204695692,0,0.000227946204695692,0,0.00136767722817415,0.00136767722817415,0.00136767722817415,0.00136767722817415,"syn","nonsyn","nonsyn",4.58e-06,8.37e-07,4.33e-07,4.33e-07,"0.004018492","0.001899571","0.003671919","1","F","F","F","L","L",0,0,0,0,0,0,0
"3748",4011,4423,4423,"c","c","t","t",0.000678272665611576,0.000678272665611576,0,0,0,0,0,0,0.000678272665611576,0.000678272665611576,0.000678272665611576,0.000678272665611576,"stop","nonsyn","nonsyn",4.58e-06,8.37e-07,4.33e-07,4.33e-07,"0.00675244666666667","1","1","1","Q","Q","*","K","E",1,1,1,0,1,0,1
"3749",4012,4449,4449,"a","a","g","g",0.00224769611148573,0.00224769611148573,0.000449539222297145,0.000449539222297145,0,0.000449539222297145,0,0.000449539222297145,0.00269723533378287,0.00269723533378287,0.00269723533378287,0.00269723533378287,"nonsyn","nonsyn","nonsyn",1.77e-05,1.76e-06,1.7e-06,1.7e-06,"0.00787472999999999","0.00378165","1","0.00378165","Q","Q","R","P","L",1,1,1,1,1,1,0
"3750",4013,4421,4421,"a","g","g","a",0.00859534042071929,0.989821307396517,0.00158335218276408,0.00158335218276408,0.000452386337932594,0.00113096584483149,0.000452386337932594,0.00113096584483149,0.0101786926034834,0.991404659579281,0.0101786926034834,0.991404659579281,"syn","nonsyn","nonsyn",4.2e-06,5.36e-07,1.17e-06,1.17e-06,"4.24319012797075e-06","0.000738938571428572","0.001184828","0.001034514","Q","Q","Q","H","H",0,1,1,0,1,1,0
"3751",4014,4358,4358,"g","g","a","a",0,0,0,0,0,0,0,0,0,0,0,0,"nonsyn","nonsyn","nonsyn",4.2e-06,5.36e-07,1.17e-06,1.17e-06,"1","1","1","1","V","V","M","L","L",0,0,0,0,0,0,0
"3752",4015,4317,4317,"t","t","c","c",0.00579105860551309,0.00579105860551309,0.00208478109798471,0.00208478109798471,0.00138985406532314,0.000694927032661571,0.00138985406532314,0.000694927032661571,0.0078758397034978,0.0078758397034978,0.0078758397034978,0.0078758397034978,"nonsyn","nonsyn","nonsyn",1.7e-05,1.07e-06,1.21e-06,1.21e-06,"0.00293556","0.000580396666666667","0.000769865000000001","0.00174119","V","V","A","E","G",0,1,1,1,0,0,0
"3753",4016,4323,4324,"g","g","a","a",0.00138792505204719,0.00138792505204719,0.000231320842007865,0.000231320842007865,0,0.000231320842007865,0,0.000231320842007865,0.00161924589405505,0.00161924589405505,0.00161887141535615,0.00161887141535615,"syn","syn","syn",4.2e-06,5.36e-07,1.17e-06,1.17e-06,"0.0030261","0.00505791","1","0.00505791","V","V","V","V","V",0,0,0,0,1,1,0
"3754",4017,4272,4272,"g","g","a","a",0.000936329588014981,0.000936329588014981,0,0,0,0,0,0,0.000936329588014981,0.000936329588014981,0.000936329588014981,0.000936329588014981,"nonsyn","nonsyn","nonsyn",4.2e-06,5.36e-07,1.17e-06,1.17e-06,"0.0044856","1","1","1","A","A","T","P","S",1,1,1,0,0,0,0
"3755",4018,4254,4260,"c","c","t","t",0.0228020686412788,0.0228020686412788,0.000470145745181006,0.000470145745181006,0.000235072872590503,0.000235072872590503,0.000235072872590503,0.000235072872590503,0.0232722143864598,0.0232722143864598,0.0232394366197183,0.0232394366197183,"nonsyn","nonsyn","nonsyn",4.58e-06,8.37e-07,4.33e-07,4.33e-07,"0.000200858969072165","0.000920991","0.003560598","0.001841982","A","A","V","D","G",0,1,1,0,0,0,0
"3756",4019,4258,4258,"c","c","t","t",0.00328792860497886,0.00328792860497886,0.00328792860497886,0.00328792860497886,0.00305307656176609,0.000234852043212776,0.00305307656176609,0.000234852043212776,0.00657585720995773,0.00657585720995773,0.00657585720995773,0.00657585720995773,"syn","syn","syn",4.58e-06,8.37e-07,4.33e-07,4.33e-07,"0.00139297428571429","0.000131693857142857","0.000274149692307692","0.001843714","A","A","A","A","A",0,0,0,0,1,0,1
"3757",4020,4248,4248,"c","c","t","t",0.00117702448210923,0.00117702448210923,0.000706214689265537,0.000706214689265537,0.000706214689265537,0,0.000706214689265537,0,0.00188323917137476,0.00188323917137476,0.00188323917137476,0.00188323917137476,"nonsyn","nonsyn","nonsyn",4.58e-06,8.37e-07,4.33e-07,4.33e-07,"0.00389116799999999","0.000613128","0.001185192","1","H","H","Y","N","D",1,1,1,0,1,0,1
"3758",4021,4207,4208,"a","a","g","g",0.00213929165676254,0.00213929165676254,0.000713097218920846,0.000713097218920846,0,0.000713097218920846,0,0.000713097218920846,0.00285238887568338,0.00285238887568338,0.00285171102661597,0.00285171102661597,"nonsyn","nonsyn","nonsyn",1.77e-05,1.76e-06,1.7e-06,1.7e-06,"0.00827376666666666","0.00238396666666667","1","0.00238396666666667","H","H","R","P","L",0,1,1,1,0,0,0
"3759",4022,4307,4307,"c","c","t","t",0.00139308103087996,0.00139308103087996,0.000232180171813327,0.000232180171813327,0.000232180171813327,0,0.000232180171813327,0,0.00162526120269329,0.00162526120269329,0.00162526120269329,0.00162526120269329,"syn","nonsyn","nonsyn",4.58e-06,8.37e-07,4.33e-07,4.33e-07,"0.00328767666666667","0.001864931","0.003604959","1","H","H","H","Q","Q",0,1,1,0,0,0,0
"3760",4023,4326,4326,"c","c","t","t",0.00184928340268146,0.00184928340268146,0.00092464170134073,0.00092464170134073,0.00092464170134073,0,0.00092464170134073,0,0.00277392510402219,0.00277392510402219,0.00277392510402219,0.00277392510402219,"syn","nonsyn","nonsyn",4.58e-06,8.37e-07,4.33e-07,4.33e-07,"0.002476635","0.0004682895","0.000905215500000001","1","L","L","L","M","V",0,0,0,0,1,0,1
"3761",4024,4285,4285,"t","t","c","c",0.00490081680280047,0.00490081680280047,0.000933488914819137,0.000933488914819137,0.000933488914819137,0,0.000933488914819137,0,0.0058343057176196,0.0058343057176196,0.0058343057176196,0.0058343057176196,"nonsyn","nonsyn","nonsyn",1.7e-05,1.07e-06,1.21e-06,1.21e-06,"0.00346880952380952","0.0012962125","0.0011462375","1","L","L","P","Q","R",1,1,1,1,1,0,1
"3762",4025,4305,4305,"g","g","a","a",0.00278745644599303,0.00278745644599303,0.000232288037166086,0.000232288037166086,0,0.000232288037166086,0,0.000232288037166086,0.00301974448315912,0.00301974448315912,0.00301974448315912,0.00301974448315912,"syn","syn","syn",4.2e-06,5.36e-07,1.17e-06,1.17e-06,"0.00150675","0.00503685","1","0.00503685","L","L","L","L","L",0,0,0,0,0,0,0
"3763",4026,4289,4289,"c","c","t","t",0.00279785497785031,0.00279785497785031,0.000466309162975052,0.000466309162975052,0.000466309162975052,0,0.000466309162975052,0,0.00326416414082537,0.00326416414082537,0.00326416414082537,0.00326416414082537,"nonsyn","nonsyn","nonsyn",4.58e-06,8.37e-07,4.33e-07,4.33e-07,"0.00163696833333334","0.000928568500000001","0.0017949465","1","H","H","Y","N","D",1,1,1,0,0,0,0
"3764",4027,4219,4219,"a","a","g","g",0.00379236785968239,0.00379236785968239,0.00308129888599194,0.00308129888599194,0.000237022991230149,0.00284427589476179,0.000237022991230149,0.00284427589476179,0.00687366674567433,0.00687366674567433,0.00687366674567433,0.00687366674567433,"nonsyn","nonsyn","nonsyn",1.77e-05,1.76e-06,1.7e-06,1.7e-06,"0.00466726875","0.000551715384615385","0.00742544000000001","0.000597691666666667","H","H","R","P","L",0,1,1,1,0,0,0
"3765",4028,4217,4217,"c","t","t","c",0.0033198956604221,0.996442968935262,0.000237135404315864,0.000237135404315864,0.000237135404315864,0,0.000237135404315864,0,0.00355703106473797,0.996680104339578,0.00355703106473797,0.996680104339578,"syn","nonsyn","nonsyn",1.7e-05,1.07e-06,1.21e-06,1.21e-06,"1.70606853879105e-05","0.00510257000000001","0.00451219000000001","1","H","H","H","Q","Q",0,1,1,1,0,0,0
"3766",4029,4150,4150,"g","g","a","a",0.00265060240963855,0.00265060240963855,0,0,0,0,0,0,0.00265060240963855,0.00265060240963855,0.00265060240963855,0.00265060240963855,"nonsyn","nonsyn","nonsyn",4.2e-06,5.36e-07,1.17e-06,1.17e-06,"0.00158454545454546","1","1","1","A","A","T","P","S",1,1,1,0,0,0,0
"3767",4030,4137,4137,"c","c","t","t",0.00193376843123036,0.00193376843123036,0,0,0,0,0,0,0.00193376843123036,0.00193376843123036,0.00193376843123036,0.00193376843123036,"nonsyn","nonsyn","nonsyn",4.58e-06,8.37e-07,4.33e-07,4.33e-07,"0.0023684325","1","1","1","A","A","V","D","G",0,1,1,0,0,0,0
"3768",4031,4062,4063,"t","t","c","c",0.00541605120630231,0.00541605120630231,0.000246184145741014,0.000246184145741014,0,0.000246184145741014,0,0.000246184145741014,0.00566223535204333,0.00566223535204333,0.00566084174255476,0.00566084174255476,"syn","syn","syn",1.7e-05,1.07e-06,1.21e-06,1.21e-06,"0.00313881818181818","0.00491502000000001","1","0.00491502000000001","A","A","A","A","A",0,0,0,0,1,0,1
"3769",4032,4117,4118,"c","c","t","t",0.00145737187272286,0.00145737187272286,0.000242895312120476,0.000242895312120476,0.000242895312120476,0,0.000242895312120476,0,0.00170026718484333,0.00170026718484333,0.00169985429820301,0.00169985429820301,"nonsyn","nonsyn","nonsyn",4.58e-06,8.37e-07,4.33e-07,4.33e-07,"0.00314264333333333","0.001782661","0.003445929","1","P","P","S","T","A",1,1,1,0,0,0,0
"3770",4033,4137,4137,"c","c","t","t",0.00314237370074934,0.00314237370074934,0.000241721053903795,0.000241721053903795,0.000241721053903795,0,0.000241721053903795,0,0.00338409475465313,0.00338409475465313,0.00338409475465313,0.00338409475465313,"nonsyn","nonsyn","nonsyn",4.58e-06,8.37e-07,4.33e-07,4.33e-07,"0.00145749692307692","0.001791321","0.003462669","1","P","P","L","H","R",1,1,1,0,1,0,1
"3771",4034,4168,4168,"c","c","t","t",0.00143953934740883,0.00143953934740883,0.000239923224568138,0.000239923224568138,0.000239923224568138,0,0.000239923224568138,0,0.00167946257197697,0.00167946257197697,0.00167946257197697,0.00167946257197697,"syn","syn","syn",4.58e-06,8.37e-07,4.33e-07,4.33e-07,"0.00318157333333333","0.001804744","0.003488616","1","P","P","P","P","P",0,0,0,0,1,0,1
"3772",4035,4207,4207,"a","a","g","g",0.00380318516757785,0.00380318516757785,0.000475398145947231,0.000475398145947231,0,0.000475398145947231,0,0.000475398145947231,0.00427858331352508,0.00427858331352508,0.00427858331352508,0.00427858331352508,"nonsyn","nonsyn","nonsyn",1.77e-05,1.76e-06,1.7e-06,1.7e-06,"0.00465399375","0.00357595","1","0.00357595","T","T","A","P","S",1,1,0,1,0,0,0
"3773",4036,4296,4296,"c","c","t","t",0.000931098696461825,0.000931098696461825,0,0,0,0,0,0,0.000931098696461825,0.000931098696461825,0.000931098696461825,0.000931098696461825,"nonsyn","nonsyn","nonsyn",4.58e-06,8.37e-07,4.33e-07,4.33e-07,"0.00491892","1","1","1","T","T","I","N","S",1,0,0,0,0,0,0
"3774",4037,4330,4330,"c","c","t","t",0.00207852193995381,0.00207852193995381,0.00092378752886836,0.00092378752886836,0.00069284064665127,0.00023094688221709,0.00069284064665127,0.00023094688221709,0.00300230946882217,0.00300230946882217,0.00300230946882217,0.00300230946882217,"syn","syn","syn",4.58e-06,8.37e-07,4.33e-07,4.33e-07,"0.00220348888888889","0.0004687225","0.00120807","0.00187489","T","T","T","T","T",0,0,0,0,1,0,1
"3775",4038,4326,4326,"g","g","a","a",0.00254276467868701,0.00254276467868701,0.000231160425335183,0.000231160425335183,0,0.000231160425335183,0,0.000231160425335183,0.00277392510402219,0.00277392510402219,0.00277392510402219,0.00277392510402219,"nonsyn","nonsyn","nonsyn",4.2e-06,5.36e-07,1.17e-06,1.17e-06,"0.00165174545454545","0.00506141999999999","1","0.00506141999999999","G","G","S","R","C",1,1,0,0,1,1,0
"3776",4039,4280,4280,"g","g","a","a",0.00303738317757009,0.00303738317757009,0.000233644859813084,0.000233644859813084,0.000233644859813084,0,0.000233644859813084,0,0.00327102803738318,0.00327102803738318,0.00327102803738318,0.00327102803738318,"nonsyn","nonsyn","nonsyn",4.2e-06,5.36e-07,1.17e-06,1.17e-06,"0.00138276923076923","0.0050076","0.00229408","1","G","G","D","A","V",1,1,1,0,0,0,0
"3777",4040,4289,4289,"c","c","t","t",0.00279785497785031,0.00279785497785031,0,0,0,0,0,0,0.00279785497785031,0.00279785497785031,0.00279785497785031,0.00279785497785031,"syn","syn","syn",4.58e-06,8.37e-07,4.33e-07,4.33e-07,"0.00163696833333334","1","1","1","G","G","G","G","G",0,0,0,0,0,0,0
"3778",4041,4261,4261,"a","a","g","g",0.0028162403191739,0.0028162403191739,0.00117343346632246,0.00117343346632246,0,0.00117343346632246,0,0.00117343346632246,0.00398967378549636,0.00398967378549636,0.00398967378549636,0.00398967378549636,"nonsyn","nonsyn","nonsyn",1.77e-05,1.76e-06,1.7e-06,1.7e-06,"0.00628497500000001","0.00144874","1","0.00144874","S","S","G","R","C",1,1,1,1,1,1,0
"3779",4042,4352,4352,"g","g","a","a",0.00298713235294118,0.00298713235294118,0.000919117647058824,0.000919117647058824,0,0.000919117647058824,0,0.000919117647058824,0.00390625,0.00390625,0.00390625,0.00390625,"nonsyn","nonsyn","nonsyn",4.2e-06,5.36e-07,1.17e-06,1.17e-06,"0.00140603076923077","0.00127296","1","0.00127296","S","S","N","T","I",0,0,1,0,0,0,0
"3780",4043,4369,4369,"c","c","t","t",0.00411993591210803,0.00411993591210803,0.000457770656900893,0.000457770656900893,0,0.000457770656900893,0,0.000457770656900893,0.00457770656900893,0.00457770656900893,0.00457770656900893,0.00457770656900893,"syn","nonsyn","nonsyn",4.58e-06,8.37e-07,4.33e-07,4.33e-07,"0.00111166777777778","0.000945888499999999","1","0.000945888499999999","S","S","S","R","R",0,1,1,0,0,0,0
"3781",4044,4414,4414,"g","g","a","a",0.00181241504304486,0.00181241504304486,0.00181241504304486,0.00181241504304486,0,0.00181241504304486,0,0.00181241504304486,0.00362483008608971,0.00362483008608971,0.00362483008608971,0.00362483008608971,"nonsyn","nonsyn","nonsyn",4.2e-06,5.36e-07,1.17e-06,1.17e-06,"0.00231735","0.000645547499999999","1","0.000645547499999999","G","G","S","R","C",1,1,0,0,1,1,0
"3782",4045,4417,4417,"g","g","a","a",0.00294317410006792,0.00294317410006792,0,0,0,0,0,0,0.00294317410006792,0.00294317410006792,0.00294317410006792,0.00294317410006792,"nonsyn","nonsyn","nonsyn",4.2e-06,5.36e-07,1.17e-06,1.17e-06,"0.00142703076923077","1","1","1","G","G","D","A","V",1,1,1,0,0,0,0
"3783",4046,4412,4413,"t","t","c","c",0.00181323662737987,0.00181323662737987,0,0,0,0,0,0,0.00181323662737987,0.00181323662737987,0.00181282574212554,0.00181282574212554,"syn","syn","syn",1.7e-05,1.07e-06,1.21e-06,1.21e-06,"0.00937550000000002","1","1","1","G","G","G","G","G",0,0,0,0,0,0,0
"3784",4047,4412,4413,"a","a","g","g",0.0013599274705349,0.0013599274705349,0.000906618313689937,0.000906618313689937,0,0.000906618313689937,0,0.000906618313689937,0.00226654578422484,0.00226654578422484,0.00226603217765692,0.00226603217765692,"nonsyn","nonsyn","stop",1.77e-05,1.76e-06,1.7e-06,1.7e-06,"0.0130154","0.0018751","1","0.0018751","K","K","E","Q","*",1,1,1,0,0,0,0
"3785",4048,4394,4394,"a","a","g","g",0.0025034137460173,0.0025034137460173,0.000910332271279017,0.000910332271279017,0.000455166135639508,0.000455166135639508,0.000455166135639508,0.000455166135639508,0.00341374601729631,0.00341374601729631,0.00341374601729631,0.00341374601729631,"nonsyn","nonsyn","nonsyn",1.77e-05,1.76e-06,1.7e-06,1.7e-06,"0.00707034545454544","0.00186745","0.00386672","0.0037349","K","K","R","T","M",0,1,1,0,1,1,0
"3786",4049,4490,4490,"g","g","a","a",0.00066815144766147,0.00066815144766147,0,0,0,0,0,0,0.00066815144766147,0.00066815144766147,0.00066815144766147,0.00066815144766147,"syn","nonsyn","nonsyn",4.2e-06,5.36e-07,1.17e-06,1.17e-06,"0.006286","1","1","1","K","K","K","N","N",0,1,1,0,0,0,0
"3787",4050,4502,4502,"a","a","g","g",0.00555308751665926,0.00555308751665926,0.000666370501999112,0.000666370501999112,0.00022212350066637,0.000444247001332741,0.00022212350066637,0.000444247001332741,0.00621945801865837,0.00621945801865837,0.00621945801865837,0.00621945801865837,"nonsyn","nonsyn","nonsyn",1.77e-05,1.76e-06,1.7e-06,1.7e-06,"0.003187416","0.00255113333333333","0.00792352000000002","0.0038267","S","S","G","R","C",1,1,1,0,1,1,0
"3788",4051,4494,4494,"g","g","a","a",0.00244770805518469,0.00244770805518469,0.000667556742323097,0.000667556742323097,0,0.000667556742323097,0,0.000667556742323097,0.00311526479750779,0.00311526479750779,0.00311526479750779,0.00311526479750779,"nonsyn","nonsyn","nonsyn",4.2e-06,5.36e-07,1.17e-06,1.17e-06,"0.00171589090909091","0.00175266","1","0.00175266","S","S","N","T","I",0,0,1,0,0,0,0
"3789",4052,4449,4449,"c","c","t","t",0.00382108338952574,0.00382108338952574,0,0,0,0,0,0,0.00382108338952574,0.00382108338952574,0.00382108338952574,0.00382108338952574,"syn","nonsyn","nonsyn",4.58e-06,8.37e-07,4.33e-07,4.33e-07,"0.00119861294117647","1","1","1","S","S","S","R","R",0,1,1,0,0,0,0
"3790",4053,4426,4426,"a","a","g","g",0.00406687754179846,0.00406687754179846,0.000225937641211026,0.000225937641211026,0,0.000225937641211026,0,0.000225937641211026,0.00429281518300949,0.00429281518300949,0.00429281518300949,0.00429281518300949,"nonsyn","nonsyn","nonsyn",1.77e-05,1.76e-06,1.7e-06,1.7e-06,"0.00435223333333334","0.00752419999999999","1","0.00752419999999999","T","T","A","P","S",1,1,0,1,0,0,0
"3791",4054,4478,4478,"c","c","t","t",0.000893255917820456,0.000893255917820456,0.000223313979455114,0.000223313979455114,0.000223313979455114,0,0.000223313979455114,0,0.00111656989727557,0.00111656989727557,0.00111656989727557,0.00111656989727557,"nonsyn","nonsyn","nonsyn",4.58e-06,8.37e-07,4.33e-07,4.33e-07,"0.00512731","0.001938974","0.003748086","1","T","T","I","N","S",1,0,0,0,0,0,0
"3792",4055,4488,4488,"c","c","t","t",0.000668449197860963,0.000668449197860963,0,0,0,0,0,0,0.000668449197860963,0.000668449197860963,0.000668449197860963,0.000668449197860963,"syn","syn","syn",4.58e-06,8.37e-07,4.33e-07,4.33e-07,"0.00685168","1","1","1","T","T","T","T","T",0,0,0,0,1,0,1
"3793",4056,4493,4494,"a","a","g","g",0.00356109503672379,0.00356109503672379,0.00222568439795237,0.00222568439795237,0.000445136879590474,0.0017805475183619,0.000445136879590474,0.0017805475183619,0.00578677943467616,0.00578677943467616,0.00578549176680018,0.00578549176680018,"nonsyn","nonsyn","stop",1.77e-05,1.76e-06,1.7e-06,1.7e-06,"0.00497038125","0.00076381","0.00395384","0.000954762499999998","K","K","E","Q","*",1,1,1,1,0,0,0
"3794",4057,4477,4477,"a","a","g","g",0.00201027473754746,0.00201027473754746,0.00134018315836498,0.00134018315836498,0.000446727719454992,0.000893455438909984,0.000446727719454992,0.000893455438909984,0.00335045789591244,0.00335045789591244,0.00335045789591244,0.00335045789591244,"nonsyn","nonsyn","nonsyn",1.77e-05,1.76e-06,1.7e-06,1.7e-06,"0.00880476666666669","0.00126848333333333","0.00393976","0.001902725","K","K","R","T","M",0,1,1,0,1,1,0
"3795",4058,4409,4410,"g","g","a","a",0.00136085280108868,0.00136085280108868,0.000226808800181447,0.000226808800181447,0,0.000226808800181447,0,0.000226808800181447,0.00158766160127013,0.00158766160127013,0.00158730158730159,0.00158730158730159,"syn","nonsyn","nonsyn",4.2e-06,5.36e-07,1.17e-06,1.17e-06,"0.0030863","0.00515853","1","0.00515853","K","K","K","N","N",0,1,1,0,1,1,0
"3796",4059,4406,4406,"g","g","a","a",0.000453926463912846,0.000453926463912846,0,0,0,0,0,0,0.000453926463912846,0.000453926463912846,0.000453926463912846,0.000453926463912846,"nonsyn","nonsyn","nonsyn",4.2e-06,5.36e-07,1.17e-06,1.17e-06,"0.0092526","1","1","1","V","V","I","L","F",0,0,0,0,0,0,0
"3797",4060,4437,4437,"t","t","c","c",0.00450755014649538,0.00450755014649538,0.000225377507324769,0.000225377507324769,0.000225377507324769,0,0.000225377507324769,0,0.00473292765382015,0.00473292765382015,0.00473292765382015,0.00473292765382015,"nonsyn","nonsyn","nonsyn",1.7e-05,1.07e-06,1.21e-06,1.21e-06,"0.00377145","0.00536877","0.00474759","1","V","V","A","D","G",0,1,1,0,0,0,0
"3798",4061,4461,4462,"c","c","t","t",0.00134498991257566,0.00134498991257566,0.000672494956287828,0.000672494956287828,0.000672494956287828,0,0.000672494956287828,0,0.00201748486886348,0.00201748486886348,0.00201703272075303,0.00201703272075303,"syn","syn","syn",4.58e-06,8.37e-07,4.33e-07,4.33e-07,"0.00340522999999999","0.000643871","0.001244619","1","V","V","V","V","V",0,0,0,0,0,0,0
"3799",4062,4467,4467,"c","c","t","t",0.00134318334452653,0.00134318334452653,0.000671591672263264,0.000671591672263264,0.000447727781508843,0.000223863890754421,0.000447727781508843,0.000223863890754421,0.00201477501678979,0.00201477501678979,0.00201477501678979,0.00201477501678979,"nonsyn","nonsyn","nonsyn",4.58e-06,8.37e-07,4.33e-07,4.33e-07,"0.00340980999999999","0.000644737","0.0018694395","0.001934211","P","P","S","T","A",1,1,1,0,1,0,1
"3800",4063,4481,4481,"c","c","t","t",0.00178531577772819,0.00178531577772819,0.00066949341664807,0.00066949341664807,0.00066949341664807,0,0.00066949341664807,0,0.00245480919437626,0.00245480919437626,0.00245480919437626,0.00245480919437626,"nonsyn","nonsyn","nonsyn",4.58e-06,8.37e-07,4.33e-07,4.33e-07,"0.00256537249999999","0.000646757666666666","0.001250199","1","P","P","L","Q","R",1,1,1,0,1,0,1
"3801",4064,4466,4466,"g","g","a","a",0.00335871025526198,0.00335871025526198,0,0,0,0,0,0,0.00335871025526198,0.00335871025526198,0.00335871025526198,0.00335871025526198,"syn","syn","syn",4.2e-06,5.36e-07,1.17e-06,1.17e-06,"0.00125048","1","1","1","P","P","P","P","P",0,0,0,0,1,1,0
"3802",4065,4453,4453,"g","g","a","a",0.0022456770716371,0.0022456770716371,0,0,0,0,0,0,0.0022456770716371,0.0022456770716371,0.0022456770716371,0.0022456770716371,"nonsyn","nonsyn","nonsyn",4.2e-06,5.36e-07,1.17e-06,1.17e-06,"0.00187026","1","1","1","A","A","T","P","S",1,1,1,0,0,0,0
"3803",4066,4468,4468,"c","c","t","t",0.00111906893464637,0.00111906893464637,0.000223813786929275,0.000223813786929275,0.000223813786929275,0,0.000223813786929275,0,0.00134288272157565,0.00134288272157565,0.00134288272157565,0.00134288272157565,"nonsyn","nonsyn","nonsyn",4.58e-06,8.37e-07,4.33e-07,4.33e-07,"0.00409268800000002","0.001934644","0.003739716","1","A","A","V","D","G",0,1,1,0,0,0,0
"3804",4067,4487,4487,"t","t","c","c",0.00334299086249164,0.00334299086249164,0.000668598172498329,0.000668598172498329,0.000445732114998886,0.000222866057499443,0.000445732114998886,0.000222866057499443,0.00401158903498997,0.00401158903498997,0.00401158903498997,0.00401158903498997,"syn","syn","syn",1.7e-05,1.07e-06,1.21e-06,1.21e-06,"0.00508526666666667","0.00180975666666667","0.002400545","0.00542927","A","A","A","A","A",0,0,0,1,1,0,1
"3805",4068,4502,4502,"g","g","a","a",0.00155486450466459,0.00155486450466459,0.00022212350066637,0.00022212350066637,0,0.00022212350066637,0,0.00022212350066637,0.00177698800533096,0.00177698800533096,0.00177698800533096,0.00177698800533096,"nonsyn","nonsyn","nonsyn",4.2e-06,5.36e-07,1.17e-06,1.17e-06,"0.00270120000000001","0.00526734000000001","1","0.00526734000000001","A","A","T","P","S",1,1,1,0,0,0,0
"3806",4069,4525,4525,"c","c","t","t",0.00375690607734807,0.00375690607734807,0.000220994475138122,0.000220994475138122,0.000220994475138122,0,0.000220994475138122,0,0.00397790055248619,0.00397790055248619,0.00397790055248619,0.00397790055248619,"nonsyn","nonsyn","nonsyn",4.58e-06,8.37e-07,4.33e-07,4.33e-07,"0.00121908823529412","0.001959325","0.00378742499999999","1","A","A","V","E","G",0,1,1,0,0,0,0
"3807",4070,4595,4595,"g","g","a","a",0.00108813928182807,0.00108813928182807,0.000217627856365615,0.000217627856365615,0,0.000217627856365615,0,0.000217627856365615,0.00130576713819369,0.00130576713819369,0.00130576713819369,0.00130576713819369,"syn","syn","syn",4.2e-06,5.36e-07,1.17e-06,1.17e-06,"0.00385980000000001","0.00537615","1","0.00537615","A","A","A","A","A",0,0,0,0,0,0,0
"3808",4071,4577,4577,"t","t","c","c",0.00218483722962639,0.00218483722962639,0.000436967445925279,0.000436967445925279,0,0.000436967445925279,0,0.000436967445925279,0.00262180467555167,0.00262180467555167,0.00262180467555167,0.00262180467555167,"nonsyn","nonsyn","nonsyn",1.7e-05,1.07e-06,1.21e-06,1.21e-06,"0.00778090000000001","0.002769085","1","0.002769085","Y","Y","H","N","D",1,1,1,0,0,0,0
"3809",4072,4588,4588,"a","a","g","g",0.0013077593722755,0.0013077593722755,0.0004359197907585,0.0004359197907585,0,0.0004359197907585,0,0.0004359197907585,0.001743679163034,0.001743679163034,0.001743679163034,0.001743679163034,"nonsyn","nonsyn","nonsyn",1.77e-05,1.76e-06,1.7e-06,1.7e-06,"0.0135346","0.0038998","1","0.0038998","Y","Y","C","S","F",1,1,0,0,0,0,0
"3810",4073,4595,4595,"t","c","c","t",0.00348204570184984,0.995865070729053,0.000652883569096844,0.000652883569096844,0.000217627856365615,0.00043525571273123,0.000217627856365615,0.00043525571273123,0.00413492927094668,0.99651795429815,0.00413492927094668,0.99651795429815,"syn","stop","stop",4.58e-06,8.37e-07,4.33e-07,4.33e-07,"4.59901660839161e-06","0.000663211666666667","0.003846015","0.000994817499999999","Y","Y","Y","*","*",0,1,1,0,0,0,0
"3811",4074,4606,4606,"g","g","a","a",0.00195397307859314,0.00195397307859314,0.000217108119843682,0.000217108119843682,0,0.000217108119843682,0,0.000217108119843682,0.00217108119843682,0.00217108119843682,0.00217108119843682,0.00217108119843682,"nonsyn","nonsyn","nonsyn",4.2e-06,5.36e-07,1.17e-06,1.17e-06,"0.00214946666666667","0.00538902","1","0.00538902","A","A","T","P","S",1,1,1,0,0,0,0
"3812",4075,4613,4613,"c","c","t","t",0.00303490136570561,0.00303490136570561,0.000433557337957945,0.000433557337957945,0.000216778668978972,0.000216778668978972,0.000216778668978972,0.000216778668978972,0.00346845870366356,0.00346845870366356,0.00346845870366356,0.00346845870366356,"nonsyn","nonsyn","nonsyn",4.58e-06,8.37e-07,4.33e-07,4.33e-07,"0.00150911","0.0009987145","0.00386108100000001","0.001997429","A","A","V","E","G",0,1,1,0,0,0,0
"3813",4076,4625,4625,"g","a","a","g",0.00194594594594595,0.997621621621622,0.000432432432432432,0.000432432432432432,0,0.000432432432432432,0,0.000432432432432432,0.00237837837837838,0.998054054054054,0.00237837837837838,0.998054054054054,"syn","syn","syn",1.77e-05,1.76e-06,1.7e-06,1.7e-06,"1.77421976592978e-05","0.00393125","1","0.00393125","A","A","A","A","A",0,0,0,1,1,1,0
"3814",4077,4628,4628,"g","g","a","a",0.00259291270527226,0.00259291270527226,0.000648228176318064,0.000648228176318064,0.000648228176318064,0,0.000648228176318064,0,0.00324114088159032,0.00324114088159032,0.00324114088159032,0.00324114088159032,"nonsyn","nonsyn","nonsyn",4.2e-06,5.36e-07,1.17e-06,1.17e-06,"0.0016198","0.00180492","0.000826869333333333","1","A","A","T","P","S",1,1,1,0,0,0,0
"3815",4078,4630,4630,"c","c","t","t",0.00129589632829374,0.00129589632829374,0.000215982721382289,0.000215982721382289,0.000215982721382289,0,0.000215982721382289,0,0.00151187904967603,0.00151187904967603,0.00151187904967603,0.00151187904967603,"nonsyn","nonsyn","nonsyn",4.58e-06,8.37e-07,4.33e-07,4.33e-07,"0.00353423333333332","0.00200479","0.00387531000000001","1","A","A","V","D","G",0,1,1,0,0,0,0
"3816",4079,4618,4618,"t","c","c","t",0.00519705500216544,0.99393676916414,0.00086617583369424,0.00086617583369424,0.00043308791684712,0.00043308791684712,0.00043308791684712,0.00043308791684712,0.00606323083585968,0.994802944997835,0.00606323083585968,0.994802944997835,"syn","syn","syn",4.58e-06,8.37e-07,4.33e-07,4.33e-07,"4.60793899782135e-06","0.0004998985","0.001932633","0.000999797","A","A","A","A","A",0,0,0,0,1,0,1
"3817",4080,4706,4706,"c","c","t","t",0.000849978750531237,0.000849978750531237,0,0,0,0,0,0,0.000849978750531237,0.000849978750531237,0.000849978750531237,0.000849978750531237,"stop","nonsyn","nonsyn",4.58e-06,8.37e-07,4.33e-07,4.33e-07,"0.00538837","1","1","1","Q","Q","*","K","E",1,1,1,0,1,0,1
"3818",4081,4738,4739,"a","a","g","g",0.00232165470662727,0.00232165470662727,0.000422119037568594,0.000422119037568594,0,0.000422119037568594,0,0.000422119037568594,0.00274377374419586,0.00274377374419586,0.00274319476682844,0.00274319476682844,"nonsyn","nonsyn","nonsyn",1.77e-05,1.76e-06,1.7e-06,1.7e-06,"0.00762387272727272","0.0040273","1","0.0040273","Q","Q","R","P","L",1,1,1,1,1,1,0
"3819",4082,4831,4831,"g","g","a","a",0.000206996481059822,0.000206996481059822,0.000827985924239288,0.000827985924239288,0,0.000827985924239288,0,0.000827985924239288,0.00103498240529911,0.00103498240529911,0.00103498240529911,0.00103498240529911,"syn","nonsyn","nonsyn",4.2e-06,5.36e-07,1.17e-06,1.17e-06,"0.0202902","0.0014130675","1","0.0014130675","Q","Q","Q","H","H",0,1,1,0,1,1,0
"3820",4083,4837,4837,"g","g","a","a",0.00124043828819516,0.00124043828819516,0.000413479429398387,0.000413479429398387,0.000206739714699194,0.000206739714699194,0.000206739714699194,0.000206739714699194,0.00165391771759355,0.00165391771759355,0.00165391771759355,0.00165391771759355,"nonsyn","nonsyn","nonsyn",4.2e-06,5.36e-07,1.17e-06,1.17e-06,"0.00338590000000001","0.002829645","0.002592632","0.00565928999999999","G","G","S","R","C",1,1,0,0,1,1,0
"3821",4084,4845,4845,"g","g","a","a",0.00247678018575851,0.00247678018575851,0,0,0,0,0,0,0.00247678018575851,0.00247678018575851,0.00247678018575851,0.00247678018575851,"nonsyn","nonsyn","nonsyn",4.2e-06,5.36e-07,1.17e-06,1.17e-06,"0.00169575","1","1","1","G","G","D","A","V",1,1,1,0,0,0,0
"3822",4085,4851,4851,"c","c","t","t",0.00288600288600289,0.00288600288600289,0.000824572253143682,0.000824572253143682,0.000824572253143682,0,0.000824572253143682,0,0.00371057513914657,0.00371057513914657,0.00371057513914657,0.00371057513914657,"syn","syn","syn",4.58e-06,8.37e-07,4.33e-07,4.33e-07,"0.00158697","0.00052512075","0.00101507175","1","G","G","G","G","G",0,0,0,0,0,0,0
"3823",4086,4720,4720,"t","t","c","c",0.00275423728813559,0.00275423728813559,0.00190677966101695,0.00190677966101695,0.00105932203389831,0.000847457627118644,0.00105932203389831,0.000847457627118644,0.00466101694915254,0.00466101694915254,0.00466101694915254,0.00466101694915254,"nonsyn","nonsyn","nonsyn",1.7e-05,1.07e-06,1.21e-06,1.21e-06,"0.0061723076923077","0.000634577777777778","0.00101008","0.0014278","Y","Y","H","N","D",1,1,1,0,1,0,1
"3824",4087,4927,4927,"a","a","g","g",0.00568297138217983,0.00568297138217983,0.00223259590014207,0.00223259590014207,0.00182666937284352,0.000405926527298559,0.00182666937284352,0.000405926527298559,0.0079155672823219,0.0079155672823219,0.0079155672823219,0.0079155672823219,"nonsyn","nonsyn","nonsyn",1.77e-05,1.76e-06,1.7e-06,1.7e-06,"0.00311456785714285","0.000761445454545456","0.00096350222222222","0.00418795","Y","Y","C","S","F",1,1,0,0,0,0,0
"3825",4088,4943,4943,"c","c","t","t",0.000606918875177018,0.000606918875177018,0,0,0,0,0,0,0.000606918875177018,0.000606918875177018,0.000606918875177018,0.000606918875177018,"syn","stop","stop",4.58e-06,8.37e-07,4.33e-07,4.33e-07,"0.00754631333333333","1","1","1","Y","Y","Y","*","*",0,1,1,0,0,0,0
"3826",4089,4993,4997,"a","a","g","g",0.00280392549569397,0.00280392549569397,0.000801121570198278,0.000801121570198278,0.000200280392549569,0.000600841177648708,0.000200280392549569,0.000600841177648708,0.00360504706589225,0.00360504706589225,0.00360216129677807,0.00360216129677807,"nonsyn","nonsyn","stop",1.77e-05,1.76e-06,1.7e-06,1.7e-06,"0.00631257857142858","0.002122025","0.00878768000000002","0.00282936666666667","K","K","E","Q","*",1,1,1,1,0,0,0
"3827",4090,4996,4996,"a","a","g","g",0.00280224179343475,0.00280224179343475,0.000800640512409928,0.000800640512409928,0.000400320256204964,0.000400320256204964,0.000400320256204964,0.000400320256204964,0.00360288230584468,0.00360288230584468,0.00360288230584468,0.00360288230584468,"nonsyn","nonsyn","nonsyn",1.77e-05,1.76e-06,1.7e-06,1.7e-06,"0.00631637142857142","0.0021233","0.00439648","0.0042466","K","K","R","T","M",0,1,1,0,1,1,0
"3828",4091,4989,4989,"a","g","g","a",0.00340749649228302,0.99579073962718,0.000801763880537182,0.000801763880537182,0,0.000801763880537182,0,0.000801763880537182,0.0042092603728202,0.996592503507717,0.0042092603728202,0.996592503507717,"syn","nonsyn","nonsyn",4.2e-06,5.36e-07,1.17e-06,1.17e-06,"4.2177536231884e-06","0.0014592825","1","0.0014592825","K","K","K","N","N",0,1,1,0,1,1,0
"3829",4092,5034,5034,"g","g","a","a",0.000397298371076679,0.000397298371076679,0,0,0,0,0,0,0.000397298371076679,0.000397298371076679,0.000397298371076679,0.000397298371076679,"nonsyn","nonsyn","nonsyn",4.2e-06,5.36e-07,1.17e-06,1.17e-06,"0.0105714","1","1","1","V","V","M","L","L",0,0,0,0,0,0,0
"3830",4093,5014,5014,"t","t","c","c",0.00438771439968089,0.00438771439968089,0.000199441563621859,0.000199441563621859,0.000199441563621859,0,0.000199441563621859,0,0.00458715596330275,0.00458715596330275,0.00458715596330275,0.00458715596330275,"nonsyn","nonsyn","nonsyn",1.7e-05,1.07e-06,1.21e-06,1.21e-06,"0.00387445454545455","0.00606693999999999","0.00536497999999999","1","V","V","A","E","G",0,1,1,1,0,0,0
"3831",4094,5035,5035,"g","g","a","a",0.00218470705064548,0.00218470705064548,0.000595829195630586,0.000595829195630586,0,0.000595829195630586,0,0.000595829195630586,0.00278053624627607,0.00278053624627607,0.00278053624627607,0.00278053624627607,"syn","syn","syn",4.2e-06,5.36e-07,1.17e-06,1.17e-06,"0.00192245454545455","0.00196365","1","0.00196365","V","V","V","V","V",0,0,0,0,0,0,0
"3832",4095,5083,5083,"c","t","t","c",0.00196734212079481,0.997639189455046,0.000393468424158961,0.000393468424158961,0.000393468424158961,0,0.000393468424158961,0,0.00236081054495377,0.998032657879205,0.00236081054495377,0.998032657879205,"syn","nonsyn","nonsyn",1.7e-05,1.07e-06,1.21e-06,1.21e-06,"1.70402287517255e-05","0.003075215","0.002719405","1","L","L","L","M","V",0,0,0,0,0,0,0
"3833",4096,5059,5059,"t","t","c","c",0.00513935560387428,0.00513935560387428,0.000593002569677802,0.000593002569677802,0,0.000593002569677802,0,0.000593002569677802,0.00573235817355209,0.00573235817355209,0.00573235817355209,0.00573235817355209,"nonsyn","stop","nonsyn",1.7e-05,1.07e-06,1.21e-06,1.21e-06,"0.00330780769230769","0.00204046333333333","1","0.00204046333333333","L","L","S","*","W",1,1,0,1,0,0,0
"3834",4097,5154,5154,"a","g","g","a",0.00679084206441599,0.992045013581684,0.00116414435389988,0.00116414435389988,0.000194024058983314,0.00097012029491657,0.000194024058983314,0.00097012029491657,0.00795498641831587,0.993209157935584,0.00795498641831587,0.993209157935584,"syn","nonsyn","nonsyn",4.2e-06,5.36e-07,1.17e-06,1.17e-06,"4.23367885781342e-06","0.00100503","0.002762544","0.001206036","L","L","L","F","F",0,0,0,0,1,1,0
"3835",4098,5168,5168,"g","g","a","a",0.0011609907120743,0.0011609907120743,0,0,0,0,0,0,0.0011609907120743,0.0011609907120743,0.0011609907120743,0.0011609907120743,"nonsyn","nonsyn","nonsyn",4.2e-06,5.36e-07,1.17e-06,1.17e-06,"0.00361760000000001","1","1","1","V","V","M","L","L",0,0,0,0,0,0,0
"3836",4099,5143,5143,"t","t","c","c",0.00330546373711841,0.00330546373711841,0.000388878086719813,0.000388878086719813,0.000194439043359907,0.000194439043359907,0.000194439043359907,0.000194439043359907,0.00369434182383823,0.00369434182383823,0.00369434182383823,0.00369434182383823,"nonsyn","nonsyn","nonsyn",1.7e-05,1.07e-06,1.21e-06,1.21e-06,"0.00514300000000001","0.003111515","0.00550300999999999","0.00622302999999999","V","V","A","E","G",0,1,1,1,0,0,0
"3837",4100,5174,5174,"g","g","a","a",0.00173946656358717,0.00173946656358717,0.000386548125241593,0.000386548125241593,0,0.000386548125241593,0,0.000386548125241593,0.00212601468882876,0.00212601468882876,0.00212601468882876,0.00212601468882876,"syn","syn","syn",4.2e-06,5.36e-07,1.17e-06,1.17e-06,"0.00241453333333333","0.00302679","1","0.00302679","V","V","V","V","V",0,0,0,0,0,0,0
"3838",4101,5173,5173,"c","c","t","t",0.0023197370964624,0.0023197370964624,0.0003866228494104,0.0003866228494104,0.0003866228494104,0,0.0003866228494104,0,0.0027063599458728,0.0027063599458728,0.0027063599458728,0.0027063599458728,"nonsyn","nonsyn","nonsyn",4.58e-06,8.37e-07,4.33e-07,4.33e-07,"0.00197436166666667","0.0011199545","0.0021649005","1","L","L","F","I","V",0,0,0,0,0,0,0
"3839",4102,5131,5131,"t","t","c","c",0.00545702592087312,0.00545702592087312,0,0,0,0,0,0,0.00545702592087312,0.00545702592087312,0.00545702592087312,0.00545702592087312,"nonsyn","nonsyn","nonsyn",1.7e-05,1.07e-06,1.21e-06,1.21e-06,"0.00311525","1","1","1","L","L","P","H","R",1,1,1,0,1,0,1
"3840",4103,5131,5131,"c","c","t","t",0.00175404404599493,0.00175404404599493,0.000584681348664978,0.000584681348664978,0.000389787565776652,0.000194893782888326,0.000389787565776652,0.000194893782888326,0.00233872539465991,0.00233872539465991,0.00233872539465991,0.00233872539465991,"syn","syn","syn",4.58e-06,8.37e-07,4.33e-07,4.33e-07,"0.00261110888888889","0.000740574333333333","0.0021473235","0.002221723","L","L","L","L","L",0,0,0,0,0,0,0
"3841",4104,5140,5140,"a","a","g","g",0.00272373540856031,0.00272373540856031,0.000389105058365759,0.000389105058365759,0.000389105058365759,0,0.000389105058365759,0,0.00311284046692607,0.00311284046692607,0.00311284046692607,0.00311284046692607,"nonsyn","nonsyn","nonsyn",1.77e-05,1.76e-06,1.7e-06,1.7e-06,"0.00649842857142858","0.004369","0.0045232","1","N","N","D","H","Y",1,1,1,1,0,0,0
"3842",4105,5140,5140,"a","a","g","g",0.00369649805447471,0.00369649805447471,0.000389105058365759,0.000389105058365759,0.000194552529182879,0.000194552529182879,0.000194552529182879,0.000194552529182879,0.00408560311284047,0.00408560311284047,0.00408560311284047,0.00408560311284047,"nonsyn","nonsyn","nonsyn",1.77e-05,1.76e-06,1.7e-06,1.7e-06,"0.00478831578947368","0.004369","0.00904640000000002","0.00873800000000002","N","N","S","T","I",0,0,1,0,0,0,0
"3843",4106,5108,5108,"c","c","t","t",0.0197729052466719,0.0197729052466719,0.000195771339075959,0.000195771339075959,0,0.000195771339075959,0,0.000195771339075959,0.0199686765857478,0.0199686765857478,0.0199686765857478,0.0199686765857478,"syn","nonsyn","nonsyn",4.58e-06,8.37e-07,4.33e-07,4.33e-07,"0.000231630099009901","0.002211764","1","0.002211764","N","N","N","K","K",0,1,1,0,0,0,0
"3844",4107,5100,5100,"c","c","t","t",0.000980392156862745,0.000980392156862745,0.000392156862745098,0.000392156862745098,0.000392156862745098,0,0.000392156862745098,0,0.00137254901960784,0.00137254901960784,0.00137254901960784,0.00137254901960784,"nonsyn","nonsyn","nonsyn",4.58e-06,8.37e-07,4.33e-07,4.33e-07,"0.0046716","0.00110415","0.00213435","1","P","P","S","T","A",1,1,1,0,1,0,1
"3845",4108,5096,5096,"c","c","t","t",0.000784929356357928,0.000784929356357928,0.00117739403453689,0.00117739403453689,0.00117739403453689,0,0.00117739403453689,0,0.00196232339089482,0.00196232339089482,0.00196232339089482,0.00196232339089482,"nonsyn","nonsyn","nonsyn",4.58e-06,8.37e-07,4.33e-07,4.33e-07,"0.00583492","0.000367761333333334","0.000710892000000001","1","P","P","L","H","R",1,1,1,0,1,0,1
"3846",4109,5117,5119,"t","c","c","t",0.00469024819230018,0.9937463357436,0.00156341606410006,0.00156341606410006,0.00156341606410006,0,0.00156341606410006,0,0.00625366425640023,0.9953097518077,0.00625122094159015,0.994920882984958,"syn","syn","syn",4.58e-06,8.37e-07,4.33e-07,4.33e-07,"4.60882202556539e-06","0.000276957625","0.000535366125","1","P","P","P","P","P",0,0,0,0,1,0,1
"3847",4110,5157,5157,"t","t","c","c",0.00252084545278263,0.00252084545278263,0.00058173356602676,0.00058173356602676,0.000387822377351173,0.000193911188675587,0.000387822377351173,0.000193911188675587,0.00310257901880939,0.00310257901880939,0.00310257901880939,0.00310257901880939,"nonsyn","nonsyn","nonsyn",1.7e-05,1.07e-06,1.21e-06,1.21e-06,"0.00674376923076922","0.00207999","0.002758995","0.00623996999999999","S","S","P","T","A",1,0,1,0,1,0,1
"3848",4111,5194,5194,"c","c","t","t",0.000770119368502118,0.000770119368502118,0.000192529842125529,0.000192529842125529,0.000192529842125529,0,0.000192529842125529,0,0.000962649210627647,0.000962649210627647,0.000962649210627647,0.000962649210627647,"nonsyn","nonsyn","nonsyn",4.58e-06,8.37e-07,4.33e-07,4.33e-07,"0.00594713","0.00224900200000001","0.00434737800000001","1","S","S","F","Y","C",1,1,1,0,0,0,0
"3849",4112,5216,5216,"c","t","t","c",0.00210889570552147,0.997507668711656,0.000383435582822086,0.000383435582822086,0.000383435582822086,0,0.000383435582822086,0,0.00249233128834356,0.997891104294479,0.00249233128834356,0.997891104294479,"syn","syn","syn",1.7e-05,1.07e-06,1.21e-06,1.21e-06,"1.70424754949068e-05","0.00315568","0.00279056","1","S","S","S","S","S",0,0,0,1,1,0,1
"3850",4113,5218,5218,"g","g","a","a",0.00287466462246071,0.00287466462246071,0,0,0,0,0,0,0.00287466462246071,0.00287466462246071,0.00287466462246071,0.00287466462246071,"nonsyn","nonsyn","nonsyn",4.2e-06,5.36e-07,1.17e-06,1.17e-06,"0.00146104","1","1","1","V","V","I","L","F",0,0,0,0,0,0,0
"3851",4114,5185,5185,"t","t","c","c",0.00038572806171649,0.00038572806171649,0,0,0,0,0,0,0.00038572806171649,0.00038572806171649,0.00038572806171649,0.00038572806171649,"nonsyn","nonsyn","nonsyn",1.7e-05,1.07e-06,1.21e-06,1.21e-06,"0.0440725","1","1","1","V","V","A","D","G",0,1,1,0,0,0,0
"3852",4115,5227,5227,"t","t","c","c",0.00497417256552516,0.00497417256552516,0.000382628658886551,0.000382628658886551,0.000382628658886551,0,0.000382628658886551,0,0.00535680122441171,0.00535680122441171,0.00535680122441171,0.00535680122441171,"syn","syn","syn",1.7e-05,1.07e-06,1.21e-06,1.21e-06,"0.00341765384615384","0.003162335","0.002796445","1","V","V","V","V","V",0,0,0,1,0,0,0
"3853",4116,5238,5238,"g","g","a","a",0.00171821305841924,0.00171821305841924,0.000190912562046583,0.000190912562046583,0,0.000190912562046583,0,0.000190912562046583,0.00190912562046583,0.00190912562046583,0.00190912562046583,0.00190912562046583,"nonsyn","nonsyn","nonsyn",4.2e-06,5.36e-07,1.17e-06,1.17e-06,"0.00244440000000001","0.00612845999999999","1","0.00612845999999999","A","A","T","P","S",1,1,1,0,0,0,0
"3854",4117,5252,5252,"c","c","t","t",0.000952018278750952,0.000952018278750952,0.00019040365575019,0.00019040365575019,0.00019040365575019,0,0.00019040365575019,0,0.00114242193450114,0.00114242193450114,0.00114242193450114,0.00114242193450114,"nonsyn","nonsyn","nonsyn",4.58e-06,8.37e-07,4.33e-07,4.33e-07,"0.004810832","0.002274116","0.00439592400000001","1","A","A","V","D","G",0,1,1,0,0,0,0
"3855",4118,5287,5287,"c","t","t","c",0.00397200680915453,0.995838850009457,0.000189143181388311,0.000189143181388311,0.000189143181388311,0,0.000189143181388311,0,0.00416114999054284,0.996027993190845,0.00416114999054284,0.996027993190845,"syn","syn","syn",1.7e-05,1.07e-06,1.21e-06,1.21e-06,"1.70710351377018e-05","0.00639727","0.00565709","1","A","A","A","A","A",0,0,0,1,1,0,1
"3856",4119,5303,5303,"g","g","a","a",0.00207429756741467,0.00207429756741467,0.000377145012257213,0.000377145012257213,0.000188572506128606,0.000188572506128606,0.000188572506128606,0.000188572506128606,0.00245144257967188,0.00245144257967188,0.00245144257967188,0.00245144257967188,"nonsyn","nonsyn","nonsyn",4.2e-06,5.36e-07,1.17e-06,1.17e-06,"0.00202478181818182","0.003102255","0.00284240800000001","0.00620451000000001","A","A","T","P","S",1,1,1,0,0,0,0
"3857",4120,5305,5305,"c","c","t","t",0.00245051837888784,0.00245051837888784,0.000188501413760603,0.000188501413760603,0.000188501413760603,0,0.000188501413760603,0,0.00263901979264844,0.00263901979264844,0.00263901979264844,0.00263901979264844,"nonsyn","nonsyn","nonsyn",4.58e-06,8.37e-07,4.33e-07,4.33e-07,"0.00186899230769231","0.002297065","0.004440285","1","A","A","V","E","G",0,1,1,0,0,0,0
"3858",4121,5292,5292,"a","a","g","g",0.00453514739229025,0.00453514739229025,0.000944822373393802,0.000944822373393802,0,0.000944822373393802,0,0.000944822373393802,0.00547996976568405,0.00547996976568405,0.00547996976568405,0.00547996976568405,"syn","syn","syn",1.77e-05,1.76e-06,1.7e-06,1.7e-06,"0.00390285","0.00179928","1","0.00179928","A","A","A","A","A",0,0,0,1,0,0,0
"3859",4122,5286,5286,"a","a","g","g",0.00283768444948922,0.00283768444948922,0.000189178963299281,0.000189178963299281,0.000189178963299281,0,0.000189178963299281,0,0.0030268634127885,0.0030268634127885,0.0030268634127885,0.0030268634127885,"nonsyn","nonsyn","nonsyn",1.77e-05,1.76e-06,1.7e-06,1.7e-06,"0.00623747999999999","0.00898620000000001","0.00930336000000001","1","T","T","A","P","S",1,1,0,0,0,0,0
"3860",4123,5303,5303,"c","c","t","t",0.000754290024514426,0.000754290024514426,0.000377145012257213,0.000377145012257213,0.000188572506128606,0.000188572506128606,0.000188572506128606,0.000188572506128606,0.00113143503677164,0.00113143503677164,0.00113143503677164,0.00113143503677164,"nonsyn","nonsyn","nonsyn",4.58e-06,8.37e-07,4.33e-07,4.33e-07,"0.006071935","0.0011480995","0.00443861100000001","0.00229619900000001","T","T","M","K","R",1,1,1,0,0,0,0
"3861",4124,5298,5298,"a","g","g","a",0.00339750849377123,0.9960362400906,0.000566251415628539,0.000566251415628539,0.000566251415628539,0,0.000566251415628539,0,0.00396375990939977,0.996602491506229,0.00396375990939977,0.996602491506229,"syn","syn","syn",4.2e-06,5.36e-07,1.17e-06,1.17e-06,"4.21671404206936e-06","0.00206622","0.000946576","1","T","T","T","T","T",0,0,0,0,0,0,0
"3862",4125,5334,5334,"c","c","t","t",0.00112485939257593,0.00112485939257593,0.000187476565429321,0.000187476565429321,0.000187476565429321,0,0.000187476565429321,0,0.00131233595800525,0.00131233595800525,0.00131233595800525,0.00131233595800525,"syn","nonsyn","nonsyn",4.58e-06,8.37e-07,4.33e-07,4.33e-07,"0.00407161999999999","0.002309622","0.00446455800000001","1","L","L","L","M","V",0,0,0,0,0,0,0
"3863",4126,5345,5345,"t","t","c","c",0.00243217960710945,0.00243217960710945,0.000748362956033676,0.000748362956033676,0.000748362956033676,0,0.000748362956033676,0,0.00318054256314312,0.00318054256314312,0.00318054256314312,0.00318054256314312,"nonsyn","nonsyn","nonsyn",1.7e-05,1.07e-06,1.21e-06,1.21e-06,"0.00698961538461538","0.0016168625","0.0014297875","1","L","L","P","Q","R",1,1,1,1,1,0,1
"3864",4127,5402,5402,"t","g","c","a",0.00370233246945576,0.000555349870418364,0.000925583117363939,0.999074416882636,0.000555349870418364,0.000370233246945576,0.00370233246945576,0.99537208441318,0.0046279155868197,0.999629766753054,0.0046279155868197,0.999629766753054,"syn","syn","syn",4.2e-06,5.36e-07,1.17e-06,1.17e-06,"0.00756279999999999","1.17108393551973e-06","0.0001447736","1.17543983633997e-06","L","L","L","L","L",0,0,0,0,1,1,0
"3865",4128,5425,5426,"g","g","a","a",0.00202764976958525,0.00202764976958525,0,0,0,0,0,0,0.00202764976958525,0.00202764976958525,0.00202727607814228,0.00202727607814228,"nonsyn","nonsyn","nonsyn",4.2e-06,5.36e-07,1.17e-06,1.17e-06,"0.00207136363636364","1","1","1","G","G","S","R","C",1,1,0,0,1,1,0
"3866",4129,5439,5439,"g","g","a","a",0.00128700128700129,0.00128700128700129,0,0,0,0,0,0,0.00128700128700129,0.00128700128700129,0.00128700128700129,0.00128700128700129,"nonsyn","nonsyn","nonsyn",4.2e-06,5.36e-07,1.17e-06,1.17e-06,"0.00326339999999999","1","1","1","G","G","D","A","V",1,1,1,0,0,0,0
"3867",4130,5456,5457,"c","c","t","t",0.00109970674486804,0.00109970674486804,0.00146627565982405,0.00146627565982405,0.000549853372434018,0.000916422287390029,0.000549853372434018,0.000916422287390029,0.00256598240469208,0.00256598240469208,0.00256551218618288,0.00256551218618288,"syn","syn","syn",4.58e-06,8.37e-07,4.33e-07,4.33e-07,"0.00416474666666665","0.000295305999999999","0.001522224","0.0004724896","G","G","G","G","G",0,0,0,0,0,0,0
"3868",4131,5402,5407,"t","t","c","c",0.0046279155868197,0.0046279155868197,0.000185116623472788,0.000185116623472788,0.000185116623472788,0,0.000185116623472788,0,0.00481303221029248,0.00481303221029248,0.0048085814684668,0.0048085814684668,"nonsyn","nonsyn","nonsyn",1.7e-05,1.07e-06,1.21e-06,1.21e-06,"0.00367336","0.00653642","0.00578014","1","F","F","L","I","V",0,0,0,0,1,0,1
"3869",4132,5400,5400,"t","t","c","c",0.00148148148148148,0.00148148148148148,0.00037037037037037,0.00037037037037037,0.00037037037037037,0,0.00037037037037037,0,0.00185185185185185,0.00185185185185185,0.00185185185185185,0.00185185185185185,"nonsyn","nonsyn","nonsyn",1.7e-05,1.07e-06,1.21e-06,1.21e-06,"0.011475","0.003267","0.002889","1","F","F","S","Y","C",1,0,1,0,0,0,0
"3870",4133,5430,5430,"t","t","c","c",0.00184162062615101,0.00184162062615101,0.000184162062615101,0.000184162062615101,0,0.000184162062615101,0,0.000184162062615101,0.00202578268876611,0.00202578268876611,0.00202578268876611,0.00202578268876611,"syn","nonsyn","nonsyn",1.7e-05,1.07e-06,1.21e-06,1.21e-06,"0.00923100000000002","0.00657030000000001","1","0.00657030000000001","F","F","F","L","L",0,0,0,1,0,0,0
"3871",4134,5448,5448,"g","g","a","a",0.0012848751835536,0.0012848751835536,0,0,0,0,0,0,0.0012848751835536,0.0012848751835536,0.0012848751835536,0.0012848751835536,"nonsyn","nonsyn","nonsyn",4.2e-06,5.36e-07,1.17e-06,1.17e-06,"0.00326879999999999","1","1","1","G","G","S","R","C",1,1,0,0,1,1,0
"3872",4135,5451,5451,"g","g","a","a",0.00238488350761328,0.00238488350761328,0.000366905155017428,0.000366905155017428,0.000183452577508714,0.000183452577508714,0.000183452577508714,0.000183452577508714,0.00275178866263071,0.00275178866263071,0.00275178866263071,0.00275178866263071,"nonsyn","nonsyn","nonsyn",4.2e-06,5.36e-07,1.17e-06,1.17e-06,"0.00176109230769231","0.003188835","0.002921736","0.00637767","G","G","D","A","V",1,1,1,0,0,0,0
"3873",4136,5422,5422,"t","t","c","c",0.0016599040944301,0.0016599040944301,0.000184433788270011,0.000184433788270011,0.000184433788270011,0,0.000184433788270011,0,0.00184433788270011,0.00184433788270011,0.00184433788270011,0.00184433788270011,"syn","syn","syn",1.7e-05,1.07e-06,1.21e-06,1.21e-06,"0.0102415555555556","0.00656062","0.00580154","1","G","G","G","G","G",0,0,0,1,0,0,0
"3874",4137,5450,5450,"g","g","a","a",0.00293577981651376,0.00293577981651376,0.00018348623853211,0.00018348623853211,0,0.00018348623853211,0,0.00018348623853211,0.00311926605504587,0.00311926605504587,0.00311926605504587,0.00311926605504587,"nonsyn","nonsyn","nonsyn",4.2e-06,5.36e-07,1.17e-06,1.17e-06,"0.001430625","0.0063765","1","0.0063765","A","A","T","P","S",1,1,1,0,0,0,0
"3875",4138,5491,5491,"c","c","t","t",0.00109269714077581,0.00109269714077581,0.000182116190129302,0.000182116190129302,0.000182116190129302,0,0.000182116190129302,0,0.00127481333090512,0.00127481333090512,0.00127481333090512,0.00127481333090512,"nonsyn","nonsyn","nonsyn",4.58e-06,8.37e-07,4.33e-07,4.33e-07,"0.00419146333333335","0.00237760300000001","0.00459596700000001","1","A","A","V","D","G",0,1,1,0,0,0,0
"3876",4139,5332,5332,"t","t","c","c",0.0438859714928732,0.0438859714928732,0.00018754688672168,0.00018754688672168,0.00018754688672168,0,0.00018754688672168,0,0.0440735183795949,0.0440735183795949,0.0440735183795949,0.0440735183795949,"syn","syn","syn",1.7e-05,1.07e-06,1.21e-06,1.21e-06,"0.000387367521367521","0.00645172000000001","0.00570524000000001","1","A","A","A","A","A",0,0,0,0,1,0,1
"3877",4140,5568,5568,"t","t","c","c",0.00413074712643678,0.00413074712643678,0.00125718390804598,0.00125718390804598,0.00125718390804598,0,0.00125718390804598,0,0.00538793103448276,0.00538793103448276,0.00538793103448276,0.00538793103448276,"nonsyn","nonsyn","nonsyn",1.7e-05,1.07e-06,1.21e-06,1.21e-06,"0.00411547826086957","0.000962468571428569","0.000851108571428569","1","Y","Y","H","N","D",1,1,1,0,0,0,0
"3878",4141,5557,5558,"a","a","g","g",0.00215943854597805,0.00215943854597805,0.000359906424329674,0.000359906424329674,0,0.000359906424329674,0,0.000359906424329674,0.00251934497030772,0.00251934497030772,0.00251889168765743,0.00251889168765743,"nonsyn","nonsyn","nonsyn",1.77e-05,1.76e-06,1.7e-06,1.7e-06,"0.00819657499999998","0.00472345","1","0.00472345","Y","Y","C","S","F",1,1,0,0,0,0,0
"3879",4142,5602,5603,"c","c","t","t",0.00178507675830061,0.00178507675830061,0,0,0,0,0,0,0.00178507675830061,0.00178507675830061,0.00178475816526861,0.00178475816526861,"syn","stop","stop",4.58e-06,8.37e-07,4.33e-07,4.33e-07,"0.002565716","1","1","1","Y","Y","Y","*","*",0,1,1,0,0,0,0
"3880",4143,5601,5601,"a","a","g","g",0.00374933047670059,0.00374933047670059,0.000892697732547759,0.000892697732547759,0,0.000892697732547759,0,0.000892697732547759,0.00464202820924835,0.00464202820924835,0.00464202820924835,0.00464202820924835,"nonsyn","nonsyn","nonsyn",1.77e-05,1.76e-06,1.7e-06,1.7e-06,"0.00472084285714286","0.00190434","1","0.00190434","M","M","V","L","L",0,0,0,1,0,0,0
"3881",4144,5547,5547,"t","t","c","c",0.00486749594375338,0.00486749594375338,0.00126194339282495,0.00126194339282495,0.00108166576527853,0.000180277627546421,0.00108166576527853,0.000180277627546421,0.00612943933657833,0.00612943933657833,0.00612943933657833,0.00612943933657833,"nonsyn","nonsyn","nonsyn",1.7e-05,1.07e-06,1.21e-06,1.21e-06,"0.00349255555555556","0.000958838571428572","0.000989214999999999","0.00671187000000002","M","M","T","K","R",1,1,1,1,0,0,0
"3882",4145,5616,5616,"g","g","a","a",0.00089031339031339,0.00089031339031339,0,0,0,0,0,0,0.00089031339031339,0.00089031339031339,0.00089031339031339,0.00089031339031339,"nonsyn","nonsyn","nonsyn",4.2e-06,5.36e-07,1.17e-06,1.17e-06,"0.00471744","1","1","1","M","M","I","I","I",0,0,0,0,0,0,0
"3883",4146,5603,5603,"t","t","c","c",0.00660360521149384,0.00660360521149384,0.000356951633053721,0.000356951633053721,0.000356951633053721,0,0.000356951633053721,0,0.00696055684454756,0.00696055684454756,0.00696055684454756,0.00696055684454756,"nonsyn","nonsyn","nonsyn",1.7e-05,1.07e-06,1.21e-06,1.21e-06,"0.00257435135135135","0.003389815","0.002997605","1","S","S","P","T","A",1,0,1,0,0,0,0
"3884",4147,5634,5635,"c","c","t","t",0.00106496272630458,0.00106496272630458,0.00070997515086972,0.00070997515086972,0.00053248136315229,0.00017749378771743,0.00053248136315229,0.00017749378771743,0.0017749378771743,0.0017749378771743,0.00177462289263532,0.00177462289263532,"nonsyn","nonsyn","nonsyn",4.58e-06,8.37e-07,4.33e-07,4.33e-07,"0.00430062","0.0006098805","0.001571886","0.002439522","S","S","F","Y","C",1,1,1,0,0,0,0
"3885",4148,5624,5624,"c","c","t","t",0.000355618776671408,0.000355618776671408,0.000711237553342817,0.000711237553342817,0.000711237553342817,0,0.000711237553342817,0,0.00106685633001422,0.00106685633001422,0.00106685633001422,0.00106685633001422,"syn","syn","syn",4.58e-06,8.37e-07,4.33e-07,4.33e-07,"0.01287896","0.000608798","0.001176822","1","S","S","S","S","S",0,0,0,0,1,0,1
"3886",4149,5533,5536,"a","a","g","g",0.00289174046629315,0.00289174046629315,0.00108440267485993,0.00108440267485993,0.000180733779143322,0.000903668895716609,0.000180733779143322,0.000903668895716609,0.00397614314115308,0.00397614314115308,0.00397398843930636,0.00397398843930636,"nonsyn","nonsyn","stop",1.77e-05,1.76e-06,1.7e-06,1.7e-06,"0.00612088125","0.00156768333333334","0.00973807999999999","0.00188122","K","K","E","Q","*",1,1,1,1,0,0,0
"3887",4150,5408,5408,"a","a","g","g",0.00332840236686391,0.00332840236686391,0.000369822485207101,0.000369822485207101,0,0.000369822485207101,0,0.000369822485207101,0.00369822485207101,0.00369822485207101,0.00369822485207101,0.00369822485207101,"nonsyn","nonsyn","nonsyn",1.77e-05,1.76e-06,1.7e-06,1.7e-06,"0.00531786666666666","0.00459679999999999","1","0.00459679999999999","K","K","R","T","M",0,1,1,0,1,1,0
"3888",4151,5400,5400,"g","g","a","a",0.00203703703703704,0.00203703703703704,0.000555555555555556,0.000555555555555556,0.000185185185185185,0.00037037037037037,0.000185185185185185,0.00037037037037037,0.00259259259259259,0.00259259259259259,0.00259259259259259,0.00259259259259259,"syn","nonsyn","nonsyn",4.2e-06,5.36e-07,1.17e-06,1.17e-06,"0.00206181818181818","0.002106","0.0028944","0.003159","K","K","K","N","N",0,1,1,0,1,1,0
"3889",4152,5398,5398,"g","g","a","a",0.00203779177473138,0.00203779177473138,0.000555761393108559,0.000555761393108559,0.000370507595405706,0.000185253797702853,0.000370507595405706,0.000185253797702853,0.00259355316783994,0.00259355316783994,0.00259355316783994,0.00259355316783994,"nonsyn","nonsyn","nonsyn",4.2e-06,5.36e-07,1.17e-06,1.17e-06,"0.00206105454545455","0.00210522","0.001446664","0.00631566","A","A","T","P","S",1,1,1,0,0,0,0
"3890",4153,5391,5394,"c","c","t","t",0.000741977369690224,0.000741977369690224,0.000185494342422556,0.000185494342422556,0.000185494342422556,0,0.000185494342422556,0,0.000927471712112781,0.000927471712112781,0.00092695587690026,0.00092695587690026,"nonsyn","nonsyn","nonsyn",4.58e-06,8.37e-07,4.33e-07,4.33e-07,"0.006172695","0.002334303","0.004512267","1","A","A","V","D","G",0,1,1,0,0,0,0
"3891",4154,5401,5401,"c","c","t","t",0.00129605628587299,0.00129605628587299,0.000185150897981855,0.000185150897981855,0.000185150897981855,0,0.000185150897981855,0,0.00148120718385484,0.00148120718385484,0.00148120718385484,0.00148120718385484,"syn","syn","syn",4.58e-06,8.37e-07,4.33e-07,4.33e-07,"0.00353379714285713","0.002338633","0.00452063700000001","1","A","A","A","A","A",0,0,0,0,1,0,1
"3892",4155,5409,5409,"c","c","t","t",0.00240340173784433,0.00240340173784433,0.000554631170271769,0.000554631170271769,0.000369754113514513,0.000184877056757256,0.000369754113514513,0.000184877056757256,0.0029580329081161,0.0029580329081161,0.0029580329081161,0.0029580329081161,"nonsyn","nonsyn","nonsyn",4.58e-06,8.37e-07,4.33e-07,4.33e-07,"0.00190563230769231","0.000780699","0.0022636665","0.00234209700000001","H","H","Y","N","D",1,1,1,0,1,0,1
"3893",4156,5390,5390,"a","a","g","g",0.00204081632653061,0.00204081632653061,0.000556586270871985,0.000556586270871985,0.000185528756957328,0.000371057513914657,0.000185528756957328,0.000371057513914657,0.0025974025974026,0.0025974025974026,0.0025974025974026,0.0025974025974026,"nonsyn","nonsyn","nonsyn",1.77e-05,1.76e-06,1.7e-06,1.7e-06,"0.00867300000000001","0.00305433333333333","0.00948640000000002","0.0045815","H","H","R","P","L",0,1,1,1,0,0,0
"3894",4157,5656,5656,"t","t","c","c",0.00282885431400283,0.00282885431400283,0.00106082036775106,0.00106082036775106,0.00053041018387553,0.00053041018387553,0.00053041018387553,0.00053041018387553,0.00388967468175389,0.00388967468175389,0.00388967468175389,0.00388967468175389,"syn","nonsyn","nonsyn",1.7e-05,1.07e-06,1.21e-06,1.21e-06,"0.0060095","0.00114062666666667","0.00201730666666667","0.00228125333333334","H","H","H","Q","Q",0,1,1,1,0,0,0
"3895",4158,5619,5621,"g","g","a","a",0.00142374087915999,0.00142374087915999,0.000889838049474995,0.000889838049474995,0,0.000889838049474995,0,0.000889838049474995,0.00231357892863499,0.00231357892863499,0.00231275573741327,0.00231275573741327,"nonsyn","nonsyn","nonsyn",4.2e-06,5.36e-07,1.17e-06,1.17e-06,"0.00294997500000001","0.001314846","1","0.001314846","G","G","R","R","W",1,1,1,0,1,1,0
"3896",4159,5530,5530,"g","g","a","a",0.00126582278481013,0.00126582278481013,0.000723327305605787,0.000723327305605787,0,0.000723327305605787,0,0.000723327305605787,0.00198915009041591,0.00198915009041591,0.00198915009041591,0.00198915009041591,"nonsyn","nonsyn","nonsyn",4.2e-06,5.36e-07,1.17e-06,1.17e-06,"0.00331799999999999","0.001617525","1","0.001617525","G","G","E","A","V",1,1,1,0,1,1,0
"3897",4160,5531,5532,"g","g","a","a",0.00180799132164166,0.00180799132164166,0.000361598264328331,0.000361598264328331,0,0.000361598264328331,0,0.000361598264328331,0.00216958958596999,0.00216958958596999,0.00216919739696312,0.00216919739696312,"syn","syn","syn",4.2e-06,5.36e-07,1.17e-06,1.17e-06,"0.00232301999999999","0.003235635","1","0.003235635","G","G","G","G","G",0,0,0,0,1,1,0
"3898",4161,5500,5500,"a","g","g","a",0.00309090909090909,0.996545454545455,0.000363636363636364,0.000363636363636364,0.000181818181818182,0.000181818181818182,0.000181818181818182,0.000181818181818182,0.00345454545454545,0.996909090909091,0.00345454545454545,0.996909090909091,"nonsyn","nonsyn","nonsyn",4.2e-06,5.36e-07,1.17e-06,1.17e-06,"4.21455938697318e-06","0.0032175","0.002948","0.00643499999999999","I","V","I","L","F",0,0,0,0,0,0,0
"3899",4162,5474,5474,"t","t","c","c",0.00292290829375228,0.00292290829375228,0.000182681768359518,0.000182681768359518,0.000182681768359518,0,0.000182681768359518,0,0.0031055900621118,0.0031055900621118,0.0031055900621118,0.0031055900621118,"nonsyn","nonsyn","nonsyn",1.7e-05,1.07e-06,1.21e-06,1.21e-06,"0.00581612500000001","0.00662353999999999","0.00585717999999999","1","I","V","A","D","G",0,1,1,0,0,0,0
"3900",4163,5468,5468,"c","t","t","c",0.0021945866861741,0.997805413313826,0,0,0,0,0,0,0.0021945866861741,0.997805413313826,0.0021945866861741,0.997805413313826,"syn","syn","syn",1.7e-05,1.07e-06,1.21e-06,1.21e-06,"1.70373900293255e-05","1","1","1","I","V","V","V","V",0,0,0,1,0,0,0
"3901",4164,5474,5474,"g","g","a","a",0.0020094994519547,0.0020094994519547,0,0,0,0,0,0,0.0020094994519547,0.0020094994519547,0.0020094994519547,0.0020094994519547,"nonsyn","nonsyn","nonsyn",4.2e-06,5.36e-07,1.17e-06,1.17e-06,"0.00209007272727272","1","1","1","D","D","N","H","Y",1,1,1,0,0,0,0
"3902",4165,5456,5456,"a","a","g","g",0.114736070381232,0.114736070381232,0.000549853372434018,0.000549853372434018,0.000366568914956012,0.000183284457478006,0.000366568914956012,0.000183284457478006,0.115285923753666,0.115285923753666,0.115285923753666,0.115285923753666,"nonsyn","nonsyn","nonsyn",1.77e-05,1.76e-06,1.7e-06,1.7e-06,"0.000154267092651757","0.00309173333333333","0.00480128","0.00927519999999999","D","D","G","A","V",1,1,1,0,0,0,0
"3903",4166,5503,5503,"t","t","c","c",0.00272578593494458,0.00272578593494458,0.000181719062329638,0.000181719062329638,0.000181719062329638,0,0.000181719062329638,0,0.00290750499727421,0.00290750499727421,0.00290750499727421,0.00290750499727421,"syn","nonsyn","nonsyn",1.7e-05,1.07e-06,1.21e-06,1.21e-06,"0.00623673333333332","0.00665863000000001","0.00588821000000001","1","D","D","D","E","E",0,0,0,0,0,0,0
"3904",4167,5564,5564,"c","c","t","t",0.00233644859813084,0.00233644859813084,0.000539180445722502,0.000539180445722502,0.000359453630481668,0.000179726815240834,0.000359453630481668,0.000179726815240834,0.00287562904385334,0.00287562904385334,0.00287562904385334,0.00287562904385334,"nonsyn","nonsyn","nonsyn",4.58e-06,8.37e-07,4.33e-07,4.33e-07,"0.00196024","0.000803070666666666","0.002328534","0.002409212","P","P","S","T","A",1,1,1,0,0,0,0
"3905",4168,5555,5555,"c","c","t","t",0.00072007200720072,0.00072007200720072,0.00054005400540054,0.00054005400540054,0.00054005400540054,0,0.00054005400540054,0,0.00126012601260126,0.00126012601260126,0.00126012601260126,0.00126012601260126,"nonsyn","nonsyn","nonsyn",4.58e-06,8.37e-07,4.33e-07,4.33e-07,"0.006360475","0.000801771666666667","0.001549845","1","P","P","L","H","R",1,1,1,0,1,0,1
"3906",4169,5473,5473,"t","t","c","c",0.00255801205919971,0.00255801205919971,0.00054814544125708,0.00054814544125708,0.00054814544125708,0,0.00054814544125708,0,0.00310615750045679,0.00310615750045679,0.00310615750045679,0.00310615750045679,"syn","syn","syn",1.7e-05,1.07e-06,1.21e-06,1.21e-06,"0.00664578571428571","0.00220744333333333","0.00195203666666667","1","P","P","P","P","P",0,0,0,0,1,0,1
"3907",4170,5695,5695,"a","a","g","g",0.0057945566286216,0.0057945566286216,0.000351185250219491,0.000351185250219491,0,0.000351185250219491,0,0.000351185250219491,0.00614574187884109,0.00614574187884109,0.00614574187884109,0.00614574187884109,"nonsyn","nonsyn","nonsyn",1.77e-05,1.76e-06,1.7e-06,1.7e-06,"0.00305459090909091","0.00484075","1","0.00484075","N","N","D","H","Y",1,1,1,0,0,0,0
"3908",4171,5691,5691,"a","a","g","g",0.00175716042874714,0.00175716042874714,0.000702864171498858,0.000702864171498858,0.000175716042874714,0.000527148128624143,0.000175716042874714,0.000527148128624143,0.002460024600246,0.002460024600246,0.002460024600246,0.002460024600246,"nonsyn","nonsyn","nonsyn",1.77e-05,1.76e-06,1.7e-06,1.7e-06,"0.01007307","0.002418675","0.01001616","0.0032249","N","N","S","T","I",0,0,1,0,0,0,0
"3909",4172,5707,5707,"c","t","t","c",0.000700893639390223,0.999123882950762,0.000175223409847556,0.000175223409847556,0.000175223409847556,0,0.000175223409847556,0,0.000876117049237778,0.99929910636061,0.000876117049237778,0.99929910636061,"syn","nonsyn","nonsyn",1.7e-05,1.07e-06,1.21e-06,1.21e-06,"1.70149070501578e-05","0.00690546999999999","0.00610648999999999","1","N","N","N","K","K",0,1,1,0,0,0,0
"3910",4173,5692,5692,"a","a","g","g",0.00245959241040056,0.00245959241040056,0,0,0,0,0,0,0.00245959241040056,0.00245959241040056,0.00245959241040056,0.00245959241040056,"nonsyn","nonsyn","nonsyn",1.77e-05,1.76e-06,1.7e-06,1.7e-06,"0.00719631428571429","1","1","1","I","I","V","L","F",0,0,0,0,0,0,0
"3911",4174,5634,5635,"t","t","c","c",0.00390486332978346,0.00390486332978346,0.00017749378771743,0.00017749378771743,0.00017749378771743,0,0.00017749378771743,0,0.00408235711750089,0.00408235711750089,0.00408163265306122,0.00408163265306122,"nonsyn","nonsyn","nonsyn",1.7e-05,1.07e-06,1.21e-06,1.21e-06,"0.00435354545454545","0.00681714","0.00602838","1","I","I","T","N","S",1,1,1,0,0,0,0
"3912",4175,5669,5669,"c","c","t","t",0.00105838772270242,0.00105838772270242,0,0,0,0,0,0,0.00105838772270242,0.00105838772270242,0.00105838772270242,0.00105838772270242,"syn","syn","nonsyn",4.58e-06,8.37e-07,4.33e-07,4.33e-07,"0.00432733666666665","1","1","1","I","I","I","I","M",0,0,0,0,0,0,0
"3913",4176,5509,5510,"a","a","g","g",0.00417498638591396,0.00417498638591396,0.0021782537665638,0.0021782537665638,0.000363042294427301,0.0018152114721365,0.000363042294427301,0.0018152114721365,0.00635324015247776,0.00635324015247776,0.00635208711433757,0.00635208711433757,"nonsyn","syn","nonsyn",1.77e-05,1.76e-06,1.7e-06,1.7e-06,"0.00423953478260869","0.000780441666666668","0.00484792","0.000936530000000002","R","R","G","R","W",1,0,1,1,1,1,0
"3914",4177,5627,5627,"g","g","a","a",0.00106628754220722,0.00106628754220722,0,0,0,0,0,0,0.00106628754220722,0.00106628754220722,0.00106628754220722,0.00106628754220722,"nonsyn","nonsyn","nonsyn",4.2e-06,5.36e-07,1.17e-06,1.17e-06,"0.00393889999999998","1","1","1","R","R","K","T","M",0,1,1,0,1,1,0
"3915",4178,5618,5618,"g","g","a","a",0.000177999288002848,0.000177999288002848,0.000177999288002848,0.000177999288002848,0,0.000177999288002848,0,0.000177999288002848,0.000355998576005696,0.000355998576005696,0.000355998576005696,0.000355998576005696,"syn","nonsyn","nonsyn",4.2e-06,5.36e-07,1.17e-06,1.17e-06,"0.0235956","0.00657306","1","0.00657306","R","R","R","S","S",0,1,1,0,0,0,0
"3916",4179,5588,5588,"a","a","g","g",0.00178954903364352,0.00178954903364352,0.000536864710093057,0.000536864710093057,0,0.000536864710093057,0,0.000536864710093057,0.00232641374373658,0.00232641374373658,0.00232641374373658,0.00232641374373658,"nonsyn","nonsyn","nonsyn",1.77e-05,1.76e-06,1.7e-06,1.7e-06,"0.00989076000000001","0.00316653333333333","1","0.00316653333333333","T","T","A","P","S",1,1,0,0,0,0,0
"3917",4180,5454,5454,"c","c","t","t",0.000733406674000733,0.000733406674000733,0,0,0,0,0,0,0.000733406674000733,0.000733406674000733,0.000733406674000733,0.000733406674000733,"nonsyn","nonsyn","nonsyn",4.58e-06,8.37e-07,4.33e-07,4.33e-07,"0.00624483","1","1","1","T","T","I","N","S",1,0,0,0,0,0,0
"3918",4181,5450,5450,"t","c","c","t",0.00146788990825688,0.997981651376147,0.00055045871559633,0.00055045871559633,0,0.00055045871559633,0,0.00055045871559633,0.00201834862385321,0.998532110091743,0.00201834862385321,0.998532110091743,"syn","syn","syn",4.58e-06,8.37e-07,4.33e-07,4.33e-07,"4.58926273211987e-06","0.000786616666666667","1","0.000786616666666667","T","T","T","T","T",0,0,0,0,1,0,1
"3919",4182,5440,5445,"g","g","a","a",0.00147058823529412,0.00147058823529412,0.000551470588235294,0.000551470588235294,0.000183823529411765,0.000367647058823529,0.000183823529411765,0.000367647058823529,0.00202205882352941,0.00202205882352941,0.00202020202020202,0.00202020202020202,"nonsyn","nonsyn","nonsyn",4.2e-06,5.36e-07,1.17e-06,1.17e-06,"0.002856","0.0021216","0.00291584","0.0031824","G","G","R","R","W",1,1,1,0,1,1,0
"3920",4183,5438,5438,"g","g","a","a",0.00331004045605002,0.00331004045605002,0.000367782272894446,0.000367782272894446,0,0.000367782272894446,0,0.000367782272894446,0.00367782272894446,0.00367782272894446,0.00367782272894446,0.00367782272894446,"nonsyn","nonsyn","nonsyn",4.2e-06,5.36e-07,1.17e-06,1.17e-06,"0.00126886666666667","0.00318123","1","0.00318123","G","G","E","A","V",1,1,1,0,1,1,0
"3921",4184,5491,5491,"g","g","a","a",0.00182116190129302,0.00182116190129302,0.000546348570387907,0.000546348570387907,0,0.000546348570387907,0,0.000546348570387907,0.00236751047168093,0.00236751047168093,0.00236751047168093,0.00236751047168093,"syn","syn","syn",4.2e-06,5.36e-07,1.17e-06,1.17e-06,"0.00230622000000001","0.00214149","1","0.00214149","G","G","G","G","G",0,0,0,0,1,1,0
"3922",4185,5474,5476,"g","g","a","a",0.00584581658750457,0.00584581658750457,0,0,0,0,0,0,0.00584581658750457,0.00584581658750457,0.0058436815193572,0.0058436815193572,"nonsyn","nonsyn","nonsyn",4.2e-06,5.36e-07,1.17e-06,1.17e-06,"0.0007184625","1","1","1","V","V","M","L","L",0,0,0,0,0,0,0
"3923",4186,5411,5412,"t","t","c","c",0.00388098318240621,0.00388098318240621,0,0,0,0,0,0,0.00388098318240621,0.00388098318240621,0.00388026607538803,0.00388026607538803,"nonsyn","nonsyn","nonsyn",1.7e-05,1.07e-06,1.21e-06,1.21e-06,"0.00438033333333333","1","1","1","V","V","A","E","G",0,1,1,1,0,0,0
"3924",4187,5427,5427,"g","g","a","a",0.000552791597567717,0.000552791597567717,0.000368527731711811,0.000368527731711811,0,0.000368527731711811,0,0.000368527731711811,0.000921319329279528,0.000921319329279528,0.000921319329279528,0.000921319329279528,"syn","syn","syn",4.2e-06,5.36e-07,1.17e-06,1.17e-06,"0.0075978","0.003174795","1","0.003174795","V","V","V","V","V",0,0,0,0,0,0,0
"3925",4188,5344,5344,"a","a","g","g",0.00449101796407186,0.00449101796407186,0.000561377245508982,0.000561377245508982,0.000187125748502994,0.000374251497005988,0.000187125748502994,0.000374251497005988,0.00505239520958084,0.00505239520958084,0.00505239520958084,0.00505239520958084,"nonsyn","syn","stop",1.77e-05,1.76e-06,1.7e-06,1.7e-06,"0.0039412","0.00302826666666667","0.00940544","0.0045424","R","R","G","R","*",1,0,1,0,1,1,0
"3926",4189,5589,5589,"g","g","a","a",0.000715691536947576,0.000715691536947576,0.000357845768473788,0.000357845768473788,0,0.000357845768473788,0,0.000357845768473788,0.00107353730542136,0.00107353730542136,0.00107353730542136,0.00107353730542136,"nonsyn","nonsyn","nonsyn",4.2e-06,5.36e-07,1.17e-06,1.17e-06,"0.00586845","0.003269565","1","0.003269565","R","R","K","T","I",0,1,1,0,0,0,0
"3927",4190,5488,5488,"a","a","g","g",0.0060131195335277,0.0060131195335277,0.0005466472303207,0.0005466472303207,0.000182215743440233,0.000364431486880466,0.000182215743440233,0.000364431486880466,0.0065597667638484,0.0065597667638484,0.0065597667638484,0.0065597667638484,"syn","nonsyn","nonsyn",1.77e-05,1.76e-06,1.7e-06,1.7e-06,"0.00294356363636363","0.00310986666666666","0.00965888000000001","0.00466480000000001","R","R","R","S","S",0,1,1,0,0,0,0
"3928",4191,5494,5494,"a","a","g","g",0.00819075354932654,0.00819075354932654,0,0,0,0,0,0,0.00819075354932654,0.00819075354932654,0.00819075354932654,0.00819075354932654,"nonsyn","nonsyn","nonsyn",1.77e-05,1.76e-06,1.7e-06,1.7e-06,"0.00216097333333333","1","1","1","T","T","A","P","S",1,1,0,0,0,0,0
"3929",4192,5500,5500,"c","c","t","t",0.00254545454545455,0.00254545454545455,0,0,0,0,0,0,0.00254545454545455,0.00254545454545455,0.00254545454545455,0.00254545454545455,"nonsyn","nonsyn","nonsyn",4.58e-06,8.37e-07,4.33e-07,4.33e-07,"0.00179928571428571","1","1","1","T","T","I","K","R",1,1,1,0,0,0,0
"3930",4193,5489,5490,"g","a","a","g",0.0366186919293132,0.962834760429951,0.000546547640736018,0.000546547640736018,0.000182182546912006,0.000364365093824012,0.000182182546912006,0.000364365093824012,0.0371652395700492,0.963381308070687,0.0371584699453552,0.963205828779599,"syn","syn","syn",1.77e-05,1.76e-06,1.7e-06,1.7e-06,"1.83832166508988e-05","0.00311043333333333","0.00966063999999999","0.00466565","T","T","T","T","T",0,0,0,1,0,0,0
"3931",4194,5542,5542,"a","a","g","g",0.00523276795380729,0.00523276795380729,0.000360880548538434,0.000360880548538434,0,0.000360880548538434,0,0.000360880548538434,0.00559364850234572,0.00559364850234572,0.00559364850234572,0.00559364850234572,"nonsyn","nonsyn","nonsyn",1.77e-05,1.76e-06,1.7e-06,1.7e-06,"0.00338253103448276","0.0047107","1","0.0047107","I","I","V","L","F",0,0,0,0,0,0,0
"3932",4195,5550,5553,"t","t","c","c",0.00198198198198198,0.00198198198198198,0.000900900900900901,0.000900900900900901,0.000540540540540541,0.00036036036036036,0.000540540540540541,0.00036036036036036,0.00288288288288288,0.00288288288288288,0.00288132540968846,0.00288132540968846,"nonsyn","nonsyn","nonsyn",1.7e-05,1.07e-06,1.21e-06,1.21e-06,"0.00857727272727274","0.0013431","0.0019795","0.00335775","I","I","T","N","S",1,1,1,0,0,0,0
"3933",4196,5549,5549,"t","t","c","c",0.00450531627320238,0.00450531627320238,0.000180212650928095,0.000180212650928095,0.000180212650928095,0,0.000180212650928095,0,0.00468552892413047,0.00468552892413047,0.00468552892413047,0.00468552892413047,"syn","syn","nonsyn",1.7e-05,1.07e-06,1.21e-06,1.21e-06,"0.00377332","0.00671429000000001","0.00593743","1","I","I","I","I","M",0,0,0,0,0,0,0
"3934",4197,5436,5436,"a","a","g","g",0.00202354672553348,0.00202354672553348,0.000551876379690949,0.000551876379690949,0.000551876379690949,0,0.000551876379690949,0,0.00257542310522443,0.00257542310522443,0.00257542310522443,0.00257542310522443,"nonsyn","nonsyn","nonsyn",1.77e-05,1.76e-06,1.7e-06,1.7e-06,"0.00874701818181818","0.0030804","0.00318912","1","T","T","A","P","S",1,1,0,0,0,0,0
"3935",4198,5566,5566,"c","c","t","t",0.00161696011498383,0.00161696011498383,0.000179662234998203,0.000179662234998203,0.000179662234998203,0,0.000179662234998203,0,0.00179662234998203,0.00179662234998203,0.00179662234998203,0.00179662234998203,"nonsyn","nonsyn","nonsyn",4.58e-06,8.37e-07,4.33e-07,4.33e-07,"0.00283247555555556","0.00241007800000001","0.00465874200000001","1","T","T","I","N","S",1,0,0,0,0,0,0
"3936",4199,5548,5548,"c","c","t","t",0.00234318673395818,0.00234318673395818,0.000180245133381399,0.000180245133381399,0.000180245133381399,0,0.000180245133381399,0,0.00252343186733958,0.00252343186733958,0.00252343186733958,0.00252343186733958,"syn","syn","syn",4.58e-06,8.37e-07,4.33e-07,4.33e-07,"0.00195460307692308","0.002402284","0.00464367599999999","1","T","T","T","T","T",0,0,0,0,1,0,1
"3937",4200,5511,5511,"a","a","g","g",0.0023589185265832,0.0023589185265832,0.000181455271275631,0.000181455271275631,0.000181455271275631,0,0.000181455271275631,0,0.00254037379785883,0.00254037379785883,0.00254037379785883,0.00254037379785883,"nonsyn","nonsyn","nonsyn",1.77e-05,1.76e-06,1.7e-06,1.7e-06,"0.00750343846153845","0.00936869999999998","0.00969935999999998","1","T","T","A","P","S",1,1,0,1,0,0,0
"3938",4201,5548,5548,"c","c","t","t",0.00162220620043259,0.00162220620043259,0.000720980533525595,0.000720980533525595,0.000540735400144196,0.000180245133381399,0.000540735400144196,0.000180245133381399,0.00234318673395818,0.00234318673395818,0.00234318673395818,0.00234318673395818,"nonsyn","nonsyn","nonsyn",4.58e-06,8.37e-07,4.33e-07,4.33e-07,"0.00282331555555555","0.000600571","0.001547892","0.002402284","T","T","I","N","S",1,0,0,0,0,0,0
"3939",4202,5538,5538,"c","t","t","c",0.00144456482484652,0.998194293968942,0.000361141206211629,0.000361141206211629,0.000361141206211629,0,0.000361141206211629,0,0.00180570603105814,0.998555435175153,0.00180570603105814,0.998555435175153,"syn","syn","syn",1.7e-05,1.07e-06,1.21e-06,1.21e-06,"1.70307525325615e-05","0.00335049","0.00296283","1","T","T","T","T","T",0,0,0,1,1,0,1
"3940",4203,5540,5540,"g","g","a","a",0.001985559566787,0.001985559566787,0.00036101083032491,0.00036101083032491,0,0.00036101083032491,0,0.00036101083032491,0.00234657039711191,0.00234657039711191,0.00234657039711191,0.00234657039711191,"nonsyn","nonsyn","nonsyn",4.2e-06,5.36e-07,1.17e-06,1.17e-06,"0.00211527272727273","0.0032409","1","0.0032409","G","G","S","R","C",1,1,0,0,1,1,0
"3941",4204,5454,5454,"g","g","a","a",0.00275027502750275,0.00275027502750275,0.000183351668500183,0.000183351668500183,0,0.000183351668500183,0,0.000183351668500183,0.00293362669600293,0.00293362669600293,0.00293362669600293,0.00293362669600293,"nonsyn","nonsyn","nonsyn",4.2e-06,5.36e-07,1.17e-06,1.17e-06,"0.00152712","0.00638118000000001","1","0.00638118000000001","G","G","D","A","V",1,1,1,0,0,0,0
"3942",4205,5440,5440,"c","c","t","t",0.00294117647058824,0.00294117647058824,0,0,0,0,0,0,0.00294117647058824,0.00294117647058824,0.00294117647058824,0.00294117647058824,"syn","syn","syn",4.58e-06,8.37e-07,4.33e-07,4.33e-07,"0.0015572","1","1","1","G","G","G","G","G",0,0,0,0,0,0,0
"3943",4206,5433,5433,"a","a","g","g",0.00312902632063317,0.00312902632063317,0.000920301859009755,0.000920301859009755,0.000184060371801951,0.000736241487207804,0.000184060371801951,0.000736241487207804,0.00404932817964292,0.00404932817964292,0.00404932817964292,0.00404932817964292,"nonsyn","nonsyn","nonsyn",1.77e-05,1.76e-06,1.7e-06,1.7e-06,"0.00565671176470588","0.00184722","0.00956208","0.002309025","S","S","G","R","C",1,1,1,1,1,1,0
"3944",4207,5413,5413,"g","g","a","a",0.00147792351745797,0.00147792351745797,0.000184740439682246,0.000184740439682246,0,0.000184740439682246,0,0.000184740439682246,0.00166266395714022,0.00166266395714022,0.00166266395714022,0.00166266395714022,"nonsyn","nonsyn","nonsyn",4.2e-06,5.36e-07,1.17e-06,1.17e-06,"0.002841825","0.00633321000000002","1","0.00633321000000002","S","S","N","T","I",0,0,1,0,0,0,0
"3945",4208,5408,5411,"c","c","t","t",0.00332840236686391,0.00332840236686391,0.000369822485207101,0.000369822485207101,0.000369822485207101,0,0.000369822485207101,0,0.00369822485207101,0.00369822485207101,0.00369617445943449,0.00369617445943449,"syn","nonsyn","nonsyn",4.58e-06,8.37e-07,4.33e-07,4.33e-07,"0.00137603555555555","0.001170832","0.002263248","1","S","S","S","R","R",0,1,1,0,0,0,0
"3946",4209,5436,5436,"c","c","t","t",0.00147167034584253,0.00147167034584253,0.000735835172921266,0.000735835172921266,0.000551876379690949,0.000183958793230316,0.000551876379690949,0.000183958793230316,0.0022075055187638,0.0022075055187638,0.0022075055187638,0.0022075055187638,"nonsyn","nonsyn","nonsyn",4.58e-06,8.37e-07,4.33e-07,4.33e-07,"0.00311211","0.000588447","0.001516644","0.00235378800000001","P","P","S","T","A",1,1,1,0,1,0,1
"3947",4210,5449,5449,"c","c","t","t",0.00183519911910442,0.00183519911910442,0.00587263718113415,0.00587263718113415,0.00587263718113415,0,0.00587263718113415,0,0.00770783630023858,0.00770783630023858,0.00770783630023858,0.00770783630023858,"nonsyn","nonsyn","nonsyn",4.58e-06,8.37e-07,4.33e-07,4.33e-07,"0.002495642","7.373178125e-05","0.00014252540625","1","P","P","L","H","R",1,1,1,0,1,0,1
"3948",4211,5367,5367,"c","c","t","t",0.024035774175517,0.024035774175517,0.000745295323271846,0.000745295323271846,0.000745295323271846,0,0.000745295323271846,0,0.0247810694987889,0.0247810694987889,0.0247810694987889,0.0247810694987889,"syn","syn","syn",4.58e-06,8.37e-07,4.33e-07,4.33e-07,"0.000190549302325582","0.00058097775","0.00112304475","1","P","P","P","P","P",0,0,0,0,1,0,1
"3949",4212,5341,5341,"a","a","g","g",0.00131061598951507,0.00131061598951507,0.000561692566935031,0.000561692566935031,0,0.000561692566935031,0,0.000561692566935031,0.0018723085564501,0.0018723085564501,0.0018723085564501,0.0018723085564501,"nonsyn","nonsyn","nonsyn",1.77e-05,1.76e-06,1.7e-06,1.7e-06,"0.0135051","0.00302656666666667","1","0.00302656666666667","I","I","V","L","F",0,0,0,1,0,0,0
"3950",4213,5560,5562,"t","t","c","c",0.00143884892086331,0.00143884892086331,0.000179856115107914,0.000179856115107914,0,0.000179856115107914,0,0.000179856115107914,0.00161870503597122,0.00161870503597122,0.00161812297734628,0.00161812297734628,"nonsyn","nonsyn","nonsyn",1.7e-05,1.07e-06,1.21e-06,1.21e-06,"0.011815","0.00672759999999999","1","0.00672759999999999","I","I","T","N","S",1,1,1,0,0,0,0
"3951",4214,5567,5567,"t","c","c","t",0.00143703969822166,0.998203700377223,0.000359259924555416,0.000359259924555416,0.000359259924555416,0,0.000359259924555416,0,0.00179629962277708,0.998562960301778,0.00179629962277708,0.998562960301778,"syn","syn","nonsyn",4.58e-06,8.37e-07,4.33e-07,4.33e-07,"4.58824185711715e-06","0.0012052555","0.0023297895","1","I","I","I","I","M",0,0,0,0,0,0,0
"3952",4215,5594,5594,"a","a","g","g",0.00697175545227029,0.00697175545227029,0.000178762960314623,0.000178762960314623,0,0.000178762960314623,0,0.000178762960314623,0.00715051841258491,0.00715051841258491,0.00715051841258491,0.00715051841258491,"nonsyn","nonsyn","nonsyn",1.77e-05,1.76e-06,1.7e-06,1.7e-06,"0.00253881538461538","0.00950979999999999","1","0.00950979999999999","T","T","A","P","S",1,1,0,1,0,0,0
"3953",4216,5503,5503,"c","c","t","t",0.00163547156096675,0.00163547156096675,0.000181719062329638,0.000181719062329638,0.000181719062329638,0,0.000181719062329638,0,0.00181719062329638,0.00181719062329638,0.00181719062329638,0.00181719062329638,"nonsyn","nonsyn","nonsyn",4.58e-06,8.37e-07,4.33e-07,4.33e-07,"0.00280041555555555","0.002382799","0.00460601100000001","1","T","T","M","K","R",1,1,1,0,0,0,0
"3954",4217,5502,5502,"g","g","a","a",0.00145401672119229,0.00145401672119229,0,0,0,0,0,0,0.00145401672119229,0.00145401672119229,0.00145401672119229,0.00145401672119229,"syn","syn","syn",4.2e-06,5.36e-07,1.17e-06,1.17e-06,"0.00288855000000001","1","1","1","T","T","T","T","T",0,0,0,0,0,0,0
"3955",4218,5534,5534,"t","t","c","c",0.00307191904589808,0.00307191904589808,0.000180701120346946,0.000180701120346946,0.000180701120346946,0,0.000180701120346946,0,0.00325262016624503,0.00325262016624503,0.00325262016624503,0.00325262016624503,"nonsyn","nonsyn","nonsyn",1.7e-05,1.07e-06,1.21e-06,1.21e-06,"0.00553400000000001","0.00669614000000001","0.00592138","1","Y","Y","H","N","D",1,1,1,0,0,0,0
"3956",4219,5489,5489,"a","a","g","g",0.00200400801603206,0.00200400801603206,0.000364365093824012,0.000364365093824012,0.000364365093824012,0,0.000364365093824012,0,0.00236837310985608,0.00236837310985608,0.00236837310985608,0.00236837310985608,"nonsyn","nonsyn","nonsyn",1.77e-05,1.76e-06,1.7e-06,1.7e-06,"0.00883230000000002","0.00466565","0.00483032","1","Y","Y","C","S","F",1,1,0,0,0,0,0
"3957",4220,5413,5413,"c","c","t","t",0.00110844263809348,0.00110844263809348,0,0,0,0,0,0,0.00110844263809348,0.00110844263809348,0.00110844263809348,0.00110844263809348,"syn","stop","stop",4.58e-06,8.37e-07,4.33e-07,4.33e-07,"0.00413192333333333","1","1","1","Y","Y","Y","*","*",0,1,1,0,0,0,0
"3958",4221,5346,5346,"t","t","c","c",0.00448933782267116,0.00448933782267116,0.000935278713056491,0.000935278713056491,0.000748222970445193,0.000187055742611298,0.000748222970445193,0.000187055742611298,0.00542461653572765,0.00542461653572765,0.00542461653572765,0.00542461653572765,"nonsyn","nonsyn","nonsyn",1.7e-05,1.07e-06,1.21e-06,1.21e-06,"0.00378675","0.001293732","0.001430055","0.00646866000000001","S","S","P","T","A",1,0,1,0,1,0,1
"3959",4222,5557,5560,"c","c","t","t",0.0014396256973187,0.0014396256973187,0.000359906424329674,0.000359906424329674,0.000179953212164837,0.000179953212164837,0.000179953212164837,0.000179953212164837,0.00179953212164837,0.00179953212164837,0.00179856115107914,0.00179856115107914,"nonsyn","nonsyn","nonsyn",4.58e-06,8.37e-07,4.33e-07,4.33e-07,"0.00318138249999999","0.0012030905","0.004651209","0.002406181","S","S","F","Y","C",1,1,1,0,0,0,0
"3960",4223,5576,5576,"c","c","t","t",0.000717360114777618,0.000717360114777618,0.000358680057388809,0.000358680057388809,0.000358680057388809,0,0.000358680057388809,0,0.00107604017216643,0.00107604017216643,0.00107604017216643,0.00107604017216643,"syn","syn","syn",4.58e-06,8.37e-07,4.33e-07,4.33e-07,"0.00638452","0.001207204","0.002333556","1","S","S","S","S","S",0,0,0,0,1,0,1
"3961",4224,5562,5562,"a","a","g","g",0.00287666307083783,0.00287666307083783,0.000359582883854729,0.000359582883854729,0,0.000359582883854729,0,0.000359582883854729,0.00323624595469256,0.00323624595469256,0.00323624595469256,0.00323624595469256,"nonsyn","nonsyn","nonsyn",1.77e-05,1.76e-06,1.7e-06,1.7e-06,"0.0061529625","0.00472769999999999","1","0.00472769999999999","T","T","A","P","S",1,1,0,1,0,0,0
"3962",4225,5628,5628,"c","c","t","t",0.000533049040511727,0.000533049040511727,0.000355366027007818,0.000355366027007818,0.000177683013503909,0.000177683013503909,0.000177683013503909,0.000177683013503909,0.000888415067519545,0.000888415067519545,0.000888415067519545,0.000888415067519545,"nonsyn","nonsyn","nonsyn",4.58e-06,8.37e-07,4.33e-07,4.33e-07,"0.00859208","0.001218462","0.004710636","0.002436924","T","T","I","N","S",1,0,0,0,0,0,0
"3963",4226,5644,5644,"c","c","t","t",0.000885896527285613,0.000885896527285613,0.000354358610914245,0.000354358610914245,0.000354358610914245,0,0.000354358610914245,0,0.00124025513819986,0.00124025513819986,0.00124025513819986,0.00124025513819986,"syn","syn","syn",4.58e-06,8.37e-07,4.33e-07,4.33e-07,"0.005169904","0.001221926","0.002362014","1","T","T","T","T","T",0,0,0,0,1,0,1
"3964",4227,5653,5653,"t","t","c","c",0.00371484167698567,0.00371484167698567,0,0,0,0,0,0,0.00371484167698567,0.00371484167698567,0.00371484167698567,0.00371484167698567,"nonsyn","nonsyn","nonsyn",1.7e-05,1.07e-06,1.21e-06,1.21e-06,"0.0045762380952381","1","1","1","Y","Y","H","N","D",1,1,1,0,1,0,1
"3965",4228,5647,5647,"a","a","g","g",0.00141668142376483,0.00141668142376483,0.000354170355941208,0.000354170355941208,0.000177085177970604,0.000177085177970604,0.000177085177970604,0.000177085177970604,0.00177085177970604,0.00177085177970604,0.00177085177970604,0.00177085177970604,"nonsyn","nonsyn","nonsyn",1.77e-05,1.76e-06,1.7e-06,1.7e-06,"0.0124939875","0.00479995","0.00993871999999999","0.00959989999999999","Y","Y","C","S","F",1,1,0,0,0,0,0
"3966",4229,5664,5664,"c","c","t","t",0.000706214689265537,0.000706214689265537,0.000176553672316384,0.000176553672316384,0.000176553672316384,0,0.000176553672316384,0,0.000882768361581921,0.000882768361581921,0.000882768361581921,0.000882768361581921,"syn","stop","stop",4.58e-06,8.37e-07,4.33e-07,4.33e-07,"0.00648528","0.002452512","0.00474076800000001","1","Y","Y","Y","*","*",0,1,1,0,0,0,0
"3967",4230,5671,5671,"g","g","a","a",0.00176335743255158,0.00176335743255158,0.000176335743255158,0.000176335743255158,0,0.000176335743255158,0,0.000176335743255158,0.00193969317580674,0.00193969317580674,0.00193969317580674,0.00193969317580674,"nonsyn","nonsyn","nonsyn",4.2e-06,5.36e-07,1.17e-06,1.17e-06,"0.00238182","0.00663506999999999","1","0.00663506999999999","G","G","S","R","C",1,1,0,0,1,1,0
"3968",4231,5649,5649,"g","g","a","a",0.00283235970968313,0.00283235970968313,0.000177022481855196,0.000177022481855196,0.000177022481855196,0,0.000177022481855196,0,0.00300938219153833,0.00300938219153833,0.00300938219153833,0.00300938219153833,"nonsyn","nonsyn","nonsyn",4.2e-06,5.36e-07,1.17e-06,1.17e-06,"0.0014828625","0.00660932999999999","0.00302786399999999","1","G","G","D","A","V",1,1,1,0,0,0,0
"3969",4232,5637,5637,"c","c","t","t",0.00124179528117793,0.00124179528117793,0,0,0,0,0,0,0.00124179528117793,0.00124179528117793,0.00124179528117793,0.00124179528117793,"syn","syn","syn",4.58e-06,8.37e-07,4.33e-07,4.33e-07,"0.00368820857142858","1","1","1","G","G","G","G","G",0,0,0,0,0,0,0
"3970",4233,5617,5617,"a","a","g","g",0.00427274345736158,0.00427274345736158,0.00178030977390066,0.00178030977390066,0.000356061954780132,0.00142424781912053,0.000356061954780132,0.00142424781912053,0.00605305323126224,0.00605305323126224,0.00605305323126224,0.00605305323126224,"nonsyn","nonsyn","stop",1.77e-05,1.76e-06,1.7e-06,1.7e-06,"0.0041425375","0.000954889999999999","0.00494296","0.0011936125","K","K","E","Q","*",1,1,1,1,0,0,0
"3971",4234,5585,5585,"a","a","g","g",0.00125335720680394,0.00125335720680394,0.00035810205908684,0.00035810205908684,0,0.00035810205908684,0,0.00035810205908684,0.00161145926589078,0.00161145926589078,0.00161145926589078,0.00161145926589078,"nonsyn","nonsyn","nonsyn",1.77e-05,1.76e-06,1.7e-06,1.7e-06,"0.0141220714285714","0.00474725","1","0.00474725","K","K","R","T","M",0,1,1,0,1,1,0
"3972",4235,5590,5590,"g","g","a","a",0.00178890876565295,0.00178890876565295,0,0,0,0,0,0,0.00178890876565295,0.00178890876565295,0.00178890876565295,0.00178890876565295,"syn","nonsyn","nonsyn",4.2e-06,5.36e-07,1.17e-06,1.17e-06,"0.0023478","1","1","1","K","K","K","N","N",0,1,1,0,0,0,0
"3973",4236,5579,5579,"t","t","c","c",0.00555655135328912,0.00555655135328912,0.00107546155224951,0.00107546155224951,0.000716974368166338,0.000358487184083169,0.000716974368166338,0.000358487184083169,0.00663201290553863,0.00663201290553863,0.00663201290553863,0.00663201290553863,"nonsyn","nonsyn","nonsyn",1.7e-05,1.07e-06,1.21e-06,1.21e-06,"0.00305945161290323","0.00112509833333333","0.0014923825","0.003375295","F","F","L","I","V",0,0,0,0,0,0,0
"3974",4237,5565,5565,"t","t","c","c",0.00269541778975741,0.00269541778975741,0.000359389038634322,0.000359389038634322,0.000179694519317161,0.000179694519317161,0.000179694519317161,0.000179694519317161,0.00305480682839173,0.00305480682839173,0.00305480682839173,0.00305480682839173,"nonsyn","nonsyn","nonsyn",1.7e-05,1.07e-06,1.21e-06,1.21e-06,"0.00630700000000001","0.003366825","0.00595454999999999","0.00673364999999999","F","F","S","Y","C",1,0,1,0,0,0,0
"3975",4238,5571,5571,"t","c","c","t",0.00502602764315204,0.994614970382337,0.00035900197451086,0.00035900197451086,0.00017950098725543,0.00017950098725543,0.00017950098725543,0.00017950098725543,0.0053850296176629,0.994973972356848,0.0053850296176629,0.994973972356848,"syn","nonsyn","nonsyn",4.58e-06,8.37e-07,4.33e-07,4.33e-07,"4.60479696805631e-06","0.0012061215","0.004662927","0.002412243","F","F","F","L","L",0,0,0,0,0,0,0
"3976",4239,5560,5560,"c","c","t","t",0.00107913669064748,0.00107913669064748,0.000359712230215827,0.000359712230215827,0.000359712230215827,0,0.000359712230215827,0,0.00143884892086331,0.00143884892086331,0.00143884892086331,0.00143884892086331,"nonsyn","nonsyn","nonsyn",4.58e-06,8.37e-07,4.33e-07,4.33e-07,"0.00424413333333334","0.00120374","0.00232686","1","L","L","F","I","V",0,0,0,0,1,0,1
"3977",4240,5564,5564,"t","t","c","c",0.00269590222861251,0.00269590222861251,0.00125808770668584,0.00125808770668584,0.001078360891445,0.000179726815240834,0.001078360891445,0.000179726815240834,0.00395398993529835,0.00395398993529835,0.00395398993529835,0.00395398993529835,"nonsyn","nonsyn","nonsyn",1.7e-05,1.07e-06,1.21e-06,1.21e-06,"0.00630586666666666","0.000961777142857141","0.00099224666666667","0.00673244","L","L","P","H","R",1,1,1,0,1,0,1
"3978",4241,5588,5588,"c","t","t","c",0.00143163922691482,0.998031496062992,0.000536864710093057,0.000536864710093057,0.000536864710093057,0,0.000536864710093057,0,0.00196850393700787,0.998568360773085,0.00196850393700787,0.998568360773085,"syn","syn","syn",1.7e-05,1.07e-06,1.21e-06,1.21e-06,"1.70335305719921e-05","0.00225382666666667","0.00199305333333333","1","L","L","L","L","L",0,0,0,1,0,0,0
"3979",4242,5581,5581,"g","g","a","a",0.00179179358537896,0.00179179358537896,0.000179179358537896,0.000179179358537896,0,0.000179179358537896,0,0.000179179358537896,0.00197097294391686,0.00197097294391686,0.00197097294391686,0.00197097294391686,"nonsyn","nonsyn","nonsyn",4.2e-06,5.36e-07,1.17e-06,1.17e-06,"0.00234402000000001","0.00652977000000002","1","0.00652977000000002","A","A","T","P","S",1,1,1,0,0,0,0
"3980",4243,5550,5550,"c","c","t","t",0.00162162162162162,0.00162162162162162,0.000540540540540541,0.000540540540540541,0.000540540540540541,0,0.000540540540540541,0,0.00216216216216216,0.00216216216216216,0.00216216216216216,0.00216216216216216,"nonsyn","nonsyn","nonsyn",4.58e-06,8.37e-07,4.33e-07,4.33e-07,"0.00282433333333334","0.000801049999999999","0.00154845","1","A","A","V","D","G",0,1,1,0,0,0,0
"3981",4244,5531,5531,"t","c","c","t",0.00470077743626831,0.992768034713433,0.00253118785029832,0.00253118785029832,0.00162719218947749,0.000903995660820828,0.00162719218947749,0.000903995660820828,0.00723196528656662,0.995299222563732,0.00723196528656662,0.995299222563732,"syn","syn","syn",4.58e-06,8.37e-07,4.33e-07,4.33e-07,"4.61336368603169e-06","0.000171065928571428","0.000514383","0.0004789846","A","A","A","A","A",0,0,0,0,1,0,1
"3982",4245,5514,5514,"g","g","a","a",0.000362713093942691,0.000362713093942691,0.000544069640914037,0.000544069640914037,0.000544069640914037,0,0.000544069640914037,0,0.000906782734856728,0.000906782734856728,0.000906782734856728,0.000906782734856728,"nonsyn","nonsyn","nonsyn",4.2e-06,5.36e-07,1.17e-06,1.17e-06,"0.0115794","0.00215046","0.000985168","1","D","D","N","H","Y",1,1,1,0,0,0,0
"3983",4246,5483,5483,"a","a","g","g",0.00273572861572132,0.00273572861572132,0.000364763815429509,0.000364763815429509,0,0.000364763815429509,0,0.000364763815429509,0.00310049243115083,0.00310049243115083,0.00310049243115083,0.00310049243115083,"nonsyn","nonsyn","nonsyn",1.77e-05,1.76e-06,1.7e-06,1.7e-06,"0.00646994","0.00466055","1","0.00466055","D","D","G","A","V",1,1,1,0,0,0,0
"3984",4247,5511,5511,"c","c","t","t",0.000907276356378153,0.000907276356378153,0,0,0,0,0,0,0.000907276356378153,0.000907276356378153,0.000907276356378153,0.000907276356378153,"syn","nonsyn","nonsyn",4.58e-06,8.37e-07,4.33e-07,4.33e-07,"0.005048076","1","1","1","D","D","D","E","E",0,0,0,0,0,0,0
"3985",4248,5497,5497,"g","g","a","a",0.00218300891395307,0.00218300891395307,0,0,0,0,0,0,0.00218300891395307,0.00218300891395307,0.00218300891395307,0.00218300891395307,"nonsyn","nonsyn","nonsyn",4.2e-06,5.36e-07,1.17e-06,1.17e-06,"0.00192395","1","1","1","G","G","S","R","C",1,1,0,0,1,1,0
"3986",4249,5457,5457,"g","g","a","a",0.000916254352208173,0.000916254352208173,0.000366501740883269,0.000366501740883269,0.000183250870441635,0.000183250870441635,0.000183250870441635,0.000183250870441635,0.00128275609309144,0.00128275609309144,0.00128275609309144,0.00128275609309144,"nonsyn","nonsyn","nonsyn",4.2e-06,5.36e-07,1.17e-06,1.17e-06,"0.00458388","0.003192345","0.00292495199999999","0.00638468999999999","G","G","D","A","V",1,1,1,0,0,0,0
"3987",4250,5417,5417,"c","c","t","t",0.00313826841425143,0.00313826841425143,0.000184604024367731,0.000184604024367731,0,0.000184604024367731,0,0.000184604024367731,0.00332287243861916,0.00332287243861916,0.00332287243861916,0.00332287243861916,"syn","syn","syn",4.58e-06,8.37e-07,4.33e-07,4.33e-07,"0.00145940352941177","0.002345561","1","0.002345561","G","G","G","G","G",0,0,0,0,0,0,0
"3988",4251,5434,5435,"g","g","a","a",0.00220831799779168,0.00220831799779168,0.000552079499447921,0.000552079499447921,0,0.000552079499447921,0,0.000552079499447921,0.0027603974972396,0.0027603974972396,0.00275988960441582,0.00275988960441582,"nonsyn","nonsyn","nonsyn",4.2e-06,5.36e-07,1.17e-06,1.17e-06,"0.0019019","0.00211926","1","0.00211926","G","G","R","R","W",1,1,1,0,1,1,0
"3989",4252,5348,5348,"g","g","a","a",0.00168287210172027,0.00168287210172027,0.00056095736724009,0.00056095736724009,0,0.00056095736724009,0,0.00056095736724009,0.00224382946896036,0.00224382946896036,0.00224382946896036,0.00224382946896036,"nonsyn","nonsyn","nonsyn",4.2e-06,5.36e-07,1.17e-06,1.17e-06,"0.00249573333333333","0.00208572","1","0.00208572","G","G","E","A","V",1,1,1,0,1,1,0
"3990",4253,4824,4824,"g","g","a","a",0.00165837479270315,0.00165837479270315,0.000207296849087894,0.000207296849087894,0,0.000207296849087894,0,0.000207296849087894,0.00186567164179104,0.00186567164179104,0.00186567164179104,0.00186567164179104,"syn","syn","syn",4.2e-06,5.36e-07,1.17e-06,1.17e-06,"0.0025326","0.00564408","1","0.00564408","G","G","G","G","G",0,0,0,0,0,0,0
"3991",4254,4156,4156,"t","t","c","c",0.00336862367661213,0.00336862367661213,0.000240615976900866,0.000240615976900866,0.000240615976900866,0,0.000240615976900866,0,0.00360923965351299,0.00360923965351299,0.00360923965351299,0.00360923965351299,"nonsyn","nonsyn","nonsyn",1.7e-05,1.07e-06,1.21e-06,1.21e-06,"0.00504657142857142","0.00502876000000001","0.00444692","1","C","C","R","S","G",1,1,0,1,0,0,0
"3992",4255,4143,4143,"g","g","a","a",0.00313782283369539,0.00313782283369539,0.000482741974414675,0.000482741974414675,0,0.000482741974414675,0,0.000482741974414675,0.00362056480811007,0.00362056480811007,0.00362056480811007,0.00362056480811007,"nonsyn","nonsyn","nonsyn",4.2e-06,5.36e-07,1.17e-06,1.17e-06,"0.00133850769230769","0.002423655","1","0.002423655","C","C","Y","S","F",1,1,1,0,0,0,0
"3993",4256,4132,4132,"c","c","t","t",0.00629235237173282,0.00629235237173282,0.000726040658276864,0.000726040658276864,0.000484027105517909,0.000242013552758955,0.000484027105517909,0.000242013552758955,0.00701839303000968,0.00701839303000968,0.00701839303000968,0.00701839303000968,"syn","stop","nonsyn",4.58e-06,8.37e-07,4.33e-07,4.33e-07,"0.000727867692307692","0.000596385333333333","0.001729242","0.001789156","C","C","C","*","W",0,1,1,0,0,0,0
"3994",4257,4140,4141,"t","t","c","c",0.00289855072463768,0.00289855072463768,0,0,0,0,0,0,0.00289855072463768,0.00289855072463768,0.00289785076068582,0.00289785076068582,"nonsyn","nonsyn","nonsyn",1.7e-05,1.07e-06,1.21e-06,1.21e-06,"0.005865","1","1","1","S","S","P","T","A",1,0,1,0,1,0,1
"3995",4258,4010,4010,"c","c","t","t",0.00224438902743142,0.00224438902743142,0.000748129675810474,0.000748129675810474,0.000498753117206983,0.000249376558603491,0.000498753117206983,0.000249376558603491,0.0029925187032419,0.0029925187032419,0.0029925187032419,0.0029925187032419,"nonsyn","stop","stop",4.58e-06,8.37e-07,4.33e-07,4.33e-07,"0.00204064444444445","0.000578776666666667","0.001678185","0.00173633","S","S","L","*","*",1,1,1,0,0,0,0
"3996",4259,4001,4007,"a","a","g","g",0.0332416895776056,0.0332416895776056,0.00174956260934766,0.00174956260934766,0.000499875031242189,0.00124968757810547,0.000499875031242189,0.00124968757810547,0.0349912521869533,0.0349912521869533,0.0349388570002496,0.0349388570002496,"syn","syn","syn",1.77e-05,1.76e-06,1.7e-06,1.7e-06,"0.000532463909774436","0.00097167142857143","0.00352088","0.00136034","S","S","S","S","S",0,0,0,1,1,1,0
"3997",4260,4072,4085,"g","g","a","a",0.000736738703339882,0.000736738703339882,0,0,0,0,0,0,0.000736738703339882,0.000736738703339882,0.000734394124847001,0.000734394124847001,"nonsyn","nonsyn","stop",4.2e-06,5.36e-07,1.17e-06,1.17e-06,"0.0057008","1","1","1","G","G","R","R","*",1,1,1,0,1,1,0
"3998",4261,4071,4071,"g","g","a","a",0.00221075902726603,0.00221075902726603,0.000736919675755343,0.000736919675755343,0,0.000736919675755343,0,0.000736919675755343,0.00294767870302137,0.00294767870302137,0.00294767870302137,0.00294767870302137,"nonsyn","nonsyn","nonsyn",4.2e-06,5.36e-07,1.17e-06,1.17e-06,"0.0018998","0.00158769","1","0.00158769","G","G","E","A","V",1,1,1,0,0,0,0
"3999",4262,4089,4089,"g","a","a","g",0.00220102714600147,0.997065297138665,0.000733675715333822,0.000733675715333822,0.000244558571777941,0.000489117143555882,0.000244558571777941,0.000489117143555882,0.00293470286133529,0.997798972853999,0.00293470286133529,0.997798972853999,"syn","syn","syn",1.77e-05,1.76e-06,1.7e-06,1.7e-06,"1.77520971302428e-05","0.0023171","0.00719664","0.00347565","G","G","G","G","G",0,0,0,0,1,1,0
"4000",4263,4097,4097,"g","g","a","a",0.00219672931413229,0.00219672931413229,0.000976324139614352,0.000976324139614352,0,0.000976324139614352,0,0.000976324139614352,0.00317305345374664,0.00317305345374664,0.00317305345374664,0.00317305345374664,"nonsyn","nonsyn","nonsyn",4.2e-06,5.36e-07,1.17e-06,1.17e-06,"0.00191193333333333","0.0011983725","1","0.0011983725","G","G","S","R","C",1,1,0,0,1,1,0
"4001",4264,4105,4105,"g","g","a","a",0.00121802679658952,0.00121802679658952,0.000243605359317905,0.000243605359317905,0,0.000243605359317905,0,0.000243605359317905,0.00146163215590743,0.00146163215590743,0.00146163215590743,0.00146163215590743,"nonsyn","nonsyn","nonsyn",4.2e-06,5.36e-07,1.17e-06,1.17e-06,"0.00344820000000001","0.00480285","1","0.00480285","G","G","D","A","V",1,1,1,0,0,0,0
"4002",4265,4080,4080,"t","t","c","c",0.00122549019607843,0.00122549019607843,0.000490196078431373,0.000490196078431373,0.000490196078431373,0,0.000490196078431373,0,0.0017156862745098,0.0017156862745098,0.0017156862745098,0.0017156862745098,"syn","syn","syn",1.7e-05,1.07e-06,1.21e-06,1.21e-06,"0.013872","0.0024684","0.0021828","1","G","G","G","G","G",0,0,0,1,0,0,0
"4003",4266,4111,4111,"g","g","a","a",0.00267574799318901,0.00267574799318901,0,0,0,0,0,0,0.00267574799318901,0.00267574799318901,0.00267574799318901,0.00267574799318901,"nonsyn","nonsyn","nonsyn",4.2e-06,5.36e-07,1.17e-06,1.17e-06,"0.00156965454545454","1","1","1","A","A","T","P","S",1,1,1,0,0,0,0
"4004",4267,4325,4325,"c","c","t","t",0.00161849710982659,0.00161849710982659,0.00023121387283237,0.00023121387283237,0.00023121387283237,0,0.00023121387283237,0,0.00184971098265896,0.00184971098265896,0.00184971098265896,0.00184971098265896,"nonsyn","nonsyn","nonsyn",4.58e-06,8.37e-07,4.33e-07,4.33e-07,"0.00282978571428571","0.001872725","0.003620025","1","A","A","V","D","G",0,1,1,0,0,0,0
"4005",4268,4456,4458,"t","t","c","c",0.00426391382405745,0.00426391382405745,0.00157091561938959,0.00157091561938959,0.00112208258527828,0.000448833034111311,0.00112208258527828,0.000448833034111311,0.00583482944344704,0.00583482944344704,0.00583221175414984,0.00583221175414984,"syn","syn","syn",1.7e-05,1.07e-06,1.21e-06,1.21e-06,"0.00398694736842105","0.000770251428571427","0.000953583999999997","0.00269588","A","A","A","A","A",0,0,0,0,1,0,1
"4006",4269,4540,4540,"t","t","c","c",0.00286343612334802,0.00286343612334802,0.00066079295154185,0.00066079295154185,0.000440528634361233,0.000220264317180617,0.000440528634361233,0.000220264317180617,0.00352422907488987,0.00352422907488987,0.00352422907488987,0.00352422907488987,"nonsyn","nonsyn","nonsyn",1.7e-05,1.07e-06,1.21e-06,1.21e-06,"0.00593692307692307","0.00183113333333333","0.0024289","0.00549339999999999","Y","Y","H","N","D",1,1,1,0,0,0,0
"4007",4270,4388,4388,"a","a","g","g",0.00227894257064722,0.00227894257064722,0,0,0,0,0,0,0.00227894257064722,0.00227894257064722,0.00227894257064722,0.00227894257064722,"nonsyn","nonsyn","nonsyn",1.77e-05,1.76e-06,1.7e-06,1.7e-06,"0.00776676","1","1","1","Y","Y","C","S","F",1,1,0,0,0,0,0
"4008",4271,4538,4538,"t","t","c","c",0.00242397531952402,0.00242397531952402,0.000440722785368004,0.000440722785368004,0.000440722785368004,0,0.000440722785368004,0,0.00286469810489202,0.00286469810489202,0.00286469810489202,0.00286469810489202,"syn","stop","stop",1.7e-05,1.07e-06,1.21e-06,1.21e-06,"0.00701327272727272","0.00274549","0.00242783","1","Y","Y","Y","*","*",0,1,1,1,0,0,0
"4009",4272,4552,4552,"g","g","a","a",0.0015377855887522,0.0015377855887522,0.000219683655536028,0.000219683655536028,0,0.000219683655536028,0,0.000219683655536028,0.00175746924428822,0.00175746924428822,0.00175746924428822,0.00175746924428822,"nonsyn","nonsyn","nonsyn",4.2e-06,5.36e-07,1.17e-06,1.17e-06,"0.00273119999999999","0.00532584","1","0.00532584","D","D","N","H","Y",1,1,1,0,0,0,0
"4010",4273,4554,4554,"a","a","g","g",0.00790513833992095,0.00790513833992095,0.00109793588054458,0.00109793588054458,0,0.00109793588054458,0,0.00109793588054458,0.00900307422046552,0.00900307422046552,0.00900307422046552,0.00900307422046552,"nonsyn","nonsyn","nonsyn",1.77e-05,1.76e-06,1.7e-06,1.7e-06,"0.00223905","0.00154835999999999","1","0.00154835999999999","D","D","G","A","V",1,1,1,0,0,0,0
"4011",4274,4588,4588,"c","c","t","t",0.000653879686137751,0.000653879686137751,0,0,0,0,0,0,0.000653879686137751,0.000653879686137751,0.000653879686137751,0.000653879686137751,"syn","nonsyn","nonsyn",4.58e-06,8.37e-07,4.33e-07,4.33e-07,"0.00700434666666666","1","1","1","D","D","D","E","E",0,0,0,0,0,0,0
"4012",4275,4575,4575,"a","a","g","g",0.00415300546448087,0.00415300546448087,0.000218579234972678,0.000218579234972678,0,0.000218579234972678,0,0.000218579234972678,0.00437158469945355,0.00437158469945355,0.00437158469945355,0.00437158469945355,"nonsyn","nonsyn","nonsyn",1.77e-05,1.76e-06,1.7e-06,1.7e-06,"0.00426197368421053","0.00777749999999999","1","0.00777749999999999","I","I","V","L","L",0,0,0,1,0,0,0
"4013",4276,4590,4590,"t","t","c","c",0.00566448801742919,0.00566448801742919,0.00065359477124183,0.00065359477124183,0.00065359477124183,0,0.00065359477124183,0,0.00631808278867102,0.00631808278867102,0.00631808278867102,0.00631808278867102,"nonsyn","nonsyn","nonsyn",1.7e-05,1.07e-06,1.21e-06,1.21e-06,"0.00300115384615385","0.0018513","0.0016371","1","I","I","T","K","R",1,1,1,0,0,0,0
"4014",4277,4541,4541,"a","a","g","g",0.00132129486897159,0.00132129486897159,0.000660647434485796,0.000660647434485796,0.000440431622990531,0.000220215811495265,0.000440431622990531,0.000220215811495265,0.00198194230345739,0.00198194230345739,0.00198194230345739,0.00198194230345739,"nonsyn","syn","syn",1.77e-05,1.76e-06,1.7e-06,1.7e-06,"0.01339595","0.00257323333333333","0.00399608","0.00771970000000001","I","I","M","I","I",0,0,0,0,0,0,0
"4015",4278,4598,4598,"a","a","g","g",0.00282731622444541,0.00282731622444541,0.000652457590256633,0.000652457590256633,0.000217485863418878,0.000434971726837756,0.000217485863418878,0.000434971726837756,0.00347977381470204,0.00347977381470204,0.00347977381470204,0.00347977381470204,"nonsyn","nonsyn","nonsyn",1.77e-05,1.76e-06,1.7e-06,1.7e-06,"0.00626035384615385","0.00260553333333333","0.00809247999999999","0.0039083","I","I","V","L","L",0,0,0,0,0,0,0
"4016",4279,4594,4594,"t","t","c","c",0.00108837614279495,0.00108837614279495,0.00021767522855899,0.00021767522855899,0.00021767522855899,0,0.00021767522855899,0,0.00130605137135394,0.00130605137135394,0.00130605137135394,0.00130605137135394,"nonsyn","nonsyn","nonsyn",1.7e-05,1.07e-06,1.21e-06,1.21e-06,"0.0156196","0.00555874","0.00491558","1","I","I","T","K","R",1,1,1,0,0,0,0
"4017",4280,4590,4590,"a","a","g","g",0.00305010893246187,0.00305010893246187,0,0,0,0,0,0,0.00305010893246187,0.00305010893246187,0.00305010893246187,0.00305010893246187,"nonsyn","syn","syn",1.77e-05,1.76e-06,1.7e-06,1.7e-06,"0.00580307142857144","1","1","1","I","I","M","I","I",0,0,0,0,0,0,0
"4018",4281,4578,4578,"a","a","g","g",0.00109217999126256,0.00109217999126256,0.000218435998252512,0.000218435998252512,0.000218435998252512,0,0.000218435998252512,0,0.00131061598951507,0.00131061598951507,0.00131061598951507,0.00131061598951507,"nonsyn","nonsyn","nonsyn",1.77e-05,1.76e-06,1.7e-06,1.7e-06,"0.01620612","0.0077826","0.00805728","1","I","I","V","L","F",0,0,0,0,0,0,0
"4019",4282,4561,4561,"t","t","c","c",0.00460425345319009,0.00460425345319009,0,0,0,0,0,0,0.00460425345319009,0.00460425345319009,0.00460425345319009,0.00460425345319009,"nonsyn","nonsyn","nonsyn",1.7e-05,1.07e-06,1.21e-06,1.21e-06,"0.0036922380952381","1","1","1","I","I","T","N","S",1,1,1,0,0,0,0
"4020",4283,4567,4567,"t","t","c","c",0.00328443179329976,0.00328443179329976,0.000656886358659952,0.000656886358659952,0.000656886358659952,0,0.000656886358659952,0,0.00394131815195971,0.00394131815195971,0.00394131815195971,0.00394131815195971,"syn","syn","nonsyn",1.7e-05,1.07e-06,1.21e-06,1.21e-06,"0.00517593333333333","0.00184202333333333","0.00162889666666667","1","I","I","I","I","M",0,0,0,0,0,0,0
"4021",4284,4560,4560,"t","t","c","c",0.00109649122807018,0.00109649122807018,0.000657894736842105,0.000657894736842105,0.000219298245614035,0.00043859649122807,0.000219298245614035,0.00043859649122807,0.00175438596491228,0.00175438596491228,0.00175438596491228,0.00175438596491228,"nonsyn","nonsyn","nonsyn",1.7e-05,1.07e-06,1.21e-06,1.21e-06,"0.0155039999999999","0.0018392","0.0048792","0.0027588","C","C","R","S","G",1,1,0,1,0,0,0
"4022",4285,4510,4510,"g","g","a","a",0.000443458980044346,0.000443458980044346,0,0,0,0,0,0,0.000443458980044346,0.000443458980044346,0.000443458980044346,0.000443458980044346,"nonsyn","nonsyn","nonsyn",4.2e-06,5.36e-07,1.17e-06,1.17e-06,"0.009471","1","1","1","C","C","Y","S","F",1,1,1,0,0,0,0
"4023",4286,4509,4509,"t","t","c","c",0.00266134397870925,0.00266134397870925,0.000665335994677312,0.000665335994677312,0.000443557329784875,0.000221778664892437,0.000443557329784875,0.000221778664892437,0.00332667997338656,0.00332667997338656,0.00332667997338656,0.00332667997338656,"syn","stop","nonsyn",1.7e-05,1.07e-06,1.21e-06,1.21e-06,"0.00638775","0.00181863","0.002412315","0.00545589000000001","C","C","C","*","W",0,1,1,1,0,0,0
"4024",4287,4532,4532,"g","g","a","a",0.00132391879964696,0.00132391879964696,0,0,0,0,0,0,0.00132391879964696,0.00132391879964696,0.00132391879964696,0.00132391879964696,"nonsyn","nonsyn","nonsyn",4.2e-06,5.36e-07,1.17e-06,1.17e-06,"0.00317239999999999","1","1","1","D","D","N","H","Y",1,1,1,0,0,0,0
"4025",4288,4526,4526,"a","a","g","g",0.00751215201060539,0.00751215201060539,0.00154661953159523,0.00154661953159523,0.000220945647370747,0.00132567388422448,0.000220945647370747,0.00132567388422448,0.00905877154220062,0.00905877154220062,0.00905877154220062,0.00905877154220062,"nonsyn","nonsyn","nonsyn",1.77e-05,1.76e-06,1.7e-06,1.7e-06,"0.00235618235294118","0.00109917142857143","0.00796575999999999","0.00128236666666667","D","D","G","A","V",1,1,1,0,0,0,0
"4026",4289,4554,4554,"c","c","t","t",0.00175669740887132,0.00175669740887132,0,0,0,0,0,0,0.00175669740887132,0.00175669740887132,0.00175669740887132,0.00175669740887132,"syn","nonsyn","nonsyn",4.58e-06,8.37e-07,4.33e-07,4.33e-07,"0.002607165","1","1","1","D","D","D","E","E",0,0,0,0,0,0,0
"4027",4290,4560,4560,"g","g","a","a",0.00175438596491228,0.00175438596491228,0.000219298245614035,0.000219298245614035,0,0.000219298245614035,0,0.000219298245614035,0.00197368421052632,0.00197368421052632,0.00197368421052632,0.00197368421052632,"nonsyn","nonsyn","stop",4.2e-06,5.36e-07,1.17e-06,1.17e-06,"0.002394","0.0053352","1","0.0053352","E","E","K","Q","*",1,1,1,0,0,0,0
"4028",4291,4557,4557,"a","a","g","g",0.00263331138907176,0.00263331138907176,0.00043888523151196,0.00043888523151196,0,0.00043888523151196,0,0.00043888523151196,0.00307219662058372,0.00307219662058372,0.00307219662058372,0.00307219662058372,"nonsyn","nonsyn","nonsyn",1.77e-05,1.76e-06,1.7e-06,1.7e-06,"0.00672157499999999","0.00387345","1","0.00387345","E","E","G","A","V",1,1,1,0,1,1,0
"4029",4292,4564,4564,"g","g","a","a",0.000876424189307625,0.000876424189307625,0,0,0,0,0,0,0.000876424189307625,0.000876424189307625,0.000876424189307625,0.000876424189307625,"syn","nonsyn","nonsyn",4.2e-06,5.36e-07,1.17e-06,1.17e-06,"0.0047922","1","1","1","E","E","E","D","D",0,0,0,0,0,0,0
"4030",4293,4544,4544,"t","t","c","c",0.00308098591549296,0.00308098591549296,0.00132042253521127,0.00132042253521127,0.00110035211267606,0.000220070422535211,0.00110035211267606,0.000220070422535211,0.00440140845070423,0.00440140845070423,0.00440140845070423,0.00440140845070423,"nonsyn","nonsyn","nonsyn",1.7e-05,1.07e-06,1.21e-06,1.21e-06,"0.00551771428571428","0.000916373333333332","0.000972415999999997","0.00549824000000001","C","C","R","S","G",1,1,0,1,0,0,0
"4031",4294,4410,4410,"g","g","a","a",0.00249433106575964,0.00249433106575964,0.000453514739229025,0.000453514739229025,0,0.000453514739229025,0,0.000453514739229025,0.00294784580498866,0.00294784580498866,0.00294784580498866,0.00294784580498866,"nonsyn","nonsyn","nonsyn",4.2e-06,5.36e-07,1.17e-06,1.17e-06,"0.00168381818181818","0.00257985","1","0.00257985","C","C","Y","S","F",1,1,1,0,0,0,0
"4032",4295,4446,4446,"c","c","t","t",0.00449842555105713,0.00449842555105713,0.000674763832658569,0.000674763832658569,0.000674763832658569,0,0.000674763832658569,0,0.0051731893837157,0.0051731893837157,0.0051731893837157,0.0051731893837157,"syn","stop","nonsyn",4.58e-06,8.37e-07,4.33e-07,4.33e-07,"0.001018134","0.000641706","0.001240434","1","C","C","C","*","W",0,1,1,0,0,0,0
"4033",4296,4420,4420,"c","c","t","t",0.00384615384615385,0.00384615384615385,0.000452488687782805,0.000452488687782805,0.000226244343891403,0.000226244343891403,0.000226244343891403,0.000226244343891403,0.00429864253393665,0.00429864253393665,0.00429864253393665,0.00429864253393665,"nonsyn","nonsyn","nonsyn",4.58e-06,8.37e-07,4.33e-07,4.33e-07,"0.0011908","0.000956930000000001","0.00369954","0.00191386","H","H","Y","N","D",1,1,1,0,1,0,1
"4034",4297,4513,4513,"a","a","g","g",0.00354531353866608,0.00354531353866608,0.000443164192333259,0.000443164192333259,0,0.000443164192333259,0,0.000443164192333259,0.00398847773099934,0.00398847773099934,0.00398847773099934,0.00398847773099934,"nonsyn","nonsyn","nonsyn",1.77e-05,1.76e-06,1.7e-06,1.7e-06,"0.00499250624999999","0.00383605","1","0.00383605","H","H","R","P","L",0,1,1,1,0,0,0
"4035",4298,4441,4442,"c","c","t","t",0.00135104706147264,0.00135104706147264,0.00022517451024544,0.00022517451024544,0.00022517451024544,0,0.00022517451024544,0,0.00157622157171808,0.00157622157171808,0.00157586672669968,0.00157586672669968,"syn","nonsyn","nonsyn",4.58e-06,8.37e-07,4.33e-07,4.33e-07,"0.00338996333333334","0.001922953","0.003717117","1","H","H","H","Q","Q",0,1,1,0,0,0,0
"4036",4299,4379,4379,"t","t","c","c",0.00456725279744234,0.00456725279744234,0.000685087919616351,0.000685087919616351,0.000685087919616351,0,0.000685087919616351,0,0.00525234071705869,0.00525234071705869,0.00525234071705869,0.00525234071705869,"nonsyn","nonsyn","nonsyn",1.7e-05,1.07e-06,1.21e-06,1.21e-06,"0.00372215","0.00176619666666667","0.00156184333333333","1","S","S","P","T","A",1,0,1,0,1,0,1
"4037",4300,4400,4401,"c","c","t","t",0.000681818181818182,0.000681818181818182,0.000681818181818182,0.000681818181818182,0.000681818181818182,0,0.000681818181818182,0,0.00136363636363636,0.00136363636363636,0.00136332651670075,0.00136332651670075,"nonsyn","nonsyn","nonsyn",4.58e-06,8.37e-07,4.33e-07,4.33e-07,"0.00671733333333333","0.000635066666666667","0.0012276","1","S","S","F","Y","C",1,1,1,0,0,0,0
"4038",4301,4413,4413,"c","c","t","t",0.0192612735100838,0.0192612735100838,0.000226603217765692,0.000226603217765692,0.000226603217765692,0,0.000226603217765692,0,0.0194878767278495,0.0194878767278495,0.0194878767278495,0.0194878767278495,"syn","syn","syn",4.58e-06,8.37e-07,4.33e-07,4.33e-07,"0.000237782823529412","0.001910829","0.003693681","1","S","S","S","S","S",0,0,0,0,1,0,1
"4039",4302,4398,4398,"a","a","g","g",0.00318326512050932,0.00318326512050932,0.0011368804001819,0.0011368804001819,0.00045475216007276,0.000682128240109141,0.00045475216007276,0.000682128240109141,0.00432014552069122,0.00432014552069122,0.00432014552069122,0.00432014552069122,"nonsyn","nonsyn","nonsyn",1.77e-05,1.76e-06,1.7e-06,1.7e-06,"0.00556032857142858","0.00149532","0.00387024","0.0024922","T","T","A","P","S",1,1,0,1,0,0,0
"4040",4303,4423,4423,"c","c","t","t",0.00135654533122315,0.00135654533122315,0,0,0,0,0,0,0.00135654533122315,0.00135654533122315,0.00135654533122315,0.00135654533122315,"nonsyn","nonsyn","nonsyn",4.58e-06,8.37e-07,4.33e-07,4.33e-07,"0.00337622333333334","1","1","1","T","T","M","K","R",1,1,1,0,0,0,0
"4041",4304,4423,4423,"g","g","a","a",0.00203481799683473,0.00203481799683473,0,0,0,0,0,0,0.00203481799683473,0.00203481799683473,0.00203481799683473,0.00203481799683473,"syn","syn","syn",4.2e-06,5.36e-07,1.17e-06,1.17e-06,"0.00206406666666666","1","1","1","T","T","T","T","T",0,0,0,0,1,1,0
"4042",4305,4432,4432,"g","g","a","a",0.00135379061371841,0.00135379061371841,0,0,0,0,0,0,0.00135379061371841,0.00135379061371841,0.00135379061371841,0.00135379061371841,"nonsyn","nonsyn","nonsyn",4.2e-06,5.36e-07,1.17e-06,1.17e-06,"0.0031024","1","1","1","D","D","N","H","Y",1,1,1,0,0,0,0
"4043",4306,4422,4422,"a","a","g","g",0.00226142017186793,0.00226142017186793,0.000452284034373587,0.000452284034373587,0.000226142017186793,0.000226142017186793,0.000226142017186793,0.000226142017186793,0.00271370420624152,0.00271370420624152,0.00271370420624152,0.00271370420624152,"nonsyn","nonsyn","nonsyn",1.77e-05,1.76e-06,1.7e-06,1.7e-06,"0.00782694000000001","0.0037587","0.00778272000000001","0.00751740000000001","D","D","G","A","V",1,1,1,0,0,0,0
"4044",4307,4436,4436,"t","t","c","c",0.0421550946798918,0.0421550946798918,0.000225428313796213,0.000225428313796213,0.000225428313796213,0,0.000225428313796213,0,0.042380522993688,0.042380522993688,0.042380522993688,0.042380522993688,"syn","nonsyn","nonsyn",1.7e-05,1.07e-06,1.21e-06,1.21e-06,"0.000403272727272727","0.00536756","0.00474652","1","D","D","D","E","E",0,0,0,1,0,0,0
"4045",4308,4408,4408,"g","g","a","a",0.00226860254083485,0.00226860254083485,0.000226860254083485,0.000226860254083485,0,0.000226860254083485,0,0.000226860254083485,0.00249546279491833,0.00249546279491833,0.00249546279491833,0.00249546279491833,"nonsyn","nonsyn","nonsyn",4.2e-06,5.36e-07,1.17e-06,1.17e-06,"0.00185136","0.00515735999999999","1","0.00515735999999999","A","A","T","P","S",1,1,1,0,0,0,0
"4046",4309,4598,4598,"c","c","t","t",0.00108742931709439,0.00108742931709439,0.000869943453675511,0.000869943453675511,0.000217485863418878,0.000652457590256633,0.000217485863418878,0.000652457590256633,0.0019573727707699,0.0019573727707699,0.0019573727707699,0.0019573727707699,"nonsyn","nonsyn","nonsyn",4.58e-06,8.37e-07,4.33e-07,4.33e-07,"0.004211768","0.0004977335","0.003848526","0.000663644666666667","A","A","V","D","G",0,1,1,0,0,0,0
"4047",4310,4611,4611,"c","c","t","t",0.0127954890479289,0.0127954890479289,0.000867490782910432,0.000867490782910432,0.000867490782910432,0,0.000867490782910432,0,0.0136629798308393,0.0136629798308393,0.0136629798308393,0.0136629798308393,"syn","syn","syn",4.58e-06,8.37e-07,4.33e-07,4.33e-07,"0.000357938644067796","0.00049914075","0.00096485175","1","A","A","A","A","A",0,0,0,0,1,0,1
"4048",4311,4536,4536,"a","a","g","g",0.00330687830687831,0.00330687830687831,0.00110229276895944,0.00110229276895944,0.000881834215167548,0.000220458553791887,0.000881834215167548,0.000220458553791887,0.00440917107583774,0.00440917107583774,0.00440917107583774,0.00440917107583774,"nonsyn","nonsyn","nonsyn",1.77e-05,1.76e-06,1.7e-06,1.7e-06,"0.00535247999999999","0.00154223999999999","0.00199584","0.0077112","T","T","A","P","S",1,1,0,1,0,0,0
"4049",4312,4569,4569,"c","c","t","t",0.00153206390895163,0.00153206390895163,0.000437732545414752,0.000437732545414752,0.000437732545414752,0,0.000437732545414752,0,0.00196979645436638,0.00196979645436638,0.00196979645436638,0.00196979645436638,"nonsyn","nonsyn","nonsyn",4.58e-06,8.37e-07,4.33e-07,4.33e-07,"0.00298943142857143","0.000989188499999999","0.0019121265","1","T","T","I","K","R",1,1,1,0,0,0,0
"4050",4313,4599,4600,"a","a","g","g",0.00217438573602957,0.00217438573602957,0,0,0,0,0,0,0.00217438573602957,0.00217438573602957,0.00217391304347826,0.00217391304347826,"syn","syn","syn",1.77e-05,1.76e-06,1.7e-06,1.7e-06,"0.00814023000000001","1","1","1","T","T","T","T","T",0,0,0,1,0,0,0
"4051",4314,4531,4532,"t","t","c","c",0.00463473846832929,0.00463473846832929,0.000441403663650408,0.000441403663650408,0.000441403663650408,0,0.000441403663650408,0,0.0050761421319797,0.0050761421319797,0.00507502206531333,0.00507502206531333,"nonsyn","nonsyn","nonsyn",1.7e-05,1.07e-06,1.21e-06,1.21e-06,"0.00366795238095238","0.002741255","0.002424085","1","S","S","P","T","A",1,0,1,0,0,0,0
"4052",4315,4589,4589,"c","c","t","t",0.00108956199607758,0.00108956199607758,0.000435824798431031,0.000435824798431031,0.000435824798431031,0,0.000435824798431031,0,0.00152538679450861,0.00152538679450861,0.00152538679450861,0.00152538679450861,"nonsyn","nonsyn","nonsyn",4.58e-06,8.37e-07,4.33e-07,4.33e-07,"0.00420352399999999","0.000993518499999999","0.0019204965","1","S","S","F","Y","C",1,1,1,0,0,0,0
"4053",4316,4585,4585,"c","c","t","t",0.00174482006543075,0.00174482006543075,0.000654307524536532,0.000654307524536532,0.000436205016357688,0.000218102508178844,0.000436205016357688,0.000218102508178844,0.00239912758996728,0.00239912758996728,0.00239912758996728,0.00239912758996728,"syn","syn","syn",4.58e-06,8.37e-07,4.33e-07,4.33e-07,"0.0026249125","0.000661768333333334","0.0019188225","0.001985305","S","S","S","S","S",0,0,0,0,1,0,1
"4054",4317,4605,4605,"g","a","a","g",0.001085776330076,0.998914223669924,0,0,0,0,0,0,0.001085776330076,0.998914223669924,0.001085776330076,0.998914223669924,"nonsyn","nonsyn","nonsyn",1.77e-05,1.76e-06,1.7e-06,1.7e-06,"1.77192391304348e-05","1","1","1","V","I","V","L","F",0,0,0,1,0,0,0
"4055",4318,4595,4595,"t","t","c","c",0.00348204570184984,0.00348204570184984,0.000217627856365615,0.000217627856365615,0,0.000217627856365615,0,0.000217627856365615,0.00369967355821545,0.00369967355821545,0.00369967355821545,0.00369967355821545,"nonsyn","nonsyn","nonsyn",1.7e-05,1.07e-06,1.21e-06,1.21e-06,"0.0048821875","0.00555994999999999","1","0.00555994999999999","V","I","T","N","S",1,1,1,0,0,0,0
"4056",4319,4649,4649,"c","c","t","t",0.000215100021510002,0.000215100021510002,0.000215100021510002,0.000215100021510002,0.000215100021510002,0,0.000215100021510002,0,0.000430200043020004,0.000430200043020004,0.000430200043020004,0.000430200043020004,"syn","syn","nonsyn",4.58e-06,8.37e-07,4.33e-07,4.33e-07,"0.02129242","0.002013017","0.003891213","1","V","I","I","I","M",0,0,0,0,0,0,0
"4057",4320,4662,4663,"t","t","c","c",0.00278850278850279,0.00278850278850279,0,0,0,0,0,0,0.00278850278850279,0.00278850278850279,0.00278790478232897,0.00278790478232897,"syn","nonsyn","nonsyn",1.7e-05,1.07e-06,1.21e-06,1.21e-06,"0.00609646153846153","1","1","1","L","L","L","M","V",0,0,0,0,1,0,1
"4058",4321,4708,4708,"t","t","c","c",0.00254885301614274,0.00254885301614274,0.000849617672047579,0.000849617672047579,0.000424808836023789,0.000424808836023789,0.000424808836023789,0.000424808836023789,0.00339847068819031,0.00339847068819031,0.00339847068819031,0.00339847068819031,"nonsyn","stop","nonsyn",1.7e-05,1.07e-06,1.21e-06,1.21e-06,"0.00666966666666666","0.00142417","0.00251878","0.00284834","L","L","S","*","W",1,1,0,1,0,0,0
"4059",4322,4795,4801,"g","g","a","a",0.00375391032325339,0.00375391032325339,0.000417101147028154,0.000417101147028154,0,0.000417101147028154,0,0.000417101147028154,0.00417101147028154,0.00417101147028154,0.00416579879191835,0.00416579879191835,"syn","nonsyn","nonsyn",4.2e-06,5.36e-07,1.17e-06,1.17e-06,"0.00111883333333333","0.002805075","1","0.002805075","L","L","L","F","F",0,0,0,0,1,1,0
"4060",4323,4806,4806,"g","g","a","a",0.00187265917602996,0.00187265917602996,0.000416146483562214,0.000416146483562214,0.000208073241781107,0.000208073241781107,0.000208073241781107,0.000208073241781107,0.00228880565959218,0.00228880565959218,0.00228880565959218,0.00228880565959218,"nonsyn","nonsyn","nonsyn",4.2e-06,5.36e-07,1.17e-06,1.17e-06,"0.0022428","0.00281151","0.002576016","0.00562302","G","G","S","R","C",1,1,0,0,1,1,0
"4061",4324,4714,4714,"g","g","a","a",0.00212134068731438,0.00212134068731438,0.000636402206194315,0.000636402206194315,0.000212134068731438,0.000424268137462877,0.000212134068731438,0.000424268137462877,0.0027577428935087,0.0027577428935087,0.0027577428935087,0.0027577428935087,"nonsyn","nonsyn","nonsyn",4.2e-06,5.36e-07,1.17e-06,1.17e-06,"0.00197988","0.00183846","0.002526704","0.00275769","G","G","D","A","V",1,1,1,0,0,0,0
"4062",4325,4737,4737,"c","c","t","t",0.0557314756174794,0.0557314756174794,0.000422208148617268,0.000422208148617268,0.000422208148617268,0,0.000422208148617268,0,0.0561536837660967,0.0561536837660967,0.0561536837660967,0.0561536837660967,"syn","syn","syn",4.58e-06,8.37e-07,4.33e-07,4.33e-07,"8.21797727272728e-05","0.0010255605","0.0019824345","1","G","G","G","G","G",0,0,0,0,0,0,0
"4063",4326,4746,4746,"a","a","g","g",0.00337126000842815,0.00337126000842815,0.000421407501053519,0.000421407501053519,0.000210703750526759,0.000210703750526759,0.000210703750526759,0.000210703750526759,0.00379266750948167,0.00379266750948167,0.00379266750948167,0.00379266750948167,"nonsyn","nonsyn","nonsyn",1.77e-05,1.76e-06,1.7e-06,1.7e-06,"0.0052502625","0.0040341","0.00835296000000002","0.00806820000000001","I","I","V","L","F",0,0,0,1,0,0,0
"4064",4327,4756,4756,"t","t","c","c",0.000630782169890664,0.000630782169890664,0.000210260723296888,0.000210260723296888,0.000210260723296888,0,0.000210260723296888,0,0.000841042893187553,0.000841042893187553,0.000841042893187553,0.000841042893187553,"nonsyn","nonsyn","nonsyn",1.7e-05,1.07e-06,1.21e-06,1.21e-06,"0.0269506666666667","0.00575476","0.00508892","1","I","I","T","N","S",1,1,1,0,0,0,0
"4065",4328,4788,4788,"c","c","t","t",0.0025062656641604,0.0025062656641604,0.0006265664160401,0.0006265664160401,0.0006265664160401,0,0.0006265664160401,0,0.0031328320802005,0.0031328320802005,0.0031328320802005,0.0031328320802005,"syn","syn","nonsyn",4.58e-06,8.37e-07,4.33e-07,4.33e-07,"0.00182742","0.000691068","0.001335852","1","I","I","I","I","M",0,0,0,0,0,0,0
"4066",4329,4805,4805,"g","g","a","a",0.00457856399583767,0.00457856399583767,0.000624349635796046,0.000624349635796046,0,0.000624349635796046,0,0.000624349635796046,0.00520291363163371,0.00520291363163371,0.00520291363163371,0.00520291363163371,"nonsyn","nonsyn","nonsyn",4.2e-06,5.36e-07,1.17e-06,1.17e-06,"0.000917318181818182","0.00187395","1","0.00187395","G","G","S","R","C",1,1,0,0,1,1,0
"4067",4330,4826,4826,"g","g","a","a",0.0111893907998342,0.0111893907998342,0,0,0,0,0,0,0.0111893907998342,0.0111893907998342,0.0111893907998342,0.0111893907998342,"nonsyn","nonsyn","nonsyn",4.2e-06,5.36e-07,1.17e-06,1.17e-06,"0.000375355555555557","1","1","1","G","G","D","A","V",1,1,1,0,0,0,0
"4068",4331,4845,4845,"c","c","t","t",0.00268317853457172,0.00268317853457172,0.000206398348813209,0.000206398348813209,0.000206398348813209,0,0.000206398348813209,0,0.00288957688338493,0.00288957688338493,0.00288957688338493,0.00288957688338493,"syn","syn","syn",4.58e-06,8.37e-07,4.33e-07,4.33e-07,"0.00170693076923077","0.00209788500000001","0.00405526500000001","1","G","G","G","G","G",0,0,0,0,0,0,0
"4069",4332,4827,4827,"a","a","g","g",0.00207168013258753,0.00207168013258753,0.000207168013258753,0.000207168013258753,0,0.000207168013258753,0,0.000207168013258753,0.00227884814584628,0.00227884814584628,0.00227884814584628,0.00227884814584628,"nonsyn","nonsyn","nonsyn",1.77e-05,1.76e-06,1.7e-06,1.7e-06,"0.00854378999999999","0.0082059","1","0.0082059","T","T","A","P","S",1,1,0,1,0,0,0
"4070",4333,4781,4781,"c","c","t","t",0.00104580631667015,0.00104580631667015,0,0,0,0,0,0,0.00104580631667015,0.00104580631667015,0.00104580631667015,0.00104580631667015,"nonsyn","nonsyn","nonsyn",4.58e-06,8.37e-07,4.33e-07,4.33e-07,"0.00437939600000001","1","1","1","T","T","I","N","S",1,0,0,0,0,0,0
"4071",4334,4922,4922,"t","t","c","c",0.0237708248679399,0.0237708248679399,0.000203169443315725,0.000203169443315725,0,0.000203169443315725,0,0.000203169443315725,0.0239739943112556,0.0239739943112556,0.0239739943112556,0.0239739943112556,"syn","syn","syn",1.7e-05,1.07e-06,1.21e-06,1.21e-06,"0.000715162393162392","0.00595562000000001","1","0.00595562000000001","T","T","T","T","T",0,0,0,1,1,0,1
"4072",4335,4999,4999,"g","g","a","a",0.0024004800960192,0.0024004800960192,0,0,0,0,0,0,0.0024004800960192,0.0024004800960192,0.0024004800960192,0.0024004800960192,"nonsyn","nonsyn","nonsyn",4.2e-06,5.36e-07,1.17e-06,1.17e-06,"0.00174965","1","1","1","V","V","I","L","F",0,0,0,0,0,0,0
"4073",4336,5002,5002,"t","t","c","c",0.00499800079968013,0.00499800079968013,0.00039984006397441,0.00039984006397441,0.00039984006397441,0,0.00039984006397441,0,0.00539784086365454,0.00539784086365454,0.00539784086365454,0.00539784086365454,"nonsyn","nonsyn","nonsyn",1.7e-05,1.07e-06,1.21e-06,1.21e-06,"0.00340136","0.00302621","0.00267607","1","V","V","A","D","G",0,1,1,0,0,0,0
"4074",4337,5003,5003,"c","c","t","t",0.00179892064761143,0.00179892064761143,0.000999400359784129,0.000999400359784129,0.000999400359784129,0,0.000999400359784129,0,0.00279832100739556,0.00279832100739556,0.00279832100739556,0.00279832100739556,"syn","syn","syn",4.58e-06,8.37e-07,4.33e-07,4.33e-07,"0.00254597111111112","0.0004332598","0.0008375022","1","V","V","V","V","V",0,0,0,0,0,0,0
"4075",4338,5007,5007,"c","c","t","t",0.00139804274016377,0.00139804274016377,0.000399440782903934,0.000399440782903934,0.000399440782903934,0,0.000399440782903934,0,0.00179748352306771,0.00179748352306771,0.00179748352306771,0.00179748352306771,"nonsyn","nonsyn","nonsyn",4.58e-06,8.37e-07,4.33e-07,4.33e-07,"0.00327600857142857","0.0010840155","0.0020954295","1","L","L","F","I","V",0,0,0,0,1,0,1
"4076",4339,4582,4582,"t","t","c","c",0.00283718900043649,0.00283718900043649,0.000654735923177652,0.000654735923177652,0.000654735923177652,0,0.000654735923177652,0,0.00349192492361414,0.00349192492361414,0.00349192492361414,0.00349192492361414,"nonsyn","nonsyn","nonsyn",1.7e-05,1.07e-06,1.21e-06,1.21e-06,"0.00599184615384615","0.00184807333333333","0.00163424666666667","1","L","L","P","H","R",1,1,1,0,1,0,1
"4077",4340,5228,5228,"t","t","c","c",0.0053557765876052,0.0053557765876052,0.00153022188217292,0.00153022188217292,0.0013389441469013,0.000191277735271614,0.0013389441469013,0.000191277735271614,0.00688599846977812,0.00688599846977812,0.00688599846977812,0.00688599846977812,"syn","syn","syn",1.7e-05,1.07e-06,1.21e-06,1.21e-06,"0.00317414285714286","0.000790734999999997","0.000799137142857143","0.00632588000000001","L","L","L","L","L",0,0,0,1,0,0,0
"4078",4341,5235,5235,"g","g","a","a",0.00114613180515759,0.00114613180515759,0.000955109837631328,0.000955109837631328,0,0.000955109837631328,0,0.000955109837631328,0.00210124164278892,0.00210124164278892,0.00210124164278892,0.00210124164278892,"nonsyn","nonsyn","nonsyn",4.2e-06,5.36e-07,1.17e-06,1.17e-06,"0.00366450000000001","0.00122499","1","0.00122499","D","D","N","H","Y",1,1,1,0,0,0,0
"4079",4342,5227,5227,"a","a","g","g",0.00822651616606084,0.00822651616606084,0.000191314329443275,0.000191314329443275,0,0.000191314329443275,0,0.000191314329443275,0.00841783049550411,0.00841783049550411,0.00841783049550411,0.00841783049550411,"nonsyn","nonsyn","nonsyn",1.77e-05,1.76e-06,1.7e-06,1.7e-06,"0.00215157906976744","0.00888590000000001","1","0.00888590000000001","D","D","G","A","V",1,1,1,0,0,0,0
"4080",4343,5232,5232,"c","c","t","t",0.000573394495412844,0.000573394495412844,0,0,0,0,0,0,0.000573394495412844,0.000573394495412844,0.000573394495412844,0.000573394495412844,"syn","nonsyn","nonsyn",4.58e-06,8.37e-07,4.33e-07,4.33e-07,"0.00798752","1","1","1","D","D","D","E","E",0,0,0,0,0,0,0
"4081",4344,5225,5225,"c","c","t","t",0.000574162679425837,0.000574162679425837,0.000191387559808612,0.000191387559808612,0.000191387559808612,0,0.000191387559808612,0,0.00076555023923445,0.00076555023923445,0.00076555023923445,0.00076555023923445,"stop","nonsyn","nonsyn",4.58e-06,8.37e-07,4.33e-07,4.33e-07,"0.00797683333333334","0.00226242500000001","0.00437332500000001","1","Q","Q","*","K","E",1,1,1,0,1,0,1
"4082",4345,5231,5231,"a","a","g","g",0.00172051233033837,0.00172051233033837,0.000573504110112789,0.000573504110112789,0.000191168036704263,0.000382336073408526,0.000191168036704263,0.000382336073408526,0.00229401644045116,0.00229401644045116,0.00229401644045116,0.00229401644045116,"nonsyn","nonsyn","nonsyn",1.77e-05,1.76e-06,1.7e-06,1.7e-06,"0.0102876333333333","0.00296423333333333","0.00920656","0.00444635","Q","Q","R","P","L",1,1,1,1,0,0,0
"4083",4346,5206,5206,"a","a","g","g",0.00268920476373415,0.00268920476373415,0.00134460238186708,0.00134460238186708,0.000384172109104879,0.000960430272762197,0.000384172109104879,0.000960430272762197,0.00403380714560123,0.00403380714560123,0.00403380714560123,0.00403380714560123,"syn","nonsyn","nonsyn",1.77e-05,1.76e-06,1.7e-06,1.7e-06,"0.00658187142857144","0.00126431428571428","0.00458128","0.00177004","Q","Q","Q","H","H",0,1,1,0,1,1,0
"4084",4347,5284,5284,"g","g","a","a",0.000378501135503407,0.000378501135503407,0,0,0,0,0,0,0.000378501135503407,0.000378501135503407,0.000378501135503407,0.000378501135503407,"nonsyn","nonsyn","nonsyn",4.2e-06,5.36e-07,1.17e-06,1.17e-06,"0.0110964","1","1","1","A","A","T","P","S",1,1,1,0,0,0,0
"4085",4348,5283,5283,"c","c","t","t",0.00151429112246829,0.00151429112246829,0,0,0,0,0,0,0.00151429112246829,0.00151429112246829,0.00151429112246829,0.00151429112246829,"nonsyn","nonsyn","nonsyn",4.58e-06,8.37e-07,4.33e-07,4.33e-07,"0.00302451750000001","1","1","1","A","A","V","E","G",0,1,1,0,0,0,0
"4086",4349,5308,5308,"a","a","g","g",0.0020723436322532,0.0020723436322532,0.000753579502637528,0.000753579502637528,0.000376789751318764,0.000376789751318764,0.000376789751318764,0.000376789751318764,0.00282592313489073,0.00282592313489073,0.00282592313489073,0.00282592313489073,"syn","syn","syn",1.77e-05,1.76e-06,1.7e-06,1.7e-06,"0.00854105454545456","0.0022559","0.00467104","0.0045118","A","A","A","A","A",0,0,0,1,1,1,0
"4087",4350,5166,5166,"g","g","a","a",0.000387146728610143,0.000387146728610143,0,0,0,0,0,0,0.000387146728610143,0.000387146728610143,0.000387146728610143,0.000387146728610143,"nonsyn","nonsyn","stop",4.2e-06,5.36e-07,1.17e-06,1.17e-06,"0.0108486","1","1","1","E","E","K","Q","*",1,1,1,0,0,0,0
"4088",4351,5253,5253,"a","a","g","g",0.00342661336379212,0.00342661336379212,0.00266514372739387,0.00266514372739387,0.000190367409099562,0.00247477631829431,0.000190367409099562,0.00247477631829431,0.00609175709118599,0.00609175709118599,0.00609175709118599,0.00609175709118599,"nonsyn","nonsyn","nonsyn",1.77e-05,1.76e-06,1.7e-06,1.7e-06,"0.00516545","0.000637864285714286","0.00924528000000001","0.000686930769230769","E","E","G","A","V",1,1,1,0,1,1,0
"4089",4352,5237,5237,"g","g","a","a",0.000572847049837693,0.000572847049837693,0.000190949016612564,0.000190949016612564,0,0.000190949016612564,0,0.000190949016612564,0.000763796066450258,0.000763796066450258,0.000763796066450258,0.000763796066450258,"syn","nonsyn","nonsyn",4.2e-06,5.36e-07,1.17e-06,1.17e-06,"0.0073318","0.00612729000000001","1","0.00612729000000001","E","E","E","D","D",0,0,0,0,0,0,0
"4090",4353,5255,5255,"a","a","g","g",0.00285442435775452,0.00285442435775452,0,0,0,0,0,0,0.00285442435775452,0.00285442435775452,0.00285442435775452,0.00285442435775452,"nonsyn","nonsyn","nonsyn",1.77e-05,1.76e-06,1.7e-06,1.7e-06,"0.0062009","1","1","1","T","T","A","P","S",1,1,0,0,0,0,0
"4091",4354,5281,5281,"c","c","t","t",0.00056807422836584,0.00056807422836584,0.000189358076121947,0.000189358076121947,0,0.000189358076121947,0,0.000189358076121947,0.000757432304487786,0.000757432304487786,0.000757432304487786,0.000757432304487786,"nonsyn","nonsyn","nonsyn",4.58e-06,8.37e-07,4.33e-07,4.33e-07,"0.00806232666666666","0.002286673","1","0.002286673","T","T","I","N","S",1,0,0,0,0,0,0
"4092",4355,5276,5276,"t","t","c","c",0.0032221379833207,0.0032221379833207,0.0013267626990144,0.0013267626990144,0.000947687642153146,0.000379075056861259,0.000947687642153146,0.000379075056861259,0.0045489006823351,0.0045489006823351,0.0045489006823351,0.0045489006823351,"syn","syn","syn",1.7e-05,1.07e-06,1.21e-06,1.21e-06,"0.005276","0.000911994285714289","0.001129064","0.00319198","T","T","T","T","T",0,0,0,1,1,0,1
"4093",4356,5307,5307,"g","g","a","a",0.00226116449971735,0.00226116449971735,0,0,0,0,0,0,0.00226116449971735,0.00226116449971735,0.00226116449971735,0.00226116449971735,"nonsyn","nonsyn","nonsyn",4.2e-06,5.36e-07,1.17e-06,1.17e-06,"0.00185745","1","1","1","A","A","T","P","S",1,1,1,0,0,0,0
"4094",4357,5276,5279,"c","c","t","t",0.0032221379833207,0.0032221379833207,0.000189537528430629,0.000189537528430629,0.000189537528430629,0,0.000189537528430629,0,0.00341167551175133,0.00341167551175133,0.00340973669255541,0.00340973669255541,"nonsyn","nonsyn","nonsyn",4.58e-06,8.37e-07,4.33e-07,4.33e-07,"0.00142141647058823","0.002284508","0.00441601200000001","1","A","A","V","E","G",0,1,1,0,0,0,0
"4095",4358,5242,5259,"g","g","a","a",0.00362457077451354,0.00362457077451354,0.000381533765738268,0.000381533765738268,0,0.000381533765738268,0,0.000381533765738268,0.00400610454025181,0.00400610454025181,0.00399315459212778,0.00399315459212778,"syn","syn","syn",4.2e-06,5.36e-07,1.17e-06,1.17e-06,"0.00115875789473684","0.00306657","1","0.00306657","A","A","A","A","A",0,0,0,0,1,1,0
"4096",4359,5241,5241,"g","g","a","a",0.00114481969089868,0.00114481969089868,0.000190803281816447,0.000190803281816447,0,0.000190803281816447,0,0.000190803281816447,0.00133562297271513,0.00133562297271513,0.00133562297271513,0.00133562297271513,"nonsyn","nonsyn","nonsyn",4.2e-06,5.36e-07,1.17e-06,1.17e-06,"0.00366870000000001","0.00613197000000001","1","0.00613197000000001","G","G","R","R","W",1,1,1,0,1,1,0
"4097",4360,5238,5238,"g","g","a","a",0.0011454753722795,0.0011454753722795,0.000572737686139748,0.000572737686139748,0,0.000572737686139748,0,0.000572737686139748,0.00171821305841924,0.00171821305841924,0.00171821305841924,0.00171821305841924,"nonsyn","nonsyn","nonsyn",4.2e-06,5.36e-07,1.17e-06,1.17e-06,"0.00366659999999999","0.00204282","1","0.00204282","G","G","E","A","V",1,1,1,0,1,1,0
"4098",4361,5237,5237,"g","g","a","a",0.00190949016612564,0.00190949016612564,0.000572847049837693,0.000572847049837693,0.000190949016612564,0.000381898033225129,0.000190949016612564,0.000381898033225129,0.00248233721596334,0.00248233721596334,0.00248233721596334,0.00248233721596334,"syn","syn","syn",4.2e-06,5.36e-07,1.17e-06,1.17e-06,"0.00219954000000001","0.00204243","0.00280703200000001","0.003063645","G","G","G","G","G",0,0,0,0,1,1,0
"4099",4362,5258,5258,"g","g","a","a",0.00114111829593001,0.00114111829593001,0.000190186382655002,0.000190186382655002,0,0.000190186382655002,0,0.000190186382655002,0.00133130467858501,0.00133130467858501,0.00133130467858501,0.00133130467858501,"nonsyn","nonsyn","nonsyn",4.2e-06,5.36e-07,1.17e-06,1.17e-06,"0.0036806","0.00615186","1","0.00615186","A","A","T","P","S",1,1,1,0,0,0,0
"4100",4363,5258,5258,"c","c","t","t",0.00323316850513503,0.00323316850513503,0.00133130467858501,0.00133130467858501,0.000570559147965006,0.000760745530620008,0.000570559147965006,0.000760745530620008,0.00456447318372005,0.00456447318372005,0.00456447318372005,0.00456447318372005,"nonsyn","nonsyn","nonsyn",4.58e-06,8.37e-07,4.33e-07,4.33e-07,"0.00141656705882353","0.000325244857142858","0.001466982","0.0005691785","A","A","V","E","G",0,1,1,0,0,0,0
"4101",4364,5293,5293,"g","g","a","a",0.00283393160778387,0.00283393160778387,0.000377857547704515,0.000377857547704515,0,0.000377857547704515,0,0.000377857547704515,0.00321178915548838,0.00321178915548838,0.00321178915548838,0.00321178915548838,"syn","syn","syn",4.2e-06,5.36e-07,1.17e-06,1.17e-06,"0.00148204","0.003096405","1","0.003096405","A","A","A","A","A",0,0,0,0,0,0,0
"4102",4365,5283,5283,"a","a","g","g",0.00738216922203294,0.00738216922203294,0.00132500473215976,0.00132500473215976,0.000378572780617074,0.000946431951542684,0.000378572780617074,0.000946431951542684,0.00870717395419269,0.00870717395419269,0.00870717395419269,0.00870717395419269,"nonsyn","syn","stop",1.77e-05,1.76e-06,1.7e-06,1.7e-06,"0.00239766923076923","0.00128301428571428","0.00464904","0.00179622","R","R","G","R","*",1,0,1,0,1,1,0
"4103",4366,5342,5342,"g","g","a","a",0.000561587420441782,0.000561587420441782,0.000187195806813927,0.000187195806813927,0,0.000187195806813927,0,0.000187195806813927,0.00074878322725571,0.00074878322725571,0.00074878322725571,0.00074878322725571,"nonsyn","nonsyn","nonsyn",4.2e-06,5.36e-07,1.17e-06,1.17e-06,"0.0074788","0.00625014000000001","1","0.00625014000000001","R","R","K","T","I",0,1,1,0,0,0,0
"4104",4367,5323,5323,"a","a","g","g",0.00356941574300207,0.00356941574300207,0.000187863986473793,0.000187863986473793,0,0.000187863986473793,0,0.000187863986473793,0.00375727972947586,0.00375727972947586,0.00375727972947586,0.00375727972947586,"syn","nonsyn","nonsyn",1.77e-05,1.76e-06,1.7e-06,1.7e-06,"0.0049587947368421","0.0090491","1","0.0090491","R","R","R","S","S",0,1,1,0,0,0,0
"4105",4368,5180,5180,"c","c","t","t",0.000965250965250965,0.000965250965250965,0.000386100386100386,0.000386100386100386,0.000386100386100386,0,0.000386100386100386,0,0.00135135135135135,0.00135135135135135,0.00135135135135135,0.00135135135135135,"syn","nonsyn","nonsyn",4.58e-06,8.37e-07,4.33e-07,4.33e-07,"0.00474488","0.00112147","0.00216783","1","L","L","L","M","V",0,0,0,0,0,0,0
"4106",4369,5237,5237,"t","t","c","c",0.00171854114951308,0.00171854114951308,0.000763796066450258,0.000763796066450258,0.000572847049837693,0.000190949016612564,0.000572847049837693,0.000190949016612564,0.00248233721596334,0.00248233721596334,0.00248233721596334,0.00248233721596334,"nonsyn","nonsyn","nonsyn",1.7e-05,1.07e-06,1.21e-06,1.21e-06,"0.00989211111111111","0.0015841925","0.00186786333333333","0.00633677000000002","L","L","P","Q","R",1,1,1,1,1,0,1
"4107",4370,5242,5243,"g","g","a","a",0.00095383441434567,0.00095383441434567,0.000572300648607402,0.000572300648607402,0,0.000572300648607402,0,0.000572300648607402,0.00152613506295307,0.00152613506295307,0.00152584398245279,0.00152584398245279,"syn","syn","syn",4.2e-06,5.36e-07,1.17e-06,1.17e-06,"0.00440328","0.00204438","1","0.00204438","L","L","L","L","L",0,0,0,0,1,1,0
"4108",4371,5245,5245,"g","g","a","a",0.00133460438512869,0.00133460438512869,0.000190657769304099,0.000190657769304099,0,0.000190657769304099,0,0.000190657769304099,0.00152526215443279,0.00152526215443279,0.00152526215443279,0.00152526215443279,"nonsyn","nonsyn","nonsyn",4.2e-06,5.36e-07,1.17e-06,1.17e-06,"0.00314700000000001","0.00613665","1","0.00613665","V","V","I","L","F",0,0,0,0,0,0,0
"4109",4372,5243,5244,"t","t","c","c",0.00610337592981118,0.00610337592981118,0,0,0,0,0,0,0.00610337592981118,0.00610337592981118,0.0061022120518688,0.0061022120518688,"nonsyn","nonsyn","nonsyn",1.7e-05,1.07e-06,1.21e-06,1.21e-06,"0.00278534375","1","1","1","V","V","A","D","G",0,1,1,0,0,0,0
"4110",4373,5265,5265,"t","t","c","c",0.0417853751187085,0.0417853751187085,0.00170940170940171,0.00170940170940171,0.001329534662868,0.000379867046533713,0.001329534662868,0.000379867046533713,0.0434947768281102,0.0434947768281102,0.0434947768281102,0.0434947768281102,"syn","syn","syn",1.7e-05,1.07e-06,1.21e-06,1.21e-06,"0.000406840909090909","0.00070785","0.000804792857142855","0.003185325","V","V","V","V","V",0,0,0,1,0,0,0
"4111",4374,5261,5261,"g","g","a","a",0.000950389659760502,0.000950389659760502,0,0,0,0,0,0,0.000950389659760502,0.000950389659760502,0.000950389659760502,0.000950389659760502,"nonsyn","nonsyn","nonsyn",4.2e-06,5.36e-07,1.17e-06,1.17e-06,"0.00441924","1","1","1","V","V","M","L","L",0,0,0,0,0,0,0
"4112",4375,5213,5213,"t","t","c","c",0.00364473431805103,0.00364473431805103,0.000767312488010742,0.000767312488010742,0.000575484366008057,0.000191828122002686,0.000575484366008057,0.000191828122002686,0.00441204680606177,0.00441204680606177,0.00441204680606177,0.00441204680606177,"nonsyn","nonsyn","nonsyn",1.7e-05,1.07e-06,1.21e-06,1.21e-06,"0.00466426315789473","0.0015769325","0.00185930333333333","0.00630772999999999","V","V","A","E","G",0,1,1,1,0,0,0
"4113",4376,5240,5240,"g","g","a","a",0.00152671755725191,0.00152671755725191,0.00458015267175573,0.00458015267175573,0,0.00458015267175573,0,0.00458015267175573,0.00610687022900763,0.00610687022900763,0.00610687022900763,0.00610687022900763,"syn","syn","syn",4.2e-06,5.36e-07,1.17e-06,1.17e-06,"0.002751","0.00025545","1","0.00025545","V","V","V","V","V",0,0,0,0,0,0,0
"4114",4377,5372,5372,"c","c","t","t",0.00316455696202532,0.00316455696202532,0.000372300819061802,0.000372300819061802,0.000372300819061802,0,0.000372300819061802,0,0.00353685778108712,0.00353685778108712,0.00353685778108712,0.00353685778108712,"nonsyn","nonsyn","nonsyn",4.58e-06,8.37e-07,4.33e-07,4.33e-07,"0.00144728","0.001163038","0.002248182","1","L","L","F","I","V",0,0,0,0,0,0,0
"4115",4378,5366,5366,"t","t","c","c",0.00391352963101006,0.00391352963101006,0.0016772269847186,0.0016772269847186,0.00111815132314573,0.000559075661572866,0.00111815132314573,0.000559075661572866,0.00559075661572866,0.00559075661572866,0.00559075661572866,0.00559075661572866,"nonsyn","nonsyn","nonsyn",1.7e-05,1.07e-06,1.21e-06,1.21e-06,"0.00434390476190477","0.000721428888888888","0.000956936666666669","0.00216428666666667","L","L","P","H","R",1,1,1,0,1,0,1
"4116",4379,5406,5406,"c","c","t","t",0.00443951165371809,0.00443951165371809,0.000369959304476508,0.000369959304476508,0.000369959304476508,0,0.000369959304476508,0,0.0048094709581946,0.0048094709581946,0.0048094709581946,0.0048094709581946,"syn","syn","syn",4.58e-06,8.37e-07,4.33e-07,4.33e-07,"0.001031645","0.001170399","0.002262411","1","L","L","L","L","L",0,0,0,0,0,0,0
"4117",4380,5393,5393,"g","g","a","a",0.00352308548117931,0.00352308548117931,0.000741702206564065,0.000741702206564065,0,0.000741702206564065,0,0.000741702206564065,0.00426478768774337,0.00426478768774337,0.00426478768774337,0.00426478768774337,"nonsyn","nonsyn","nonsyn",4.2e-06,5.36e-07,1.17e-06,1.17e-06,"0.00119213684210526","0.0015774525","1","0.0015774525","A","A","T","P","S",1,1,1,0,0,0,0
"4118",4381,5350,5350,"c","c","t","t",0.00186915887850467,0.00186915887850467,0,0,0,0,0,0,0.00186915887850467,0.00186915887850467,0.00186915887850467,0.00186915887850467,"nonsyn","nonsyn","nonsyn",4.58e-06,8.37e-07,4.33e-07,4.33e-07,"0.0024503","1","1","1","A","A","V","D","G",0,1,1,0,0,0,0
"4119",4382,5359,5359,"c","c","t","t",0.00130621384586677,0.00130621384586677,0.0005598059339429,0.0005598059339429,0.000186601977980967,0.000373203955961933,0.000186601977980967,0.000373203955961933,0.00186601977980967,0.00186601977980967,0.00186601977980967,0.00186601977980967,"syn","syn","syn",4.58e-06,8.37e-07,4.33e-07,4.33e-07,"0.00350631714285713","0.000773482333333333","0.00448548299999999","0.0011602235","A","A","A","A","A",0,0,0,0,1,0,1
"4120",4383,5362,5362,"a","a","g","g",0.00428944423722492,0.00428944423722492,0.00708690787019769,0.00708690787019769,0.00596792241700858,0.00111898545318911,0.00596792241700858,0.00111898545318911,0.0113763521074226,0.0113763521074226,0.0113763521074226,0.0113763521074226,"nonsyn","nonsyn","nonsyn",1.77e-05,1.76e-06,1.7e-06,1.7e-06,"0.00412640869565217","0.000239878947368421","0.00029491","0.00151923333333333","T","T","A","P","S",1,1,0,1,0,0,0
"4121",4384,5404,5404,"c","c","t","t",0.00296076980014804,0.00296076980014804,0.000185048112509252,0.000185048112509252,0.000185048112509252,0,0.000185048112509252,0,0.00314581791265729,0.00314581791265729,0.00314581791265729,0.00314581791265729,"nonsyn","nonsyn","nonsyn",4.58e-06,8.37e-07,4.33e-07,4.33e-07,"0.001546895","0.00233993200000001","0.00452314800000001","1","T","T","I","N","S",1,0,0,0,0,0,0
"4122",4385,5455,5455,"c","t","t","c",0.00219981668194317,0.997066911090742,0.00073327222731439,0.00073327222731439,0.00073327222731439,0,0.00073327222731439,0,0.00293308890925756,0.997800183318057,0.00293308890925756,0.997800183318057,"syn","syn","syn",1.7e-05,1.07e-06,1.21e-06,1.21e-06,"1.70500091928663e-05","0.0016501375","0.0014592125","1","T","T","T","T","T",0,0,0,1,1,0,1
"4123",4386,5475,5477,"g","g","a","a",0.00292237442922374,0.00292237442922374,0.000365296803652968,0.000365296803652968,0.000182648401826484,0.000182648401826484,0.000182648401826484,0.000182648401826484,0.00328767123287671,0.00328767123287671,0.0032864706956363,0.0032864706956363,"nonsyn","nonsyn","nonsyn",4.2e-06,5.36e-07,1.17e-06,1.17e-06,"0.0014371875","0.003202875","0.0029346","0.00640575","A","A","T","P","S",1,1,1,0,0,0,0
"4124",4387,5466,5466,"c","c","t","t",0.00182949140139041,0.00182949140139041,0.000182949140139041,0.000182949140139041,0.000182949140139041,0,0.000182949140139041,0,0.00201244054152945,0.00201244054152945,0.00201244054152945,0.00201244054152945,"nonsyn","nonsyn","nonsyn",4.58e-06,8.37e-07,4.33e-07,4.33e-07,"0.00250342800000001","0.002366778","0.00457504200000001","1","A","A","V","D","G",0,1,1,0,0,0,0
"4125",4388,5476,5476,"t","t","c","c",0.00401753104455807,0.00401753104455807,0.00109569028487947,0.00109569028487947,0.000913075237399562,0.000182615047479912,0.000913075237399562,0.000182615047479912,0.00511322132943755,0.00511322132943755,0.00511322132943755,0.00511322132943755,"syn","syn","syn",1.7e-05,1.07e-06,1.21e-06,1.21e-06,"0.00423145454545455","0.00110432666666667","0.001171864","0.00662596000000001","A","A","A","A","A",0,0,0,0,1,0,1
"4126",4389,5462,5462,"a","a","g","g",0.00238008055657268,0.00238008055657268,0.00018308311973636,0.00018308311973636,0.00018308311973636,0,0.00018308311973636,0,0.00256316367630904,0.00256316367630904,0.00256316367630904,0.00256316367630904,"nonsyn","nonsyn","nonsyn",1.77e-05,1.76e-06,1.7e-06,1.7e-06,"0.00743672307692309","0.00928540000000002","0.00961312000000002","1","T","T","A","P","S",1,1,0,0,0,0,0
"4127",4390,5419,5419,"c","c","t","t",0.000369071784462078,0.000369071784462078,0.000184535892231039,0.000184535892231039,0.000184535892231039,0,0.000184535892231039,0,0.000553607676693117,0.000553607676693117,0.000553607676693117,0.000553607676693117,"nonsyn","nonsyn","nonsyn",4.58e-06,8.37e-07,4.33e-07,4.33e-07,"0.01240951","0.002346427","0.004535703","1","T","T","I","N","S",1,0,0,0,0,0,0
"4128",4391,5542,5542,"t","c","c","t",0.0032479249368459,0.996210754240346,0.000541320822807651,0.000541320822807651,0.000360880548538434,0.000180440274269217,0.000360880548538434,0.000180440274269217,0.00378924575965355,0.996752075063154,0.00378924575965355,0.996752075063154,"syn","syn","syn",4.58e-06,8.37e-07,4.33e-07,4.33e-07,"4.59742075710922e-06","0.000799895333333333","0.002319327","0.002399686","T","T","T","T","T",0,0,0,0,1,0,1
"4129",4392,5567,5567,"c","c","t","t",0.00125740973594396,0.00125740973594396,0,0,0,0,0,0,0.00125740973594396,0.00125740973594396,0.00125740973594396,0.00125740973594396,"nonsyn","nonsyn","nonsyn",4.58e-06,8.37e-07,4.33e-07,4.33e-07,"0.00364240857142856","1","1","1","P","P","S","T","A",1,1,1,0,1,0,1
"4130",4393,5572,5572,"c","c","t","t",0.000358937544867193,0.000358937544867193,0,0,0,0,0,0,0.000358937544867193,0.000358937544867193,0.000358937544867193,0.000358937544867193,"nonsyn","nonsyn","nonsyn",4.58e-06,8.37e-07,4.33e-07,4.33e-07,"0.01275988","1","1","1","P","P","L","H","R",1,1,1,0,1,0,1
"4131",4394,5558,5558,"t","t","c","c",0.0034184958618208,0.0034184958618208,0.000719683339330694,0.000719683339330694,0.000719683339330694,0,0.000719683339330694,0,0.00413817920115149,0.00413817920115149,0.00413817920115149,0.00413817920115149,"syn","syn","syn",1.7e-05,1.07e-06,1.21e-06,1.21e-06,"0.00497294736842105","0.001681295","0.001486765","1","P","P","P","P","P",0,0,0,0,1,0,1
"4132",4395,5562,5562,"c","c","t","t",0.000539374325782093,0.000539374325782093,0.000539374325782093,0.000539374325782093,0.000539374325782093,0,0.000539374325782093,0,0.00107874865156419,0.00107874865156419,0.00107874865156419,0.00107874865156419,"nonsyn","nonsyn","nonsyn",4.58e-06,8.37e-07,4.33e-07,4.33e-07,"0.00849132","0.000802782","0.001551798","1","P","P","S","T","A",1,1,1,0,0,0,0
"4133",4396,5569,5569,"c","c","t","t",0.00251391632249955,0.00251391632249955,0.000897827258035554,0.000897827258035554,0.000897827258035554,0,0.000897827258035554,0,0.0034117435805351,0.0034117435805351,0.0034117435805351,0.0034117435805351,"nonsyn","nonsyn","nonsyn",4.58e-06,8.37e-07,4.33e-07,4.33e-07,"0.00182185857142857","0.0004822754","0.0009322506","1","P","P","L","Q","R",1,1,1,0,1,0,1
"4134",4397,5516,5516,"g","g","a","a",0.00271936185641769,0.00271936185641769,0.000181290790427846,0.000181290790427846,0.000181290790427846,0,0.000181290790427846,0,0.00290065264684554,0.00290065264684554,0.00290065264684554,0.00290065264684554,"syn","syn","syn",4.2e-06,5.36e-07,1.17e-06,1.17e-06,"0.00154448","0.00645372000000001","0.002956576","1","P","P","P","P","P",0,0,0,0,1,1,0
"4135",4398,5505,5505,"g","g","a","a",0.00108991825613079,0.00108991825613079,0.000544959128065395,0.000544959128065395,0.000181653042688465,0.00036330608537693,0.000181653042688465,0.00036330608537693,0.00163487738419619,0.00163487738419619,0.00163487738419619,0.00163487738419619,"nonsyn","nonsyn","nonsyn",4.2e-06,5.36e-07,1.17e-06,1.17e-06,"0.0038535","0.00214695","0.00295068","0.003220425","G","G","S","R","C",1,1,0,0,1,1,0
"4136",4399,5483,5483,"g","g","a","a",0.00164143716943279,0.00164143716943279,0.000182381907714755,0.000182381907714755,0,0.000182381907714755,0,0.000182381907714755,0.00182381907714755,0.00182381907714755,0.00182381907714755,0.00182381907714755,"nonsyn","nonsyn","nonsyn",4.2e-06,5.36e-07,1.17e-06,1.17e-06,"0.00255873333333334","0.00641510999999999","1","0.00641510999999999","G","G","D","A","V",1,1,1,0,0,0,0
"4137",4400,5495,5495,"c","c","t","t",0.0010919017288444,0.0010919017288444,0.000545950864422202,0.000545950864422202,0.000181983621474067,0.000363967242948135,0.000181983621474067,0.000363967242948135,0.00163785259326661,0.00163785259326661,0.00163785259326661,0.00163785259326661,"syn","syn","syn",4.58e-06,8.37e-07,4.33e-07,4.33e-07,"0.00419451666666668","0.000793111666666667","0.00459931500000001","0.0011896675","G","G","G","G","G",0,0,0,0,0,0,0
"4138",4401,5503,5503,"t","t","c","c",0.00436125749591132,0.00436125749591132,0.000545157186988915,0.000545157186988915,0.000545157186988915,0,0.000545157186988915,0,0.00490641468290024,0.00490641468290024,0.00490641468290024,0.00490641468290024,"nonsyn","nonsyn","nonsyn",1.7e-05,1.07e-06,1.21e-06,1.21e-06,"0.00389795833333333","0.00221954333333333","0.00196273666666667","1","S","S","P","T","A",1,0,1,0,1,0,1
"4139",4402,5533,5533,"c","c","t","t",0.00144587023314658,0.00144587023314658,0.000180733779143322,0.000180733779143322,0.000180733779143322,0,0.000180733779143322,0,0.0016266040122899,0.0016266040122899,0.0016266040122899,0.0016266040122899,"nonsyn","nonsyn","nonsyn",4.58e-06,8.37e-07,4.33e-07,4.33e-07,"0.00316764249999999","0.002395789","0.004631121","1","S","S","F","Y","C",1,1,1,0,0,0,0
"4140",4403,5545,5545,"c","c","t","t",0.00288548241659152,0.00288548241659152,0,0,0,0,0,0,0.00288548241659152,0.00288548241659152,0.00288548241659152,0.00288548241659152,"syn","syn","syn",4.58e-06,8.37e-07,4.33e-07,4.33e-07,"0.00158725625","1","1","1","S","S","S","S","S",0,0,0,0,1,0,1
"4141",4404,5599,5599,"g","g","a","a",0.00196463654223969,0.00196463654223969,0,0,0,0,0,0,0.00196463654223969,0.00196463654223969,0.00196463654223969,0.00196463654223969,"nonsyn","nonsyn","nonsyn",4.2e-06,5.36e-07,1.17e-06,1.17e-06,"0.0021378","1","1","1","V","V","I","L","F",0,0,0,0,0,0,0
"4142",4405,5554,5554,"t","t","c","c",0.00594166366582643,0.00594166366582643,0.000360100828231905,0.000360100828231905,0.000180050414115952,0.000180050414115952,0.000180050414115952,0.000180050414115952,0.00630176449405834,0.00630176449405834,0.00630176449405834,0.00630176449405834,"nonsyn","nonsyn","nonsyn",1.7e-05,1.07e-06,1.21e-06,1.21e-06,"0.00286115151515152","0.00336017","0.00594278000000002","0.00672034000000002","V","V","A","D","G",0,1,1,0,0,0,0
"4143",4406,5588,5588,"c","c","t","t",0.00107372942018611,0.00107372942018611,0,0,0,0,0,0,0.00107372942018611,0.00107372942018611,0.00107372942018611,0.00107372942018611,"syn","syn","syn",4.58e-06,8.37e-07,4.33e-07,4.33e-07,"0.00426550666666668","1","1","1","V","V","V","V","V",0,0,0,0,0,0,0
"4144",4407,5579,5579,"a","a","g","g",0.00268865388062377,0.00268865388062377,0.000358487184083169,0.000358487184083169,0.000179243592041585,0.000179243592041585,0.000179243592041585,0.000179243592041585,0.00304714106470694,0.00304714106470694,0.00304714106470694,0.00304714106470694,"nonsyn","nonsyn","nonsyn",1.77e-05,1.76e-06,1.7e-06,1.7e-06,"0.00658321999999999","0.00474215","0.00981903999999998","0.00948429999999998","T","T","A","P","S",1,1,0,1,0,0,0
"4145",4408,5602,5602,"c","c","t","t",0.00303463048911103,0.00303463048911103,0,0,0,0,0,0,0.00303463048911103,0.00303463048911103,0.00303463048911103,0.00303463048911103,"nonsyn","nonsyn","nonsyn",4.58e-06,8.37e-07,4.33e-07,4.33e-07,"0.00150924470588235","1","1","1","T","T","I","N","S",1,0,0,0,0,0,0
"4146",4409,5659,5659,"c","t","t","c",0.0028273546562997,0.996819226011663,0.000353419332037462,0.000353419332037462,0.000353419332037462,0,0.000353419332037462,0,0.00318077398833716,0.9971726453437,0.00318077398833716,0.9971726453437,"syn","syn","syn",1.7e-05,1.07e-06,1.21e-06,1.21e-06,"1.70542457011168e-05","0.003423695","0.003027565","1","T","T","T","T","T",0,0,0,1,1,0,1
"4147",4410,5639,5639,"g","g","a","a",0.00177336407164391,0.00177336407164391,0.000177336407164391,0.000177336407164391,0,0.000177336407164391,0,0.000177336407164391,0.0019507004788083,0.0019507004788083,0.0019507004788083,0.0019507004788083,"nonsyn","nonsyn","nonsyn",4.2e-06,5.36e-07,1.17e-06,1.17e-06,"0.00236838","0.00659762999999999","1","0.00659762999999999","V","V","M","L","L",0,0,0,0,0,0,0
"4148",4411,5658,5658,"t","t","c","c",0.00335807705903146,0.00335807705903146,0.00123718628490633,0.00123718628490633,0.000883704489218805,0.000353481795687522,0.000883704489218805,0.000353481795687522,0.00459526334393779,0.00459526334393779,0.00459526334393779,0.00459526334393779,"nonsyn","nonsyn","nonsyn",1.7e-05,1.07e-06,1.21e-06,1.21e-06,"0.00506242105263158","0.000978025714285712","0.001210812","0.00342309","V","V","A","E","G",0,1,1,1,0,0,0
"4149",4412,5677,5677,"g","g","a","a",0.0035229874933944,0.0035229874933944,0.00052844812400916,0.00052844812400916,0.00035229874933944,0.00017614937466972,0.00035229874933944,0.00017614937466972,0.00405143561740356,0.00405143561740356,0.00405143561740356,0.00405143561740356,"syn","syn","syn",4.2e-06,5.36e-07,1.17e-06,1.17e-06,"0.00119217","0.00221403","0.001521436","0.00664209","V","V","V","V","V",0,0,0,0,0,0,0
"4150",4413,5647,5652,"c","t","t","c",0.00283336284752966,0.99716663715247,0,0,0,0,0,0,0.00283336284752966,0.99716663715247,0.00283085633404105,0.996284501061571,"nonsyn","nonsyn","nonsyn",1.7e-05,1.07e-06,1.21e-06,1.21e-06,"1.70483040312556e-05","1","1","1","P","S","P","T","A",1,0,1,0,0,0,0
"4151",4414,5656,5656,"c","c","t","t",0.00282885431400283,0.00282885431400283,0.00053041018387553,0.00053041018387553,0.000353606789250354,0.000176803394625177,0.000353606789250354,0.000176803394625177,0.00335926449787836,0.00335926449787836,0.00335926449787836,0.00335926449787836,"nonsyn","nonsyn","nonsyn",4.58e-06,8.37e-07,4.33e-07,4.33e-07,"0.00161903","0.000816349333333334","0.002367036","0.002449048","P","S","F","Y","C",1,1,1,0,0,0,0
"4152",4415,5478,5478,"c","c","t","t",0.00346841913106973,0.00346841913106973,0.000912741876597298,0.000912741876597298,0.000912741876597298,0,0.000912741876597298,0,0.00438116100766703,0.00438116100766703,0.00438116100766703,0.00438116100766703,"syn","syn","syn",4.58e-06,8.37e-07,4.33e-07,4.33e-07,"0.00132048631578948","0.0004743948","0.0009170172","1","P","S","S","S","S",0,0,0,0,1,0,1
"4153",4416,5481,5481,"c","c","t","t",0.000912242291552636,0.000912242291552636,0.000364896916621055,0.000364896916621055,0.000364896916621055,0,0.000364896916621055,0,0.00127713920817369,0.00127713920817369,0.00127713920817369,0.00127713920817369,"nonsyn","nonsyn","nonsyn",4.58e-06,8.37e-07,4.33e-07,4.33e-07,"0.005020596","0.0011866365","0.0022937985","1","H","H","Y","N","D",1,1,1,0,1,0,1
"4154",4417,5492,5492,"a","a","g","g",0.000910415149308084,0.000910415149308084,0.000182083029861617,0.000182083029861617,0,0.000182083029861617,0,0.000182083029861617,0.0010924981791697,0.0010924981791697,0.0010924981791697,0.0010924981791697,"nonsyn","nonsyn","nonsyn",1.77e-05,1.76e-06,1.7e-06,1.7e-06,"0.01944168","0.00933639999999999","1","0.00933639999999999","H","H","R","P","L",0,1,1,1,0,0,0
"4155",4418,5632,5632,"t","t","c","c",0.00355113636363636,0.00355113636363636,0,0,0,0,0,0,0.00355113636363636,0.00355113636363636,0.00355113636363636,0.00355113636363636,"syn","nonsyn","nonsyn",1.7e-05,1.07e-06,1.21e-06,1.21e-06,"0.0047872","1","1","1","H","H","H","Q","Q",0,1,1,0,0,0,0
"4156",4419,5651,5651,"c","c","t","t",0.0014156786409485,0.0014156786409485,0,0,0,0,0,0,0.0014156786409485,0.0014156786409485,0.0014156786409485,0.0014156786409485,"nonsyn","nonsyn","nonsyn",4.58e-06,8.37e-07,4.33e-07,4.33e-07,"0.00323519750000001","1","1","1","P","P","S","T","A",1,1,1,0,0,0,0
"4157",4420,5642,5642,"c","c","t","t",0.0010634526763559,0.0010634526763559,0.000531726338177951,0.000531726338177951,0.000531726338177951,0,0.000531726338177951,0,0.00159517901453385,0.00159517901453385,0.00159517901453385,0.00159517901453385,"nonsyn","nonsyn","nonsyn",4.58e-06,8.37e-07,4.33e-07,4.33e-07,"0.00430672666666668","0.000814328666666667","0.001574118","1","P","P","L","H","R",1,1,1,0,1,0,1
"4158",4421,5355,5355,"t","t","c","c",0.0640522875816993,0.0640522875816993,0.00168067226890756,0.00168067226890756,0.00149393090569561,0.000186741363211951,0.00149393090569561,0.000186741363211951,0.0657329598506069,0.0657329598506069,0.0657329598506069,0.0657329598506069,"syn","syn","syn",1.7e-05,1.07e-06,1.21e-06,1.21e-06,"0.000265408163265306","0.000719950000000001","0.000716231250000001","0.00647955000000002","P","P","P","P","P",0,0,0,0,1,0,1
"4159",4422,5746,5746,"a","a","g","g",0.00191437521754264,0.00191437521754264,0,0,0,0,0,0,0.00191437521754264,0.00191437521754264,0.00191437521754264,0.00191437521754264,"nonsyn","nonsyn","nonsyn",1.77e-05,1.76e-06,1.7e-06,1.7e-06,"0.00924583636363636","1","1","1","N","N","D","H","Y",1,1,1,0,0,0,0
"4160",4423,5959,5959,"a","a","g","g",0.00268501426413828,0.00268501426413828,0.000335626783017285,0.000335626783017285,0.000167813391508642,0.000167813391508642,0.000167813391508642,0.000167813391508642,0.00302064104715556,0.00302064104715556,0.00302064104715556,0.00302064104715556,"nonsyn","nonsyn","nonsyn",1.77e-05,1.76e-06,1.7e-06,1.7e-06,"0.00659214375","0.00506515","0.01048784","0.0101303","N","N","S","T","I",0,0,1,0,0,0,0
"4161",4424,6033,6033,"c","c","t","t",0.105088678932538,0.105088678932538,0,0,0,0,0,0,0.105088678932538,0.105088678932538,0.105088678932538,0.105088678932538,"syn","nonsyn","nonsyn",4.58e-06,8.37e-07,4.33e-07,4.33e-07,"4.3582239747634e-05","1","1","1","N","N","N","K","K",0,1,1,0,0,0,0
"4162",4425,6044,6044,"a","a","g","g",0.00181998676373263,0.00181998676373263,0.000330906684315023,0.000330906684315023,0.000330906684315023,0,0.000330906684315023,0,0.00215089344804765,0.00215089344804765,0.00215089344804765,0.00215089344804765,"nonsyn","nonsyn","nonsyn",1.77e-05,1.76e-06,1.7e-06,1.7e-06,"0.00972534545454544","0.0051374","0.00531872","1","I","I","V","L","F",0,0,0,1,0,0,0
"4163",4426,5953,5953,"t","t","c","c",0.00201579035780279,0.00201579035780279,0,0,0,0,0,0,0.00201579035780279,0.00201579035780279,0.00201579035780279,0.00201579035780279,"nonsyn","nonsyn","nonsyn",1.7e-05,1.07e-06,1.21e-06,1.21e-06,"0.00843341666666666","1","1","1","I","I","T","N","S",1,1,1,0,0,0,0
"4164",4427,5916,5916,"c","c","t","t",0.0191007437457742,0.0191007437457742,0.000169033130493577,0.000169033130493577,0.000169033130493577,0,0.000169033130493577,0,0.0192697768762677,0.0192697768762677,0.0192697768762677,0.0192697768762677,"syn","syn","nonsyn",4.58e-06,8.37e-07,4.33e-07,4.33e-07,"0.000239781238938053","0.002561628","0.00495169199999999","1","I","I","I","I","M",0,0,0,0,0,0,0
"4165",4428,5915,5915,"g","g","a","a",0.00118343195266272,0.00118343195266272,0.000507185122569738,0.000507185122569738,0,0.000507185122569738,0,0.000507185122569738,0.00169061707523246,0.00169061707523246,0.00169061707523246,0.00169061707523246,"nonsyn","nonsyn","stop",4.2e-06,5.36e-07,1.17e-06,1.17e-06,"0.00354900000000001","0.00230685","1","0.00230685","E","E","K","Q","*",1,1,1,0,0,0,0
"4166",4429,5877,5878,"a","a","g","g",0.00374340649991492,0.00374340649991492,0.000170154840905224,0.000170154840905224,0,0.000170154840905224,0,0.000170154840905224,0.00391356134082015,0.00391356134082015,0.0039128955427016,0.0039128955427016,"nonsyn","nonsyn","nonsyn",1.77e-05,1.76e-06,1.7e-06,1.7e-06,"0.00472831363636364","0.00999089999999998","1","0.00999089999999998","E","E","G","A","V",1,1,1,0,1,1,0
"4167",4430,5903,5903,"g","g","a","a",0.000847026935456547,0.000847026935456547,0.000338810774182619,0.000338810774182619,0,0.000338810774182619,0,0.000338810774182619,0.00118583770963917,0.00118583770963917,0.00118583770963917,0.00118583770963917,"syn","nonsyn","nonsyn",4.2e-06,5.36e-07,1.17e-06,1.17e-06,"0.00495852","0.003453255","1","0.003453255","E","E","E","D","D",0,0,0,0,1,1,0
"4168",4431,5899,5899,"g","g","a","a",0.0020342430920495,0.0020342430920495,0.000339040515341583,0.000339040515341583,0,0.000339040515341583,0,0.000339040515341583,0.00237328360739108,0.00237328360739108,0.00237328360739108,0.00237328360739108,"nonsyn","nonsyn","stop",4.2e-06,5.36e-07,1.17e-06,1.17e-06,"0.00206465","0.003450915","1","0.003450915","E","E","K","Q","*",1,1,1,0,0,0,0
"4169",4432,5881,5881,"a","a","g","g",0.00340078217990138,0.00340078217990138,0.000170039108995069,0.000170039108995069,0,0.000170039108995069,0,0.000170039108995069,0.00357082128889645,0.00357082128889645,0.00357082128889645,0.00357082128889645,"nonsyn","nonsyn","nonsyn",1.77e-05,1.76e-06,1.7e-06,1.7e-06,"0.005204685","0.00999769999999999","1","0.00999769999999999","E","E","G","A","V",1,1,1,0,1,1,0
"4170",4433,5905,5905,"g","g","a","a",0.00237087214225233,0.00237087214225233,0.000169348010160881,0.000169348010160881,0,0.000169348010160881,0,0.000169348010160881,0.00254022015241321,0.00254022015241321,0.00254022015241321,0.00254022015241321,"syn","nonsyn","nonsyn",4.2e-06,5.36e-07,1.17e-06,1.17e-06,"0.0017715","0.00690884999999998","1","0.00690884999999998","E","E","E","D","D",0,0,0,0,1,1,0
"4171",4434,5922,5922,"g","g","a","a",0.000506585612968592,0.000506585612968592,0.000168861870989531,0.000168861870989531,0,0.000168861870989531,0,0.000168861870989531,0.000675447483958122,0.000675447483958122,0.000675447483958122,0.000675447483958122,"nonsyn","nonsyn","nonsyn",4.2e-06,5.36e-07,1.17e-06,1.17e-06,"0.00829079999999999","0.00692873999999998","1","0.00692873999999998","V","V","I","L","F",0,0,0,0,0,0,0
"4172",4435,5965,5966,"t","t","c","c",0.00502933780385583,0.00502933780385583,0.000167644593461861,0.000167644593461861,0.000167644593461861,0,0.000167644593461861,0,0.00519698239731769,0.00519698239731769,0.00519611129735166,0.00519611129735166,"nonsyn","nonsyn","nonsyn",1.7e-05,1.07e-06,1.21e-06,1.21e-06,"0.00338016666666666","0.00721764999999999","0.00638254999999999","1","V","V","A","D","G",0,1,1,0,0,0,0
"4173",4436,6017,6017,"t","t","c","c",0.0036563071297989,0.0036563071297989,0.000332391557254446,0.000332391557254446,0.000332391557254446,0,0.000332391557254446,0,0.00398869868705335,0.00398869868705335,0.00398869868705335,0.00398869868705335,"syn","syn","syn",1.7e-05,1.07e-06,1.21e-06,1.21e-06,"0.0046495","0.003640285","0.003219095","1","V","V","V","V","V",0,0,0,1,0,0,0
"4174",4437,6107,6107,"g","g","a","a",0.0058948747339119,0.0058948747339119,0.000163746520386442,0.000163746520386442,0,0.000163746520386442,0,0.000163746520386442,0.00605862125429835,0.00605862125429835,0.00605862125429835,0.00605862125429835,"nonsyn","nonsyn","nonsyn",4.2e-06,5.36e-07,1.17e-06,1.17e-06,"0.000712483333333334","0.00714518999999999","1","0.00714518999999999","A","A","T","P","S",1,1,1,0,0,0,0
"4175",4438,6136,6136,"c","c","t","t",0.00260756192959583,0.00260756192959583,0.000162972620599739,0.000162972620599739,0,0.000162972620599739,0,0.000162972620599739,0.00277053455019557,0.00277053455019557,0.00277053455019557,0.00277053455019557,"nonsyn","nonsyn","nonsyn",4.58e-06,8.37e-07,4.33e-07,4.33e-07,"0.00175643","0.002656888","1","0.002656888","A","A","V","D","G",0,1,1,0,0,0,0
"4176",4439,6134,6134,"t","t","c","c",0.00293446364525595,0.00293446364525595,0.000815128790348875,0.000815128790348875,0.0006521030322791,0.000163025758069775,0.0006521030322791,0.000163025758069775,0.00374959243560483,0.00374959243560483,0.00374959243560483,0.00374959243560483,"syn","syn","syn",1.7e-05,1.07e-06,1.21e-06,1.21e-06,"0.00579322222222222","0.001484428","0.001640845","0.00742214","A","A","A","A","A",0,0,0,0,1,0,1
"4177",4440,6075,6075,"c","c","t","t",0.0011522633744856,0.0011522633744856,0,0,0,0,0,0,0.0011522633744856,0.0011522633744856,0.0011522633744856,0.0011522633744856,"syn","nonsyn","nonsyn",4.58e-06,8.37e-07,4.33e-07,4.33e-07,"0.0039747857142857","1","1","1","L","L","L","M","V",0,0,0,0,0,0,0
"4178",4441,6074,6074,"t","t","c","c",0.00279881461969048,0.00279881461969048,0.00115245307869608,0.00115245307869608,0.000658544616397761,0.000493908462298321,0.000658544616397761,0.000493908462298321,0.00395126769838657,0.00395126769838657,0.00395126769838657,0.00395126769838657,"nonsyn","nonsyn","nonsyn",1.7e-05,1.07e-06,1.21e-06,1.21e-06,"0.00607400000000001","0.00104993428571429","0.001624795","0.00244984666666667","L","L","P","Q","R",1,1,1,1,1,0,1
"4179",4442,6129,6129,"g","g","a","a",0.00130527002773699,0.00130527002773699,0,0,0,0,0,0,0.00130527002773699,0.00130527002773699,0.00130527002773699,0.00130527002773699,"syn","syn","syn",4.2e-06,5.36e-07,1.17e-06,1.17e-06,"0.00321772499999999","1","1","1","L","L","L","L","L",0,0,0,0,0,0,0
"4180",4443,5882,5882,"t","t","c","c",0.00527031621897314,0.00527031621897314,0.00051003060183611,0.00051003060183611,0.000340020401224073,0.000170010200612037,0.000340020401224073,0.000170010200612037,0.00578034682080925,0.00578034682080925,0.00578034682080925,0.00578034682080925,"nonsyn","nonsyn","nonsyn",1.7e-05,1.07e-06,1.21e-06,1.21e-06,"0.00322561290322581","0.00237240666666667","0.00314687","0.00711721999999999","S","S","P","T","A",1,0,1,0,0,0,0
"4181",4444,5745,5746,"c","c","t","t",0.002088772845953,0.002088772845953,0.000696257615317668,0.000696257615317668,0.000696257615317668,0,0.000696257615317668,0,0.00278503046127067,0.00278503046127067,0.00278454577097111,0.00278454577097111,"nonsyn","nonsyn","nonsyn",4.58e-06,8.37e-07,4.33e-07,4.33e-07,"0.002192675","0.00062189625","0.00120214125","1","S","S","F","Y","C",1,1,1,0,0,0,0
"4182",4445,5749,5749,"c","c","t","t",0.00330492259523395,0.00330492259523395,0.000173943294485998,0.000173943294485998,0.000173943294485998,0,0.000173943294485998,0,0.00347886588971995,0.00347886588971995,0.00347886588971995,0.00347886588971995,"syn","syn","syn",4.58e-06,8.37e-07,4.33e-07,4.33e-07,"0.00138581157894737","0.00248931699999999","0.00481191299999999","1","S","S","S","S","S",0,0,0,0,1,0,1
"4183",4446,5655,5655,"a","a","g","g",0.00424403183023873,0.00424403183023873,0.000707338638373121,0.000707338638373121,0.000353669319186561,0.000353669319186561,0.000353669319186561,0.000353669319186561,0.00495137046861185,0.00495137046861185,0.00495137046861185,0.00495137046861185,"nonsyn","nonsyn","nonsyn",1.77e-05,1.76e-06,1.7e-06,1.7e-06,"0.0041705625","0.002403375","0.00497639999999999","0.00480674999999999","T","T","A","P","S",1,1,0,1,0,0,0
"4184",4447,5680,5680,"c","c","t","t",0.00193661971830986,0.00193661971830986,0,0,0,0,0,0,0.00193661971830986,0.00193661971830986,0.00193661971830986,0.00193661971830986,"nonsyn","nonsyn","nonsyn",4.58e-06,8.37e-07,4.33e-07,4.33e-07,"0.00236494545454545","1","1","1","T","T","I","N","S",1,0,0,0,0,0,0
"4185",4448,5683,5683,"c","c","t","t",0.00123174379729016,0.00123174379729016,0.000175963399612881,0.000175963399612881,0.000175963399612881,0,0.000175963399612881,0,0.00140770719690304,0.00140770719690304,0.00140770719690304,0.00140770719690304,"syn","syn","syn",4.58e-06,8.37e-07,4.33e-07,4.33e-07,"0.00371830571428573","0.00246073899999999","0.00475667099999999","1","T","T","T","T","T",0,0,0,0,1,0,1
"4186",4449,5655,5655,"a","a","g","g",0.00389036251105217,0.00389036251105217,0.000530503978779841,0.000530503978779841,0,0.000530503978779841,0,0.000530503978779841,0.00442086648983201,0.00442086648983201,0.00442086648983201,0.00442086648983201,"nonsyn","nonsyn","nonsyn",1.77e-05,1.76e-06,1.7e-06,1.7e-06,"0.00454970454545454","0.0032045","1","0.0032045","T","T","A","P","S",1,1,0,1,0,0,0
"4187",4450,5704,5704,"c","c","t","t",0.00718793828892006,0.00718793828892006,0,0,0,0,0,0,0.00718793828892006,0.00718793828892006,0.00718793828892006,0.00718793828892006,"nonsyn","nonsyn","nonsyn",4.58e-06,8.37e-07,4.33e-07,4.33e-07,"0.000637178536585366","1","1","1","T","T","I","N","S",1,0,0,0,0,0,0
"4188",4451,5725,5725,"c","c","t","t",0.00157205240174672,0.00157205240174672,0.000524017467248908,0.000524017467248908,0.000349344978165939,0.000174672489082969,0.000349344978165939,0.000174672489082969,0.00209606986899563,0.00209606986899563,0.00209606986899563,0.00209606986899563,"syn","syn","syn",4.58e-06,8.37e-07,4.33e-07,4.33e-07,"0.0029133888888889","0.000826308333333334","0.0023959125","0.00247892500000001","T","T","T","T","T",0,0,0,0,1,0,1
"4189",4452,5737,5737,"g","g","a","a",0.00122014990413108,0.00122014990413108,0.000871535645807914,0.000871535645807914,0.000174307129161583,0.000697228516646331,0.000174307129161583,0.000697228516646331,0.00209168554993899,0.00209168554993899,0.00209168554993899,0.00209168554993899,"nonsyn","nonsyn","stop",4.2e-06,5.36e-07,1.17e-06,1.17e-06,"0.0034422","0.001342458","0.003075032","0.0016780725","G","G","R","R","*",1,1,1,0,1,1,0
"4190",4453,5699,5699,"g","g","a","a",0.000877346902965433,0.000877346902965433,0.000175469380593087,0.000175469380593087,0,0.000175469380593087,0,0.000175469380593087,0.00105281628355852,0.00105281628355852,0.00105281628355852,0.00105281628355852,"nonsyn","nonsyn","nonsyn",4.2e-06,5.36e-07,1.17e-06,1.17e-06,"0.00478716","0.00666782999999998","1","0.00666782999999998","G","G","E","A","V",1,1,1,0,0,0,0
"4191",4454,5875,5875,"a","a","g","g",0.00408510638297872,0.00408510638297872,0.000340425531914894,0.000340425531914894,0.000170212765957447,0.000170212765957447,0.000170212765957447,0.000170212765957447,0.00442553191489362,0.00442553191489362,0.00442553191489362,0.00442553191489362,"syn","syn","syn",1.77e-05,1.76e-06,1.7e-06,1.7e-06,"0.0043328125","0.00499374999999999","0.01034","0.00998749999999999","G","G","G","G","G",0,0,0,0,1,1,0
"4192",4455,5914,5914,"g","g","a","a",0.000169090294217112,0.000169090294217112,0.000169090294217112,0.000169090294217112,0,0.000169090294217112,0,0.000169090294217112,0.000338180588434224,0.000338180588434224,0.000338180588434224,0.000338180588434224,"nonsyn","nonsyn","stop",4.2e-06,5.36e-07,1.17e-06,1.17e-06,"0.0248388","0.00691938","1","0.00691938","E","E","K","Q","*",1,1,1,0,0,0,0
"4193",4456,5890,5890,"a","a","g","g",0.00509337860780985,0.00509337860780985,0.00067911714770798,0.00067911714770798,0.00033955857385399,0.00033955857385399,0.00033955857385399,0.00033955857385399,0.00577249575551783,0.00577249575551783,0.00577249575551783,0.00577249575551783,"nonsyn","nonsyn","nonsyn",1.77e-05,1.76e-06,1.7e-06,1.7e-06,"0.0034751","0.00250325","0.0051832","0.0050065","E","E","G","A","V",1,1,1,0,1,1,0
"4194",4457,5875,5875,"g","g","a","a",0.00187234042553191,0.00187234042553191,0.000680851063829787,0.000680851063829787,0,0.000680851063829787,0,0.000680851063829787,0.0025531914893617,0.0025531914893617,0.0025531914893617,0.0025531914893617,"syn","nonsyn","nonsyn",4.2e-06,5.36e-07,1.17e-06,1.17e-06,"0.00224318181818182","0.0017184375","1","0.0017184375","E","E","E","D","D",0,0,0,0,0,0,0
"4195",4458,5875,5875,"a","a","g","g",0.0054468085106383,0.0054468085106383,0.000170212765957447,0.000170212765957447,0,0.000170212765957447,0,0.000170212765957447,0.00561702127659574,0.00561702127659574,0.00561702127659574,0.00561702127659574,"nonsyn","nonsyn","nonsyn",1.77e-05,1.76e-06,1.7e-06,1.7e-06,"0.003249609375","0.00998749999999999","1","0.00998749999999999","I","I","V","L","F",0,0,0,0,0,0,0
"4196",4459,6041,6041,"t","t","c","c",0.00463499420625724,0.00463499420625724,0.00033107101473266,0.00033107101473266,0.00016553550736633,0.00016553550736633,0.00016553550736633,0.00016553550736633,0.0049660652209899,0.0049660652209899,0.0049660652209899,0.0049660652209899,"nonsyn","nonsyn","nonsyn",1.7e-05,1.07e-06,1.21e-06,1.21e-06,"0.00366775","0.003654805","0.00646387","0.00730961","I","I","T","N","S",1,1,1,0,0,0,0
"4197",4460,6045,6046,"c","c","t","t",0.00363937138130687,0.00363937138130687,0.000496277915632754,0.000496277915632754,0.00033085194375517,0.000165425971877585,0.00033085194375517,0.000165425971877585,0.00413564929693962,0.00413564929693962,0.00413496526629176,0.00413496526629176,"syn","syn","nonsyn",4.58e-06,8.37e-07,4.33e-07,4.33e-07,"0.00125845909090909","0.000872495000000001","0.0025298325","0.002617485","I","I","I","I","M",0,0,0,0,0,0,0
"4198",4461,6046,6046,"c","c","t","t",0.00132318888521336,0.00132318888521336,0.000496195831955012,0.000496195831955012,0.000496195831955012,0,0.000496195831955012,0,0.00181938471716838,0.00181938471716838,0.00181938471716838,0.00181938471716838,"nonsyn","nonsyn","nonsyn",4.58e-06,8.37e-07,4.33e-07,4.33e-07,"0.00346133500000001","0.000872639333333333","0.001686834","1","P","P","S","T","A",1,1,1,0,1,0,1
"4199",4462,6065,6065,"c","c","t","t",0.00181368507831822,0.00181368507831822,0.000494641384995878,0.000494641384995878,0.000494641384995878,0,0.000494641384995878,0,0.0023083264633141,0.0023083264633141,0.0023083264633141,0.0023083264633141,"nonsyn","nonsyn","nonsyn",4.58e-06,8.37e-07,4.33e-07,4.33e-07,"0.00252524545454545","0.000875381666666667","0.001692135","1","P","P","L","H","R",1,1,1,0,1,0,1
"4200",4463,6054,6080,"t","c","c","t",0.00247770069375619,0.997191939213743,0.000330360092500826,0.000330360092500826,0.000330360092500826,0,0.000330360092500826,0,0.00280806078625702,0.997522299306244,0.00279605263157895,0.993256578947368,"syn","syn","syn",4.58e-06,8.37e-07,4.33e-07,4.33e-07,"4.59289713433825e-06","0.001310691","0.002533599","1","P","P","P","P","P",0,0,0,0,1,0,1
"4201",4464,6085,6085,"t","t","c","c",0.0037797863599014,0.0037797863599014,0,0,0,0,0,0,0.0037797863599014,0.0037797863599014,0.0037797863599014,0.0037797863599014,"nonsyn","nonsyn","nonsyn",1.7e-05,1.07e-06,1.21e-06,1.21e-06,"0.00449760869565217","1","1","1","F","F","L","I","V",0,0,0,0,1,0,1
"4202",4465,6098,6098,"t","t","c","c",0.0011479173499508,0.0011479173499508,0,0,0,0,0,0,0.0011479173499508,0.0011479173499508,0.0011479173499508,0.0011479173499508,"nonsyn","nonsyn","nonsyn",1.7e-05,1.07e-06,1.21e-06,1.21e-06,"0.0148094285714286","1","1","1","F","F","S","Y","C",1,0,1,0,0,0,0
"4203",4466,6077,6077,"t","t","c","c",0.000987329274312983,0.000987329274312983,0.000164554879052164,0.000164554879052164,0.000164554879052164,0,0.000164554879052164,0,0.00115188415336515,0.00115188415336515,0.00115188415336515,0.00115188415336515,"syn","nonsyn","nonsyn",1.7e-05,1.07e-06,1.21e-06,1.21e-06,"0.0172181666666667","0.00735317","0.00650239","1","F","F","F","L","L",0,0,0,0,0,0,0
"4204",4467,6073,6073,"t","t","c","c",0.00065865305450354,0.00065865305450354,0,0,0,0,0,0,0.00065865305450354,0.00065865305450354,0.00065865305450354,0.00065865305450354,"nonsyn","nonsyn","nonsyn",1.7e-05,1.07e-06,1.21e-06,1.21e-06,"0.02581025","1","1","1","Y","Y","H","N","D",1,1,1,0,0,0,0
"4205",4468,6067,6067,"a","a","g","g",0.00197791330146695,0.00197791330146695,0.000824130542277897,0.000824130542277897,0,0.000824130542277897,0,0.000824130542277897,0.00280204384374485,0.00280204384374485,0.00280204384374485,0.00280204384374485,"nonsyn","nonsyn","nonsyn",1.77e-05,1.76e-06,1.7e-06,1.7e-06,"0.00894882500000001","0.00206278","1","0.00206278","Y","Y","C","S","F",1,1,0,0,0,0,0
"4206",4469,6078,6078,"c","c","t","t",0.00312602829878249,0.00312602829878249,0,0,0,0,0,0,0.00312602829878249,0.00312602829878249,0.00312602829878249,0.00312602829878249,"syn","stop","stop",4.58e-06,8.37e-07,4.33e-07,4.33e-07,"0.00146511789473684","1","1","1","Y","Y","Y","*","*",0,1,1,0,0,0,0
"4207",4470,6066,6066,"g","g","a","a",0.0019782393669634,0.0019782393669634,0.000329706561160567,0.000329706561160567,0,0.000329706561160567,0,0.000329706561160567,0.00230794592812397,0.00230794592812397,0.00230794592812397,0.00230794592812397,"nonsyn","nonsyn","nonsyn",4.2e-06,5.36e-07,1.17e-06,1.17e-06,"0.0021231","0.00354861","1","0.00354861","G","G","S","R","C",1,1,0,0,1,1,0
"4208",4471,6039,6039,"g","g","a","a",0.00314621626097036,0.00314621626097036,0.000662361318099023,0.000662361318099023,0.000165590329524756,0.000496770988574267,0.000165590329524756,0.000496770988574267,0.00380857757906938,0.00380857757906938,0.00380857757906938,0.00380857757906938,"nonsyn","nonsyn","nonsyn",4.2e-06,5.36e-07,1.17e-06,1.17e-06,"0.00133493684210526","0.0017664075","0.003236904","0.00235521","G","G","D","A","V",1,1,1,0,0,0,0
"4209",4472,6042,6042,"c","c","t","t",0.00099304865938431,0.00099304865938431,0,0,0,0,0,0,0.00099304865938431,0.00099304865938431,0.00099304865938431,0.00099304865938431,"syn","syn","syn",4.58e-06,8.37e-07,4.33e-07,4.33e-07,"0.00461206","1","1","1","G","G","G","G","G",0,0,0,0,0,0,0
"4210",4473,6019,6020,"a","a","g","g",0.00448579498255524,0.00448579498255524,0.000664562219637814,0.000664562219637814,0,0.000664562219637814,0,0.000664562219637814,0.00515035720219306,0.00515035720219306,0.00514950166112957,0.00514950166112957,"nonsyn","nonsyn","stop",1.77e-05,1.76e-06,1.7e-06,1.7e-06,"0.00394578888888889","0.002558075","1","0.002558075","K","K","E","Q","*",1,1,1,1,0,0,0
"4211",4474,5998,5998,"a","a","g","g",0.00100033344448149,0.00100033344448149,0.000333444481493831,0.000333444481493831,0.000166722240746916,0.000166722240746916,0.000166722240746916,0.000166722240746916,0.00133377792597533,0.00133377792597533,0.00133377792597533,0.00133377792597533,"nonsyn","nonsyn","nonsyn",1.77e-05,1.76e-06,1.7e-06,1.7e-06,"0.0176941000000001","0.0050983","0.01055648","0.0101966","K","K","R","T","M",0,1,1,0,1,1,0
"4212",4475,5993,5994,"g","g","a","a",0.00183547472050726,0.00183547472050726,0.000333722676455865,0.000333722676455865,0,0.000333722676455865,0,0.000333722676455865,0.00216919739696312,0.00216919739696312,0.00216883550216884,0.00216883550216884,"syn","nonsyn","nonsyn",4.2e-06,5.36e-07,1.17e-06,1.17e-06,"0.00228823636363636","0.003505905","1","0.003505905","K","K","K","N","N",0,1,1,0,1,1,0
"4213",4476,6002,6002,"g","g","a","a",0.00166611129623459,0.00166611129623459,0.000833055648117294,0.000833055648117294,0.000333222259246918,0.000499833388870377,0.000333222259246918,0.000499833388870377,0.00249916694435188,0.00249916694435188,0.00249916694435188,0.00249916694435188,"nonsyn","nonsyn","nonsyn",4.2e-06,5.36e-07,1.17e-06,1.17e-06,"0.00252084","0.001404468","0.001608536","0.00234078","A","A","T","P","S",1,1,1,0,0,0,0
"4214",4477,5809,5810,"c","c","t","t",0.00120502668273369,0.00120502668273369,0.000516440006885867,0.000516440006885867,0.000172146668961956,0.000344293337923911,0.000172146668961956,0.000344293337923911,0.00172146668961956,0.00172146668961956,0.00172117039586919,0.00172117039586919,"nonsyn","nonsyn","nonsyn",4.58e-06,8.37e-07,4.33e-07,4.33e-07,"0.00380074571428571","0.000838432333333333","0.00486213299999999","0.0012576485","A","A","V","D","G",0,1,1,0,0,0,0
"4215",4478,5793,5793,"c","t","t","c",0.00224408769204212,0.996892801657172,0.000863110650785431,0.000863110650785431,0.000690488520628345,0.000172622130157086,0.000690488520628345,0.000172622130157086,0.00310719834282755,0.997755912307958,0.00310719834282755,0.997755912307958,"syn","syn","syn",1.7e-05,1.07e-06,1.21e-06,1.21e-06,"1.7052987012987e-05","0.001401906","0.0015496275","0.00700953000000001","A","A","A","A","A",0,0,0,0,1,0,1
"4216",4479,5753,5753,"a","a","g","g",0.00208586824265601,0.00208586824265601,0.00121675647488267,0.00121675647488267,0.000695289414218669,0.000521467060664001,0.000695289414218669,0.000521467060664001,0.00330262471753868,0.00330262471753868,0.00330262471753868,0.00330262471753868,"nonsyn","nonsyn","nonsyn",1.77e-05,1.76e-06,1.7e-06,1.7e-06,"0.00848567499999998","0.00139715714285714","0.00253132","0.00326003333333334","I","I","V","L","F",0,0,0,0,0,0,0
"4217",4480,5707,5707,"t","t","c","c",0.006308042754512,0.006308042754512,0.000525670229542667,0.000525670229542667,0.000350446819695111,0.000175223409847556,0.000350446819695111,0.000175223409847556,0.00683371298405467,0.00683371298405467,0.00683371298405467,0.00683371298405467,"nonsyn","nonsyn","nonsyn",1.7e-05,1.07e-06,1.21e-06,1.21e-06,"0.00269497222222222","0.00230182333333333","0.003053245","0.00690546999999999","I","I","T","N","S",1,1,1,0,0,0,0
"4218",4481,5698,5706,"c","c","t","t",0.00193050193050193,0.00193050193050193,0.000526500526500527,0.000526500526500527,0.000526500526500527,0,0.000526500526500527,0,0.00245700245700246,0.00245700245700246,0.00245355765860498,0.00245355765860498,"syn","syn","nonsyn",4.58e-06,8.37e-07,4.33e-07,4.33e-07,"0.00237244","0.000822411333333333","0.001589742","1","I","I","I","I","M",0,0,0,0,0,0,0
"4219",4482,5687,5687,"c","c","t","t",0.00211007561104273,0.00211007561104273,0.000527518902760682,0.000527518902760682,0.000527518902760682,0,0.000527518902760682,0,0.00263759451380341,0.00263759451380341,0.00263759451380341,0.00263759451380341,"nonsyn","nonsyn","nonsyn",4.58e-06,8.37e-07,4.33e-07,4.33e-07,"0.00217053833333333","0.000820823666666667","0.001586673","1","P","P","S","T","A",1,1,1,0,1,0,1
"4220",4483,5685,5685,"c","c","t","t",0.00140721196130167,0.00140721196130167,0.000175901495162709,0.000175901495162709,0.000175901495162709,0,0.000175901495162709,0,0.00158311345646438,0.00158311345646438,0.00158311345646438,0.00158311345646438,"nonsyn","nonsyn","nonsyn",4.58e-06,8.37e-07,4.33e-07,4.33e-07,"0.0032546625","0.002461605","0.004758345","1","P","P","L","H","R",1,1,1,0,1,0,1
"4221",4484,5686,5686,"c","c","t","t",0.00140696447414703,0.00140696447414703,0.000703482237073514,0.000703482237073514,0.000703482237073514,0,0.000703482237073514,0,0.00211044671122054,0.00211044671122054,0.00211044671122054,0.00211044671122054,"syn","syn","syn",4.58e-06,8.37e-07,4.33e-07,4.33e-07,"0.003255235","0.0006155095","0.0011897955","1","P","P","P","P","P",0,0,0,0,1,0,1
"4222",4485,5682,5683,"c","c","t","t",0.000879971840901091,0.000879971840901091,0.000351988736360436,0.000351988736360436,0.000351988736360436,0,0.000351988736360436,0,0.00123196057726153,0.00123196057726153,0.00123174379729016,0.00123174379729016,"nonsyn","nonsyn","nonsyn",4.58e-06,8.37e-07,4.33e-07,4.33e-07,"0.005204712","0.001230153","0.002377917","1","L","L","F","I","V",0,0,0,0,1,0,1
"4223",4486,5601,5602,"t","t","c","c",0.00232101410462417,0.00232101410462417,0.000535618639528656,0.000535618639528656,0.000357079093019104,0.000178539546509552,0.000357079093019104,0.000178539546509552,0.00285663274415283,0.00285663274415283,0.00285612281328097,0.00285612281328097,"nonsyn","nonsyn","nonsyn",1.7e-05,1.07e-06,1.21e-06,1.21e-06,"0.00732438461538463","0.00225907","0.002996535","0.00677721","L","L","P","H","R",1,1,1,0,1,0,1
"4224",4487,5748,5748,"c","c","t","t",0.00139178844815588,0.00139178844815588,0,0,0,0,0,0,0.00139178844815588,0.00139178844815588,0.00139178844815588,0.00139178844815588,"syn","syn","syn",4.58e-06,8.37e-07,4.33e-07,4.33e-07,"0.00329073","1","1","1","L","L","L","L","L",0,0,0,0,0,0,0
"4225",4488,5774,5774,"g","g","a","a",0.00103914097679252,0.00103914097679252,0.000346380325597506,0.000346380325597506,0.000173190162798753,0.000173190162798753,0.000173190162798753,0.000173190162798753,0.00138552130239002,0.00138552130239002,0.00138552130239002,0.00138552130239002,"nonsyn","nonsyn","stop",4.2e-06,5.36e-07,1.17e-06,1.17e-06,"0.00404179999999999","0.00337779","0.003094864","0.00675558","E","E","K","Q","*",1,1,1,0,0,0,0
"4226",4489,5713,5713,"a","a","g","g",0.0131279537896027,0.0131279537896027,0.000350078767722738,0.000350078767722738,0,0.000350078767722738,0,0.000350078767722738,0.0134780325573254,0.0134780325573254,0.0134780325573254,0.0134780325573254,"nonsyn","nonsyn","nonsyn",1.77e-05,1.76e-06,1.7e-06,1.7e-06,"0.001348268","0.00485604999999999","1","0.00485604999999999","E","E","G","A","V",1,1,1,0,1,1,0
"4227",4490,5674,5674,"a","g","g","a",0.00440606274233345,0.99365526965104,0.00193866760662672,0.00193866760662672,0.000176242509693338,0.00176242509693338,0.000176242509693338,0.00176242509693338,0.00634473034896017,0.995593937257667,0.00634473034896017,0.995593937257667,"syn","nonsyn","nonsyn",4.2e-06,5.36e-07,1.17e-06,1.17e-06,"4.22681802057467e-06","0.000603507272727272","0.003041264","0.000663858","E","E","E","D","D",0,0,0,0,1,1,0
"4228",4491,5649,5649,"g","g","a","a",0.000354044963710391,0.000354044963710391,0,0,0,0,0,0,0.000354044963710391,0.000354044963710391,0.000354044963710391,0.000354044963710391,"nonsyn","nonsyn","nonsyn",4.2e-06,5.36e-07,1.17e-06,1.17e-06,"0.0118629","1","1","1","V","V","M","L","L",0,0,0,0,0,0,0
"4229",4492,5545,5545,"t","t","c","c",0.295942290351668,0.295942290351668,0.00036068530207394,0.00036068530207394,0.00018034265103697,0.00018034265103697,0.00018034265103697,0.00018034265103697,0.296302975653742,0.296302975653742,0.296302975653742,0.296302975653742,"nonsyn","nonsyn","nonsyn",1.7e-05,1.07e-06,1.21e-06,1.21e-06,"5.7443631931749e-05","0.003354725","0.00593315000000001","0.00670945000000001","V","V","A","E","G",0,1,1,1,0,0,0
"4230",4493,5662,5662,"g","g","a","a",0.000706464146944543,0.000706464146944543,0.000176616036736136,0.000176616036736136,0,0.000176616036736136,0,0.000176616036736136,0.000883080183680678,0.000883080183680678,0.000883080183680678,0.000883080183680678,"syn","syn","syn",4.2e-06,5.36e-07,1.17e-06,1.17e-06,"0.0059451","0.00662453999999999","1","0.00662453999999999","V","V","V","V","V",0,0,0,0,0,0,0
"4231",4494,5686,5686,"a","a","g","g",0.00580372845585649,0.00580372845585649,0.000175870559268378,0.000175870559268378,0,0.000175870559268378,0,0.000175870559268378,0.00597959901512487,0.00597959901512487,0.00597959901512487,0.00597959901512487,"nonsyn","nonsyn","nonsyn",1.77e-05,1.76e-06,1.7e-06,1.7e-06,"0.00304976363636364","0.00966620000000003","1","0.00966620000000003","I","I","V","L","F",0,0,0,0,0,0,0
"4232",4495,5703,5703,"t","t","c","c",0.00455900403296511,0.00455900403296511,0,0,0,0,0,0,0.00455900403296511,0.00455900403296511,0.00455900403296511,0.00455900403296511,"nonsyn","nonsyn","nonsyn",1.7e-05,1.07e-06,1.21e-06,1.21e-06,"0.00372888461538461","1","1","1","I","I","T","N","S",1,1,1,0,0,0,0
"4233",4496,5710,5711,"c","c","t","t",0.00227670753064799,0.00227670753064799,0.000175131348511384,0.000175131348511384,0.000175131348511384,0,0.000175131348511384,0,0.00245183887915937,0.00245183887915937,0.00245140956049729,0.00245140956049729,"syn","syn","nonsyn",4.58e-06,8.37e-07,4.33e-07,4.33e-07,"0.00201167692307692","0.00247242999999999","0.00477926999999999","1","I","I","I","I","M",0,0,0,0,0,0,0
"4234",4497,5650,5655,"a","a","g","g",0.00176991150442478,0.00176991150442478,0,0,0,0,0,0,0.00176991150442478,0.00176991150442478,0.0017683465959328,0.0017683465959328,"nonsyn","nonsyn","stop",1.77e-05,1.76e-06,1.7e-06,1.7e-06,"0.0100005","1","1","1","K","K","E","Q","*",1,1,1,1,0,0,0
"4235",4498,5480,5537,"a","a","g","g",0.00273722627737226,0.00273722627737226,0.000912408759124088,0.000912408759124088,0.000182481751824818,0.00072992700729927,0.000182481751824818,0.00072992700729927,0.00364963503649635,0.00364963503649635,0.00361206429474445,0.00361206429474445,"nonsyn","nonsyn","nonsyn",1.77e-05,1.76e-06,1.7e-06,1.7e-06,"0.00646640000000001","0.0018632","0.00964479999999998","0.002329","K","K","R","T","M",0,1,1,0,1,1,0
"4236",4499,5392,5491,"g","g","a","a",0.00241097922848665,0.00241097922848665,0.000556379821958457,0.000556379821958457,0,0.000556379821958457,0,0.000556379821958457,0.0029673590504451,0.0029673590504451,0.00291385904206884,0.00291385904206884,"syn","nonsyn","nonsyn",4.2e-06,5.36e-07,1.17e-06,1.17e-06,"0.00174203076923077","0.00210288","1","0.00210288","K","K","K","N","N",0,1,1,0,1,1,0
"4237",4500,5476,5477,"g","g","a","a",0.00164353542731921,0.00164353542731921,0.000365230094959825,0.000365230094959825,0,0.000365230094959825,0,0.000365230094959825,0.00200876552227904,0.00200876552227904,0.0020083987584444,0.0020083987584444,"nonsyn","nonsyn","nonsyn",4.2e-06,5.36e-07,1.17e-06,1.17e-06,"0.00255546666666667","0.00320346","1","0.00320346","G","G","R","R","W",1,1,1,0,1,1,0
"4238",4501,5457,5457,"g","g","a","a",0.000366501740883269,0.000366501740883269,0.000733003481766538,0.000733003481766538,0.000183250870441635,0.000549752611324904,0.000183250870441635,0.000549752611324904,0.00109950522264981,0.00109950522264981,0.00109950522264981,0.00109950522264981,"nonsyn","nonsyn","nonsyn",4.2e-06,5.36e-07,1.17e-06,1.17e-06,"0.0114597","0.0015961725","0.00292495199999999","0.00212823","G","G","E","A","V",1,1,1,0,1,1,0
"4239",4502,5429,5429,"g","g","a","a",0.0014735678762203,0.0014735678762203,0.000920979922637686,0.000920979922637686,0,0.000920979922637686,0,0.000920979922637686,0.00239454779885798,0.00239454779885798,0.00239454779885798,0.00239454779885798,"syn","syn","syn",4.2e-06,5.36e-07,1.17e-06,1.17e-06,"0.002850225","0.001270386","1","0.001270386","G","G","G","G","G",0,0,0,0,1,1,0
"4240",4503,5423,5423,"g","g","a","a",0.00147519822976212,0.00147519822976212,0.000553199336160797,0.000553199336160797,0,0.000553199336160797,0,0.000553199336160797,0.00202839756592292,0.00202839756592292,0.00202839756592292,0.00202839756592292,"nonsyn","nonsyn","stop",4.2e-06,5.36e-07,1.17e-06,1.17e-06,"0.00284707500000001","0.00211497","1","0.00211497","G","G","R","R","*",1,1,1,0,1,1,0
"4241",4504,5412,5412,"g","g","a","a",0.00258684405025868,0.00258684405025868,0.000923872875092387,0.000923872875092387,0,0.000923872875092387,0,0.000923872875092387,0.00351071692535107,0.00351071692535107,0.00351071692535107,0.00351071692535107,"nonsyn","nonsyn","nonsyn",4.2e-06,5.36e-07,1.17e-06,1.17e-06,"0.0016236","0.001266408","1","0.001266408","G","G","E","A","V",1,1,1,0,0,0,0
"4242",4505,5430,5430,"g","a","a","g",0.00184162062615101,0.997974217311234,0.000184162062615101,0.000184162062615101,0,0.000184162062615101,0,0.000184162062615101,0.00202578268876611,0.998158379373849,0.00202578268876611,0.998158379373849,"syn","syn","syn",1.77e-05,1.76e-06,1.7e-06,1.7e-06,"1.77359291382174e-05","0.00923100000000002","1","0.00923100000000002","G","G","G","G","G",0,0,0,0,0,0,0
"4243",4506,5429,5430,"a","a","g","g",0.00589427150488119,0.00589427150488119,0.000552587953582612,0.000552587953582612,0,0.000552587953582612,0,0.000552587953582612,0.00644685945846381,0.00644685945846381,0.00644567219152855,0.00644567219152855,"nonsyn","syn","stop",1.77e-05,1.76e-06,1.7e-06,1.7e-06,"0.003002915625","0.00307643333333333","1","0.00307643333333333","R","R","G","R","*",1,0,1,0,1,1,0
"4244",4507,5406,5406,"g","g","a","a",0.0072142064372919,0.0072142064372919,0.000184979652238254,0.000184979652238254,0,0.000184979652238254,0,0.000184979652238254,0.00739918608953015,0.00739918608953015,0.00739918608953015,0.00739918608953015,"nonsyn","nonsyn","nonsyn",4.2e-06,5.36e-07,1.17e-06,1.17e-06,"0.000582184615384615","0.00632501999999999","1","0.00632501999999999","R","R","K","T","I",0,1,1,0,0,0,0
"4245",4508,5394,5394,"a","a","g","g",0.00815721171672228,0.00815721171672228,0.000556173526140156,0.000556173526140156,0,0.000556173526140156,0,0.000556173526140156,0.00871338524286244,0.00871338524286244,0.00871338524286244,0.00871338524286244,"syn","nonsyn","nonsyn",1.77e-05,1.76e-06,1.7e-06,1.7e-06,"0.00216985909090909","0.0030566","1","0.0030566","R","R","R","S","S",0,1,1,0,0,0,0
"4246",4509,5448,5448,"c","c","t","t",0.00165198237885463,0.00165198237885463,0.000183553597650514,0.000183553597650514,0,0.000183553597650514,0,0.000183553597650514,0.00183553597650514,0.00183553597650514,0.00183553597650514,0.00183553597650514,"nonsyn","nonsyn","nonsyn",4.58e-06,8.37e-07,4.33e-07,4.33e-07,"0.00277242666666666","0.002358984","1","0.002358984","H","H","Y","N","D",1,1,1,0,0,0,0
"4247",4510,5622,5622,"a","a","g","g",0.00409107079331199,0.00409107079331199,0.000533617929562433,0.000533617929562433,0.000355745286374956,0.000177872643187478,0.000355745286374956,0.000177872643187478,0.00462468872287442,0.00462468872287442,0.00462468872287442,0.00462468872287442,"nonsyn","nonsyn","nonsyn",1.77e-05,1.76e-06,1.7e-06,1.7e-06,"0.00432649565217391","0.0031858","0.00494735999999999","0.00955739999999999","H","H","R","P","L",0,1,1,1,0,0,0
"4248",4511,5645,5645,"t","t","c","c",0.00531443755535872,0.00531443755535872,0.000531443755535872,0.000531443755535872,0.000354295837023915,0.000177147918511957,0.000354295837023915,0.000177147918511957,0.0058458813108946,0.0058458813108946,0.0058458813108946,0.0058458813108946,"syn","nonsyn","nonsyn",1.7e-05,1.07e-06,1.21e-06,1.21e-06,"0.00319883333333334","0.00227681666666667","0.003020075","0.00683045000000002","H","H","H","Q","Q",0,1,1,0,0,0,0
"4249",4512,5645,5645,"c","c","t","t",0.00141718334809566,0.00141718334809566,0,0,0,0,0,0,0.00141718334809566,0.00141718334809566,0.00141718334809566,0.00141718334809566,"nonsyn","nonsyn","nonsyn",4.58e-06,8.37e-07,4.33e-07,4.33e-07,"0.0032317625","1","1","1","L","L","F","I","V",0,0,0,0,0,0,0
"4250",4513,5539,5539,"t","t","c","c",0.0249142444484564,0.0249142444484564,0.00126376602274779,0.00126376602274779,0.00126376602274779,0,0.00126376602274779,0,0.0261780104712042,0.0261780104712042,0.0261780104712042,0.0261780104712042,"nonsyn","nonsyn","nonsyn",1.7e-05,1.07e-06,1.21e-06,1.21e-06,"0.000682340579710145","0.000957455714285713","0.000846675714285713","1","L","L","P","H","R",1,1,1,0,1,0,1
"4251",4514,5572,5572,"c","c","t","t",0.00125628140703518,0.00125628140703518,0,0,0,0,0,0,0.00125628140703518,0.00125628140703518,0.00125628140703518,0.00125628140703518,"syn","syn","syn",4.58e-06,8.37e-07,4.33e-07,4.33e-07,"0.00364567999999999","1","1","1","L","L","L","L","L",0,0,0,0,0,0,0
"4252",4515,5613,5613,"a","a","g","g",0.00249420986994477,0.00249420986994477,0,0,0,0,0,0,0.00249420986994477,0.00249420986994477,0.00249420986994477,0.00249420986994477,"nonsyn","nonsyn","nonsyn",1.77e-05,1.76e-06,1.7e-06,1.7e-06,"0.00709643571428572","1","1","1","I","I","V","L","F",0,0,0,1,0,0,0
"4253",4516,5584,5584,"t","t","c","c",0.00662607449856734,0.00662607449856734,0.00107449856733524,0.00107449856733524,0.00107449856733524,0,0.00107449856733524,0,0.00770057306590258,0.00770057306590258,0.00770057306590258,0.00770057306590258,"nonsyn","nonsyn","nonsyn",1.7e-05,1.07e-06,1.21e-06,1.21e-06,"0.00256562162162162","0.00112610666666667","0.000995813333333337","1","I","I","T","N","S",1,1,1,0,0,0,0
"4254",4517,5654,5654,"c","c","t","t",0.000176865935620799,0.000176865935620799,0.000353731871241599,0.000353731871241599,0.000353731871241599,0,0.000353731871241599,0,0.000530597806862398,0.000530597806862398,0.000530597806862398,0.000530597806862398,"syn","syn","nonsyn",4.58e-06,8.37e-07,4.33e-07,4.33e-07,"0.0258953200000001","0.001224091","0.002366199","1","I","I","I","I","M",0,0,0,0,0,0,0
"4255",4518,5617,5617,"t","t","c","c",0.00356061954780132,0.00356061954780132,0.00124621684173046,0.00124621684173046,0.000890154886950329,0.000356061954780132,0.000890154886950329,0.000356061954780132,0.00480683638953178,0.00480683638953178,0.00480683638953178,0.00480683638953178,"nonsyn","nonsyn","nonsyn",1.7e-05,1.07e-06,1.21e-06,1.21e-06,"0.00477445","0.000970938571428572","0.001202038","0.003398285","F","F","L","I","V",0,0,0,0,1,0,1
"4256",4519,5635,5635,"t","t","c","c",0.00425909494232476,0.00425909494232476,0.000354924578527063,0.000354924578527063,0,0.000354924578527063,0,0.000354924578527063,0.00461401952085182,0.00461401952085182,0.00461401952085182,0.00461401952085182,"nonsyn","nonsyn","nonsyn",1.7e-05,1.07e-06,1.21e-06,1.21e-06,"0.00399145833333333","0.003409175","1","0.003409175","F","F","S","Y","C",1,0,1,0,0,0,0
"4257",4520,5662,5662,"c","c","t","t",0.000353232073472271,0.000353232073472271,0.000353232073472271,0.000353232073472271,0.000353232073472271,0,0.000353232073472271,0,0.000706464146944543,0.000706464146944543,0.000706464146944543,0.000706464146944543,"syn","nonsyn","nonsyn",4.58e-06,8.37e-07,4.33e-07,4.33e-07,"0.01296598","0.001225823","0.002369547","1","F","F","F","L","L",0,0,0,0,0,0,0
"4258",4521,5657,5657,"t","t","c","c",0.0051263920806081,0.0051263920806081,0.000707088562842496,0.000707088562842496,0.000707088562842496,0,0.000707088562842496,0,0.00583348064345059,0.00583348064345059,0.00583348064345059,0.00583348064345059,"nonsyn","nonsyn","nonsyn",1.7e-05,1.07e-06,1.21e-06,1.21e-06,"0.0033161724137931","0.0017112425","0.0015132475","1","C","C","R","S","G",1,1,0,1,1,0,1
"4259",4522,5660,5660,"g","g","a","a",0.000176678445229682,0.000176678445229682,0,0,0,0,0,0,0.000176678445229682,0.000176678445229682,0.000176678445229682,0.000176678445229682,"nonsyn","nonsyn","nonsyn",4.2e-06,5.36e-07,1.17e-06,1.17e-06,"0.023772","1","1","1","C","C","Y","S","F",1,1,1,0,0,0,0
"4260",4523,5654,5654,"t","c","c","t",0.0130880792359392,0.986027591085957,0.000884329678103997,0.000884329678103997,0.000530597806862398,0.000353731871241599,0.000530597806862398,0.000353731871241599,0.0139724089140432,0.986911920764061,0.0139724089140432,0.986911920764061,"syn","stop","nonsyn",4.58e-06,8.37e-07,4.33e-07,4.33e-07,"4.64490044843049e-06","0.0004896364","0.001577466","0.001224091","C","C","C","*","W",0,1,1,0,0,0,0
"4261",4524,5660,5660,"c","c","t","t",0.00371024734982332,0.00371024734982332,0.000530035335689046,0.000530035335689046,0.000353356890459364,0.000176678445229682,0.000353356890459364,0.000176678445229682,0.00424028268551237,0.00424028268551237,0.00424028268551237,0.00424028268551237,"nonsyn","nonsyn","nonsyn",4.58e-06,8.37e-07,4.33e-07,4.33e-07,"0.00123441904761905","0.000816926666666667","0.00236871","0.00245078","H","H","Y","N","D",1,1,1,0,1,0,1
"4262",4525,5650,5650,"a","a","g","g",0.0031858407079646,0.0031858407079646,0.000707964601769912,0.000707964601769912,0.000176991150442478,0.000530973451327434,0.000176991150442478,0.000530973451327434,0.00389380530973451,0.00389380530973451,0.00389380530973451,0.00389380530973451,"nonsyn","nonsyn","nonsyn",1.77e-05,1.76e-06,1.7e-06,1.7e-06,"0.00555583333333334","0.00240125","0.00994399999999999","0.00320166666666666","H","H","R","P","L",0,1,1,1,0,0,0
"4263",4526,5669,5669,"c","t","t","c",0.000705591815134944,0.999294408184865,0,0,0,0,0,0,0.000705591815134944,0.999294408184865,0.000705591815134944,0.999294408184865,"syn","nonsyn","nonsyn",1.7e-05,1.07e-06,1.21e-06,1.21e-06,"1.70120035304501e-05","1","1","1","H","H","H","Q","Q",0,1,1,0,0,0,0
"4264",4527,5677,5677,"t","t","c","c",0.0026422406200458,0.0026422406200458,0.00035229874933944,0.00035229874933944,0.00035229874933944,0,0.00035229874933944,0,0.00299453936938524,0.00299453936938524,0.00299453936938524,0.00299453936938524,"nonsyn","nonsyn","nonsyn",1.7e-05,1.07e-06,1.21e-06,1.21e-06,"0.00643393333333333","0.003434585","0.003037195","1","S","S","P","T","A",1,0,1,0,0,0,0
"4265",4528,5700,5700,"c","c","t","t",0.00087719298245614,0.00087719298245614,0.000175438596491228,0.000175438596491228,0.000175438596491228,0,0.000175438596491228,0,0.00105263157894737,0.00105263157894737,0.00105263157894737,0.00105263157894737,"nonsyn","stop","stop",4.58e-06,8.37e-07,4.33e-07,4.33e-07,"0.0052212","0.0024681","0.0047709","1","S","S","L","*","*",1,1,1,0,0,0,0
"4266",4529,5696,5697,"a","a","g","g",0.00228230337078652,0.00228230337078652,0.000702247191011236,0.000702247191011236,0.000351123595505618,0.000351123595505618,0.000351123595505618,0.000351123595505618,0.00298455056179775,0.00298455056179775,0.00298402668070915,0.00298402668070915,"syn","syn","syn",1.77e-05,1.76e-06,1.7e-06,1.7e-06,"0.00775532307692307","0.0024208","0.00501248","0.0048416","S","S","S","S","S",0,0,0,1,0,0,0
"4267",4530,5668,5668,"a","a","g","g",0.00176429075511644,0.00176429075511644,0.000176429075511644,0.000176429075511644,0.000176429075511644,0,0.000176429075511644,0,0.00194071983062809,0.00194071983062809,0.00194071983062809,0.00194071983062809,"nonsyn","nonsyn","stop",1.77e-05,1.76e-06,1.7e-06,1.7e-06,"0.01003236","0.00963560000000002","0.00997568000000002","1","K","K","E","Q","*",1,1,1,0,0,0,0
"4268",4531,5668,5668,"a","a","g","g",0.00282286520818631,0.00282286520818631,0.000705716302046577,0.000705716302046577,0,0.000705716302046577,0,0.000705716302046577,0.00352858151023289,0.00352858151023289,0.00352858151023289,0.00352858151023289,"nonsyn","nonsyn","nonsyn",1.77e-05,1.76e-06,1.7e-06,1.7e-06,"0.006270225","0.0024089","1","0.0024089","K","K","R","T","M",0,1,1,0,1,1,0
"4269",4532,5653,5653,"g","g","a","a",0.000176897222713603,0.000176897222713603,0,0,0,0,0,0,0.000176897222713603,0.000176897222713603,0.000176897222713603,0.000176897222713603,"syn","nonsyn","nonsyn",4.2e-06,5.36e-07,1.17e-06,1.17e-06,"0.0237426000000001","1","1","1","K","K","K","N","N",0,1,1,0,0,0,0
"4270",4533,5640,5640,"a","a","g","g",0.0024822695035461,0.0024822695035461,0.000177304964539007,0.000177304964539007,0.000177304964539007,0,0.000177304964539007,0,0.00265957446808511,0.00265957446808511,0.00265957446808511,0.00265957446808511,"nonsyn","nonsyn","stop",1.77e-05,1.76e-06,1.7e-06,1.7e-06,"0.00713057142857143","0.00958800000000001","0.00992640000000001","1","K","K","E","Q","*",1,1,1,0,0,0,0
"4271",4534,5570,5570,"a","a","g","g",0.00359066427289048,0.00359066427289048,0.000179533213644524,0.000179533213644524,0,0.000179533213644524,0,0.000179533213644524,0.00377019748653501,0.00377019748653501,0.00377019748653501,0.00377019748653501,"nonsyn","nonsyn","nonsyn",1.77e-05,1.76e-06,1.7e-06,1.7e-06,"0.00492945000000001","0.00946900000000001","1","0.00946900000000001","K","K","R","T","M",0,1,1,0,1,1,0
"4272",4535,5614,5614,"g","g","a","a",0.000356252226576416,0.000356252226576416,0.000356252226576416,0.000356252226576416,0,0.000356252226576416,0,0.000356252226576416,0.000712504453152832,0.000712504453152832,0.000712504453152832,0.000712504453152832,"syn","nonsyn","nonsyn",4.2e-06,5.36e-07,1.17e-06,1.17e-06,"0.0117894","0.00328419","1","0.00328419","K","K","K","N","N",0,1,1,0,0,0,0
"4273",4536,5573,5573,"a","a","g","g",0.00628027992104791,0.00628027992104791,0.000179436569172797,0.000179436569172797,0,0.000179436569172797,0,0.000179436569172797,0.00645971649022071,0.00645971649022071,0.00645971649022071,0.00645971649022071,"nonsyn","nonsyn","stop",1.77e-05,1.76e-06,1.7e-06,1.7e-06,"0.00281834571428571","0.00947410000000002","1","0.00947410000000002","K","K","E","Q","*",1,1,1,0,0,0,0
"4274",4537,5604,5604,"a","a","g","g",0.0046395431834404,0.0046395431834404,0.000356887937187723,0.000356887937187723,0.000178443968593862,0.000178443968593862,0.000178443968593862,0.000178443968593862,0.00499643112062812,0.00499643112062812,0.00499643112062812,0.00499643112062812,"nonsyn","nonsyn","nonsyn",1.77e-05,1.76e-06,1.7e-06,1.7e-06,"0.00381503076923077","0.0047634","0.00986303999999998","0.00952679999999998","K","K","R","T","M",0,1,1,0,1,1,0
"4275",4538,5593,5593,"a","g","g","a",0.00536384766672627,0.993920972644377,0.000715179688896835,0.000715179688896835,0.000357589844448418,0.000357589844448418,0.000357589844448418,0.000357589844448418,0.0060790273556231,0.994636152333274,0.0060790273556231,0.994636152333274,"syn","nonsyn","nonsyn",4.2e-06,5.36e-07,1.17e-06,1.17e-06,"4.22568807339449e-06","0.0016359525","0.001498924","0.003271905","K","K","K","N","N",0,1,1,0,0,0,0
"4276",4539,5525,5525,"t","t","c","c",0.00343891402714932,0.00343891402714932,0.000180995475113122,0.000180995475113122,0.000180995475113122,0,0.000180995475113122,0,0.00361990950226244,0.00361990950226244,0.00361990950226244,0.00361990950226244,"nonsyn","nonsyn","nonsyn",1.7e-05,1.07e-06,1.21e-06,1.21e-06,"0.00494342105263158","0.00668525000000001","0.00591175","1","C","C","R","S","G",1,1,0,1,0,0,0
"4277",4540,5456,5456,"g","g","a","a",0.00109970674486804,0.00109970674486804,0,0,0,0,0,0,0.00109970674486804,0.00109970674486804,0.00109970674486804,0.00109970674486804,"nonsyn","nonsyn","nonsyn",4.2e-06,5.36e-07,1.17e-06,1.17e-06,"0.00381919999999998","1","1","1","C","C","Y","S","F",1,1,1,0,0,0,0
"4278",4541,5404,5404,"t","c","c","t",0.038119911176906,0.960584752035529,0.00129533678756477,0.00129533678756477,0.00129533678756477,0,0.00129533678756477,0,0.0394152479644708,0.961880088823094,0.0394152479644708,0.961880088823094,"syn","stop","nonsyn",4.58e-06,8.37e-07,4.33e-07,4.33e-07,"4.76792910807166e-06","0.000334275999999999","0.000646163999999998","1","C","C","C","*","W",0,1,1,0,0,0,0
"4279",4542,5411,5411,"g","g","a","a",0.00184808722971724,0.00184808722971724,0.000369617445943449,0.000369617445943449,0,0.000369617445943449,0,0.000369617445943449,0.00221770467566069,0.00221770467566069,0.00221770467566069,0.00221770467566069,"nonsyn","nonsyn","nonsyn",4.2e-06,5.36e-07,1.17e-06,1.17e-06,"0.00227262","0.003165435","1","0.003165435","A","D","N","H","Y",1,1,1,0,0,0,0
"4280",4543,5389,5389,"c","a","t","g",0.00296901094822787,0.000371126368528484,0.000742252737056968,0.999257747262943,0.000371126368528484,0.000371126368528484,0.996288736314715,0.00296901094822787,0.00371126368528484,0.999628873631472,0.00371126368528484,0.999628873631472,"nonsyn","nonsyn","nonsyn",1.77e-05,1.76e-06,1.7e-06,1.7e-06,"0.04769265","1.70126276694522e-06","1.7665561557087e-06","0.00057258125","A","D","G","A","V",1,1,1,0,0,0,0
"4281",4544,5319,5319,"c","c","t","t",0.0522654634329761,0.0522654634329761,0,0,0,0,0,0,0.0522654634329761,0.0522654634329761,0.0522654634329761,0.0522654634329761,"syn","nonsyn","nonsyn",4.58e-06,8.37e-07,4.33e-07,4.33e-07,"8.76295683453238e-05","1","1","1","A","D","D","E","E",0,0,0,0,0,0,0
"4282",4545,5244,5244,"g","g","a","a",0.001906941266209,0.001906941266209,0.0005720823798627,0.0005720823798627,0.0001906941266209,0.0003813882532418,0.0001906941266209,0.0003813882532418,0.0024790236460717,0.0024790236460717,0.0024790236460717,0.0024790236460717,"nonsyn","nonsyn","stop",4.2e-06,5.36e-07,1.17e-06,1.17e-06,"0.00220248","0.00204516","0.002810784","0.00306774","E","E","K","Q","*",1,1,1,0,0,0,0
"4283",4546,5194,5194,"a","a","g","g",0.00134770889487871,0.00134770889487871,0.000385059684251059,0.000385059684251059,0.000192529842125529,0.000192529842125529,0.000192529842125529,0.000192529842125529,0.00173276857912977,0.00173276857912977,0.00173276857912977,0.00173276857912977,"nonsyn","nonsyn","nonsyn",1.77e-05,1.76e-06,1.7e-06,1.7e-06,"0.0131334","0.0044149","0.00914144000000002","0.00882980000000002","E","E","G","A","V",1,1,1,0,1,1,0
"4284",4547,5179,5179,"g","g","a","a",0.00193087468623286,0.00193087468623286,0.000193087468623286,0.000193087468623286,0,0.000193087468623286,0,0.000193087468623286,0.00212396215485615,0.00212396215485615,0.00212396215485615,0.00212396215485615,"syn","nonsyn","nonsyn",4.2e-06,5.36e-07,1.17e-06,1.17e-06,"0.00217518","0.00605943000000001","1","0.00605943000000001","E","E","E","D","D",0,0,0,0,0,0,0
"4285",4548,5170,5170,"c","c","t","t",0.00174081237911025,0.00174081237911025,0.000386847195357834,0.000386847195357834,0.000386847195357834,0,0.000386847195357834,0,0.00212765957446809,0.00212765957446809,0.00212765957446809,0.00212765957446809,"nonsyn","nonsyn","nonsyn",4.58e-06,8.37e-07,4.33e-07,4.33e-07,"0.00263095555555556","0.001119305","0.002163645","1","L","L","F","I","V",0,0,0,0,0,0,0
"4286",4549,5000,5000,"t","t","c","c",0.0032,0.0032,0,0,0,0,0,0,0.0032,0.0032,0.0032,0.0032,"nonsyn","nonsyn","nonsyn",1.7e-05,1.07e-06,1.21e-06,1.21e-06,"0.0053125","1","1","1","L","L","P","H","R",1,1,1,0,1,0,1
"4287",4550,5047,5047,"c","c","t","t",0.00237765008916188,0.00237765008916188,0.000198137507430157,0.000198137507430157,0.000198137507430157,0,0.000198137507430157,0,0.00257578759659203,0.00257578759659203,0.00257578759659203,0.00257578759659203,"syn","syn","syn",4.58e-06,8.37e-07,4.33e-07,4.33e-07,"0.00192627166666667","0.00218535099999999","0.00422433899999999","1","L","L","L","L","L",0,0,0,0,0,0,0
"4288",4551,5050,5050,"g","g","a","a",0.00336633663366337,0.00336633663366337,0.00099009900990099,0.00099009900990099,0.000396039603960396,0.000594059405940594,0.000396039603960396,0.000594059405940594,0.00435643564356436,0.00435643564356436,0.00435643564356436,0.00435643564356436,"nonsyn","nonsyn","nonsyn",4.2e-06,5.36e-07,1.17e-06,1.17e-06,"0.00124764705882353","0.0011817","0.0013534","0.0019695","A","A","T","P","S",1,1,1,0,0,0,0
"4289",4552,5079,5079,"c","c","t","t",0.0013782240598543,0.0013782240598543,0.00078755660563103,0.00078755660563103,0.000590667454223272,0.000196889151407757,0.000590667454223272,0.000196889151407757,0.00216578066548533,0.00216578066548533,0.00216578066548533,0.00216578066548533,"nonsyn","nonsyn","nonsyn",4.58e-06,8.37e-07,4.33e-07,4.33e-07,"0.00332311714285715","0.00054980175","0.001417041","0.00219920700000001","A","A","V","D","G",0,1,1,0,0,0,0
"4290",4553,5088,5088,"c","c","t","t",0.00196540880503145,0.00196540880503145,0.000589622641509434,0.000589622641509434,0.000589622641509434,0,0.000589622641509434,0,0.00255503144654088,0.00255503144654088,0.00255503144654088,0.00255503144654088,"syn","syn","syn",4.58e-06,8.37e-07,4.33e-07,4.33e-07,"0.002330304","0.000734368","0.001419552","1","A","A","A","A","A",0,0,0,0,1,0,1
"4291",4554,5097,5097,"g","g","a","a",0.00196193839513439,0.00196193839513439,0.000196193839513439,0.000196193839513439,0,0.000196193839513439,0,0.000196193839513439,0.00215813223464783,0.00215813223464783,0.00215813223464783,0.00215813223464783,"nonsyn","nonsyn","nonsyn",4.2e-06,5.36e-07,1.17e-06,1.17e-06,"0.00214074","0.00596349000000001","1","0.00596349000000001","A","A","T","P","S",1,1,1,0,0,0,0
"4292",4555,5095,5095,"c","c","t","t",0,0,0.000392541707556428,0.000392541707556428,0.000392541707556428,0,0.000392541707556428,0,0.000392541707556428,0.000392541707556428,0.000392541707556428,0.000392541707556428,"nonsyn","nonsyn","nonsyn",4.58e-06,8.37e-07,4.33e-07,4.33e-07,"1","0.0011030675","0.0021322575","1","A","A","V","E","G",0,1,1,0,0,0,0
"4293",4556,5079,5080,"a","g","g","a",0.0222484741090766,0.977357747588108,0.000393778302815515,0.000393778302815515,0.000196889151407757,0.000196889151407757,0.000196889151407757,0.000196889151407757,0.0226422524118921,0.977751525890923,0.0226377952755906,0.97755905511811,"syn","syn","syn",4.2e-06,5.36e-07,1.17e-06,1.17e-06,"4.29730056406124e-06","0.002971215","0.00272234400000001","0.00594243000000001","A","A","A","A","A",0,0,0,0,0,0,0
"4294",4557,5059,5059,"a","a","g","g",0.00256967780193714,0.00256967780193714,0.000395335046451868,0.000395335046451868,0.000197667523225934,0.000197667523225934,0.000197667523225934,0.000197667523225934,0.00296501284838901,0.00296501284838901,0.00296501284838901,0.00296501284838901,"nonsyn","nonsyn","stop",1.77e-05,1.76e-06,1.7e-06,1.7e-06,"0.00688802307692308","0.00430015","0.00890384","0.0086003","K","K","E","Q","*",1,1,1,0,0,0,0
"4295",4558,5041,5041,"a","a","g","g",0.00317397341797262,0.00317397341797262,0.000991866693116445,0.000991866693116445,0.000396746677246578,0.000595120015869867,0.000396746677246578,0.000595120015869867,0.00416584011108907,0.00416584011108907,0.00416584011108907,0.00416584011108907,"nonsyn","nonsyn","nonsyn",1.77e-05,1.76e-06,1.7e-06,1.7e-06,"0.00557660625000001","0.00171394","0.00443608","0.00285656666666667","K","K","R","T","M",0,1,1,0,1,1,0
"4296",4559,5160,5162,"g","g","a","a",0.0062015503875969,0.0062015503875969,0,0,0,0,0,0,0.0062015503875969,0.0062015503875969,0.00619914761720263,0.00619914761720263,"syn","nonsyn","nonsyn",4.2e-06,5.36e-07,1.17e-06,1.17e-06,"0.00067725","1","1","1","K","K","K","N","N",0,1,1,0,0,0,0
"4297",4560,5173,5173,"c","c","t","t",0.0013531799729364,0.0013531799729364,0.0001933114247052,0.0001933114247052,0.0001933114247052,0,0.0001933114247052,0,0.0015464913976416,0.0015464913976416,0.0015464913976416,0.0015464913976416,"syn","nonsyn","nonsyn",4.58e-06,8.37e-07,4.33e-07,4.33e-07,"0.00338462","0.002239909","0.004329801","1","L","L","L","M","V",0,0,0,0,0,0,0
"4298",4561,5154,5154,"t","t","c","c",0.00310438494373302,0.00310438494373302,0.000776096235933256,0.000776096235933256,0.000582072176949942,0.000194024058983314,0.000582072176949942,0.000194024058983314,0.00388048117966628,0.00388048117966628,0.00388048117966628,0.00388048117966628,"nonsyn","nonsyn","nonsyn",1.7e-05,1.07e-06,1.21e-06,1.21e-06,"0.00547612500000001","0.001559085","0.00183826","0.00623634","L","L","P","Q","R",1,1,1,1,1,0,1
"4299",4562,5166,5167,"g","g","a","a",0.00232288037166086,0.00232288037166086,0.000193573364305072,0.000193573364305072,0,0.000193573364305072,0,0.000193573364305072,0.00251645373596593,0.00251645373596593,0.00251596671182504,0.00251596671182504,"syn","syn","syn",4.2e-06,5.36e-07,1.17e-06,1.17e-06,"0.0018081","0.00604421999999999","1","0.00604421999999999","L","L","L","L","L",0,0,0,0,1,1,0
"4300",4563,5165,5165,"g","g","a","a",0.000774443368828654,0.000774443368828654,0,0,0,0,0,0,0.000774443368828654,0.000774443368828654,0.000774443368828654,0.000774443368828654,"nonsyn","nonsyn","nonsyn",4.2e-06,5.36e-07,1.17e-06,1.17e-06,"0.00542325","1","1","1","V","V","I","L","F",0,0,0,0,0,0,0
"4301",4564,5126,5126,"t","t","c","c",0.0037065938353492,0.0037065938353492,0.000585251658213032,0.000585251658213032,0.000390167772142021,0.000195083886071011,0.000390167772142021,0.000195083886071011,0.00429184549356223,0.00429184549356223,0.00429184549356223,0.00429184549356223,"nonsyn","nonsyn","nonsyn",1.7e-05,1.07e-06,1.21e-06,1.21e-06,"0.00458642105263158","0.00206748666666667","0.00274241","0.00620245999999999","V","V","A","D","G",0,1,1,0,0,0,0
"4302",4565,5133,5133,"c","c","t","t",0.00136372491720242,0.00136372491720242,0,0,0,0,0,0,0.00136372491720242,0.00136372491720242,0.00136372491720242,0.00136372491720242,"syn","syn","syn",4.58e-06,8.37e-07,4.33e-07,4.33e-07,"0.00335844857142856","1","1","1","V","V","V","V","V",0,0,0,0,0,0,0
"4303",4566,5098,5098,"g","g","a","a",0.00451157316594743,0.00451157316594743,0,0,0,0,0,0,0.00451157316594743,0.00451157316594743,0.00451157316594743,0.00451157316594743,"nonsyn","nonsyn","nonsyn",4.2e-06,5.36e-07,1.17e-06,1.17e-06,"0.000930939130434783","1","1","1","A","A","T","P","S",1,1,1,0,0,0,0
"4304",4567,5091,5091,"c","c","t","t",0.00117855038302887,0.00117855038302887,0.000196425063838146,0.000196425063838146,0.000196425063838146,0,0.000196425063838146,0,0.00137497544686702,0.00137497544686702,0.00137497544686702,0.00137497544686702,"nonsyn","nonsyn","nonsyn",4.58e-06,8.37e-07,4.33e-07,4.33e-07,"0.00388613000000002","0.002204403","0.00426116699999999","1","A","A","V","E","G",0,1,1,0,0,0,0
"4305",4568,5089,5089,"g","a","a","g",0.00176852033798389,0.998231479662016,0,0,0,0,0,0,0.00176852033798389,0.998231479662016,0.00176852033798389,0.998231479662016,"syn","syn","syn",1.77e-05,1.76e-06,1.7e-06,1.7e-06,"1.77313582677165e-05","1","1","1","A","A","A","A","A",0,0,0,1,0,0,0
"4306",4569,4992,4992,"c","t","t","c",0.00240384615384615,0.996594551282051,0.00100160256410256,0.00100160256410256,0.00100160256410256,0,0.00100160256410256,0,0.00340544871794872,0.997596153846154,0.00340544871794872,0.997596153846154,"syn","nonsyn","nonsyn",1.7e-05,1.07e-06,1.21e-06,1.21e-06,"1.70580904522613e-05","0.00120806400000001","0.001068288","1","L","L","L","M","V",0,0,0,0,0,0,0
"4307",4570,4966,4966,"t","t","c","c",0.00221506242448651,0.00221506242448651,0.0018123238018526,0.0018123238018526,0.00100684655658478,0.000805477245267821,0.00100684655658478,0.000805477245267821,0.00402738622633911,0.00402738622633911,0.00402738622633911,0.00402738622633911,"nonsyn","stop","nonsyn",1.7e-05,1.07e-06,1.21e-06,1.21e-06,"0.00767472727272727","0.00066765111111111","0.001062724","0.001502215","L","L","S","*","W",1,1,0,1,0,0,0
"4308",4571,4878,4882,"g","g","a","a",0.001640016400164,0.001640016400164,0,0,0,0,0,0,0.001640016400164,0.001640016400164,0.00163867267513314,0.00163867267513314,"syn","nonsyn","nonsyn",4.2e-06,5.36e-07,1.17e-06,1.17e-06,"0.00256095","1","1","1","L","L","L","F","F",0,0,0,0,1,1,0
"4309",4572,4865,4865,"g","g","a","a",0.002672147995889,0.002672147995889,0.000411099691675231,0.000411099691675231,0.000205549845837616,0.000205549845837616,0.000205549845837616,0.000205549845837616,0.00308324768756423,0.00308324768756423,0.00308324768756423,0.00308324768756423,"nonsyn","nonsyn","nonsyn",4.2e-06,5.36e-07,1.17e-06,1.17e-06,"0.00157176923076923","0.002846025","0.00260764","0.00569204999999999","G","G","S","R","C",1,1,0,0,1,1,0
"4310",4573,4870,4870,"g","g","a","a",0.00102669404517454,0.00102669404517454,0.000410677618069815,0.000410677618069815,0,0.000410677618069815,0,0.000410677618069815,0.00143737166324435,0.00143737166324435,0.00143737166324435,0.00143737166324435,"nonsyn","nonsyn","nonsyn",4.2e-06,5.36e-07,1.17e-06,1.17e-06,"0.00409079999999999","0.00284895","1","0.00284895","G","G","D","A","V",1,1,1,0,0,0,0
"4311",4574,4898,4898,"c","c","t","t",0.00489995916700694,0.00489995916700694,0.000816659861167824,0.000816659861167824,0.000816659861167824,0,0.000816659861167824,0,0.00571661902817477,0.00571661902817477,0.00571661902817477,0.00571661902817477,"syn","syn","syn",4.58e-06,8.37e-07,4.33e-07,4.33e-07,"0.000934701666666667","0.0005302085","0.0010249065","1","G","G","G","G","G",0,0,0,0,0,0,0
"4312",4575,4920,4920,"g","a","a","g",0.0016260162601626,0.998170731707317,0.000203252032520325,0.000203252032520325,0.000203252032520325,0,0.000203252032520325,0,0.00182926829268293,0.998373983739837,0.00182926829268293,0.998373983739837,"nonsyn","nonsyn","nonsyn",1.77e-05,1.76e-06,1.7e-06,1.7e-06,"1.77324373854612e-05","0.00836400000000001","0.00865920000000001","1","V","I","V","L","F",0,0,0,1,0,0,0
"4313",4576,4906,4906,"t","t","c","c",0.00529963310232368,0.00529963310232368,0.00040766408479413,0.00040766408479413,0.000203832042397065,0.000203832042397065,0.000203832042397065,0.000203832042397065,0.00570729718711782,0.00570729718711782,0.00570729718711782,0.00570729718711782,"nonsyn","nonsyn","nonsyn",1.7e-05,1.07e-06,1.21e-06,1.21e-06,"0.00320776923076923","0.00296813","0.00524942","0.00593625999999999","V","I","T","N","S",1,1,1,0,0,0,0
"4314",4577,4906,4906,"c","c","t","t",0.0448430493273543,0.0448430493273543,0.000815328169588259,0.000815328169588259,0.000611496127191194,0.000203832042397065,0.000611496127191194,0.000203832042397065,0.0456583774969425,0.0456583774969425,0.0456583774969425,0.0456583774969425,"syn","syn","nonsyn",4.58e-06,8.37e-07,4.33e-07,4.33e-07,"0.000102134","0.0005310745","0.001368774","0.002124298","V","I","I","I","M",0,0,0,0,0,0,0
"4315",4578,4849,4849,"a","a","g","g",0.00247473705918746,0.00247473705918746,0,0,0,0,0,0,0.00247473705918746,0.00247473705918746,0.00247473705918746,0.00247473705918746,"nonsyn","nonsyn","nonsyn",1.77e-05,1.76e-06,1.7e-06,1.7e-06,"0.007152275","1","1","1","N","N","D","H","Y",1,1,1,1,0,0,0
"4316",4579,4721,4721,"a","a","g","g",0.00127091717856386,0.00127091717856386,0,0,0,0,0,0,0.00127091717856386,0.00127091717856386,0.00127091717856386,0.00127091717856386,"nonsyn","nonsyn","nonsyn",1.77e-05,1.76e-06,1.7e-06,1.7e-06,"0.01392695","1","1","1","N","N","S","T","I",0,0,1,0,0,0,0
"4317",4580,4890,4890,"t","t","c","c",0.00306748466257669,0.00306748466257669,0.00429447852760736,0.00429447852760736,0.00388548057259714,0.000408997955010225,0.00388548057259714,0.000408997955010225,0.00736196319018405,0.00736196319018405,0.00736196319018405,0.00736196319018405,"syn","nonsyn","nonsyn",1.7e-05,1.07e-06,1.21e-06,1.21e-06,"0.00554199999999999","0.000281757142857143","0.000275384210526316","0.00295845","N","N","N","K","K",0,1,1,1,0,0,0
"4318",4581,4892,4892,"g","g","a","a",0.00143090760425184,0.00143090760425184,0.000204415372035977,0.000204415372035977,0.000204415372035977,0,0.000204415372035977,0,0.00163532297628782,0.00163532297628782,0.00163532297628782,0.00163532297628782,"nonsyn","nonsyn","nonsyn",4.2e-06,5.36e-07,1.17e-06,1.17e-06,"0.0029352","0.00572364","0.002622112","1","A","A","T","P","S",1,1,1,0,0,0,0
"4319",4582,4901,4901,"c","c","t","t",0.001020199959192,0.001020199959192,0.0002040399918384,0.0002040399918384,0.0002040399918384,0,0.0002040399918384,0,0.0012242399510304,0.0012242399510304,0.0012242399510304,0.0012242399510304,"nonsyn","nonsyn","nonsyn",4.58e-06,8.37e-07,4.33e-07,4.33e-07,"0.00448931600000001","0.002122133","0.00410213700000001","1","A","A","V","D","G",0,1,1,0,0,0,0
"4320",4583,4897,4897,"c","c","t","t",0.00245047988564427,0.00245047988564427,0.000408413314274045,0.000408413314274045,0.000408413314274045,0,0.000408413314274045,0,0.00285889319991832,0.00285889319991832,0.00285889319991832,0.00285889319991832,"syn","syn","syn",4.58e-06,8.37e-07,4.33e-07,4.33e-07,"0.00186902166666667","0.0010602005","0.0020493945","1","A","A","A","A","A",0,0,0,0,1,0,1
"4321",4584,4894,4894,"g","g","a","a",0.0018389865140989,0.0018389865140989,0.000204331834899877,0.000204331834899877,0,0.000204331834899877,0,0.000204331834899877,0.00204331834899877,0.00204331834899877,0.00204331834899877,0.00204331834899877,"nonsyn","nonsyn","nonsyn",4.2e-06,5.36e-07,1.17e-06,1.17e-06,"0.00228386666666666","0.00572598000000001","1","0.00572598000000001","V","V","M","L","L",0,0,0,0,0,0,0
"4322",4585,4877,4877,"t","t","c","c",0.01004716013943,0.01004716013943,0.000410088168956326,0.000410088168956326,0.000410088168956326,0,0.000410088168956326,0,0.0104572483083863,0.0104572483083863,0.0104572483083863,0.0104572483083863,"nonsyn","nonsyn","nonsyn",1.7e-05,1.07e-06,1.21e-06,1.21e-06,"0.00169202040816326","0.002950585","0.002609195","1","V","V","A","E","G",0,1,1,1,0,0,0
"4323",4586,4873,4874,"a","g","g","a",0.00266776113277242,0.99692181407757,0.000410424789657295,0.000410424789657295,0.000205212394828648,0.000205212394828648,0.000205212394828648,0.000205212394828648,0.00307818592242971,0.997332238867228,0.00307755437012721,0.997127615921215,"syn","syn","syn",4.2e-06,5.36e-07,1.17e-06,1.17e-06,"4.21296829971182e-06","0.002850705","0.002611928","0.00570140999999999","V","V","V","V","V",0,0,0,0,1,1,0
"4324",4587,4870,4870,"g","g","a","a",0.00225872689938398,0.00225872689938398,0.000205338809034908,0.000205338809034908,0,0.000205338809034908,0,0.000205338809034908,0.00246406570841889,0.00246406570841889,0.00246406570841889,0.00246406570841889,"nonsyn","nonsyn","nonsyn",4.2e-06,5.36e-07,1.17e-06,1.17e-06,"0.00185945454545455","0.00569789999999999","1","0.00569789999999999","A","A","T","P","S",1,1,1,0,0,0,0
"4325",4588,4881,4881,"c","c","t","t",0.00143413234992829,0.00143413234992829,0.000204876049989756,0.000204876049989756,0.000204876049989756,0,0.000204876049989756,0,0.00163900839991805,0.00163900839991805,0.00163900839991805,0.00163900839991805,"nonsyn","nonsyn","nonsyn",4.58e-06,8.37e-07,4.33e-07,4.33e-07,"0.00319356857142858","0.002113473","0.004085397","1","A","A","V","D","G",0,1,1,0,0,0,0
"4326",4589,4992,4992,"c","c","t","t",0.00200320512820513,0.00200320512820513,0.000200320512820513,0.000200320512820513,0.000200320512820513,0,0.000200320512820513,0,0.00220352564102564,0.00220352564102564,0.00220352564102564,0.00220352564102564,"syn","syn","syn",4.58e-06,8.37e-07,4.33e-07,4.33e-07,"0.002286336","0.002161536","0.004178304","1","A","A","A","A","A",0,0,0,0,1,0,1
"4327",4590,4984,4984,"t","t","c","c",0.00341091492776886,0.00341091492776886,0.00240770465489567,0.00240770465489567,0.00200642054574639,0.000401284109149278,0.00200642054574639,0.000401284109149278,0.00581861958266453,0.00581861958266453,0.00581861958266453,0.00581861958266453,"nonsyn","nonsyn","nonsyn",1.7e-05,1.07e-06,1.21e-06,1.21e-06,"0.004984","0.000502553333333333","0.000533288","0.00301532","Y","Y","H","N","D",1,1,1,0,1,0,1
"4328",4591,4549,4549,"a","a","g","g",0.00285777093866784,0.00285777093866784,0.0010991426687184,0.0010991426687184,0.00021982853374368,0.00087931413497472,0.00021982853374368,0.00087931413497472,0.00395691360738624,0.00395691360738624,0.00395691360738624,0.00395691360738624,"nonsyn","nonsyn","nonsyn",1.77e-05,1.76e-06,1.7e-06,1.7e-06,"0.00619363846153846","0.00154666","0.00800624","0.001933325","Y","Y","C","S","F",1,1,0,0,0,0,0
"4329",4592,4788,4788,"c","c","t","t",0.0340434419381788,0.0340434419381788,0,0,0,0,0,0,0.0340434419381788,0.0340434419381788,0.0340434419381788,0.0340434419381788,"syn","stop","stop",4.58e-06,8.37e-07,4.33e-07,4.33e-07,"0.000134533987730061","1","1","1","Y","Y","Y","*","*",0,1,1,0,0,0,0
"4330",4593,4801,4801,"t","t","c","c",0.00229118933555509,0.00229118933555509,0.000208289939595918,0.000208289939595918,0.000208289939595918,0,0.000208289939595918,0,0.00249947927515101,0.00249947927515101,0.00249947927515101,0.00249947927515101,"nonsyn","nonsyn","nonsyn",1.7e-05,1.07e-06,1.21e-06,1.21e-06,"0.00741972727272728","0.00580920999999999","0.00513706999999999","1","Y","Y","H","N","D",1,1,1,0,1,0,1
"4331",4594,4821,4821,"a","a","g","g",0.00331881352416511,0.00331881352416511,0,0,0,0,0,0,0.00331881352416511,0.00331881352416511,0.00331881352416511,0.00331881352416511,"nonsyn","nonsyn","nonsyn",1.77e-05,1.76e-06,1.7e-06,1.7e-06,"0.00533323125","1","1","1","Y","Y","C","S","F",1,1,0,0,0,0,0
"4332",4595,4915,4915,"c","c","t","t",0.00101729399796541,0.00101729399796541,0,0,0,0,0,0,0.00101729399796541,0.00101729399796541,0.00101729399796541,0.00101729399796541,"syn","stop","stop",4.58e-06,8.37e-07,4.33e-07,4.33e-07,"0.00450214000000001","1","1","1","Y","Y","Y","*","*",0,1,1,0,0,0,0
"4333",4596,4897,4897,"c","c","t","t",0.0018378599142332,0.0018378599142332,0,0,0,0,0,0,0.0018378599142332,0.0018378599142332,0.0018378599142332,0.0018378599142332,"nonsyn","nonsyn","nonsyn",4.58e-06,8.37e-07,4.33e-07,4.33e-07,"0.00249202888888889","1","1","1","R","R","C","S","G",1,1,1,0,1,0,1
"4334",4597,4830,4830,"g","g","a","a",0.00372670807453416,0.00372670807453416,0.00082815734989648,0.00082815734989648,0.00041407867494824,0.00041407867494824,0.00041407867494824,0.00041407867494824,0.00455486542443064,0.00455486542443064,0.00455486542443064,0.00455486542443064,"nonsyn","nonsyn","nonsyn",4.2e-06,5.36e-07,1.17e-06,1.17e-06,"0.001127","0.001412775","0.00129444","0.00282555","R","R","H","P","L",0,1,1,0,0,0,0
"4335",4598,4829,4829,"c","c","t","t",0.00186373990474218,0.00186373990474218,0.00020708221163802,0.00020708221163802,0.00020708221163802,0,0.00020708221163802,0,0.0020708221163802,0.0020708221163802,0.0020708221163802,0.0020708221163802,"syn","syn","syn",4.58e-06,8.37e-07,4.33e-07,4.33e-07,"0.00245742444444445","0.002090957","0.00404187300000001","1","R","R","R","R","R",0,0,0,0,0,0,0
"4336",4599,4818,4818,"g","g","a","a",0.0020755500207555,0.0020755500207555,0.0008302200083022,0.0008302200083022,0.00020755500207555,0.00062266500622665,0.00020755500207555,0.00062266500622665,0.0029057700290577,0.0029057700290577,0.0029057700290577,0.0029057700290577,"nonsyn","nonsyn","nonsyn",4.2e-06,5.36e-07,1.17e-06,1.17e-06,"0.00202356","0.001409265","0.002582448","0.00187902","G","G","S","R","C",1,1,0,0,1,1,0
"4337",4600,4818,4818,"g","g","a","a",0.0012453300124533,0.0012453300124533,0.00020755500207555,0.00020755500207555,0,0.00020755500207555,0,0.00020755500207555,0.00145288501452885,0.00145288501452885,0.00145288501452885,0.00145288501452885,"nonsyn","nonsyn","nonsyn",4.2e-06,5.36e-07,1.17e-06,1.17e-06,"0.0033726","0.00563706","1","0.00563706","G","G","D","A","V",1,1,1,0,0,0,0
"4338",4601,4833,4833,"t","t","c","c",0.00289675150010346,0.00289675150010346,0.000620732464307883,0.000620732464307883,0.000413821642871922,0.000206910821435961,0.000413821642871922,0.000206910821435961,0.00351748396441134,0.00351748396441134,0.00351748396441134,0.00351748396441134,"syn","syn","syn",1.7e-05,1.07e-06,1.21e-06,1.21e-06,"0.00586864285714285","0.00194931","0.002585655","0.00584793","G","G","G","G","G",0,0,0,0,0,0,0
"4339",4602,4852,4852,"c","c","t","t",0.000618301731244847,0.000618301731244847,0.00123660346248969,0.00123660346248969,0.00123660346248969,0,0.00123660346248969,0,0.00185490519373454,0.00185490519373454,0.00185490519373454,0.00185490519373454,"nonsyn","nonsyn","nonsyn",4.58e-06,8.37e-07,4.33e-07,4.33e-07,"0.00740738666666667","0.000350152666666668","0.000676854000000003","1","L","L","F","I","V",0,0,0,0,0,0,0
"4340",4603,4841,4841,"t","t","c","c",0.00206568890725057,0.00206568890725057,0.00061970667217517,0.00061970667217517,0.000413137781450114,0.000206568890725057,0.000413137781450114,0.000206568890725057,0.00268539557942574,0.00268539557942574,0.00268539557942574,0.00268539557942574,"nonsyn","nonsyn","nonsyn",1.7e-05,1.07e-06,1.21e-06,1.21e-06,"0.00822969999999999","0.00195253666666667","0.002589935","0.00585760999999999","L","L","P","H","R",1,1,1,0,1,0,1
"4341",4604,4930,4930,"c","t","t","c",0.00202839756592292,0.997768762677485,0.000202839756592292,0.000202839756592292,0.000202839756592292,0,0.000202839756592292,0,0.00223123732251521,0.997971602434077,0.00223123732251521,0.997971602434077,"syn","syn","syn",1.7e-05,1.07e-06,1.21e-06,1.21e-06,"1.70380158568815e-05","0.0059653","0.0052751","1","L","L","L","L","L",0,0,0,1,0,0,0
"4342",4605,4960,4960,"g","g","a","a",0.00443548387096774,0.00443548387096774,0.000806451612903226,0.000806451612903226,0,0.000806451612903226,0,0.000806451612903226,0.00524193548387097,0.00524193548387097,0.00524193548387097,0.00524193548387097,"nonsyn","nonsyn","nonsyn",4.2e-06,5.36e-07,1.17e-06,1.17e-06,"0.000946909090909091","0.0014508","1","0.0014508","D","D","N","H","Y",1,1,1,0,0,0,0
"4343",4606,4956,4956,"a","a","g","g",0.00887812752219532,0.00887812752219532,0.0010088781275222,0.0010088781275222,0,0.0010088781275222,0,0.0010088781275222,0.00988700564971751,0.00988700564971751,0.00988700564971751,0.00988700564971751,"nonsyn","nonsyn","nonsyn",1.77e-05,1.76e-06,1.7e-06,1.7e-06,"0.00199366363636364","0.00168503999999999","1","0.00168503999999999","D","D","G","A","V",1,1,1,0,0,0,0
"4344",4607,5002,5002,"c","c","t","t",0.00219912035185926,0.00219912035185926,0,0,0,0,0,0,0.00219912035185926,0.00219912035185926,0.00219912035185926,0.00219912035185926,"syn","nonsyn","nonsyn",4.58e-06,8.37e-07,4.33e-07,4.33e-07,"0.00208265090909091","1","1","1","D","D","D","E","E",0,0,0,0,0,0,0
"4345",4608,5002,5002,"g","g","a","a",0.000999600159936026,0.000999600159936026,0,0,0,0,0,0,0.000999600159936026,0.000999600159936026,0.000999600159936026,0.000999600159936026,"nonsyn","nonsyn","nonsyn",4.2e-06,5.36e-07,1.17e-06,1.17e-06,"0.00420168","1","1","1","V","V","M","L","L",0,0,0,0,0,0,0
"4346",4609,4966,4966,"t","t","c","c",0.00563834071687475,0.00563834071687475,0.000604107933950866,0.000604107933950866,0,0.000604107933950866,0,0.000604107933950866,0.00624244865082561,0.00624244865082561,0.00624244865082561,0.00624244865082561,"nonsyn","nonsyn","nonsyn",1.7e-05,1.07e-06,1.21e-06,1.21e-06,"0.00301507142857143","0.00200295333333333","1","0.00200295333333333","V","V","A","E","G",0,1,1,1,0,0,0
"4347",4610,4990,4990,"t","g","c","a",0.00260521042084168,0.000200400801603206,0.000200400801603206,0.999799599198397,0.000200400801603206,0,0.00260521042084168,0.997194388777555,0.00280561122244489,1,0.00280561122244489,1,"syn","syn","syn",4.2e-06,5.36e-07,1.17e-06,1.17e-06,"0.020958","1.17023451593506e-06","0.000205741538461539","1.17329180064309e-06","V","V","V","V","V",0,0,0,0,0,0,0
"4348",4611,5104,5104,"t","t","c","c",0.0033307210031348,0.0033307210031348,0,0,0,0,0,0,0.0033307210031348,0.0033307210031348,0.0033307210031348,0.0033307210031348,"nonsyn","nonsyn","nonsyn",1.7e-05,1.07e-06,1.21e-06,1.21e-06,"0.00510399999999999","1","1","1","S","S","P","T","A",1,0,1,0,0,0,0
"4349",4612,5128,5128,"c","c","t","t",0.000585023400936037,0.000585023400936037,0.000195007800312012,0.000195007800312012,0.000195007800312012,0,0.000195007800312012,0,0.00078003120124805,0.00078003120124805,0.00078003120124805,0.00078003120124805,"nonsyn","nonsyn","nonsyn",4.58e-06,8.37e-07,4.33e-07,4.33e-07,"0.00782874666666667","0.00222042400000001","0.00429213600000001","1","S","S","F","Y","C",1,1,1,0,0,0,0
"4350",4613,5109,5109,"t","t","c","c",0.0538265805441378,0.0538265805441378,0.00176159718144451,0.00176159718144451,0.00156586416128401,0.000195733020160501,0.00156586416128401,0.000195733020160501,0.0555881777255823,0.0555881777255823,0.0555881777255823,0.0555881777255823,"syn","syn","syn",1.7e-05,1.07e-06,1.21e-06,1.21e-06,"0.000315829090909091","0.000686876666666667","0.000683328749999999","0.00618189","S","S","S","S","S",0,0,0,1,1,0,1
"4351",4614,5115,5115,"g","g","a","a",0.00273704789833822,0.00273704789833822,0.000391006842619746,0.000391006842619746,0,0.000391006842619746,0,0.000391006842619746,0.00312805474095797,0.00312805474095797,0.00312805474095797,0.00312805474095797,"nonsyn","nonsyn","nonsyn",4.2e-06,5.36e-07,1.17e-06,1.17e-06,"0.0015345","0.002992275","1","0.002992275","V","V","I","L","F",0,0,0,0,0,0,0
"4352",4615,5158,5158,"t","t","c","c",0.0081426909654905,0.0081426909654905,0.00155098875533152,0.00155098875533152,0.00155098875533152,0,0.00155098875533152,0,0.00969367972082202,0.00969367972082202,0.00969367972082202,0.00969367972082202,"nonsyn","nonsyn","nonsyn",1.7e-05,1.07e-06,1.21e-06,1.21e-06,"0.0020877619047619","0.000780147500000002","0.000689882500000002","1","V","V","A","D","G",0,1,1,0,0,0,0
"4353",4616,5067,5067,"c","c","t","t",0.00828892835997632,0.00828892835997632,0,0,0,0,0,0,0.00828892835997632,0.00828892835997632,0.00828892835997632,0.00828892835997632,"syn","syn","syn",4.58e-06,8.37e-07,4.33e-07,4.33e-07,"0.000552544285714286","1","1","1","V","V","V","V","V",0,0,0,0,0,0,0
"4354",4617,5085,5085,"a","a","g","g",0.00334316617502458,0.00334316617502458,0.000393313667649951,0.000393313667649951,0.000196656833824975,0.000196656833824975,0.000196656833824975,0.000196656833824975,0.00373647984267453,0.00373647984267453,0.00373647984267453,0.00373647984267453,"nonsyn","nonsyn","nonsyn",1.77e-05,1.76e-06,1.7e-06,1.7e-06,"0.00529438235294118","0.00432225","0.00894960000000002","0.00864450000000002","I","I","V","L","F",0,0,0,1,0,0,0
"4355",4618,5095,5095,"t","t","c","c",0.00451422963689892,0.00451422963689892,0,0,0,0,0,0,0.00451422963689892,0.00451422963689892,0.00451422963689892,0.00451422963689892,"nonsyn","nonsyn","nonsyn",1.7e-05,1.07e-06,1.21e-06,1.21e-06,"0.00376586956521739","1","1","1","I","I","T","N","S",1,1,1,0,0,0,0
"4356",4619,5100,5101,"c","c","t","t",0.0494117647058823,0.0494117647058823,0,0,0,0,0,0,0.0494117647058823,0.0494117647058823,0.0494020780239169,0.0494020780239169,"syn","syn","nonsyn",4.58e-06,8.37e-07,4.33e-07,4.33e-07,"9.26904761904763e-05","1","1","1","I","I","I","I","M",0,0,0,0,0,0,0
"4357",4620,5100,5100,"c","c","t","t",0.00117647058823529,0.00117647058823529,0.000392156862745098,0.000392156862745098,0.000392156862745098,0,0.000392156862745098,0,0.00156862745098039,0.00156862745098039,0.00156862745098039,0.00156862745098039,"nonsyn","nonsyn","nonsyn",4.58e-06,8.37e-07,4.33e-07,4.33e-07,"0.00389300000000001","0.00110415","0.00213435","1","P","P","S","T","A",1,1,1,0,1,0,1
"4358",4621,5109,5109,"c","c","t","t",0.00293599530240752,0.00293599530240752,0.000587199060481503,0.000587199060481503,0.000587199060481503,0,0.000587199060481503,0,0.00352319436288902,0.00352319436288902,0.00352319436288902,0.00352319436288902,"nonsyn","nonsyn","nonsyn",4.58e-06,8.37e-07,4.33e-07,4.33e-07,"0.001559948","0.000737399","0.001425411","1","P","P","L","Q","R",1,1,1,0,1,0,1
"4359",4622,5112,5112,"g","g","a","a",0.00156494522691706,0.00156494522691706,0.000586854460093897,0.000586854460093897,0,0.000586854460093897,0,0.000586854460093897,0.00215179968701095,0.00215179968701095,0.00215179968701095,0.00215179968701095,"syn","syn","syn",4.2e-06,5.36e-07,1.17e-06,1.17e-06,"0.0026838","0.00199368","1","0.00199368","P","P","P","P","P",0,0,0,0,0,0,0
"4360",4623,5095,5095,"a","a","g","g",0.00490677134445535,0.00490677134445535,0.000196270853778214,0.000196270853778214,0,0.000196270853778214,0,0.000196270853778214,0.00510304219823356,0.00510304219823356,0.00510304219823356,0.00510304219823356,"nonsyn","nonsyn","nonsyn",1.77e-05,1.76e-06,1.7e-06,1.7e-06,"0.00360726","0.0086615","1","0.0086615","T","T","A","P","S",1,1,0,0,0,0,0
"4361",4624,5107,5108,"c","c","t","t",0.000783238691991384,0.000783238691991384,0,0,0,0,0,0,0.000783238691991384,0.000783238691991384,0.000783085356303837,0.000783085356303837,"nonsyn","nonsyn","nonsyn",4.58e-06,8.37e-07,4.33e-07,4.33e-07,"0.005847515","1","1","1","T","T","I","N","S",1,0,0,0,0,0,0
"4362",4625,5109,5109,"c","c","t","t",0.000782932080642004,0.000782932080642004,0.000391466040321002,0.000391466040321002,0.000391466040321002,0,0.000391466040321002,0,0.00117439812096301,0.00117439812096301,0.00117439812096301,0.00117439812096301,"syn","syn","syn",4.58e-06,8.37e-07,4.33e-07,4.33e-07,"0.005849805","0.0011060985","0.0021381165","1","T","T","T","T","T",0,0,0,0,1,0,1
"4363",4626,5122,5122,"a","a","g","g",0.00175712612260836,0.00175712612260836,0.000195236235845373,0.000195236235845373,0,0.000195236235845373,0,0.000195236235845373,0.00195236235845373,0.00195236235845373,0.00195236235845373,0.00195236235845373,"nonsyn","nonsyn","nonsyn",1.77e-05,1.76e-06,1.7e-06,1.7e-06,"0.0100732666666666","0.0087074","1","0.0087074","S","S","G","R","C",1,1,1,1,1,1,0
"4364",4627,5169,5169,"g","g","a","a",0.00077384407041981,0.00077384407041981,0,0,0,0,0,0,0.00077384407041981,0.00077384407041981,0.00077384407041981,0.00077384407041981,"nonsyn","nonsyn","nonsyn",4.2e-06,5.36e-07,1.17e-06,1.17e-06,"0.00542745","1","1","1","S","S","N","T","I",0,0,1,0,0,0,0
"4365",4628,5167,5167,"c","c","t","t",0.0030965744145539,0.0030965744145539,0.000193535900909619,0.000193535900909619,0,0.000193535900909619,0,0.000193535900909619,0.00329011031546352,0.00329011031546352,0.00329011031546352,0.00329011031546352,"syn","nonsyn","nonsyn",4.58e-06,8.37e-07,4.33e-07,4.33e-07,"0.00147905375","0.002237311","1","0.002237311","S","S","S","R","R",0,1,1,0,0,0,0
"4366",4629,5163,5163,"g","g","a","a",0.00232423009877978,0.00232423009877978,0.000193685841564982,0.000193685841564982,0,0.000193685841564982,0,0.000193685841564982,0.00251791594034476,0.00251791594034476,0.00251791594034476,0.00251791594034476,"nonsyn","nonsyn","nonsyn",4.2e-06,5.36e-07,1.17e-06,1.17e-06,"0.00180705","0.00604070999999999","1","0.00604070999999999","G","G","S","R","C",1,1,0,0,1,1,0
"4367",4630,5126,5126,"g","g","a","a",0.00156067108856808,0.00156067108856808,0.000390167772142021,0.000390167772142021,0,0.000390167772142021,0,0.000390167772142021,0.00195083886071011,0.00195083886071011,0.00195083886071011,0.00195083886071011,"nonsyn","nonsyn","nonsyn",4.2e-06,5.36e-07,1.17e-06,1.17e-06,"0.00269115000000001","0.00299871","1","0.00299871","G","G","D","A","V",1,1,1,0,0,0,0
"4368",4631,5127,5127,"c","c","t","t",0.0107275209674273,0.0107275209674273,0.000195045835771406,0.000195045835771406,0.000195045835771406,0,0.000195045835771406,0,0.0109225668031988,0.0109225668031988,0.0109225668031988,0.0109225668031988,"syn","syn","syn",4.58e-06,8.37e-07,4.33e-07,4.33e-07,"0.000426939272727275","0.002219991","0.00429129900000001","1","G","G","G","G","G",0,0,0,0,0,0,0
"4369",4632,5116,5116,"g","g","a","a",0.0019546520719312,0.0019546520719312,0.000390930414386239,0.000390930414386239,0.00019546520719312,0.00019546520719312,0.00019546520719312,0.00019546520719312,0.00234558248631744,0.00234558248631744,0.00234558248631744,0.00234558248631744,"nonsyn","nonsyn","nonsyn",4.2e-06,5.36e-07,1.17e-06,1.17e-06,"0.00214872","0.00299286","0.002742176","0.00598571999999999","D","D","N","H","Y",1,1,1,0,0,0,0
"4370",4633,5051,5051,"a","a","g","g",0.00197980597901406,0.00197980597901406,0,0,0,0,0,0,0.00197980597901406,0.00197980597901406,0.00197980597901406,0.00197980597901406,"nonsyn","nonsyn","nonsyn",1.77e-05,1.76e-06,1.7e-06,1.7e-06,"0.00894026999999998","1","1","1","D","D","G","A","V",1,1,1,0,0,0,0
"4371",4634,5058,5059,"t","t","c","c",0.0025701858442072,0.0025701858442072,0.000197706603400554,0.000197706603400554,0,0.000197706603400554,0,0.000197706603400554,0.00276789244760775,0.00276789244760775,0.00276734532516308,0.00276734532516308,"syn","nonsyn","nonsyn",1.7e-05,1.07e-06,1.21e-06,1.21e-06,"0.00661430769230768","0.00612017999999999","1","0.00612017999999999","D","D","D","E","E",0,0,0,1,0,0,0
"4372",4635,5054,5071,"g","g","a","a",0.000395726157499011,0.000395726157499011,0,0,0,0,0,0,0.000395726157499011,0.000395726157499011,0.000394399526720568,0.000394399526720568,"nonsyn","nonsyn","nonsyn",4.2e-06,5.36e-07,1.17e-06,1.17e-06,"0.0106134","1","1","1","V","V","I","L","F",0,0,0,0,0,0,0
"4373",4636,5039,5056,"t","t","c","c",0.00813653502679103,0.00813653502679103,0.000198452073824171,0.000198452073824171,0,0.000198452073824171,0,0.000198452073824171,0.0083349871006152,0.0083349871006152,0.00830696202531645,0.00830696202531645,"nonsyn","nonsyn","nonsyn",1.7e-05,1.07e-06,1.21e-06,1.21e-06,"0.00208934146341463","0.00609719000000001","1","0.00609719000000001","V","V","A","D","G",0,1,1,0,0,0,0
"4374",4637,5067,5083,"c","t","t","c",0.00236826524570752,0.997039668442866,0.00059206631142688,0.00059206631142688,0.000197355437142293,0.000394710874284587,0.000197355437142293,0.000394710874284587,0.0029603315571344,0.997631734754292,0.00295101318119221,0.994491442061775,"syn","syn","syn",1.7e-05,1.07e-06,1.21e-06,1.21e-06,"1.70504750593824e-05","0.00204369","0.00542169000000001","0.003065535","V","V","V","V","V",0,0,0,1,0,0,0
"4375",4638,5074,5074,"g","g","a","a",0.00256208119826567,0.00256208119826567,0.000591249507292077,0.000591249507292077,0,0.000591249507292077,0,0.000591249507292077,0.00315333070555775,0.00315333070555775,0.00315333070555775,0.00315333070555775,"nonsyn","nonsyn","nonsyn",4.2e-06,5.36e-07,1.17e-06,1.17e-06,"0.00163929230769231","0.00197886","1","0.00197886","V","V","I","L","F",0,0,0,0,0,0,0
"4376",4639,5069,5069,"t","t","c","c",0.00236733083448412,0.00236733083448412,0.000789110278161373,0.000789110278161373,0.00059183270862103,0.000197277569540343,0.00059183270862103,0.000197277569540343,0.00315644111264549,0.00315644111264549,0.00315644111264549,0.00315644111264549,"nonsyn","nonsyn","nonsyn",1.7e-05,1.07e-06,1.21e-06,1.21e-06,"0.00718108333333333","0.0015333725","0.00180794333333333","0.00613349000000001","V","V","A","D","G",0,1,1,0,0,0,0
"4377",4640,5084,5084,"c","c","t","t",0.00295043273013375,0.00295043273013375,0.00019669551534225,0.00019669551534225,0.00019669551534225,0,0.00019669551534225,0,0.003147128245476,0.003147128245476,0.003147128245476,0.003147128245476,"syn","syn","syn",4.58e-06,8.37e-07,4.33e-07,4.33e-07,"0.00155231466666667","0.002201372","0.004255308","1","V","V","V","V","V",0,0,0,0,0,0,0
"4378",4641,5072,5072,"g","g","a","a",0.000985804416403785,0.000985804416403785,0,0,0,0,0,0,0.000985804416403785,0.000985804416403785,0.000985804416403785,0.000985804416403785,"nonsyn","nonsyn","nonsyn",4.2e-06,5.36e-07,1.17e-06,1.17e-06,"0.00426048","1","1","1","V","V","I","L","F",0,0,0,0,0,0,0
"4379",4642,5064,5064,"t","t","c","c",0.00394944707740916,0.00394944707740916,0.000197472353870458,0.000197472353870458,0,0.000197472353870458,0,0.000197472353870458,0.00414691943127962,0.00414691943127962,0.00414691943127962,0.00414691943127962,"nonsyn","nonsyn","nonsyn",1.7e-05,1.07e-06,1.21e-06,1.21e-06,"0.0043044","0.00612744","1","0.00612744","V","V","A","D","G",0,1,1,0,0,0,0
"4380",4643,5095,5096,"c","c","t","t",0.0013738959764475,0.0013738959764475,0.000588812561334642,0.000588812561334642,0.000196270853778214,0.000392541707556428,0.000196270853778214,0.000392541707556428,0.00196270853778214,0.00196270853778214,0.00196232339089482,0.00196232339089482,"syn","syn","syn",4.58e-06,8.37e-07,4.33e-07,4.33e-07,"0.00333358571428571","0.000735378333333333","0.004264515","0.0011030675","V","V","V","V","V",0,0,0,0,0,0,0
"4381",4644,5096,5096,"g","g","a","a",0.00137362637362637,0.00137362637362637,0,0,0,0,0,0,0.00137362637362637,0.00137362637362637,0.00137362637362637,0.00137362637362637,"nonsyn","nonsyn","nonsyn",4.2e-06,5.36e-07,1.17e-06,1.17e-06,"0.00305760000000001","1","1","1","V","V","M","L","L",0,0,0,0,0,0,0
"4382",4645,5075,5075,"t","t","c","c",0.00591133004926108,0.00591133004926108,0.00137931034482759,0.00137931034482759,0.00137931034482759,0,0.00137931034482759,0,0.00729064039408867,0.00729064039408867,0.00729064039408867,0.00729064039408867,"nonsyn","nonsyn","nonsyn",1.7e-05,1.07e-06,1.21e-06,1.21e-06,"0.00287583333333334","0.000877249999999998","0.000775749999999998","1","V","V","A","E","G",0,1,1,1,0,0,0
"4383",4646,5081,5083,"g","g","a","a",0.00137768155874828,0.00137768155874828,0.000787246604999016,0.000787246604999016,0,0.000787246604999016,0,0.000787246604999016,0.00216492816374729,0.00216492816374729,0.00216407633287429,0.00216407633287429,"syn","syn","syn",4.2e-06,5.36e-07,1.17e-06,1.17e-06,"0.0030486","0.0014861925","1","0.0014861925","V","V","V","V","V",0,0,0,0,0,0,0
"4384",4647,5103,5103,"g","t","a","c",0.00215559474818734,0.000391926317852244,0.000391926317852244,0.999608073682148,0.000391926317852244,0,0.00215559474818734,0.99745247893396,0.00254752106603958,1,0.00254752106603958,1,"nonsyn","nonsyn","nonsyn",1.7e-05,1.07e-06,1.21e-06,1.21e-06,"0.0433755","1.21047441678102e-06","0.000496382727272727","1.21309037328094e-06","A","S","P","T","A",1,0,1,0,0,0,0
"4385",4648,5089,5089,"c","c","t","t",0.00275103163686382,0.00275103163686382,0.000589506779327962,0.000589506779327962,0.000589506779327962,0,0.000589506779327962,0,0.00334053841619179,0.00334053841619179,0.00334053841619179,0.00334053841619179,"nonsyn","stop","nonsyn",4.58e-06,8.37e-07,4.33e-07,4.33e-07,"0.00166483","0.000734512333333334","0.001419831","1","A","S","L","*","W",1,1,1,0,0,0,0
"4386",4649,5104,5104,"g","g","a","a",0.00176332288401254,0.00176332288401254,0.000391849529780564,0.000391849529780564,0,0.000391849529780564,0,0.000391849529780564,0.0021551724137931,0.0021551724137931,0.0021551724137931,0.0021551724137931,"syn","syn","syn",4.2e-06,5.36e-07,1.17e-06,1.17e-06,"0.00238186666666667","0.00298584","1","0.00298584","A","S","S","S","S",0,0,0,0,0,0,0
"4387",4650,5105,5105,"a","a","g","g",0.0039177277179236,0.0039177277179236,0,0,0,0,0,0,0.0039177277179236,0.0039177277179236,0.0039177277179236,0.0039177277179236,"nonsyn","nonsyn","nonsyn",1.77e-05,1.76e-06,1.7e-06,1.7e-06,"0.00451792500000001","1","1","1","T","T","A","P","S",1,1,0,0,0,0,0
"4388",4651,5118,5118,"c","c","t","t",0.00136772176631497,0.00136772176631497,0,0,0,0,0,0,0.00136772176631497,0.00136772176631497,0.00136772176631497,0.00136772176631497,"nonsyn","nonsyn","nonsyn",4.58e-06,8.37e-07,4.33e-07,4.33e-07,"0.00334863428571428","1","1","1","T","T","I","N","S",1,0,0,0,0,0,0
"4389",4652,5127,5127,"c","c","t","t",0.0208699044275405,0.0208699044275405,0.000195045835771406,0.000195045835771406,0.000195045835771406,0,0.000195045835771406,0,0.0210649502633119,0.0210649502633119,0.0210649502633119,0.0210649502633119,"syn","syn","syn",4.58e-06,8.37e-07,4.33e-07,4.33e-07,"0.00021945476635514","0.002219991","0.00429129900000001","1","T","T","T","T","T",0,0,0,0,1,0,1
"4390",4653,5152,5152,"g","g","a","a",0.00232919254658385,0.00232919254658385,0.000388198757763975,0.000388198757763975,0,0.000388198757763975,0,0.000388198757763975,0.00271739130434783,0.00271739130434783,0.00271739130434783,0.00271739130434783,"nonsyn","nonsyn","nonsyn",4.2e-06,5.36e-07,1.17e-06,1.17e-06,"0.0018032","0.00301392","1","0.00301392","D","D","N","H","Y",1,1,1,0,0,0,0
"4391",4654,5144,5144,"a","a","g","g",0.00252721617418351,0.00252721617418351,0.000777604976671851,0.000777604976671851,0.000388802488335925,0.000388802488335925,0.000388802488335925,0.000388802488335925,0.00330482115085537,0.00330482115085537,0.00330482115085537,0.00330482115085537,"nonsyn","nonsyn","nonsyn",1.77e-05,1.76e-06,1.7e-06,1.7e-06,"0.00700375384615386","0.0021862","0.00452672","0.0043724","D","D","G","A","V",1,1,1,0,0,0,0
"4392",4655,5149,5149,"t","t","c","c",0.00271897455816663,0.00271897455816663,0.00116527481064284,0.00116527481064284,0.000582637405321422,0.000582637405321422,0.000582637405321422,0.000582637405321422,0.00388424936880948,0.00388424936880948,0.00388424936880948,0.00388424936880948,"syn","nonsyn","nonsyn",1.7e-05,1.07e-06,1.21e-06,1.21e-06,"0.00625235714285715","0.00103838166666667","0.00183647666666667","0.00207676333333333","D","D","D","E","E",0,0,0,1,0,0,0
"4393",4656,5134,5134,"g","g","a","a",0.00292169848071679,0.00292169848071679,0.000194779898714453,0.000194779898714453,0,0.000194779898714453,0,0.000194779898714453,0.00311647837943124,0.00311647837943124,0.00311647837943124,0.00311647837943124,"nonsyn","nonsyn","nonsyn",4.2e-06,5.36e-07,1.17e-06,1.17e-06,"0.00143752","0.00600677999999999","1","0.00600677999999999","A","A","T","P","S",1,1,1,0,0,0,0
"4394",4657,5142,5142,"c","c","t","t",0.0044729677168417,0.0044729677168417,0.000194476857253987,0.000194476857253987,0.000194476857253987,0,0.000194476857253987,0,0.00466744457409568,0.00466744457409568,0.00466744457409568,0.00466744457409568,"nonsyn","nonsyn","nonsyn",4.58e-06,8.37e-07,4.33e-07,4.33e-07,"0.00102392869565217","0.002226486","0.00430385399999999","1","A","A","V","D","G",0,1,1,0,0,0,0
"4395",4658,5156,5156,"t","t","c","c",0.00581846392552366,0.00581846392552366,0.000581846392552366,0.000581846392552366,0.000581846392552366,0,0.000581846392552366,0,0.00640031031807603,0.00640031031807603,0.00640031031807603,0.00640031031807603,"syn","syn","syn",1.7e-05,1.07e-06,1.21e-06,1.21e-06,"0.00292173333333333","0.00207958666666667","0.00183897333333333","1","A","A","A","A","A",0,0,0,0,1,0,1
"4396",4659,5250,5250,"c","c","t","t",0.0019047619047619,0.0019047619047619,0.000571428571428571,0.000571428571428571,0.000571428571428571,0,0.000571428571428571,0,0.00247619047619048,0.00247619047619048,0.00247619047619048,0.00247619047619048,"nonsyn","nonsyn","nonsyn",4.58e-06,8.37e-07,4.33e-07,4.33e-07,"0.00240450000000001","0.000757750000000001","0.00146475","1","L","L","F","I","V",0,0,0,0,0,0,0
"4397",4660,5240,5240,"t","t","c","c",0.00725190839694656,0.00725190839694656,0.000381679389312977,0.000381679389312977,0.000381679389312977,0,0.000381679389312977,0,0.00763358778625954,0.00763358778625954,0.00763358778625954,0.00763358778625954,"nonsyn","nonsyn","nonsyn",1.7e-05,1.07e-06,1.21e-06,1.21e-06,"0.00234421052631579","0.0031702","0.0028034","1","L","L","P","H","R",1,1,1,0,1,0,1
"4398",4661,5268,5268,"c","c","t","t",0.00151860288534548,0.00151860288534548,0.00189825360668185,0.00189825360668185,0.00189825360668185,0,0.00189825360668185,0,0.00341685649202733,0.00341685649202733,0.00341685649202733,0.00341685649202733,"syn","syn","syn",4.58e-06,8.37e-07,4.33e-07,4.33e-07,"0.00301593","0.0002281044","0.000440931600000001","1","L","L","L","L","L",0,0,0,0,0,0,0
"4399",4662,5214,5214,"a","a","g","g",0.00326045262754124,0.00326045262754124,0,0,0,0,0,0,0.00326045262754124,0.00326045262754124,0.00326045262754124,0.00326045262754124,"nonsyn","nonsyn","nonsyn",1.77e-05,1.76e-06,1.7e-06,1.7e-06,"0.00542869411764705","1","1","1","M","M","V","L","L",0,0,0,1,0,0,0
"4400",4663,5169,5169,"t","t","c","c",0.00386922035209905,0.00386922035209905,0.000193461017604953,0.000193461017604953,0.000193461017604953,0,0.000193461017604953,0,0.004062681369704,0.004062681369704,0.004062681369704,0.004062681369704,"nonsyn","nonsyn","nonsyn",1.7e-05,1.07e-06,1.21e-06,1.21e-06,"0.00439365","0.00625448999999999","0.00553082999999999","1","M","M","T","K","R",1,1,1,1,0,0,0
"4401",4664,5150,5150,"g","g","a","a",0.00174757281553398,0.00174757281553398,0.00058252427184466,0.00058252427184466,0,0.00058252427184466,0,0.00058252427184466,0.00233009708737864,0.00233009708737864,0.00233009708737864,0.00233009708737864,"nonsyn","nonsyn","nonsyn",4.2e-06,5.36e-07,1.17e-06,1.17e-06,"0.00240333333333333","0.0020085","1","0.0020085","M","M","I","I","I",0,0,0,0,0,0,0
"4402",4665,5133,5134,"a","a","g","g",0.00545489966880966,0.00545489966880966,0.000389635690629262,0.000389635690629262,0,0.000389635690629262,0,0.000389635690629262,0.00584453535943892,0.00584453535943892,0.00584339696143358,0.00584339696143358,"nonsyn","nonsyn","nonsyn",1.77e-05,1.76e-06,1.7e-06,1.7e-06,"0.00324478928571429","0.00436305","1","0.00436305","T","T","A","P","S",1,1,0,0,0,0,0
"4403",4666,5155,5155,"c","c","t","t",0.000193986420950533,0.000193986420950533,0,0,0,0,0,0,0.000193986420950533,0.000193986420950533,0.000193986420950533,0.000193986420950533,"nonsyn","nonsyn","nonsyn",4.58e-06,8.37e-07,4.33e-07,4.33e-07,"0.0236099000000001","1","1","1","T","T","I","N","S",1,0,0,0,0,0,0
"4404",4667,5157,5157,"c","t","t","c",0.00271475664145821,0.996897420981191,0.000387822377351173,0.000387822377351173,0.000387822377351173,0,0.000387822377351173,0,0.00310257901880939,0.997285243358542,0.00310257901880939,0.997285243358542,"syn","syn","syn",1.7e-05,1.07e-06,1.21e-06,1.21e-06,"1.70529079945536e-05","0.003119985","0.002758995","1","T","T","T","T","T",0,0,0,1,1,0,1
"4405",4668,5126,5126,"g","g","a","a",0.00195083886071011,0.00195083886071011,0.000780335544284042,0.000780335544284042,0,0.000780335544284042,0,0.000780335544284042,0.00273117440499415,0.00273117440499415,0.00273117440499415,0.00273117440499415,"nonsyn","nonsyn","nonsyn",4.2e-06,5.36e-07,1.17e-06,1.17e-06,"0.00215291999999999","0.001499355","1","0.001499355","G","G","S","R","C",1,1,0,0,1,1,0
"4406",4669,5116,5116,"g","g","a","a",0.0019546520719312,0.0019546520719312,0,0,0,0,0,0,0.0019546520719312,0.0019546520719312,0.0019546520719312,0.0019546520719312,"nonsyn","nonsyn","nonsyn",4.2e-06,5.36e-07,1.17e-06,1.17e-06,"0.00214872","1","1","1","G","G","D","A","V",1,1,1,0,0,0,0
"4407",4670,5117,5117,"c","c","t","t",0.00117256204807504,0.00117256204807504,0.000586281024037522,0.000586281024037522,0.000195427008012507,0.000390854016025015,0.000195427008012507,0.000390854016025015,0.00175884307211257,0.00175884307211257,0.00175884307211257,0.00175884307211257,"syn","syn","syn",4.58e-06,8.37e-07,4.33e-07,4.33e-07,"0.00390597666666668","0.000738553666666667","0.00428292900000001","0.0011078305","G","G","G","G","G",0,0,0,0,0,0,0
"4408",4671,5073,5073,"t","t","c","c",0.00236546422235364,0.00236546422235364,0.00019712201852947,0.00019712201852947,0.00019712201852947,0,0.00019712201852947,0,0.00256258624088311,0.00256258624088311,0.00256258624088311,0.00256258624088311,"nonsyn","nonsyn","nonsyn",1.7e-05,1.07e-06,1.21e-06,1.21e-06,"0.00718674999999999","0.00613832999999999","0.00542810999999999","1","Y","F","L","I","V",0,0,0,0,1,0,1
"4409",4672,5010,5010,"a","t","g","c",0.0031936127744511,0,0,1,0,0,0.996806387225549,0.0031936127744511,0.0031936127744511,1,0.0031936127744511,1,"nonsyn","nonsyn","nonsyn",1.7e-05,1.07e-06,1.21e-06,1.21e-06,"1","1.21e-06","1.07342811373648e-06","0.00037888125","Y","F","S","Y","C",1,0,1,0,0,0,0
"4410",4673,5116,5116,"c","t","t","c",0.000390930414386239,0.999609069585614,0,0,0,0,0,0,0.000390930414386239,0.999609069585614,0.000390930414386239,0.999609069585614,"syn","nonsyn","nonsyn",1.7e-05,1.07e-06,1.21e-06,1.21e-06,"1.70066484161126e-05","1","1","1","Y","F","F","L","L",0,0,0,0,0,0,0
"4411",4674,5090,5090,"a","a","g","g",0.00255402750491159,0.00255402750491159,0.000589390962671906,0.000589390962671906,0,0.000589390962671906,0,0.000589390962671906,0.0031434184675835,0.0031434184675835,0.0031434184675835,0.0031434184675835,"nonsyn","nonsyn","nonsyn",1.77e-05,1.76e-06,1.7e-06,1.7e-06,"0.00693023076923077","0.00288433333333333","1","0.00288433333333333","T","T","A","P","S",1,1,0,0,0,0,0
"4412",4675,5153,5153,"c","c","t","t",0.000388123423248593,0.000388123423248593,0,0,0,0,0,0,0.000388123423248593,0.000388123423248593,0.000388123423248593,0.000388123423248593,"nonsyn","nonsyn","nonsyn",4.58e-06,8.37e-07,4.33e-07,4.33e-07,"0.01180037","1","1","1","T","T","I","N","S",1,0,0,0,0,0,0
"4413",4676,5181,5181,"c","c","t","t",0.00443929743292801,0.00443929743292801,0.000965064659332175,0.000965064659332175,0.000965064659332175,0,0.000965064659332175,0,0.00540436209226018,0.00540436209226018,0.00540436209226018,0.00540436209226018,"syn","syn","syn",4.58e-06,8.37e-07,4.33e-07,4.33e-07,"0.00103169478260869","0.0004486746","0.0008672994","1","T","T","T","T","T",0,0,0,0,1,0,1
"4414",4677,5159,5160,"g","g","a","a",0.00310137623570459,0.00310137623570459,0.00251986819150998,0.00251986819150998,0.000193836014731537,0.00232603217677845,0.000193836014731537,0.00232603217677845,0.00562124442721458,0.00562124442721458,0.00562015503875969,0.00562015503875969,"nonsyn","nonsyn","nonsyn",4.2e-06,5.36e-07,1.17e-06,1.17e-06,"0.0013542375","0.00046431","0.002765224","0.000503002499999999","G","G","S","R","C",1,1,0,0,1,1,0
"4415",4678,5148,5148,"g","g","a","a",0.00155400155400155,0.00155400155400155,0.000194250194250194,0.000194250194250194,0.000194250194250194,0,0.000194250194250194,0,0.00174825174825175,0.00174825174825175,0.00174825174825175,0.00174825174825175,"nonsyn","nonsyn","nonsyn",4.2e-06,5.36e-07,1.17e-06,1.17e-06,"0.00270270000000001","0.00602316000000001","0.002759328","1","G","G","D","A","V",1,1,1,0,0,0,0
"4416",4679,5158,5158,"c","c","t","t",0.00174486234974796,0.00174486234974796,0.00019387359441644,0.00019387359441644,0.00019387359441644,0,0.00019387359441644,0,0.0019387359441644,0.0019387359441644,0.0019387359441644,0.0019387359441644,"syn","syn","syn",4.58e-06,8.37e-07,4.33e-07,4.33e-07,"0.0026248488888889","0.00223341400000001","0.00431724600000001","1","G","G","G","G","G",0,0,0,0,0,0,0
"4417",4680,5178,5178,"g","g","a","a",0.00173812282734647,0.00173812282734647,0.000579374275782155,0.000579374275782155,0,0.000579374275782155,0,0.000579374275782155,0.00231749710312862,0.00231749710312862,0.00231749710312862,0.00231749710312862,"nonsyn","nonsyn","nonsyn",4.2e-06,5.36e-07,1.17e-06,1.17e-06,"0.00241639999999999","0.00201942","1","0.00201942","D","D","N","H","Y",1,1,1,0,0,0,0
"4418",4681,5163,5163,"a","a","g","g",0.00193685841564982,0.00193685841564982,0,0,0,0,0,0,0.00193685841564982,0.00193685841564982,0.00193685841564982,0.00193685841564982,"nonsyn","nonsyn","nonsyn",1.77e-05,1.76e-06,1.7e-06,1.7e-06,"0.00913850999999998","1","1","1","D","D","G","A","V",1,1,1,0,0,0,0
"4419",4682,5184,5184,"c","c","t","t",0.00135030864197531,0.00135030864197531,0.000192901234567901,0.000192901234567901,0,0.000192901234567901,0,0.000192901234567901,0.00154320987654321,0.00154320987654321,0.00154320987654321,0.00154320987654321,"syn","nonsyn","nonsyn",4.58e-06,8.37e-07,4.33e-07,4.33e-07,"0.00339181714285714","0.002244672","1","0.002244672","D","D","D","E","E",0,0,0,0,0,0,0
"4420",4683,5177,5177,"t","t","c","c",0.00424956538535832,0.00424956538535832,0.00135213444079583,0.00135213444079583,0.001158972377825,0.000193162062970833,0.001158972377825,0.000193162062970833,0.00560169982615414,0.00560169982615414,0.00560169982615414,0.00560169982615414,"nonsyn","nonsyn","nonsyn",1.7e-05,1.07e-06,1.21e-06,1.21e-06,"0.00400040909090909","0.000894881428571427","0.000923231666666663","0.00626416999999998","F","F","L","I","V",0,0,0,0,1,0,1
"4421",4684,5199,5199,"t","t","c","c",0.00269282554337373,0.00269282554337373,0.000192344681669552,0.000192344681669552,0.000192344681669552,0,0.000192344681669552,0,0.00288517022504328,0.00288517022504328,0.00288517022504328,0.00288517022504328,"nonsyn","nonsyn","nonsyn",1.7e-05,1.07e-06,1.21e-06,1.21e-06,"0.00631307142857142","0.00629078999999999","0.00556292999999999","1","F","F","S","Y","C",1,0,1,0,0,0,0
"4422",4685,5211,5211,"c","c","t","t",0.00211091920936481,0.00211091920936481,0,0,0,0,0,0,0.00211091920936481,0.00211091920936481,0.00211091920936481,0.00211091920936481,"syn","nonsyn","nonsyn",4.58e-06,8.37e-07,4.33e-07,4.33e-07,"0.0021696709090909","1","1","1","F","F","F","L","L",0,0,0,0,0,0,0
"4423",4686,5217,5217,"g","g","a","a",0.000383362085489745,0.000383362085489745,0.00076672417097949,0.00076672417097949,0,0.00076672417097949,0,0.00076672417097949,0.00115008625646924,0.00115008625646924,0.00115008625646924,0.00115008625646924,"nonsyn","nonsyn","nonsyn",4.2e-06,5.36e-07,1.17e-06,1.17e-06,"0.0109557","0.0015259725","1","0.0015259725","D","D","N","H","Y",1,1,1,0,0,0,0
"4424",4687,5168,5168,"a","a","g","g",0.00290247678018576,0.00290247678018576,0,0,0,0,0,0,0.00290247678018576,0.00290247678018576,0.00290247678018576,0.00290247678018576,"nonsyn","nonsyn","nonsyn",1.77e-05,1.76e-06,1.7e-06,1.7e-06,"0.00609824","1","1","1","D","D","G","A","V",1,1,1,0,0,0,0
"4425",4688,5174,5174,"c","c","t","t",0.000579822187862389,0.000579822187862389,0,0,0,0,0,0,0.000579822187862389,0.000579822187862389,0.000579822187862389,0.000579822187862389,"syn","nonsyn","nonsyn",4.58e-06,8.37e-07,4.33e-07,4.33e-07,"0.00789897333333333","1","1","1","D","D","D","E","E",0,0,0,0,0,0,0
"4426",4689,5154,5154,"t","t","c","c",0.00291036088474971,0.00291036088474971,0.000776096235933256,0.000776096235933256,0.000776096235933256,0,0.000776096235933256,0,0.00368645712068296,0.00368645712068296,0.00368645712068296,0.00368645712068296,"nonsyn","nonsyn","nonsyn",1.7e-05,1.07e-06,1.21e-06,1.21e-06,"0.0058412","0.001559085","0.001378695","1","S","S","P","T","A",1,0,1,0,1,0,1
"4427",4690,5190,5190,"c","c","t","t",0.000770712909441233,0.000770712909441233,0.000192678227360308,0.000192678227360308,0.000192678227360308,0,0.000192678227360308,0,0.000963391136801541,0.000963391136801541,0.000963391136801541,0.000963391136801541,"nonsyn","nonsyn","nonsyn",4.58e-06,8.37e-07,4.33e-07,4.33e-07,"0.00594255","0.00224727","0.00434403000000001","1","S","S","F","Y","C",1,1,1,0,0,0,0
"4428",4691,5218,5218,"g","t","a","c",0.00153315446531238,0.000191644308164048,0.000574932924492143,0.999425067075508,0.000191644308164048,0.000383288616328095,0.00153315446531238,0.997891912610195,0.00210808738980452,0.999616711383672,0.00210808738980452,0.999616711383672,"syn","syn","syn",1.7e-05,1.07e-06,1.21e-06,1.21e-06,"0.0887059999999998","1.21069606903164e-06","0.0006979075","1.21255617438064e-06","S","S","S","S","S",0,0,0,1,1,0,1
"4429",4692,5247,5247,"g","g","a","a",0.00247760625119116,0.00247760625119116,0.000190585096245474,0.000190585096245474,0,0.000190585096245474,0,0.000190585096245474,0.00266819134743663,0.00266819134743663,0.00266819134743663,0.00266819134743663,"nonsyn","nonsyn","nonsyn",4.2e-06,5.36e-07,1.17e-06,1.17e-06,"0.00169518461538461","0.00613898999999999","1","0.00613898999999999","V","V","M","L","L",0,0,0,0,0,0,0
"4430",4693,5192,5194,"t","t","c","c",0.00654853620955316,0.00654853620955316,0.000385208012326656,0.000385208012326656,0.000192604006163328,0.000192604006163328,0.000192604006163328,0.000192604006163328,0.00693374422187982,0.00693374422187982,0.00693107431651906,0.00693107431651906,"nonsyn","nonsyn","nonsyn",1.7e-05,1.07e-06,1.21e-06,1.21e-06,"0.002596","0.00314116","0.00555544000000001","0.00628232000000001","V","V","A","E","G",0,1,1,1,0,0,0
"4431",4694,5196,5196,"g","g","a","a",0.00153964588144727,0.00153964588144727,0.000192455735180908,0.000192455735180908,0,0.000192455735180908,0,0.000192455735180908,0.00173210161662818,0.00173210161662818,0.00173210161662818,0.00173210161662818,"syn","syn","syn",4.2e-06,5.36e-07,1.17e-06,1.17e-06,"0.00272789999999999","0.00607932000000001","1","0.00607932000000001","V","V","V","V","V",0,0,0,0,0,0,0
"4432",4695,5216,5216,"a","a","g","g",0.00555981595092025,0.00555981595092025,0.000191717791411043,0.000191717791411043,0.000191717791411043,0,0.000191717791411043,0,0.00575153374233129,0.00575153374233129,0.00575153374233129,0.00575153374233129,"nonsyn","nonsyn","nonsyn",1.77e-05,1.76e-06,1.7e-06,1.7e-06,"0.00318355862068965","0.0088672","0.00918016","1","I","I","V","L","L",0,0,0,0,0,0,0
"4433",4696,5020,5020,"t","t","c","c",0.00258964143426295,0.00258964143426295,0,0,0,0,0,0,0.00258964143426295,0.00258964143426295,0.00258964143426295,0.00258964143426295,"nonsyn","nonsyn","nonsyn",1.7e-05,1.07e-06,1.21e-06,1.21e-06,"0.00656461538461538","1","1","1","I","I","T","K","R",1,1,1,0,0,0,0
"4434",4697,5344,5344,"a","a","g","g",0.00355538922155689,0.00355538922155689,0.00149700598802395,0.00149700598802395,0.000748502994011976,0.000748502994011976,0.000748502994011976,0.000748502994011976,0.00505239520958084,0.00505239520958084,0.00505239520958084,0.00505239520958084,"nonsyn","syn","syn",1.77e-05,1.76e-06,1.7e-06,1.7e-06,"0.00497835789473684","0.0011356","0.00235136","0.0022712","I","I","M","I","I",0,0,0,0,1,1,0
"4435",4698,5348,5348,"g","g","a","a",0.00093492894540015,0.00093492894540015,0.00018698578908003,0.00018698578908003,0,0.00018698578908003,0,0.00018698578908003,0.00112191473448018,0.00112191473448018,0.00112191473448018,0.00112191473448018,"nonsyn","nonsyn","nonsyn",4.2e-06,5.36e-07,1.17e-06,1.17e-06,"0.00449232","0.00625716","1","0.00625716","D","D","N","H","Y",1,1,1,0,0,0,0
"4436",4699,5329,5329,"a","a","g","g",0.0125727153312066,0.0125727153312066,0.000562957402889848,0.000562957402889848,0,0.000562957402889848,0,0.000562957402889848,0.0131356727340965,0.0131356727340965,0.0131356727340965,0.0131356727340965,"nonsyn","nonsyn","nonsyn",1.77e-05,1.76e-06,1.7e-06,1.7e-06,"0.00140781044776119","0.00301976666666667","1","0.00301976666666667","D","D","G","A","V",1,1,1,0,0,0,0
"4437",4700,5354,5354,"c","c","t","t",0.000560328726186029,0.000560328726186029,0.00018677624206201,0.00018677624206201,0.00018677624206201,0,0.00018677624206201,0,0.000747104968248039,0.000747104968248039,0.000747104968248039,0.000747104968248039,"syn","nonsyn","nonsyn",4.58e-06,8.37e-07,4.33e-07,4.33e-07,"0.00817377333333334","0.002318282","0.00448129799999999","1","D","D","D","E","E",0,0,0,0,0,0,0
"4438",4701,5321,5321,"t","t","c","c",0.00526216876526969,0.00526216876526969,0.00112760759255779,0.00112760759255779,0.00112760759255779,0,0.00112760759255779,0,0.00638977635782748,0.00638977635782748,0.00638977635782748,0.00638977635782748,"nonsyn","nonsyn","nonsyn",1.7e-05,1.07e-06,1.21e-06,1.21e-06,"0.00323060714285714","0.00107306833333333","0.000948911666666667","1","C","C","R","S","G",1,1,0,1,1,0,1
"4439",4702,5312,5312,"g","g","a","a",0.00282379518072289,0.00282379518072289,0.000188253012048193,0.000188253012048193,0,0.000188253012048193,0,0.000188253012048193,0.00301204819277108,0.00301204819277108,0.00301204819277108,0.00301204819277108,"nonsyn","nonsyn","nonsyn",4.2e-06,5.36e-07,1.17e-06,1.17e-06,"0.00148736","0.00621503999999999","1","0.00621503999999999","C","C","Y","S","F",1,1,1,0,0,0,0
"4440",4703,5243,5243,"c","c","t","t",0.00228876597367919,0.00228876597367919,0.000381460995613199,0.000381460995613199,0.000381460995613199,0,0.000381460995613199,0,0.00267022696929239,0.00267022696929239,0.00267022696929239,0.00267022696929239,"syn","stop","nonsyn",4.58e-06,8.37e-07,4.33e-07,4.33e-07,"0.00200107833333333","0.0011351095","0.0021941955","1","C","C","C","*","W",0,1,1,0,0,0,0
"4441",4704,5244,5244,"a","a","g","g",0.0051487414187643,0.0051487414187643,0.0007627765064836,0.0007627765064836,0,0.0007627765064836,0,0.0007627765064836,0.0059115179252479,0.0059115179252479,0.0059115179252479,0.0059115179252479,"nonsyn","nonsyn","nonsyn",1.77e-05,1.76e-06,1.7e-06,1.7e-06,"0.00343773333333333","0.0022287","1","0.0022287","N","N","D","H","Y",1,1,1,1,0,0,0
"4442",4705,5262,5262,"a","a","g","g",0.00456100342075257,0.00456100342075257,0.000190041809198024,0.000190041809198024,0.000190041809198024,0,0.000190041809198024,0,0.00475104522995059,0.00475104522995059,0.00475104522995059,0.00475104522995059,"nonsyn","nonsyn","nonsyn",1.77e-05,1.76e-06,1.7e-06,1.7e-06,"0.003880725","0.00894539999999998","0.00926111999999998","1","N","N","S","T","I",0,0,1,0,0,0,0
"4443",4706,5196,5196,"c","c","t","t",0.00173210161662818,0.00173210161662818,0.000192455735180908,0.000192455735180908,0.000192455735180908,0,0.000192455735180908,0,0.00192455735180908,0.00192455735180908,0.00192455735180908,0.00192455735180908,"syn","nonsyn","nonsyn",4.58e-06,8.37e-07,4.33e-07,4.33e-07,"0.00264418666666666","0.002249868","0.00434905200000001","1","N","N","N","K","K",0,1,1,0,0,0,0
"4444",4707,5189,5189,"a","a","g","g",0.00308344575062632,0.00308344575062632,0.000385430718828291,0.000385430718828291,0,0.000385430718828291,0,0.000385430718828291,0.00346887646945462,0.00346887646945462,0.00346887646945462,0.00346887646945462,"nonsyn","nonsyn","nonsyn",1.77e-05,1.76e-06,1.7e-06,1.7e-06,"0.00574033125000001","0.00441065","1","0.00441065","T","T","A","P","S",1,1,0,1,0,0,0
"4445",4708,5157,5157,"c","c","t","t",0.00155128950940469,0.00155128950940469,0.000193911188675587,0.000193911188675587,0.000193911188675587,0,0.000193911188675587,0,0.00174520069808028,0.00174520069808028,0.00174520069808028,0.00174520069808028,"nonsyn","nonsyn","nonsyn",4.58e-06,8.37e-07,4.33e-07,4.33e-07,"0.0029523825","0.002232981","0.00431640899999999","1","T","T","M","K","R",1,1,1,0,0,0,0
"4446",4709,5151,5151,"g","g","a","a",0.0029120559114735,0.0029120559114735,0,0,0,0,0,0,0.0029120559114735,0.0029120559114735,0.0029120559114735,0.0029120559114735,"syn","syn","syn",4.2e-06,5.36e-07,1.17e-06,1.17e-06,"0.00144228","1","1","1","T","T","T","T","T",0,0,0,0,0,0,0
"4447",4710,5167,5167,"t","t","c","c",0.00503193342365009,0.00503193342365009,0.00154828720727695,0.00154828720727695,0.00135475130636733,0.000193535900909619,0.00135475130636733,0.000193535900909619,0.00658022063092704,0.00658022063092704,0.00658022063092704,0.00658022063092704,"nonsyn","nonsyn","nonsyn",1.7e-05,1.07e-06,1.21e-06,1.21e-06,"0.00337842307692307","0.00078150875","0.000789812857142858","0.00625206999999999","C","C","R","S","G",1,1,0,1,0,0,0
"4448",4711,5185,5185,"g","g","a","a",0.00212150433944069,0.00212150433944069,0.000192864030858245,0.000192864030858245,0,0.000192864030858245,0,0.000192864030858245,0.00231436837029894,0.00231436837029894,0.00231436837029894,0.00231436837029894,"nonsyn","nonsyn","nonsyn",4.2e-06,5.36e-07,1.17e-06,1.17e-06,"0.00197972727272728","0.00606645","1","0.00606645","C","C","Y","S","F",1,1,1,0,0,0,0
"4449",4712,5229,5229,"t","t","c","c",0.00382482310193154,0.00382482310193154,0.00133868808567604,0.00133868808567604,0.000956205775482884,0.000382482310193154,0.000956205775482884,0.000382482310193154,0.00516351118760757,0.00516351118760757,0.00516351118760757,0.00516351118760757,"syn","stop","nonsyn",1.7e-05,1.07e-06,1.21e-06,1.21e-06,"0.00444465","0.000903869999999998","0.001119006","0.003163545","C","C","C","*","W",0,1,1,1,0,0,0
"4450",4713,5229,5229,"g","g","a","a",0.000764964620386307,0.000764964620386307,0,0,0,0,0,0,0.000764964620386307,0.000764964620386307,0.000764964620386307,0.000764964620386307,"nonsyn","nonsyn","nonsyn",4.2e-06,5.36e-07,1.17e-06,1.17e-06,"0.00549045","1","1","1","V","V","I","L","F",0,0,0,0,0,0,0
"4451",4714,5163,5163,"t","t","c","c",0.00484214603912454,0.00484214603912454,0.000387371683129963,0.000387371683129963,0.000193685841564982,0.000193685841564982,0.000193685841564982,0.000193685841564982,0.0052295177222545,0.0052295177222545,0.0052295177222545,0.0052295177222545,"nonsyn","nonsyn","nonsyn",1.7e-05,1.07e-06,1.21e-06,1.21e-06,"0.00351084","0.003123615","0.00552440999999999","0.00624722999999999","V","V","A","D","G",0,1,1,0,0,0,0
"4452",4715,5191,5191,"c","c","t","t",0.00173376998651512,0.00173376998651512,0.000192641109612791,0.000192641109612791,0.000192641109612791,0,0.000192641109612791,0,0.00192641109612791,0.00192641109612791,0.00192641109612791,0.00192641109612791,"syn","syn","syn",4.58e-06,8.37e-07,4.33e-07,4.33e-07,"0.00264164222222223","0.002247703","0.00434486700000001","1","V","V","V","V","V",0,0,0,0,0,0,0
"4453",4716,5184,5184,"a","a","g","g",0.00578703703703704,0.00578703703703704,0.000192901234567901,0.000192901234567901,0,0.000192901234567901,0,0.000192901234567901,0.00597993827160494,0.00597993827160494,0.00597993827160494,0.00597993827160494,"nonsyn","nonsyn","nonsyn",1.77e-05,1.76e-06,1.7e-06,1.7e-06,"0.00305856","0.00881280000000001","1","0.00881280000000001","T","T","A","P","S",1,1,0,1,0,0,0
"4454",4717,5229,5230,"c","c","t","t",0.00114744693057946,0.00114744693057946,0.000191241155096577,0.000191241155096577,0.000191241155096577,0,0.000191241155096577,0,0.00133868808567604,0.00133868808567604,0.00133843212237094,0.00133843212237094,"nonsyn","nonsyn","nonsyn",4.58e-06,8.37e-07,4.33e-07,4.33e-07,"0.00399147","0.002264157","0.00437667299999999","1","T","T","I","N","S",1,0,0,0,0,0,0
"4455",4718,5227,5227,"c","t","t","c",0.00248708628276258,0.996365027740578,0.00114788597665965,0.00114788597665965,0.00114788597665965,0,0.00114788597665965,0,0.00363497225942223,0.997512913717237,0.00363497225942223,0.997512913717237,"syn","syn","syn",1.7e-05,1.07e-06,1.21e-06,1.21e-06,"1.7062019969278e-05","0.00105411166666667","0.000932148333333335","1","T","T","T","T","T",0,0,0,0,1,0,1
"4456",4719,5157,5157,"c","c","t","t",0.00135737832072911,0.00135737832072911,0.000387822377351173,0.000387822377351173,0.000387822377351173,0,0.000387822377351173,0,0.00174520069808028,0.00174520069808028,0.00174520069808028,0.00174520069808028,"stop","nonsyn","nonsyn",4.58e-06,8.37e-07,4.33e-07,4.33e-07,"0.00337415142857142","0.0011164905","0.0021582045","1","Q","Q","*","K","E",1,1,1,0,0,0,0
"4457",4720,5162,5162,"a","a","g","g",0.00251840371948857,0.00251840371948857,0.00232468035645099,0.00232468035645099,0.000193723363037582,0.00213095699341341,0.000193723363037582,0.00213095699341341,0.00484308407593956,0.00484308407593956,0.00484308407593956,0.00484308407593956,"nonsyn","nonsyn","nonsyn",1.77e-05,1.76e-06,1.7e-06,1.7e-06,"0.00702826153846154","0.000731283333333333","0.00908512000000002","0.000797763636363635","Q","Q","R","P","L",1,1,1,1,1,1,0
"4458",4721,5151,5151,"g","g","a","a",0.0007765482430596,0.0007765482430596,0,0,0,0,0,0,0.0007765482430596,0.0007765482430596,0.0007765482430596,0.0007765482430596,"syn","nonsyn","nonsyn",4.2e-06,5.36e-07,1.17e-06,1.17e-06,"0.00540855","1","1","1","Q","Q","Q","H","H",0,1,1,0,0,0,0
"4459",4722,5127,5127,"a","a","g","g",0.00448605422274234,0.00448605422274234,0.000390091671542813,0.000390091671542813,0.000195045835771406,0.000195045835771406,0.000195045835771406,0.000195045835771406,0.00487614589428516,0.00487614589428516,0.00487614589428516,0.00487614589428516,"nonsyn","nonsyn","nonsyn",1.77e-05,1.76e-06,1.7e-06,1.7e-06,"0.00394556086956522","0.00435794999999999","0.00902352000000001","0.00871590000000001","T","T","A","P","S",1,1,0,0,0,0,0
"4460",4723,5091,5091,"c","c","t","t",0.00157140051070517,0.00157140051070517,0.000196425063838146,0.000196425063838146,0,0.000196425063838146,0,0.000196425063838146,0.00176782557454331,0.00176782557454331,0.00176782557454331,0.00176782557454331,"nonsyn","nonsyn","nonsyn",4.58e-06,8.37e-07,4.33e-07,4.33e-07,"0.00291459749999999","0.002204403","1","0.002204403","T","T","I","K","R",1,1,1,0,0,0,0
"4461",4724,5224,5224,"a","a","g","g",0.00229709035222052,0.00229709035222052,0.00133996937212864,0.00133996937212864,0.000382848392036753,0.000957120980091884,0.000382848392036753,0.000957120980091884,0.00363705972434916,0.00363705972434916,0.00363705972434916,0.00363705972434916,"syn","syn","syn",1.77e-05,1.76e-06,1.7e-06,1.7e-06,"0.0077054","0.00126868571428571","0.00459712000000001","0.00177616","T","T","T","T","T",0,0,0,1,1,1,0
"4462",4725,5220,5220,"g","g","a","a",0.00134099616858238,0.00134099616858238,0.000191570881226054,0.000191570881226054,0,0.000191570881226054,0,0.000191570881226054,0.00153256704980843,0.00153256704980843,0.00153256704980843,0.00153256704980843,"nonsyn","nonsyn","nonsyn",4.2e-06,5.36e-07,1.17e-06,1.17e-06,"0.00313199999999999","0.00610739999999999","1","0.00610739999999999","V","V","I","L","F",0,0,0,0,0,0,0
"4463",4726,5221,5221,"t","t","c","c",0.00363914958820149,0.00363914958820149,0.00114920513311626,0.00114920513311626,0.000574602566558131,0.000574602566558131,0.000574602566558131,0.000574602566558131,0.00478835472131776,0.00478835472131776,0.00478835472131776,0.00478835472131776,"nonsyn","nonsyn","nonsyn",1.7e-05,1.07e-06,1.21e-06,1.21e-06,"0.00467142105263158","0.00105290166666667","0.00186215666666667","0.00210580333333333","V","V","A","D","G",0,1,1,0,0,0,0
"4464",4727,5201,5201,"c","c","t","t",0.00115362430301865,0.00115362430301865,0.00211497788886753,0.00211497788886753,0.0007690828686791,0.00134589502018843,0.0007690828686791,0.00134589502018843,0.00326860219188618,0.00326860219188618,0.00326860219188618,0.00326860219188618,"syn","syn","syn",4.58e-06,8.37e-07,4.33e-07,4.33e-07,"0.00397009666666667","0.000204730272727272","0.00108830925","0.000321718999999999","V","V","V","V","V",0,0,0,0,0,0,0
"4465",4728,5197,5197,"g","g","a","a",0.00173176832788147,0.00173176832788147,0.000769674812391764,0.000769674812391764,0.000192418703097941,0.000577256109293823,0.000192418703097941,0.000577256109293823,0.00250144314027323,0.00250144314027323,0.00250144314027323,0.00250144314027323,"nonsyn","nonsyn","nonsyn",4.2e-06,5.36e-07,1.17e-06,1.17e-06,"0.00242526666666667","0.0015201225","0.002785592","0.00202683","D","D","N","H","Y",1,1,1,0,0,0,0
"4466",4729,5158,5158,"a","a","g","g",0.0019387359441644,0.0019387359441644,0.000581620783249321,0.000581620783249321,0.00019387359441644,0.000387747188832881,0.00019387359441644,0.000387747188832881,0.00252035672741373,0.00252035672741373,0.00252035672741373,0.00252035672741373,"nonsyn","nonsyn","nonsyn",1.77e-05,1.76e-06,1.7e-06,1.7e-06,"0.00912966000000002","0.00292286666666667","0.00907808000000002","0.0043843","D","D","G","A","V",1,1,1,0,0,0,0
"4467",4730,5173,5175,"t","t","c","c",0.0027063599458728,0.0027063599458728,0.0003866228494104,0.0003866228494104,0.0001933114247052,0.0001933114247052,0.0001933114247052,0.0001933114247052,0.0030929827952832,0.0030929827952832,0.00309178743961353,0.00309178743961353,"syn","nonsyn","nonsyn",1.7e-05,1.07e-06,1.21e-06,1.21e-06,"0.0062815","0.003129665","0.00553511","0.00625933","D","D","D","E","E",0,0,0,0,0,0,0
"4468",4731,5198,5198,"t","t","c","c",0.00230858022316275,0.00230858022316275,0.000769526741054252,0.000769526741054252,0.000769526741054252,0,0.000769526741054252,0,0.00307810696421701,0.00307810696421701,0.00307810696421701,0.00307810696421701,"nonsyn","nonsyn","nonsyn",1.7e-05,1.07e-06,1.21e-06,1.21e-06,"0.00736383333333335","0.001572395","0.001390465","1","F","F","L","I","V",0,0,0,0,0,0,0
"4469",4732,5192,5192,"t","t","c","c",0.00558551617873652,0.00558551617873652,0.000770416024653313,0.000770416024653313,0.000192604006163328,0.000577812018489985,0.000192604006163328,0.000577812018489985,0.00635593220338983,0.00635593220338983,0.00635593220338983,0.00635593220338983,"nonsyn","nonsyn","nonsyn",1.7e-05,1.07e-06,1.21e-06,1.21e-06,"0.00304358620689655","0.00157058","0.00555544000000001","0.00209410666666667","F","F","S","Y","C",1,0,1,0,0,0,0
"4470",4733,5192,5192,"c","c","t","t",0.0013482280431433,0.0013482280431433,0,0,0,0,0,0,0.0013482280431433,0.0013482280431433,0.0013482280431433,0.0013482280431433,"syn","nonsyn","nonsyn",4.58e-06,8.37e-07,4.33e-07,4.33e-07,"0.00339705142857142","1","1","1","F","F","F","L","L",0,0,0,0,0,0,0
"4471",4734,5218,5218,"a","a","g","g",0.0224223840551936,0.0224223840551936,0.00114986584898429,0.00114986584898429,0,0.00114986584898429,0,0.00114986584898429,0.0235722499041778,0.0235722499041778,0.0235722499041778,0.0235722499041778,"nonsyn","nonsyn","nonsyn",1.77e-05,1.76e-06,1.7e-06,1.7e-06,"0.000789389743589742","0.00147843333333333","1","0.00147843333333333","S","S","G","R","C",1,1,1,1,1,1,0
"4472",4735,5218,5218,"g","g","a","a",0.00249137600613262,0.00249137600613262,0.000574932924492143,0.000574932924492143,0.000191644308164048,0.000383288616328095,0.000191644308164048,0.000383288616328095,0.00306630893062476,0.00306630893062476,0.00306630893062476,0.00306630893062476,"nonsyn","nonsyn","nonsyn",4.2e-06,5.36e-07,1.17e-06,1.17e-06,"0.00168581538461538","0.00203502","0.00279684799999999","0.00305253","S","S","N","T","I",0,0,1,0,0,0,0
"4473",4736,5216,5216,"c","c","t","t",0.00306748466257669,0.00306748466257669,0.000383435582822086,0.000383435582822086,0.000191717791411043,0.000191717791411043,0.000191717791411043,0.000191717791411043,0.00345092024539877,0.00345092024539877,0.00345092024539877,0.00345092024539877,"syn","nonsyn","nonsyn",4.58e-06,8.37e-07,4.33e-07,4.33e-07,"0.00149308","0.001129264","0.004365792","0.002258528","S","S","S","R","R",0,1,1,0,0,0,0
"4474",4737,5215,5215,"c","c","t","t",0.00287631831255992,0.00287631831255992,0.000383509108341323,0.000383509108341323,0.000383509108341323,0,0.000383509108341323,0,0.00325982742090125,0.00325982742090125,0.00325982742090125,0.00325982742090125,"nonsyn","nonsyn","nonsyn",4.58e-06,8.37e-07,4.33e-07,4.33e-07,"0.00159231333333334","0.0011290475","0.0021824775","1","L","L","F","I","V",0,0,0,0,1,0,1
"4475",4738,5180,5181,"t","t","c","c",0.00308880308880309,0.00308880308880309,0.000772200772200772,0.000772200772200772,0.000386100386100386,0.000386100386100386,0.000386100386100386,0.000386100386100386,0.00386100386100386,0.00386100386100386,0.0038602586373287,0.0038602586373287,"nonsyn","nonsyn","nonsyn",1.7e-05,1.07e-06,1.21e-06,1.21e-06,"0.00550375","0.00156695","0.0027713","0.0031339","L","L","P","H","R",1,1,1,0,1,0,1
"4476",4739,5121,5121,"t","t","c","c",0.00351493848857645,0.00351493848857645,0.00117164616285882,0.00117164616285882,0.00117164616285882,0,0.00117164616285882,0,0.00468658465143527,0.00468658465143527,0.00468658465143527,0.00468658465143527,"syn","syn","syn",1.7e-05,1.07e-06,1.21e-06,1.21e-06,"0.0048365","0.001032735","0.000913244999999997","1","L","L","L","L","L",0,0,0,1,0,0,0
"4477",4740,5144,5145,"g","g","a","a",0.00174961119751166,0.00174961119751166,0.000388802488335925,0.000388802488335925,0,0.000388802488335925,0,0.000388802488335925,0.00213841368584759,0.00213841368584759,0.0021379980563654,0.0021379980563654,"nonsyn","nonsyn","nonsyn",4.2e-06,5.36e-07,1.17e-06,1.17e-06,"0.00240053333333334","0.00300924","1","0.00300924","D","D","N","H","Y",1,1,1,0,0,0,0
"4478",4741,5087,5087,"a","a","g","g",0.0037350108118734,0.0037350108118734,0.000982897582071948,0.000982897582071948,0.000393159032828779,0.000589738549243169,0.000393159032828779,0.000589738549243169,0.00471790839394535,0.00471790839394535,0.00471790839394535,0.00471790839394535,"nonsyn","nonsyn","nonsyn",1.77e-05,1.76e-06,1.7e-06,1.7e-06,"0.00473894210526316","0.00172958","0.00447656","0.00288263333333333","D","D","G","A","V",1,1,1,0,0,0,0
"4479",4742,4927,4927,"c","c","t","t",0.00162370610919424,0.00162370610919424,0,0,0,0,0,0,0.00162370610919424,0.00162370610919424,0.00162370610919424,0.00162370610919424,"syn","nonsyn","nonsyn",4.58e-06,8.37e-07,4.33e-07,4.33e-07,"0.00282070749999999","1","1","1","D","D","D","E","E",0,0,0,0,0,0,0
"4480",4743,4889,4889,"c","c","t","t",0.0032726528942524,0.0032726528942524,0.000204540805890775,0.000204540805890775,0.000204540805890775,0,0.000204540805890775,0,0.00347719370014318,0.00347719370014318,0.00347719370014318,0.00347719370014318,"nonsyn","nonsyn","nonsyn",4.58e-06,8.37e-07,4.33e-07,4.33e-07,"0.00139947625","0.002116937","0.004092093","1","P","P","S","T","A",1,1,1,0,1,0,1
"4481",4744,4866,4866,"c","c","t","t",0.0020550760378134,0.0020550760378134,0.00061652281134402,0.00061652281134402,0.00061652281134402,0,0.00061652281134402,0,0.00267159884915742,0.00267159884915742,0.00267159884915742,0.00267159884915742,"nonsyn","nonsyn","nonsyn",4.58e-06,8.37e-07,4.33e-07,4.33e-07,"0.002228628","0.000702326","0.001357614","1","P","P","L","H","R",1,1,1,0,1,0,1
"4482",4745,4852,4852,"t","t","c","c",0.00206100577081616,0.00206100577081616,0.000206100577081616,0.000206100577081616,0,0.000206100577081616,0,0.000206100577081616,0.00226710634789777,0.00226710634789777,0.00226710634789777,0.00226710634789777,"syn","syn","syn",1.7e-05,1.07e-06,1.21e-06,1.21e-06,"0.00824839999999999","0.00587092","1","0.00587092","P","P","P","P","P",0,0,0,0,1,0,1
"4483",4746,4848,4848,"a","a","g","g",0.00247524752475248,0.00247524752475248,0.000206270627062706,0.000206270627062706,0,0.000206270627062706,0,0.000206270627062706,0.00268151815181518,0.00268151815181518,0.00268151815181518,0.00268151815181518,"nonsyn","nonsyn","nonsyn",1.77e-05,1.76e-06,1.7e-06,1.7e-06,"0.00715079999999999","0.00824160000000001","1","0.00824160000000001","T","T","A","P","S",1,1,0,0,0,0,0
"4484",4747,4902,4903,"c","c","t","t",0.00163198694410445,0.00163198694410445,0.000203998368013056,0.000203998368013056,0,0.000203998368013056,0,0.000203998368013056,0.0018359853121175,0.0018359853121175,0.00183561085049969,0.00183561085049969,"nonsyn","nonsyn","nonsyn",4.58e-06,8.37e-07,4.33e-07,4.33e-07,"0.002806395","0.002122566","1","0.002122566","T","T","I","N","S",1,0,0,0,0,0,0
"4485",4748,4892,4892,"c","c","t","t",0.0466067048242028,0.0466067048242028,0.000613246116107931,0.000613246116107931,0.000613246116107931,0,0.000613246116107931,0,0.0472199509403107,0.0472199509403107,0.0472199509403107,0.0472199509403107,"syn","syn","syn",4.58e-06,8.37e-07,4.33e-07,4.33e-07,"9.82691228070175e-05","0.000706078666666667","0.001364868","1","T","T","T","T","T",0,0,0,0,1,0,1
"4486",4749,4819,4819,"t","t","c","c",0.00373521477484955,0.00373521477484955,0.000830047727744345,0.000830047727744345,0.000830047727744345,0,0.000830047727744345,0,0.0045652625025939,0.0045652625025939,0.0045652625025939,0.0045652625025939,"nonsyn","nonsyn","nonsyn",1.7e-05,1.07e-06,1.21e-06,1.21e-06,"0.00455127777777778","0.0014577475","0.0012890825","1","F","F","L","I","V",0,0,0,0,1,0,1
"4487",4750,4672,4672,"t","t","c","c",0.00406678082191781,0.00406678082191781,0.00128424657534247,0.00128424657534247,0.000856164383561644,0.000428082191780822,0.000856164383561644,0.000428082191780822,0.00535102739726027,0.00535102739726027,0.00535102739726027,0.00535102739726027,"nonsyn","nonsyn","nonsyn",1.7e-05,1.07e-06,1.21e-06,1.21e-06,"0.00418021052631579","0.000942186666666664","0.00124976","0.00282656","F","F","S","Y","C",1,0,1,0,0,0,0
"4488",4751,4815,4815,"c","t","t","c",0.0388369678089304,0.960955347871236,0.000207684319833853,0.000207684319833853,0.000207684319833853,0,0.000207684319833853,0,0.0390446521287643,0.96116303219107,0.0390446521287643,0.96116303219107,"syn","nonsyn","nonsyn",1.7e-05,1.07e-06,1.21e-06,1.21e-06,"1.76907283336935e-05","0.00582614999999999","0.00515204999999999","1","F","F","F","L","L",0,0,0,0,0,0,0
"4489",4752,4791,4791,"a","a","g","g",0.00229597161344187,0.00229597161344187,0.000417449384262158,0.000417449384262158,0.000208724692131079,0.000208724692131079,0.000208724692131079,0.000208724692131079,0.00271342099770403,0.00271342099770403,0.00271342099770403,0.00271342099770403,"nonsyn","nonsyn","nonsyn",1.77e-05,1.76e-06,1.7e-06,1.7e-06,"0.00770915454545455","0.00407235","0.00843216","0.0081447","T","T","A","P","S",1,1,0,0,0,0,0
"4490",4753,4873,4873,"c","c","t","t",0.00307818592242971,0.00307818592242971,0.000205212394828648,0.000205212394828648,0.000205212394828648,0,0.000205212394828648,0,0.00328339831725836,0.00328339831725836,0.00328339831725836,0.00328339831725836,"nonsyn","nonsyn","nonsyn",4.58e-06,8.37e-07,4.33e-07,4.33e-07,"0.00148788933333334","0.002110009","0.00407870099999999","1","T","T","I","N","S",1,0,0,0,0,0,0
"4491",4754,4862,4862,"c","c","t","t",0.0018510900863842,0.0018510900863842,0.000822706705059646,0.000822706705059646,0.000822706705059646,0,0.000822706705059646,0,0.00267379679144385,0.00267379679144385,0.00267379679144385,0.00267379679144385,"syn","syn","syn",4.58e-06,8.37e-07,4.33e-07,4.33e-07,"0.00247421777777778","0.0005263115","0.0010173735","1","T","T","T","T","T",0,0,0,0,1,0,1
"4492",4755,4873,4874,"a","a","g","g",0.00164169915862918,0.00164169915862918,0.000205212394828648,0.000205212394828648,0,0.000205212394828648,0,0.000205212394828648,0.00184691155345783,0.00184691155345783,0.00184653262207632,0.00184653262207632,"nonsyn","nonsyn","nonsyn",1.77e-05,1.76e-06,1.7e-06,1.7e-06,"0.0107815125","0.00828409999999999","1","0.00828409999999999","I","I","V","L","F",0,0,0,1,0,0,0
"4493",4756,4850,4850,"t","t","c","c",0.00288659793814433,0.00288659793814433,0.000412371134020619,0.000412371134020619,0.000206185567010309,0.000206185567010309,0.000206185567010309,0.000206185567010309,0.00329896907216495,0.00329896907216495,0.00329896907216495,0.00329896907216495,"nonsyn","nonsyn","nonsyn",1.7e-05,1.07e-06,1.21e-06,1.21e-06,"0.00588928571428571","0.00293425","0.00518950000000001","0.00586850000000001","I","I","T","N","S",1,1,1,0,0,0,0
"4494",4757,4811,4811,"t","t","c","c",0.00228642693826647,0.00228642693826647,0.000207856994387861,0.000207856994387861,0,0.000207856994387861,0,0.000207856994387861,0.00249428393265433,0.00249428393265433,0.00249428393265433,0.00249428393265433,"syn","syn","nonsyn",1.7e-05,1.07e-06,1.21e-06,1.21e-06,"0.00743518181818183","0.00582131","1","0.00582131","I","I","I","I","M",0,0,0,1,0,0,0
"4495",4758,4842,4842,"g","g","a","a",0.000826104915324246,0.000826104915324246,0.000619578686493185,0.000619578686493185,0.000206526228831062,0.000413052457662123,0.000206526228831062,0.000413052457662123,0.00144568360181743,0.00144568360181743,0.00144568360181743,0.00144568360181743,"nonsyn","nonsyn","stop",4.2e-06,5.36e-07,1.17e-06,1.17e-06,"0.0050841","0.00188838","0.00259531199999999","0.00283257","E","E","K","Q","*",1,1,1,0,0,0,0
"4496",4759,4792,4792,"a","a","g","g",0.0068864774624374,0.0068864774624374,0.00104340567612688,0.00104340567612688,0.000208681135225376,0.000834724540901503,0.000208681135225376,0.000834724540901503,0.00792988313856427,0.00792988313856427,0.00792988313856427,0.00792988313856427,"nonsyn","nonsyn","nonsyn",1.77e-05,1.76e-06,1.7e-06,1.7e-06,"0.00257025454545454","0.00162928","0.00843391999999999","0.0020366","E","E","G","A","V",1,1,1,0,1,1,0
"4497",4760,4797,4797,"g","g","a","a",0.00104231811548885,0.00104231811548885,0.000625390869293308,0.000625390869293308,0,0.000625390869293308,0,0.000625390869293308,0.00166770898478216,0.00166770898478216,0.00166770898478216,0.00166770898478216,"syn","nonsyn","nonsyn",4.2e-06,5.36e-07,1.17e-06,1.17e-06,"0.00402947999999999","0.00187083","1","0.00187083","E","E","E","D","D",0,0,0,0,0,0,0
"4498",4761,4672,4672,"a","a","g","g",0.00727739726027397,0.00727739726027397,0.000214041095890411,0.000214041095890411,0,0.000214041095890411,0,0.000214041095890411,0.00749143835616438,0.00749143835616438,0.00749143835616438,0.00749143835616438,"nonsyn","nonsyn","nonsyn",1.77e-05,1.76e-06,1.7e-06,1.7e-06,"0.00243218823529412","0.0079424","1","0.0079424","T","T","A","P","S",1,1,0,0,0,0,0
"4499",4762,4684,4684,"c","c","t","t",0.00085397096498719,0.00085397096498719,0,0,0,0,0,0,0.00085397096498719,0.00085397096498719,0.00085397096498719,0.00085397096498719,"nonsyn","nonsyn","nonsyn",4.58e-06,8.37e-07,4.33e-07,4.33e-07,"0.00536318","1","1","1","T","T","I","K","R",1,1,1,0,0,0,0
"4500",4763,4680,4681,"a","a","g","g",0.00534188034188034,0.00534188034188034,0.0014957264957265,0.0014957264957265,0.000427350427350427,0.00106837606837607,0.000427350427350427,0.00106837606837607,0.00683760683760684,0.00683760683760684,0.00683614612262337,0.00683614612262337,"syn","syn","syn",1.77e-05,1.76e-06,1.7e-06,1.7e-06,"0.00331344","0.00113657142857143","0.0041184","0.0015912","T","T","T","T","T",0,0,0,1,0,0,0
"4501",4764,4655,4655,"a","a","g","g",0.00408163265306122,0.00408163265306122,0.000644468313641246,0.000644468313641246,0.000429645542427497,0.000214822771213749,0.000429645542427497,0.000214822771213749,0.00472610096670247,0.00472610096670247,0.00472610096670247,0.00472610096670247,"nonsyn","nonsyn","nonsyn",1.77e-05,1.76e-06,1.7e-06,1.7e-06,"0.00433650000000001","0.00263783333333333","0.0040964","0.00791349999999999","T","T","A","P","S",1,1,0,0,0,0,0
"4502",4765,4659,4659,"c","c","t","t",0.00279029834728483,0.00279029834728483,0,0,0,0,0,0,0.00279029834728483,0.00279029834728483,0.00279029834728483,0.00279029834728483,"nonsyn","nonsyn","nonsyn",4.58e-06,8.37e-07,4.33e-07,4.33e-07,"0.00164140153846154","1","1","1","T","T","I","N","S",1,0,0,0,0,0,0
"4503",4766,4648,4648,"c","c","t","t",0.00107573149741824,0.00107573149741824,0.000430292598967298,0.000430292598967298,0.000430292598967298,0,0.000430292598967298,0,0.00150602409638554,0.00150602409638554,0.00150602409638554,0.00150602409638554,"syn","syn","syn",4.58e-06,8.37e-07,4.33e-07,4.33e-07,"0.00425756800000002","0.001006292","0.001945188","1","T","T","T","T","T",0,0,0,0,1,0,1
"4504",4767,4606,4606,"a","a","g","g",0.00130264871906209,0.00130264871906209,0,0,0,0,0,0,0.00130264871906209,0.00130264871906209,0.00130264871906209,0.00130264871906209,"nonsyn","nonsyn","nonsyn",1.77e-05,1.76e-06,1.7e-06,1.7e-06,"0.0135877","1","1","1","T","T","A","P","S",1,1,0,1,0,0,0
"4505",4768,4609,4609,"c","c","t","t",0.00325450206118464,0.00325450206118464,0.000433933608157952,0.000433933608157952,0.000433933608157952,0,0.000433933608157952,0,0.00368843566934259,0.00368843566934259,0.00368843566934259,0.00368843566934259,"nonsyn","nonsyn","nonsyn",4.58e-06,8.37e-07,4.33e-07,4.33e-07,"0.00140728133333333","0.0009978485","0.0019288665","1","T","T","M","K","R",1,1,1,0,0,0,0
"4506",4769,4459,4459,"g","g","a","a",0.00246692083426777,0.00246692083426777,0.000897062121551918,0.000897062121551918,0,0.000897062121551918,0,0.000897062121551918,0.00336398295581969,0.00336398295581969,0.00336398295581969,0.00336398295581969,"syn","syn","syn",4.2e-06,5.36e-07,1.17e-06,1.17e-06,"0.00170252727272727","0.0013042575","1","0.0013042575","T","T","T","T","T",0,0,0,0,0,0,0
"4507",4770,4438,4438,"c","c","t","t",0.00202794051374493,0.00202794051374493,0.000225326723749437,0.000225326723749437,0.000225326723749437,0,0.000225326723749437,0,0.00225326723749437,0.00225326723749437,0.00225326723749437,0.00225326723749437,"nonsyn","nonsyn","nonsyn",4.58e-06,8.37e-07,4.33e-07,4.33e-07,"0.00225844888888889","0.001921654","0.00371460599999999","1","L","L","F","I","V",0,0,0,0,0,0,0
"4508",4771,4416,4417,"t","t","c","c",0.00634057971014493,0.00634057971014493,0.000452898550724638,0.000452898550724638,0.000452898550724638,0,0.000452898550724638,0,0.00679347826086957,0.00679347826086957,0.00679194023092597,0.00679194023092597,"nonsyn","nonsyn","nonsyn",1.7e-05,1.07e-06,1.21e-06,1.21e-06,"0.00268114285714286","0.00267168","0.00236256","1","L","L","P","H","R",1,1,1,0,1,0,1
"4509",4772,4447,4461,"c","c","t","t",0.00044974139869575,0.00044974139869575,0.000674612098043625,0.000674612098043625,0.000674612098043625,0,0.000674612098043625,0,0.00112435349673937,0.00112435349673937,0.00112082492714638,0.00112082492714638,"syn","syn","syn",4.58e-06,8.37e-07,4.33e-07,4.33e-07,"0.01018363","0.000641850333333333","0.001240713","1","L","L","L","L","L",0,0,0,0,0,0,0
"4510",4773,4487,4488,"c","c","t","t",0.000668598172498329,0.000668598172498329,0.000445732114998886,0.000445732114998886,0.000445732114998886,0,0.000445732114998886,0,0.00111433028749721,0.00111433028749721,0.00111408199643494,0.00111408199643494,"nonsyn","nonsyn","nonsyn",4.58e-06,8.37e-07,4.33e-07,4.33e-07,"0.00685015333333333","0.000971435499999999","0.0018778095","1","P","P","S","T","A",1,1,1,0,1,0,1
"4511",4774,4533,4533,"c","c","t","t",0.00198544010589014,0.00198544010589014,0.000220604456210015,0.000220604456210015,0.000220604456210015,0,0.000220604456210015,0,0.00220604456210015,0.00220604456210015,0.00220604456210015,0.00220604456210015,"nonsyn","nonsyn","nonsyn",4.58e-06,8.37e-07,4.33e-07,4.33e-07,"0.00230679333333333","0.001962789","0.00379412100000001","1","P","P","L","H","R",1,1,1,0,1,0,1
"4512",4775,4549,4549,"c","c","t","t",0.00021982853374368,0.00021982853374368,0.00043965706748736,0.00043965706748736,0.00021982853374368,0.00021982853374368,0.00021982853374368,0.00021982853374368,0.00065948560123104,0.00065948560123104,0.00065948560123104,0.00065948560123104,"syn","syn","syn",4.58e-06,8.37e-07,4.33e-07,4.33e-07,"0.02083442","0.0009848585","0.003807513","0.001969717","P","P","P","P","P",0,0,0,0,1,0,1
"4513",4776,4561,4561,"c","c","t","t",0.00131550098662574,0.00131550098662574,0,0,0,0,0,0,0.00131550098662574,0.00131550098662574,0.00131550098662574,0.00131550098662574,"stop","nonsyn","nonsyn",4.58e-06,8.37e-07,4.33e-07,4.33e-07,"0.00348156333333333","1","1","1","Q","Q","*","K","E",1,1,1,0,1,0,1
"4514",4777,4538,4538,"a","a","g","g",0.00220361392684002,0.00220361392684002,0.00110180696342001,0.00110180696342001,0.000440722785368004,0.000661084178052005,0.000440722785368004,0.000661084178052005,0.00330542089026003,0.00330542089026003,0.00330542089026003,0.00330542089026003,"nonsyn","nonsyn","nonsyn",1.77e-05,1.76e-06,1.7e-06,1.7e-06,"0.00803225999999999","0.00154292","0.00399344","0.00257153333333333","Q","Q","R","P","L",1,1,1,1,1,1,0
"4515",4778,4534,4534,"g","g","a","a",0.00397000441111601,0.00397000441111601,0.000661667401852669,0.000661667401852669,0,0.000661667401852669,0,0.000661667401852669,0.00463167181296868,0.00463167181296868,0.00463167181296868,0.00463167181296868,"syn","nonsyn","nonsyn",4.2e-06,5.36e-07,1.17e-06,1.17e-06,"0.00105793333333333","0.00176826","1","0.00176826","Q","Q","Q","H","H",0,1,1,0,1,1,0
"4516",4779,4509,4509,"g","g","a","a",0.000887114659569749,0.000887114659569749,0.000221778664892437,0.000221778664892437,0,0.000221778664892437,0,0.000221778664892437,0.00110889332446219,0.00110889332446219,0.00110889332446219,0.00110889332446219,"nonsyn","nonsyn","nonsyn",4.2e-06,5.36e-07,1.17e-06,1.17e-06,"0.00473445","0.00527553000000001","1","0.00527553000000001","D","D","N","H","Y",1,1,1,0,0,0,0
"4517",4780,4442,4442,"a","a","g","g",0.00157586672669968,0.00157586672669968,0,0,0,0,0,0,0.00157586672669968,0.00157586672669968,0.00157586672669968,0.00157586672669968,"nonsyn","nonsyn","nonsyn",1.77e-05,1.76e-06,1.7e-06,1.7e-06,"0.0112319142857143","1","1","1","D","D","G","A","V",1,1,1,0,0,0,0
"4518",4781,4612,4612,"t","t","c","c",0.00195143104943625,0.00195143104943625,0.000216825672159584,0.000216825672159584,0,0.000216825672159584,0,0.000216825672159584,0.00216825672159584,0.00216825672159584,0.00216825672159584,0.00216825672159584,"syn","nonsyn","nonsyn",1.7e-05,1.07e-06,1.21e-06,1.21e-06,"0.00871155555555557","0.00558051999999999","1","0.00558051999999999","D","D","D","E","E",0,0,0,1,0,0,0
"4519",4782,4640,4640,"g","g","a","a",0.00107758620689655,0.00107758620689655,0.00021551724137931,0.00021551724137931,0.00021551724137931,0,0.00021551724137931,0,0.00129310344827586,0.00129310344827586,0.00129310344827586,0.00129310344827586,"nonsyn","nonsyn","nonsyn",4.2e-06,5.36e-07,1.17e-06,1.17e-06,"0.00389760000000001","0.00542880000000001","0.00248704","1","A","A","T","P","S",1,1,1,0,0,0,0
"4520",4783,4645,4645,"c","c","t","t",0.00215285252960172,0.00215285252960172,0.000645855758880517,0.000645855758880517,0.000430570505920344,0.000215285252960172,0.000430570505920344,0.000215285252960172,0.00279870828848224,0.00279870828848224,0.00279870828848224,0.00279870828848224,"nonsyn","nonsyn","nonsyn",4.58e-06,8.37e-07,4.33e-07,4.33e-07,"0.00212741","0.000670428333333333","0.0019439325","0.002011285","A","A","V","D","G",0,1,1,0,0,0,0
"4521",4784,4607,4607,"c","t","t","c",0.00303885391795094,0.99652702409377,0.000434121988278706,0.000434121988278706,0.000434121988278706,0,0.000434121988278706,0,0.00347297590622965,0.996961146082049,0.00347297590622965,0.996961146082049,"syn","syn","syn",1.7e-05,1.07e-06,1.21e-06,1.21e-06,"1.70592463515574e-05","0.002787235","0.002464745","1","A","A","A","A","A",0,0,0,1,1,0,1
"4522",4785,4588,4588,"g","g","a","a",0.0108979947689625,0.0108979947689625,0.000653879686137751,0.000653879686137751,0,0.000653879686137751,0,0.000653879686137751,0.0115518744551003,0.0115518744551003,0.0115518744551003,0.0115518744551003,"nonsyn","nonsyn","nonsyn",4.2e-06,5.36e-07,1.17e-06,1.17e-06,"0.000385392","0.00178932","1","0.00178932","V","V","I","L","F",0,0,0,0,0,0,0
"4523",4786,4524,4524,"t","t","c","c",0.00508399646330681,0.00508399646330681,0.000663129973474801,0.000663129973474801,0.000442086648983201,0.0002210433244916,0.000442086648983201,0.0002210433244916,0.00574712643678161,0.00574712643678161,0.00574712643678161,0.00574712643678161,"nonsyn","nonsyn","nonsyn",1.7e-05,1.07e-06,1.21e-06,1.21e-06,"0.00334382608695652","0.00182468","0.00242034","0.00547404000000001","V","V","A","D","G",0,1,1,0,0,0,0
"4524",4787,4545,4545,"c","c","t","t",0.00132013201320132,0.00132013201320132,0.00022002200220022,0.00022002200220022,0.00022002200220022,0,0.00022002200220022,0,0.00154015401540154,0.00154015401540154,0.00154015401540154,0.00154015401540154,"syn","syn","syn",4.58e-06,8.37e-07,4.33e-07,4.33e-07,"0.00346935","0.001967985","0.003804165","1","V","V","V","V","V",0,0,0,0,0,0,0
"4525",4788,4568,4568,"t","t","c","c",0.00394045534150613,0.00394045534150613,0.000875656742556918,0.000875656742556918,0.000437828371278459,0.000437828371278459,0.000437828371278459,0.000437828371278459,0.00481611208406305,0.00481611208406305,0.00481611208406305,0.00481611208406305,"nonsyn","nonsyn","nonsyn",1.7e-05,1.07e-06,1.21e-06,1.21e-06,"0.00431422222222222","0.00138182","0.00244388","0.00276364","S","S","P","T","A",1,0,1,0,1,0,1
"4526",4789,4602,4602,"c","c","t","t",0.00108648413733159,0.00108648413733159,0,0,0,0,0,0,0.00108648413733159,0.00108648413733159,0.00108648413733159,0.00108648413733159,"nonsyn","nonsyn","nonsyn",4.58e-06,8.37e-07,4.33e-07,4.33e-07,"0.00421543200000002","1","1","1","S","S","F","Y","C",1,1,1,0,0,0,0
"4527",4790,4623,4623,"c","c","t","t",0.00194678780012979,0.00194678780012979,0.000432619511139952,0.000432619511139952,0.000432619511139952,0,0.000432619511139952,0,0.00237940731126974,0.00237940731126974,0.00237940731126974,0.00237940731126974,"syn","syn","syn",4.58e-06,8.37e-07,4.33e-07,4.33e-07,"0.00235259333333333","0.0010008795","0.0019347255","1","S","S","S","S","S",0,0,0,0,1,0,1
"4528",4791,4638,4638,"c","a","t","g",0.00301854247520483,0,0.000215610176800345,0.9997843898232,0.000215610176800345,0,0.996765847347995,0.00301854247520483,0.00323415265200517,0.9997843898232,0.00323415265200517,0.9997843898232,"nonsyn","syn","nonsyn",1.77e-05,1.76e-06,1.7e-06,1.7e-06,"1","1.70036661634678e-06","1.76571057754705e-06","0.000563185714285714","R","R","G","R","W",1,0,1,1,1,1,0
"4529",4792,4642,4642,"g","g","a","a",0.0032313657906075,0.0032313657906075,0.0002154243860405,0.0002154243860405,0.0002154243860405,0,0.0002154243860405,0,0.003446790176648,0.003446790176648,0.003446790176648,0.003446790176648,"nonsyn","nonsyn","nonsyn",4.2e-06,5.36e-07,1.17e-06,1.17e-06,"0.00129976","0.00543113999999999","0.002488112","1","R","R","K","T","M",0,1,1,0,1,1,0
"4530",4793,4632,4632,"c","g","t","a",0.0280656303972366,0,0,1,0,0,0.971934369602763,0.0280656303972366,0.0280656303972366,1,0.0280656303972366,1,"syn","nonsyn","nonsyn",4.2e-06,5.36e-07,1.17e-06,1.17e-06,"1","1.17e-06","5.51477565526433e-07","4.1688e-05","R","R","R","S","S",0,1,1,0,0,0,0
"4531",4794,4615,4615,"a","a","g","g",0.00151679306608884,0.00151679306608884,0,0,0,0,0,0,0.00151679306608884,0.00151679306608884,0.00151679306608884,0.00151679306608884,"nonsyn","nonsyn","nonsyn",1.77e-05,1.76e-06,1.7e-06,1.7e-06,"0.0116693571428571","1","1","1","T","T","A","P","S",1,1,0,0,0,0,0
"4532",4795,4637,4637,"c","c","t","t",0.00150959672201855,0.00150959672201855,0.000215656674574078,0.000215656674574078,0.000215656674574078,0,0.000215656674574078,0,0.00172525339659262,0.00172525339659262,0.00172525339659262,0.00172525339659262,"nonsyn","nonsyn","nonsyn",4.58e-06,8.37e-07,4.33e-07,4.33e-07,"0.00303392285714285","0.002007821","0.003881169","1","T","T","I","N","S",1,0,0,0,0,0,0
"4533",4796,4568,4568,"t","t","c","c",0.00306479859894921,0.00306479859894921,0.000656742556917688,0.000656742556917688,0.000218914185639229,0.000437828371278459,0.000218914185639229,0.000437828371278459,0.0037215411558669,0.0037215411558669,0.0037215411558669,0.0037215411558669,"syn","syn","syn",1.7e-05,1.07e-06,1.21e-06,1.21e-06,"0.00554685714285715","0.00184242666666667","0.00488776000000001","0.00276364","T","T","T","T","T",0,0,0,0,1,0,1
"4534",4797,4642,4642,"c","c","t","t",0.001292546316243,0.001292546316243,0,0,0,0,0,0,0.001292546316243,0.001292546316243,0.001292546316243,0.001292546316243,"stop","nonsyn","nonsyn",4.58e-06,8.37e-07,4.33e-07,4.33e-07,"0.00354339333333333","1","1","1","Q","Q","*","K","E",1,1,1,0,0,0,0
"4535",4798,4632,4632,"a","a","g","g",0.00323834196891192,0.00323834196891192,0.000863557858376511,0.000863557858376511,0.000431778929188256,0.000431778929188256,0.000431778929188256,0.000431778929188256,0.00410189982728843,0.00410189982728843,0.00410189982728843,0.00410189982728843,"nonsyn","nonsyn","nonsyn",1.77e-05,1.76e-06,1.7e-06,1.7e-06,"0.00546575999999999","0.0019686","0.00407616","0.0039372","Q","Q","R","P","L",1,1,1,1,0,0,0
"4536",4799,4600,4600,"a","a","g","g",0.00282608695652174,0.00282608695652174,0.000652173913043478,0.000652173913043478,0.000217391304347826,0.000434782608695652,0.000217391304347826,0.000434782608695652,0.00347826086956522,0.00347826086956522,0.00347826086956522,0.00347826086956522,"syn","nonsyn","nonsyn",1.77e-05,1.76e-06,1.7e-06,1.7e-06,"0.00626307692307692","0.00260666666666667","0.008096","0.00391","Q","Q","Q","H","H",0,1,1,0,0,0,0
"4537",4800,4619,4619,"c","c","t","t",0.00303095908205239,0.00303095908205239,0.000216497077289457,0.000216497077289457,0.000216497077289457,0,0.000216497077289457,0,0.00324745615934185,0.00324745615934185,0.00324745615934185,0.00324745615934185,"nonsyn","nonsyn","nonsyn",4.58e-06,8.37e-07,4.33e-07,4.33e-07,"0.00151107285714286","0.002000027","0.00386610299999999","1","R","R","C","S","G",1,1,1,0,0,0,0
"4538",4801,4592,4592,"g","g","a","a",0.00130662020905923,0.00130662020905923,0.000217770034843206,0.000217770034843206,0,0.000217770034843206,0,0.000217770034843206,0.00152439024390244,0.00152439024390244,0.00152439024390244,0.00152439024390244,"nonsyn","nonsyn","nonsyn",4.2e-06,5.36e-07,1.17e-06,1.17e-06,"0.00321440000000001","0.00537263999999999","1","0.00537263999999999","R","R","H","P","L",0,1,1,0,0,0,0
"4539",4802,4469,4469,"t","c","c","t",0.00402774669948534,0.995748489594988,0.000223763705526964,0.000223763705526964,0,0.000223763705526964,0,0.000223763705526964,0.00425151040501231,0.995972253300515,0.00425151040501231,0.995972253300515,"syn","syn","syn",4.58e-06,8.37e-07,4.33e-07,4.33e-07,"4.59955505617977e-06","0.001935077","1","0.001935077","R","R","R","R","R",0,0,0,0,0,0,0
"4540",4803,4497,4498,"c","c","t","t",0.00088948187680676,0.00088948187680676,0.00022237046920169,0.00022237046920169,0.00022237046920169,0,0.00022237046920169,0,0.00111185234600845,0.00111185234600845,0.00111160515784793,0.00111160515784793,"nonsyn","syn","nonsyn",4.58e-06,8.37e-07,4.33e-07,4.33e-07,"0.005149065","0.001947201","0.003763989","1","R","R","W","R","G",1,0,1,0,1,0,1
"4541",4804,4513,4519,"g","g","a","a",0.00332373144249945,0.00332373144249945,0.000443164192333259,0.000443164192333259,0,0.000443164192333259,0,0.000443164192333259,0.00376689563483271,0.00376689563483271,0.00376189422438593,0.00376189422438593,"nonsyn","nonsyn","nonsyn",4.2e-06,5.36e-07,1.17e-06,1.17e-06,"0.00126364","0.002640105","1","0.002640105","R","R","Q","P","L",1,1,1,0,1,1,0
"4542",4805,4507,4507,"g","g","a","a",0.00177501664078101,0.00177501664078101,0.000221877080097626,0.000221877080097626,0,0.000221877080097626,0,0.000221877080097626,0.00199689372087863,0.00199689372087863,0.00199689372087863,0.00199689372087863,"syn","syn","syn",4.2e-06,5.36e-07,1.17e-06,1.17e-06,"0.002366175","0.00527319","1","0.00527319","R","R","R","R","R",0,0,0,0,1,1,0
"4543",4806,4490,4490,"g","g","a","a",0.00111358574610245,0.00111358574610245,0,0,0,0,0,0,0.00111358574610245,0.00111358574610245,0.00111358574610245,0.00111358574610245,"nonsyn","nonsyn","nonsyn",4.2e-06,5.36e-07,1.17e-06,1.17e-06,"0.0037716","1","1","1","G","G","S","R","C",1,1,0,0,1,1,0
"4544",4807,4513,4514,"g","g","a","a",0.0128517615776645,0.0128517615776645,0,0,0,0,0,0,0.0128517615776645,0.0128517615776645,0.0128489144882588,0.0128489144882588,"nonsyn","nonsyn","nonsyn",4.2e-06,5.36e-07,1.17e-06,1.17e-06,"0.000326803448275863","1","1","1","G","G","D","A","V",1,1,1,0,0,0,0
"4545",4808,4486,4486,"c","c","t","t",0.240526081141329,0.240526081141329,0.000445831475702185,0.000445831475702185,0.000222915737851092,0.000222915737851092,0.000222915737851092,0.000222915737851092,0.240971912617031,0.240971912617031,0.240971912617031,0.240971912617031,"syn","syn","syn",4.58e-06,8.37e-07,4.33e-07,4.33e-07,"1.9041594068582e-05","0.000971218999999999","0.003754782","0.001942438","G","G","G","G","G",0,0,0,0,0,0,0
"4546",4809,4396,4396,"a","a","g","g",0.00272975432211101,0.00272975432211101,0.00181983621474067,0.00181983621474067,0.000682438580527753,0.00113739763421292,0.000682438580527753,0.00113739763421292,0.00454959053685168,0.00454959053685168,0.00454959053685168,0.00454959053685168,"nonsyn","syn","nonsyn",1.77e-05,1.76e-06,1.7e-06,1.7e-06,"0.0064841","0.000934150000000002","0.00257898666666667","0.00149464","R","R","G","R","W",1,0,1,1,1,1,0
"4547",4810,4402,4403,"g","g","a","a",0.00113584734211722,0.00113584734211722,0.000908677873693776,0.000908677873693776,0,0.000908677873693776,0,0.000908677873693776,0.002044525215811,0.002044525215811,0.00204406086759028,0.00204406086759028,"nonsyn","nonsyn","nonsyn",4.2e-06,5.36e-07,1.17e-06,1.17e-06,"0.00369768","0.001287585","1","0.001287585","R","R","K","T","M",0,1,1,0,1,1,0
"4548",4811,4405,4405,"g","g","a","a",0.00204313280363224,0.00204313280363224,0.000227014755959137,0.000227014755959137,0,0.000227014755959137,0,0.000227014755959137,0.00227014755959137,0.00227014755959137,0.00227014755959137,0.00227014755959137,"syn","nonsyn","nonsyn",4.2e-06,5.36e-07,1.17e-06,1.17e-06,"0.00205566666666666","0.00515385000000001","1","0.00515385000000001","R","R","R","S","S",0,1,1,0,0,0,0
"4549",4812,4444,4444,"a","a","g","g",0.00337533753375338,0.00337533753375338,0.00112511251125113,0.00112511251125113,0.00045004500450045,0.000675067506750675,0.00045004500450045,0.000675067506750675,0.0045004500450045,0.0045004500450045,0.0045004500450045,0.0045004500450045,"nonsyn","nonsyn","nonsyn",1.77e-05,1.76e-06,1.7e-06,1.7e-06,"0.00524391999999999","0.00151095999999999","0.00391072","0.00251826666666667","T","T","A","P","S",1,1,0,0,0,0,0
"4550",4813,4447,4448,"c","c","t","t",0.00157409489543512,0.00157409489543512,0,0,0,0,0,0,0.00157409489543512,0.00157409489543512,0.00157374100719424,0.00157374100719424,"nonsyn","nonsyn","nonsyn",4.58e-06,8.37e-07,4.33e-07,4.33e-07,"0.00290960857142858","1","1","1","T","T","I","N","S",1,0,0,0,0,0,0
"4551",4814,4406,4412,"a","c","g","t",0.00363141171130277,0.00249659555152065,0.00272355878347708,0.997276441216523,0.000226963231956423,0.00249659555152065,0.99364502950522,0.00363141171130277,0.00635497049477985,0.999773036768044,0.00634632819582956,0.998413417951043,"syn","syn","syn",4.58e-06,8.37e-07,4.33e-07,4.33e-07,"0.00183449818181818","4.34182521620391e-07","8.42353129282778e-07","0.000119237375","T","T","T","T","T",0,0,0,0,1,0,1
"4552",4815,4391,4391,"g","g","a","a",0.00113869278068777,0.00113869278068777,0.000683215668412662,0.000683215668412662,0,0.000683215668412662,0,0.000683215668412662,0.00182190844910043,0.00182190844910043,0.00182190844910043,0.00182190844910043,"nonsyn","nonsyn","nonsyn",4.2e-06,5.36e-07,1.17e-06,1.17e-06,"0.00368844","0.00171249","1","0.00171249","G","G","S","R","C",1,1,0,0,1,1,0
"4553",4816,4303,4303,"g","g","a","a",0.00325354403904253,0.00325354403904253,0.000232396002788752,0.000232396002788752,0,0.000232396002788752,0,0.000232396002788752,0.00348594004183128,0.00348594004183128,0.00348594004183128,0.00348594004183128,"nonsyn","nonsyn","nonsyn",4.2e-06,5.36e-07,1.17e-06,1.17e-06,"0.0012909","0.00503451","1","0.00503451","G","G","D","A","V",1,1,1,0,0,0,0
"4554",4817,4394,4394,"c","c","t","t",0.000682749203459263,0.000682749203459263,0,0,0,0,0,0,0.000682749203459263,0.000682749203459263,0.000682749203459263,0.000682749203459263,"syn","syn","syn",4.58e-06,8.37e-07,4.33e-07,4.33e-07,"0.00670817333333333","1","1","1","G","G","G","G","G",0,0,0,0,0,0,0
"4555",4818,4339,4339,"a","a","g","g",0.00299608204655451,0.00299608204655451,0.00161327494814473,0.00161327494814473,0,0.00161327494814473,0,0.00161327494814473,0.00460935699469924,0.00460935699469924,0.00460935699469924,0.00460935699469924,"nonsyn","syn","nonsyn",1.77e-05,1.76e-06,1.7e-06,1.7e-06,"0.00590771538461538","0.00105375714285715","1","0.00105375714285715","R","R","G","R","W",1,0,1,1,1,1,0
"4556",4819,4316,4343,"g","g","a","a",0.00185356811862836,0.00185356811862836,0.00139017608897127,0.00139017608897127,0,0.00139017608897127,0,0.00139017608897127,0.00324374420759963,0.00324374420759963,0.00322357817177067,0.00322357817177067,"nonsyn","nonsyn","nonsyn",4.2e-06,5.36e-07,1.17e-06,1.17e-06,"0.0022659","0.00084162","1","0.00084162","R","R","K","T","M",0,1,1,0,1,1,0
"4557",4820,4330,4330,"g","g","a","a",0.00184757505773672,0.00184757505773672,0.00161662817551963,0.00161662817551963,0,0.00161662817551963,0,0.00161662817551963,0.00346420323325635,0.00346420323325635,0.00346420323325635,0.00346420323325635,"syn","nonsyn","nonsyn",4.2e-06,5.36e-07,1.17e-06,1.17e-06,"0.00227325","0.000723728571428572","1","0.000723728571428572","R","R","R","S","S",0,1,1,0,1,1,0
"4558",4821,4324,4324,"g","g","a","a",0.00161887141535615,0.00161887141535615,0.000462534690101758,0.000462534690101758,0,0.000462534690101758,0,0.000462534690101758,0.00208140610545791,0.00208140610545791,0.00208140610545791,0.00208140610545791,"nonsyn","nonsyn","nonsyn",4.2e-06,5.36e-07,1.17e-06,1.17e-06,"0.0025944","0.00252954","1","0.00252954","G","G","R","R","W",1,1,1,0,1,1,0
"4559",4822,4388,4389,"g","g","a","a",0.000683682771194166,0.000683682771194166,0.000683682771194166,0.000683682771194166,0,0.000683682771194166,0,0.000683682771194166,0.00136736554238833,0.00136736554238833,0.00136705399863295,0.00136705399863295,"nonsyn","nonsyn","nonsyn",4.2e-06,5.36e-07,1.17e-06,1.17e-06,"0.0061432","0.00171132","1","0.00171132","G","G","E","A","V",1,1,1,0,1,1,0
"4560",4823,4370,4370,"g","g","a","a",0.00022883295194508,0.00022883295194508,0.00045766590389016,0.00045766590389016,0,0.00045766590389016,0,0.00045766590389016,0.00068649885583524,0.00068649885583524,0.00068649885583524,0.00068649885583524,"syn","syn","syn",4.2e-06,5.36e-07,1.17e-06,1.17e-06,"0.018354","0.00255645","1","0.00255645","G","G","G","G","G",0,0,0,0,0,0,0
"4561",4824,4280,4280,"a","a","g","g",0.00607476635514019,0.00607476635514019,0.000700934579439252,0.000700934579439252,0,0.000700934579439252,0,0.000700934579439252,0.00677570093457944,0.00677570093457944,0.00677570093457944,0.00677570093457944,"nonsyn","nonsyn","stop",1.77e-05,1.76e-06,1.7e-06,1.7e-06,"0.00291369230769231","0.00242533333333333","1","0.00242533333333333","K","K","E","Q","*",1,1,1,0,0,0,0
"4562",4825,4293,4293,"a","a","g","g",0.00163056137898905,0.00163056137898905,0.000698812019566737,0.000698812019566737,0.000232937339855579,0.000465874679711158,0.000232937339855579,0.000465874679711158,0.00232937339855579,0.00232937339855579,0.00232937339855579,0.00232937339855579,"nonsyn","nonsyn","nonsyn",1.77e-05,1.76e-06,1.7e-06,1.7e-06,"0.0108551571428572","0.0024327","0.00755568","0.00364905","K","K","R","T","M",0,1,1,0,1,1,0
"4563",4826,4297,4297,"g","g","a","a",0.001629043518734,0.001629043518734,0,0,0,0,0,0,0.001629043518734,0.001629043518734,0.001629043518734,0.001629043518734,"syn","nonsyn","nonsyn",4.2e-06,5.36e-07,1.17e-06,1.17e-06,"0.0025782","1","1","1","K","K","K","N","N",0,1,1,0,0,0,0
"4564",4827,4363,4363,"c","c","t","t",0.00137520055008022,0.00137520055008022,0.00068760027504011,0.00068760027504011,0.000458400183360073,0.000229200091680037,0.000458400183360073,0.000229200091680037,0.00206280082512033,0.00206280082512033,0.00206280082512033,0.00206280082512033,"nonsyn","nonsyn","nonsyn",4.58e-06,8.37e-07,4.33e-07,4.33e-07,"0.00333042333333333","0.000629726333333333","0.0018259155","0.001889179","P","P","S","T","A",1,1,1,0,0,0,0
"4565",4828,4383,4383,"c","c","t","t",0.00228154232261008,0.00228154232261008,0.000912616929044034,0.000912616929044034,0.000912616929044034,0,0.000912616929044034,0,0.00319415925165412,0.00319415925165412,0.00319415925165412,0.00319415925165412,"nonsyn","nonsyn","nonsyn",4.58e-06,8.37e-07,4.33e-07,4.33e-07,"0.002007414","0.00047445975","0.00091714275","1","P","P","L","Q","R",1,1,1,0,1,0,1
"4566",4829,4362,4362,"g","a","a","g",0.00435580009170105,0.994497936726272,0.00114626318202659,0.00114626318202659,0.000917010545621275,0.000229252636405319,0.000917010545621275,0.000229252636405319,0.00550206327372765,0.995644199908299,0.00550206327372765,0.995644199908299,"syn","syn","syn",1.77e-05,1.76e-06,1.7e-06,1.7e-06,"1.77979253112033e-05","0.00148308","0.00191928","0.00741539999999999","P","P","P","P","P",0,0,0,1,1,1,0
"4567",4830,4342,4342,"g","g","a","a",0.00276370336250576,0.00276370336250576,0.00138185168125288,0.00138185168125288,0,0.00138185168125288,0,0.00138185168125288,0.00414555504375864,0.00414555504375864,0.00414555504375864,0.00414555504375864,"nonsyn","nonsyn","nonsyn",4.2e-06,5.36e-07,1.17e-06,1.17e-06,"0.0015197","0.000846689999999999","1","0.000846689999999999","G","G","S","R","C",1,1,0,0,1,1,0
"4568",4831,4374,4374,"g","g","a","a",0.00182898948331047,0.00182898948331047,0.000457247370827618,0.000457247370827618,0.000228623685413809,0.000228623685413809,0.000228623685413809,0.000228623685413809,0.00228623685413809,0.00228623685413809,0.00228623685413809,0.00228623685413809,"nonsyn","nonsyn","nonsyn",4.2e-06,5.36e-07,1.17e-06,1.17e-06,"0.00229635","0.00255879","0.002344464","0.00511758","G","G","D","A","V",1,1,1,0,0,0,0
"4569",4832,4377,4377,"c","c","t","t",0.00114233493260224,0.00114233493260224,0,0,0,0,0,0,0.00114233493260224,0.00114233493260224,0.00114233493260224,0.00114233493260224,"syn","syn","syn",4.58e-06,8.37e-07,4.33e-07,4.33e-07,"0.004009332","1","1","1","G","G","G","G","G",0,0,0,0,0,0,0
"4570",4833,4357,4357,"a","a","g","g",0.00160661005278862,0.00160661005278862,0.000688547165480835,0.000688547165480835,0.000229515721826945,0.00045903144365389,0.000229515721826945,0.00045903144365389,0.00229515721826945,0.00229515721826945,0.00229515721826945,0.00229515721826945,"nonsyn","nonsyn","nonsyn",1.77e-05,1.76e-06,1.7e-06,1.7e-06,"0.0110169857142857","0.00246896666666667","0.00766832000000001","0.00370345","I","I","V","L","F",0,0,0,1,0,0,0
"4571",4834,4370,4370,"t","t","c","c",0.00251716247139588,0.00251716247139588,0.00022883295194508,0.00022883295194508,0.00022883295194508,0,0.00022883295194508,0,0.00274599542334096,0.00274599542334096,0.00274599542334096,0.00274599542334096,"nonsyn","nonsyn","nonsyn",1.7e-05,1.07e-06,1.21e-06,1.21e-06,"0.00675363636363637","0.0052877","0.0046759","1","I","I","T","N","S",1,1,1,0,0,0,0
"4572",4835,4394,4394,"c","c","t","t",0.00136549840691853,0.00136549840691853,0,0,0,0,0,0,0.00136549840691853,0.00136549840691853,0.00136549840691853,0.00136549840691853,"syn","syn","nonsyn",4.58e-06,8.37e-07,4.33e-07,4.33e-07,"0.00335408666666666","1","1","1","I","I","I","I","M",0,0,0,0,0,0,0
"4573",4836,4375,4375,"t","t","c","c",0.00137142857142857,0.00137142857142857,0.000914285714285714,0.000914285714285714,0.000457142857142857,0.000457142857142857,0.000457142857142857,0.000457142857142857,0.00228571428571429,0.00228571428571429,0.00228571428571429,0.00228571428571429,"nonsyn","nonsyn","nonsyn",1.7e-05,1.07e-06,1.21e-06,1.21e-06,"0.0123958333333333","0.0013234375","0.002340625","0.002646875","Y","Y","H","N","D",1,1,1,0,1,0,1
"4574",4837,4241,4241,"a","a","g","g",0.00117896722471115,0.00117896722471115,0.000235793444942231,0.000235793444942231,0.000235793444942231,0,0.000235793444942231,0,0.00141476066965338,0.00141476066965338,0.00141476066965338,0.00141476066965338,"nonsyn","nonsyn","nonsyn",1.77e-05,1.76e-06,1.7e-06,1.7e-06,"0.01501314","0.00720969999999999","0.00746415999999999","1","Y","Y","C","S","F",1,1,0,0,0,0,0
"4575",4838,4276,4276,"t","t","c","c",0.00210477081384471,0.00210477081384471,0,0,0,0,0,0,0.00210477081384471,0.00210477081384471,0.00210477081384471,0.00210477081384471,"syn","stop","stop",1.7e-05,1.07e-06,1.21e-06,1.21e-06,"0.00807688888888891","1","1","1","Y","Y","Y","*","*",0,1,1,0,0,0,0
"4576",4839,4162,4162,"a","a","g","g",0.00168188370975493,0.00168188370975493,0.000961076405574243,0.000961076405574243,0.000480538202787122,0.000480538202787122,0.000480538202787122,0.000480538202787122,0.00264296011532917,0.00264296011532917,0.00264296011532917,0.00264296011532917,"nonsyn","syn","stop",1.77e-05,1.76e-06,1.7e-06,1.7e-06,"0.0105239142857143","0.00176885","0.00366256","0.0035377","R","R","G","R","*",1,0,1,0,1,1,0
"4577",4840,4336,4336,"g","g","a","a",0.00161439114391144,0.00161439114391144,0.000922509225092251,0.000922509225092251,0.000230627306273063,0.000691881918819188,0.000230627306273063,0.000691881918819188,0.00253690036900369,0.00253690036900369,0.00253690036900369,0.00253690036900369,"nonsyn","nonsyn","nonsyn",4.2e-06,5.36e-07,1.17e-06,1.17e-06,"0.0026016","0.00126828","0.002324096","0.00169104","R","R","K","T","I",0,1,1,0,0,0,0
"4578",4841,4295,4295,"g","a","a","g",0.00069848661233993,0.99930151338766,0,0,0,0,0,0,0.00069848661233993,0.99930151338766,0.00069848661233993,0.99930151338766,"syn","nonsyn","nonsyn",1.77e-05,1.76e-06,1.7e-06,1.7e-06,"1.77123718546132e-05","1","1","1","R","R","R","S","S",0,1,1,0,0,0,0
"4579",4842,4224,4225,"t","t","c","c",0.00236742424242424,0.00236742424242424,0.000236742424242424,0.000236742424242424,0,0.000236742424242424,0,0.000236742424242424,0.00260416666666667,0.00260416666666667,0.00260355029585799,0.00260355029585799,"nonsyn","nonsyn","nonsyn",1.7e-05,1.07e-06,1.21e-06,1.21e-06,"0.00718080000000001","0.00511104000000001","1","0.00511104000000001","Y","F","L","I","V",0,0,0,0,0,0,0
"4580",4843,4277,4278,"a","t","g","c",0.00116904372223521,0,0,1,0,0,0.998830956277765,0.00116904372223521,0.00116904372223521,1,0.00116877045348294,0.999766245909303,"nonsyn","nonsyn","nonsyn",1.7e-05,1.07e-06,1.21e-06,1.21e-06,"1","1.21e-06","1.07125234082397e-06","0.001035034","Y","F","S","Y","C",1,0,1,0,0,0,0
"4581",4844,4238,4238,"t","t","c","c",0.00235960358659745,0.00235960358659745,0.000707881075979236,0.000707881075979236,0.000707881075979236,0,0.000707881075979236,0,0.00306748466257669,0.00306748466257669,0.00306748466257669,0.00306748466257669,"syn","nonsyn","nonsyn",1.7e-05,1.07e-06,1.21e-06,1.21e-06,"0.00720460000000001","0.00170932666666667","0.00151155333333333","1","Y","F","F","L","L",0,0,0,1,0,0,0
"4582",4845,4219,4219,"g","g","a","a",0.000474045982460299,0.000474045982460299,0,0,0,0,0,0,0.000474045982460299,0.000474045982460299,0.000474045982460299,0.000474045982460299,"nonsyn","nonsyn","nonsyn",4.2e-06,5.36e-07,1.17e-06,1.17e-06,"0.00885989999999999","1","1","1","V","V","M","L","L",0,0,0,0,0,0,0
"4583",4846,4257,4257,"t","t","c","c",0.00587268029128494,0.00587268029128494,0.000469814423302795,0.000469814423302795,0.000469814423302795,0,0.000469814423302795,0,0.00634249471458774,0.00634249471458774,0.00634249471458774,0.00634249471458774,"nonsyn","nonsyn","nonsyn",1.7e-05,1.07e-06,1.21e-06,1.21e-06,"0.00289476","0.002575485","0.002277495","1","V","V","A","E","G",0,1,1,1,0,0,0
"4584",4847,4076,4076,"g","g","a","a",0.0287046123650638,0.0287046123650638,0.000245338567222767,0.000245338567222767,0,0.000245338567222767,0,0.000245338567222767,0.0289499509322866,0.0289499509322866,0.0289499509322866,0.0289499509322866,"syn","syn","syn",4.2e-06,5.36e-07,1.17e-06,1.17e-06,"0.000146317948717949","0.00476892000000001","1","0.00476892000000001","V","V","V","V","V",0,0,0,0,1,1,0
"4585",4848,4065,4065,"g","g","a","a",0.0031980319803198,0.0031980319803198,0.000738007380073801,0.000738007380073801,0.0002460024600246,0.0004920049200492,0.0002460024600246,0.0004920049200492,0.0039360393603936,0.0039360393603936,0.0039360393603936,0.0039360393603936,"nonsyn","nonsyn","nonsyn",4.2e-06,5.36e-07,1.17e-06,1.17e-06,"0.00131330769230769","0.00158535","0.00217884","0.002378025","A","A","T","P","S",1,1,1,0,0,0,0
"4586",4849,4050,4050,"c","c","t","t",0.00197530864197531,0.00197530864197531,0,0,0,0,0,0,0.00197530864197531,0.00197530864197531,0.00197530864197531,0.00197530864197531,"nonsyn","nonsyn","nonsyn",4.58e-06,8.37e-07,4.33e-07,4.33e-07,"0.002318625","1","1","1","A","A","V","E","G",0,1,1,0,0,0,0
"4587",4850,4039,4039,"a","a","g","g",0.00693240901213172,0.00693240901213172,0,0,0,0,0,0,0.00693240901213172,0.00693240901213172,0.00693240901213172,0.00693240901213172,"syn","syn","syn",1.77e-05,1.76e-06,1.7e-06,1.7e-06,"0.002553225","1","1","1","A","A","A","A","A",0,0,0,1,0,0,0
"4588",4851,4042,4042,"c","c","t","t",0.000989609104403761,0.000989609104403761,0.00024740227610094,0.00024740227610094,0.00024740227610094,0,0.00024740227610094,0,0.0012370113805047,0.0012370113805047,0.0012370113805047,0.0012370113805047,"nonsyn","nonsyn","nonsyn",4.58e-06,8.37e-07,4.33e-07,4.33e-07,"0.00462809","0.001750186","0.003383154","1","P","P","S","T","A",1,1,1,0,0,0,0
"4589",4852,4042,4042,"c","c","t","t",0.00222662048490846,0.00222662048490846,0.00049480455220188,0.00049480455220188,0.00024740227610094,0.00024740227610094,0.00024740227610094,0.00024740227610094,0.00272142503711034,0.00272142503711034,0.00272142503711034,0.00272142503711034,"nonsyn","nonsyn","nonsyn",4.58e-06,8.37e-07,4.33e-07,4.33e-07,"0.00205692888888889","0.000875093000000001","0.003383154","0.001750186","P","P","L","Q","R",1,1,1,0,1,0,1
"4590",4853,4049,4059,"g","g","a","a",0.00518646579402322,0.00518646579402322,0.000987898246480612,0.000987898246480612,0.000493949123240306,0.000493949123240306,0.000493949123240306,0.000493949123240306,0.00617436404050383,0.00617436404050383,0.00615915250061592,0.00615915250061592,"syn","syn","syn",4.2e-06,5.36e-07,1.17e-06,1.17e-06,"0.000809799999999999","0.0011843325","0.001085132","0.002368665","P","P","P","P","P",0,0,0,0,1,1,0
"4591",4854,4051,4051,"g","g","a","a",0.00222167366082449,0.00222167366082449,0.000740557886941496,0.000740557886941496,0,0.000740557886941496,0,0.000740557886941496,0.00296223154776598,0.00296223154776598,0.00296223154776598,0.00296223154776598,"nonsyn","nonsyn","nonsyn",4.2e-06,5.36e-07,1.17e-06,1.17e-06,"0.00189046666666666","0.00157989","1","0.00157989","G","G","R","R","W",1,1,1,0,1,1,0
"4592",4855,4114,4114,"g","g","a","a",0.00170150704910063,0.00170150704910063,0.000486144871171609,0.000486144871171609,0,0.000486144871171609,0,0.000486144871171609,0.00218765192027224,0.00218765192027224,0.00218765192027224,0.00218765192027224,"nonsyn","nonsyn","nonsyn",4.2e-06,5.36e-07,1.17e-06,1.17e-06,"0.0024684","0.00240669","1","0.00240669","G","G","E","A","V",1,1,1,0,1,1,0
"4593",4856,4144,4144,"g","g","a","a",0.00241312741312741,0.00241312741312741,0,0,0,0,0,0,0.00241312741312741,0.00241312741312741,0.00241312741312741,0.00241312741312741,"syn","syn","syn",4.2e-06,5.36e-07,1.17e-06,1.17e-06,"0.00174048","1","1","1","G","G","G","G","G",0,0,0,0,1,1,0
"4594",4857,4118,4119,"g","g","a","a",0.000971345313258863,0.000971345313258863,0.000242836328314716,0.000242836328314716,0,0.000242836328314716,0,0.000242836328314716,0.00121418164157358,0.00121418164157358,0.00121388686574411,0.00121388686574411,"nonsyn","nonsyn","stop",4.2e-06,5.36e-07,1.17e-06,1.17e-06,"0.0043239","0.00481806","1","0.00481806","E","E","K","Q","*",1,1,1,0,0,0,0
"4595",4858,4123,4125,"a","a","g","g",0.00388066941547417,0.00388066941547417,0.000242541838467136,0.000242541838467136,0.000242541838467136,0,0.000242541838467136,0,0.0041232112539413,0.0041232112539413,0.00412121212121212,0.00412121212121212,"nonsyn","nonsyn","nonsyn",1.77e-05,1.76e-06,1.7e-06,1.7e-06,"0.00456106875","0.00700909999999999","0.00725647999999999","1","E","E","G","A","V",1,1,1,0,1,1,0
"4596",4859,4102,4102,"a","g","g","a",0.00268161872257435,0.996343247196489,0.000975134080936129,0.000975134080936129,0,0.000975134080936129,0,0.000975134080936129,0.00365675280351048,0.997318381277426,0.00365675280351048,0.997318381277426,"syn","nonsyn","nonsyn",4.2e-06,5.36e-07,1.17e-06,1.17e-06,"4.21541472963054e-06","0.001199835","1","0.001199835","E","E","E","D","D",0,0,0,0,0,0,0
"4597",4860,4130,4130,"c","c","t","t",0.00338983050847458,0.00338983050847458,0,0,0,0,0,0,0.00338983050847458,0.00338983050847458,0.00338983050847458,0.00338983050847458,"nonsyn","nonsyn","nonsyn",4.58e-06,8.37e-07,4.33e-07,4.33e-07,"0.0013511","1","1","1","R","R","C","S","G",1,1,1,0,0,0,0
"4598",4861,4091,4093,"g","g","a","a",0.0046443412368614,0.0046443412368614,0.000488878024932779,0.000488878024932779,0.00024443901246639,0.00024443901246639,0.00024443901246639,0.00024443901246639,0.00513321926179418,0.00513321926179418,0.00513071096994869,0.00513071096994869,"nonsyn","nonsyn","nonsyn",4.2e-06,5.36e-07,1.17e-06,1.17e-06,"0.000904326315789474","0.002393235","0.002192776","0.00478646999999999","R","R","H","P","L",0,1,1,0,0,0,0
"4599",4862,4096,4101,"c","c","t","t",0.001953125,0.001953125,0.000244140625,0.000244140625,0.000244140625,0,0.000244140625,0,0.002197265625,0.002197265625,0.0021945866861741,0.0021945866861741,"syn","syn","syn",4.58e-06,8.37e-07,4.33e-07,4.33e-07,"0.00234496","0.001773568","0.003428352","1","R","R","R","R","R",0,0,0,0,0,0,0
"4600",4863,4061,4061,"c","c","t","t",0.00147746860379217,0.00147746860379217,0.00049248953459739,0.00049248953459739,0.00049248953459739,0,0.00049248953459739,0,0.00196995813838956,0.00196995813838956,0.00196995813838956,0.00196995813838956,"nonsyn","nonsyn","nonsyn",4.58e-06,8.37e-07,4.33e-07,4.33e-07,"0.00309989666666667","0.0008792065","0.0016995285","1","P","P","S","T","A",1,1,1,0,1,0,1
"4601",4864,4063,4063,"c","c","t","t",0.00073837066207236,0.00073837066207236,0.00024612355402412,0.00024612355402412,0.00024612355402412,0,0.00024612355402412,0,0.00098449421609648,0.00098449421609648,0.00098449421609648,0.00098449421609648,"nonsyn","nonsyn","nonsyn",4.58e-06,8.37e-07,4.33e-07,4.33e-07,"0.00620284666666667","0.001759279","0.003400731","1","P","P","L","H","R",1,1,1,0,1,0,1
"4602",4865,4071,4071,"c","c","t","t",0.000491279783836895,0.000491279783836895,0.00122819945959224,0.00122819945959224,0.00098255956767379,0.000245639891918448,0.00098255956767379,0.000245639891918448,0.00171947924342913,0.00171947924342913,0.00171947924342913,0.00171947924342913,"syn","syn","syn",4.58e-06,8.37e-07,4.33e-07,4.33e-07,"0.00932259","0.000352548599999999","0.00085185675","0.001762743","P","P","P","P","P",0,0,0,0,1,0,1
"4603",4866,4112,4113,"t","t","c","c",0.00364785992217899,0.00364785992217899,0,0,0,0,0,0,0.00364785992217899,0.00364785992217899,0.00364697301239971,0.00364697301239971,"nonsyn","nonsyn","nonsyn",1.7e-05,1.07e-06,1.21e-06,1.21e-06,"0.00466026666666666","1","1","1","S","S","P","T","A",1,0,1,0,1,0,1
"4604",4867,4139,4139,"c","c","t","t",0.000483208504469679,0.000483208504469679,0,0,0,0,0,0,0.000483208504469679,0.000483208504469679,0.000483208504469679,0.000483208504469679,"nonsyn","nonsyn","nonsyn",4.58e-06,8.37e-07,4.33e-07,4.33e-07,"0.00947831","1","1","1","S","S","F","Y","C",1,1,1,0,0,0,0
"4605",4868,4154,4154,"c","c","t","t",0.000962927298988926,0.000962927298988926,0.000962927298988926,0.000962927298988926,0.000481463649494463,0.000481463649494463,0.000481463649494463,0.000481463649494463,0.00192585459797785,0.00192585459797785,0.00192585459797785,0.00192585459797785,"syn","syn","syn",4.58e-06,8.37e-07,4.33e-07,4.33e-07,"0.00475633","0.0004496705","0.001738449","0.000899341","S","S","S","S","S",0,0,0,0,1,0,1
"4606",4869,4184,4184,"g","g","a","a",0.00239005736137667,0.00239005736137667,0.000239005736137667,0.000239005736137667,0,0.000239005736137667,0,0.000239005736137667,0.00262906309751434,0.00262906309751434,0.00262906309751434,0.00262906309751434,"nonsyn","nonsyn","nonsyn",4.2e-06,5.36e-07,1.17e-06,1.17e-06,"0.00175728","0.00489528000000001","1","0.00489528000000001","G","G","S","R","C",1,1,0,0,1,1,0
"4607",4870,4180,4180,"g","g","a","a",0.00239234449760766,0.00239234449760766,0.000478468899521531,0.000478468899521531,0.000478468899521531,0,0.000478468899521531,0,0.00287081339712919,0.00287081339712919,0.00287081339712919,0.00287081339712919,"nonsyn","nonsyn","nonsyn",4.2e-06,5.36e-07,1.17e-06,1.17e-06,"0.0017556","0.0024453","0.00112024","1","G","G","D","A","V",1,1,1,0,0,0,0
"4608",4871,4187,4187,"c","c","t","t",0.00286601385240029,0.00286601385240029,0.000238834487700024,0.000238834487700024,0,0.000238834487700024,0,0.000238834487700024,0.00310484834010031,0.00310484834010031,0.00310484834010031,0.00310484834010031,"syn","syn","syn",4.58e-06,8.37e-07,4.33e-07,4.33e-07,"0.00159803833333333","0.001812971","1","0.001812971","G","G","G","G","G",0,0,0,0,0,0,0
"4609",4872,4196,4196,"a","a","g","g",0.00357483317445186,0.00357483317445186,0.000238322211630124,0.000238322211630124,0.000238322211630124,0,0.000238322211630124,0,0.00381315538608198,0.00381315538608198,0.00381315538608198,0.00381315538608198,"nonsyn","nonsyn","nonsyn",1.77e-05,1.76e-06,1.7e-06,1.7e-06,"0.00495128","0.0071332","0.00738496","1","M","M","V","L","L",0,0,0,1,0,0,0
"4610",4873,4149,4149,"t","t","c","c",0.00120510966497951,0.00120510966497951,0.000723065798987708,0.000723065798987708,0.000241021932995903,0.000482043865991805,0.000241021932995903,0.000482043865991805,0.00192817546396722,0.00192817546396722,0.00192817546396722,0.00192817546396722,"nonsyn","nonsyn","nonsyn",1.7e-05,1.07e-06,1.21e-06,1.21e-06,"0.0141066","0.00167343","0.00443942999999999","0.002510145","M","M","T","K","R",1,1,1,1,0,0,0
"4611",4874,4243,4243,"g","g","a","a",0.000942729201037002,0.000942729201037002,0.000235682300259251,0.000235682300259251,0,0.000235682300259251,0,0.000235682300259251,0.00117841150129625,0.00117841150129625,0.00117841150129625,0.00117841150129625,"nonsyn","nonsyn","nonsyn",4.2e-06,5.36e-07,1.17e-06,1.17e-06,"0.00445515","0.00496430999999999","1","0.00496430999999999","M","M","I","I","I",0,0,0,0,0,0,0
"4612",4875,4202,4202,"t","t","c","c",0.00713945740123751,0.00713945740123751,0.000475963826749167,0.000475963826749167,0.000475963826749167,0,0.000475963826749167,0,0.00761542122798667,0.00761542122798667,0.00761542122798667,0.00761542122798667,"nonsyn","nonsyn","nonsyn",1.7e-05,1.07e-06,1.21e-06,1.21e-06,"0.00238113333333333","0.00254221","0.00224807","1","F","F","L","I","V",0,0,0,0,0,0,0
"4613",4876,4204,4204,"t","t","c","c",0.00356803044719315,0.00356803044719315,0.000475737392959087,0.000475737392959087,0.000475737392959087,0,0.000475737392959087,0,0.00404376784015224,0.00404376784015224,0.00404376784015224,0.00404376784015224,"nonsyn","nonsyn","nonsyn",1.7e-05,1.07e-06,1.21e-06,1.21e-06,"0.00476453333333333","0.00254342","0.00224914","1","F","F","S","Y","C",1,0,1,0,0,0,0
"4614",4877,4195,4195,"c","c","t","t",0.00143027413587604,0.00143027413587604,0.00119189511323004,0.00119189511323004,0.00119189511323004,0,0.00119189511323004,0,0.00262216924910608,0.00262216924910608,0.00262216924910608,0.00262216924910608,"syn","nonsyn","nonsyn",4.58e-06,8.37e-07,4.33e-07,4.33e-07,"0.00320218333333334","0.000363286999999999","0.000702242999999997","1","F","F","F","L","L",0,0,0,0,0,0,0
"4615",4878,4188,4188,"g","g","a","a",0.00143266475644699,0.00143266475644699,0.000716332378223496,0.000716332378223496,0,0.000716332378223496,0,0.000716332378223496,0.00214899713467049,0.00214899713467049,0.00214899713467049,0.00214899713467049,"nonsyn","nonsyn","nonsyn",4.2e-06,5.36e-07,1.17e-06,1.17e-06,"0.0029316","0.00163332","1","0.00163332","D","D","N","H","Y",1,1,1,0,0,0,0
"4616",4879,4095,4095,"a","a","g","g",0.00170940170940171,0.00170940170940171,0.000244200244200244,0.000244200244200244,0,0.000244200244200244,0,0.000244200244200244,0.00195360195360195,0.00195360195360195,0.00195360195360195,0.00195360195360195,"nonsyn","nonsyn","nonsyn",1.77e-05,1.76e-06,1.7e-06,1.7e-06,"0.0103545","0.00696150000000001","1","0.00696150000000001","D","D","G","A","V",1,1,1,0,0,0,0
"4617",4880,4103,4103,"c","c","t","t",0.00073117231294175,0.00073117231294175,0,0,0,0,0,0,0.00073117231294175,0.00073117231294175,0.00073117231294175,0.00073117231294175,"syn","nonsyn","nonsyn",4.58e-06,8.37e-07,4.33e-07,4.33e-07,"0.00626391333333333","1","1","1","D","D","D","E","E",0,0,0,0,0,0,0
"4618",4881,4011,4011,"t","t","c","c",0.00274245823984044,0.00274245823984044,0.00099725754176016,0.00099725754176016,0.00099725754176016,0,0.00099725754176016,0,0.0037397157816006,0.0037397157816006,0.0037397157816006,0.0037397157816006,"nonsyn","nonsyn","nonsyn",1.7e-05,1.07e-06,1.21e-06,1.21e-06,"0.00619881818181818","0.0012133275","0.0010729425","1","S","S","P","T","A",1,0,1,0,1,0,1
"4619",4882,4017,4017,"c","c","t","t",0.0019915359721185,0.0019915359721185,0.000497883993029624,0.000497883993029624,0.000497883993029624,0,0.000497883993029624,0,0.00248941996514812,0.00248941996514812,0.00248941996514812,0.00248941996514812,"nonsyn","stop","nonsyn",4.58e-06,8.37e-07,4.33e-07,4.33e-07,"0.0022997325","0.0008696805","0.0016811145","1","S","S","L","*","W",1,1,1,0,0,0,0
"4620",4883,4001,4001,"g","g","a","a",0.00174956260934766,0.00174956260934766,0.000249937515621095,0.000249937515621095,0,0.000249937515621095,0,0.000249937515621095,0.00199950012496876,0.00199950012496876,0.00199950012496876,0.00199950012496876,"syn","syn","syn",4.2e-06,5.36e-07,1.17e-06,1.17e-06,"0.0024006","0.00468116999999999","1","0.00468116999999999","S","S","S","S","S",0,0,0,0,0,0,0
"4621",4884,4038,4038,"t","t","c","c",0.00396235760277365,0.00396235760277365,0.000990589400693413,0.000990589400693413,0.000990589400693413,0,0.000990589400693413,0,0.00495294700346706,0.00495294700346706,0.00495294700346706,0.00495294700346706,"nonsyn","nonsyn","nonsyn",1.7e-05,1.07e-06,1.21e-06,1.21e-06,"0.004290375","0.001221495","0.001080165","1","S","S","P","T","A",1,0,1,0,0,0,0
"4622",4885,4023,4023,"c","c","t","t",0.00795426298782003,0.00795426298782003,0.000497141436738752,0.000497141436738752,0.000497141436738752,0,0.000497141436738752,0,0.00845140442455879,0.00845140442455879,0.00845140442455879,0.00845140442455879,"nonsyn","nonsyn","nonsyn",4.58e-06,8.37e-07,4.33e-07,4.33e-07,"0.000575791875","0.0008709795","0.0016836255","1","S","S","F","Y","C",1,1,1,0,0,0,0
"4623",4886,4036,4036,"c","c","t","t",0.00297324083250743,0.00297324083250743,0.000247770069375619,0.000247770069375619,0.000247770069375619,0,0.000247770069375619,0,0.00322101090188305,0.00322101090188305,0.00322101090188305,0.00322101090188305,"syn","syn","syn",4.58e-06,8.37e-07,4.33e-07,4.33e-07,"0.00154040666666667","0.001747588","0.00337813200000001","1","S","S","S","S","S",0,0,0,0,1,0,1
"4624",4887,4042,4042,"g","g","a","a",0.00197921820880752,0.00197921820880752,0.00049480455220188,0.00049480455220188,0.00024740227610094,0.00024740227610094,0.00024740227610094,0.00024740227610094,0.0024740227610094,0.0024740227610094,0.0024740227610094,0.0024740227610094,"nonsyn","nonsyn","nonsyn",4.2e-06,5.36e-07,1.17e-06,1.17e-06,"0.00212205","0.00236457","0.002166512","0.00472914","V","V","I","L","F",0,0,0,0,0,0,0
"4625",4888,4053,4053,"t","t","c","c",0.00394769306686405,0.00394769306686405,0.000493461633358006,0.000493461633358006,0.000493461633358006,0,0.000493461633358006,0,0.00444115470022206,0.00444115470022206,0.00444115470022206,0.00444115470022206,"nonsyn","nonsyn","nonsyn",1.7e-05,1.07e-06,1.21e-06,1.21e-06,"0.0043063125","0.002452065","0.002168355","1","V","V","A","D","G",0,1,1,0,0,0,0
"4626",4889,4117,4117,"c","c","t","t",0.0782122905027933,0.0782122905027933,0,0,0,0,0,0,0.0782122905027933,0.0782122905027933,0.0782122905027933,0.0782122905027933,"syn","syn","syn",4.58e-06,8.37e-07,4.33e-07,4.33e-07,"5.85585714285714e-05","1","1","1","V","V","V","V","V",0,0,0,0,0,0,0
"4627",4890,4114,4114,"c","c","t","t",0.000243072435585805,0.000243072435585805,0.000486144871171609,0.000486144871171609,0.000486144871171609,0,0.000486144871171609,0,0.000729217306757414,0.000729217306757414,0.000729217306757414,0.000729217306757414,"nonsyn","nonsyn","nonsyn",4.58e-06,8.37e-07,4.33e-07,4.33e-07,"0.01884212","0.000890681","0.001721709","1","L","L","F","I","V",0,0,0,0,1,0,1
"4628",4891,4116,4117,"t","t","c","c",0.00461613216715257,0.00461613216715257,0.000971817298347911,0.000971817298347911,0.000971817298347911,0,0.000971817298347911,0,0.00558794946550049,0.00558794946550049,0.00558659217877095,0.00558659217877095,"nonsyn","nonsyn","nonsyn",1.7e-05,1.07e-06,1.21e-06,1.21e-06,"0.00368273684210527","0.00124509","0.00110103","1","L","L","P","H","R",1,1,1,0,1,0,1
"4629",4892,4273,4273,"c","c","t","t",0.000702082845775802,0.000702082845775802,0.000234027615258601,0.000234027615258601,0.000234027615258601,0,0.000234027615258601,0,0.000936110461034402,0.000936110461034402,0.000936110461034402,0.000936110461034402,"syn","syn","syn",4.58e-06,8.37e-07,4.33e-07,4.33e-07,"0.00652344666666666","0.001850209","0.00357650099999999","1","L","L","L","L","L",0,0,0,0,0,0,0
"4630",4893,4295,4296,"t","t","c","c",0.00279394644935972,0.00279394644935972,0.00209545983701979,0.00209545983701979,0.00186263096623981,0.000232828870779977,0.00186263096623981,0.000232828870779977,0.00488940628637951,0.00488940628637951,0.00488826815642458,0.00488826815642458,"nonsyn","nonsyn","nonsyn",1.7e-05,1.07e-06,1.21e-06,1.21e-06,"0.00608458333333334","0.000577438888888889","0.000574456250000001","0.00519694999999999","C","C","R","S","G",1,1,0,1,1,0,1
"4631",4894,4240,4242,"g","g","a","a",0.000235849056603774,0.000235849056603774,0,0,0,0,0,0,0.000235849056603774,0.000235849056603774,0.000235737859500236,0.000235737859500236,"nonsyn","nonsyn","nonsyn",4.2e-06,5.36e-07,1.17e-06,1.17e-06,"0.017808","1","1","1","C","C","Y","S","F",1,1,1,0,0,0,0
"4632",4895,4268,4269,"t","t","c","c",0.0042174320524836,0.0042174320524836,0.000468603561387067,0.000468603561387067,0.000234301780693533,0.000234301780693533,0.000234301780693533,0.000234301780693533,0.00468603561387067,0.00468603561387067,0.0046849379245725,0.0046849379245725,"syn","stop","nonsyn",1.7e-05,1.07e-06,1.21e-06,1.21e-06,"0.00403088888888889","0.00258214","0.00456676","0.00516428000000001","C","C","C","*","W",0,1,1,1,0,0,0
"4633",4896,4260,4261,"g","g","a","a",0.00117370892018779,0.00117370892018779,0,0,0,0,0,0,0.00117370892018779,0.00117370892018779,0.00117343346632246,0.00117343346632246,"nonsyn","nonsyn","stop",4.2e-06,5.36e-07,1.17e-06,1.17e-06,"0.00357840000000001","1","1","1","E","E","K","Q","*",1,1,1,0,0,0,0
"4634",4897,4288,4289,"a","a","g","g",0.00396455223880597,0.00396455223880597,0,0,0,0,0,0,0.00396455223880597,0.00396455223880597,0.00396362788528795,0.00396362788528795,"nonsyn","nonsyn","nonsyn",1.77e-05,1.76e-06,1.7e-06,1.7e-06,"0.00446456470588235","1","1","1","E","E","G","A","V",1,1,1,0,1,1,0
"4635",4898,4243,4243,"g","g","a","a",0.0212114070233325,0.0212114070233325,0,0,0,0,0,0,0.0212114070233325,0.0212114070233325,0.0212114070233325,0.0212114070233325,"syn","nonsyn","nonsyn",4.2e-06,5.36e-07,1.17e-06,1.17e-06,"0.000198006666666667","1","1","1","E","E","E","D","D",0,0,0,0,0,0,0
"4636",4899,4266,4266,"t","t","c","c",0.00257852789498359,0.00257852789498359,0,0,0,0,0,0,0.00257852789498359,0.00257852789498359,0.00257852789498359,0.00257852789498359,"nonsyn","nonsyn","nonsyn",1.7e-05,1.07e-06,1.21e-06,1.21e-06,"0.00659290909090909","1","1","1","C","C","R","S","G",1,1,0,1,0,0,0
"4637",4900,4280,4280,"g","g","a","a",0.00233644859813084,0.00233644859813084,0,0,0,0,0,0,0.00233644859813084,0.00233644859813084,0.00233644859813084,0.00233644859813084,"nonsyn","nonsyn","nonsyn",4.2e-06,5.36e-07,1.17e-06,1.17e-06,"0.0017976","1","1","1","C","C","Y","S","F",1,1,1,0,0,0,0
"4638",4901,4285,4285,"c","c","t","t",0.00256709451575263,0.00256709451575263,0,0,0,0,0,0,0.00256709451575263,0.00256709451575263,0.00256709451575263,0.00256709451575263,"syn","stop","nonsyn",4.58e-06,8.37e-07,4.33e-07,4.33e-07,"0.00178411818181818","1","1","1","C","C","C","*","W",0,1,1,0,0,0,0
"4639",4902,4245,4245,"t","t","c","c",0.00259128386336867,0.00259128386336867,0.00141342756183746,0.00141342756183746,0.00141342756183746,0,0.00141342756183746,0,0.00400471142520612,0.00400471142520612,0.00400471142520612,0.00400471142520612,"nonsyn","nonsyn","nonsyn",1.7e-05,1.07e-06,1.21e-06,1.21e-06,"0.00656045454545454","0.000856074999999997","0.000757024999999998","1","Y","Y","H","N","D",1,1,1,0,1,0,1
"4640",4903,4233,4233,"a","a","g","g",0.00496102055279943,0.00496102055279943,0.000944956295771321,0.000944956295771321,0.00047247814788566,0.00047247814788566,0.00047247814788566,0.00047247814788566,0.00590597684857075,0.00590597684857075,0.00590597684857075,0.00590597684857075,"nonsyn","nonsyn","nonsyn",1.77e-05,1.76e-06,1.7e-06,1.7e-06,"0.00356781428571429","0.001799025","0.00372504","0.00359805","Y","Y","C","S","F",1,1,0,0,0,0,0
"4641",4904,4153,4153,"t","t","c","c",0.00385263664820612,0.00385263664820612,0.000481579581025764,0.000481579581025764,0.000481579581025764,0,0.000481579581025764,0,0.00433421622923188,0.00433421622923188,0.00433421622923188,0.00433421622923188,"syn","stop","stop",1.7e-05,1.07e-06,1.21e-06,1.21e-06,"0.0044125625","0.002512565","0.002221855","1","Y","Y","Y","*","*",0,1,1,1,0,0,0
"4642",4905,4047,4047,"g","g","a","a",0.00098838645910551,0.00098838645910551,0.000247096614776378,0.000247096614776378,0,0.000247096614776378,0,0.000247096614776378,0.00123548307388189,0.00123548307388189,0.00123548307388189,0.00123548307388189,"nonsyn","nonsyn","nonsyn",4.2e-06,5.36e-07,1.17e-06,1.17e-06,"0.00424935","0.00473498999999999","1","0.00473498999999999","D","D","N","H","Y",1,1,1,0,0,0,0
"4643",4906,4078,4078,"a","a","g","g",0.00367827366356057,0.00367827366356057,0.000735654732712114,0.000735654732712114,0.000245218244237371,0.000490436488474743,0.000245218244237371,0.000490436488474743,0.00441392839627268,0.00441392839627268,0.00441392839627268,0.00441392839627268,"nonsyn","nonsyn","nonsyn",1.77e-05,1.76e-06,1.7e-06,1.7e-06,"0.00481204","0.00231086666666667","0.00717728000000001","0.0034663","D","D","G","A","V",1,1,1,0,0,0,0
"4644",4907,3944,3944,"c","c","t","t",0.000253549695740365,0.000253549695740365,0,0,0,0,0,0,0.000253549695740365,0.000253549695740365,0.000253549695740365,0.000253549695740365,"syn","nonsyn","nonsyn",4.58e-06,8.37e-07,4.33e-07,4.33e-07,"0.01806352","1","1","1","D","D","D","E","E",0,0,0,0,0,0,0
"4645",4908,3894,3894,"a","g","g","a",0.00693374422187982,0.992039034411916,0.00102722136620442,0.00102722136620442,0,0.00102722136620442,0,0.00102722136620442,0.00796096558808423,0.99306625577812,0.00796096558808423,0.99306625577812,"nonsyn","nonsyn","nonsyn",4.2e-06,5.36e-07,1.17e-06,1.17e-06,"4.23370437483821e-06","0.001138995","1","0.001138995","T","A","T","P","S",1,1,1,0,0,0,0
"4646",4909,3910,3910,"c","c","t","t",0.0020460358056266,0.0020460358056266,0,0,0,0,0,0,0.0020460358056266,0.0020460358056266,0.0020460358056266,0.0020460358056266,"nonsyn","nonsyn","nonsyn",4.58e-06,8.37e-07,4.33e-07,4.33e-07,"0.002238475","1","1","1","T","A","V","E","G",0,1,1,0,0,0,0
"4647",4910,3913,3913,"g","g","a","a",0.00306670074111935,0.00306670074111935,0.00102223358037312,0.00102223358037312,0,0.00102223358037312,0,0.00102223358037312,0.00408893432149246,0.00408893432149246,0.00408893432149246,0.00408893432149246,"syn","syn","syn",4.2e-06,5.36e-07,1.17e-06,1.17e-06,"0.00136955","0.00114455249999999","1","0.00114455249999999","T","A","A","A","A",0,0,0,0,1,1,0
"4648",4911,3896,3896,"g","g","a","a",0.00205338809034908,0.00205338809034908,0.000513347022587269,0.000513347022587269,0,0.000513347022587269,0,0.000513347022587269,0.00256673511293634,0.00256673511293634,0.00256673511293634,0.00256673511293634,"nonsyn","nonsyn","nonsyn",4.2e-06,5.36e-07,1.17e-06,1.17e-06,"0.0020454","0.00227916","1","0.00227916","G","G","S","R","C",1,1,0,0,1,1,0
"4649",4912,3850,3850,"g","g","a","a",0.00233766233766234,0.00233766233766234,0.00025974025974026,0.00025974025974026,0.00025974025974026,0,0.00025974025974026,0,0.0025974025974026,0.0025974025974026,0.0025974025974026,0.0025974025974026,"nonsyn","nonsyn","nonsyn",4.2e-06,5.36e-07,1.17e-06,1.17e-06,"0.00179666666666666","0.0045045","0.0020636","1","G","G","D","A","V",1,1,1,0,0,0,0
"4650",4913,3842,3842,"c","c","t","t",0.000780843310775638,0.000780843310775638,0.000520562207183758,0.000520562207183758,0.000260281103591879,0.000260281103591879,0.000260281103591879,0.000260281103591879,0.0013014055179594,0.0013014055179594,0.0013014055179594,0.0013014055179594,"syn","syn","syn",4.58e-06,8.37e-07,4.33e-07,4.33e-07,"0.00586545333333333","0.000831793000000001","0.003215754","0.001663586","G","G","G","G","G",0,0,0,0,0,0,0
"4651",4914,3843,3843,"t","t","c","c",0.00312256049960968,0.00312256049960968,0.00078064012490242,0.00078064012490242,0.00078064012490242,0,0.00078064012490242,0,0.0039032006245121,0.0039032006245121,0.0039032006245121,0.0039032006245121,"nonsyn","nonsyn","nonsyn",1.7e-05,1.07e-06,1.21e-06,1.21e-06,"0.00544425","0.00155001","0.00137067","1","C","C","R","S","G",1,1,0,1,1,0,1
"4652",4915,3873,3873,"g","g","a","a",0.00103279111799639,0.00103279111799639,0.000258197779499096,0.000258197779499096,0,0.000258197779499096,0,0.000258197779499096,0.00129098889749548,0.00129098889749548,0.00129098889749548,0.00129098889749548,"nonsyn","nonsyn","nonsyn",4.2e-06,5.36e-07,1.17e-06,1.17e-06,"0.00406664999999998","0.00453141","1","0.00453141","C","C","Y","S","F",1,1,1,0,0,0,0
"4653",4916,3892,3892,"c","t","t","c",0.00154162384378212,0.998458376156218,0,0,0,0,0,0,0.00154162384378212,0.998458376156218,0.00154162384378212,0.998458376156218,"syn","stop","nonsyn",1.7e-05,1.07e-06,1.21e-06,1.21e-06,"1.70262480699948e-05","1","1","1","C","C","C","*","W",0,1,1,1,0,0,0
"4654",4917,3958,3958,"g","g","a","a",0.00252652854977261,0.00252652854977261,0.000252652854977261,0.000252652854977261,0.000252652854977261,0,0.000252652854977261,0,0.00277918140474987,0.00277918140474987,0.00277918140474987,0.00277918140474987,"nonsyn","nonsyn","nonsyn",4.2e-06,5.36e-07,1.17e-06,1.17e-06,"0.00166236","0.00463086","0.002121488","1","A","A","T","P","S",1,1,1,0,0,0,0
"4655",4918,3966,3966,"c","c","t","t",0.000504286434694907,0.000504286434694907,0.000252143217347453,0.000252143217347453,0.000252143217347453,0,0.000252143217347453,0,0.00075642965204236,0.00075642965204236,0.00075642965204236,0.00075642965204236,"nonsyn","nonsyn","nonsyn",4.58e-06,8.37e-07,4.33e-07,4.33e-07,"0.00908214","0.001717278","0.003319542","1","A","A","V","D","G",0,1,1,0,0,0,0
"4656",4919,3980,3980,"t","t","c","c",0.00251256281407035,0.00251256281407035,0.00050251256281407,0.00050251256281407,0.000251256281407035,0.000251256281407035,0.000251256281407035,0.000251256281407035,0.00301507537688442,0.00301507537688442,0.00301507537688442,0.00301507537688442,"syn","syn","syn",1.7e-05,1.07e-06,1.21e-06,1.21e-06,"0.006766","0.0024079","0.0042586","0.0048158","A","A","A","A","A",0,0,0,0,1,0,1
"4657",4920,3976,3977,"t","t","c","c",0.00150905432595573,0.00150905432595573,0.00125754527162978,0.00125754527162978,0.00125754527162978,0,0.00125754527162978,0,0.00276659959758551,0.00276659959758551,0.00276590394769927,0.00276590394769927,"nonsyn","nonsyn","nonsyn",1.7e-05,1.07e-06,1.21e-06,1.21e-06,"0.0112653333333334","0.000962191999999999","0.000850863999999999","1","W","W","R","R","G",1,1,1,1,0,0,0
"4658",4921,3988,3989,"g","g","a","a",0.000752256770310933,0.000752256770310933,0,0,0,0,0,0,0.000752256770310933,0.000752256770310933,0.000752068187515668,0.000752068187515668,"stop","nonsyn","nonsyn",4.2e-06,5.36e-07,1.17e-06,1.17e-06,"0.0055832","1","1","1","W","W","*","S","L",1,1,0,0,1,1,0
"4659",4922,4001,4001,"g","g","a","a",0.000749812546863284,0.000749812546863284,0,0,0,0,0,0,0.000749812546863284,0.000749812546863284,0.000749812546863284,0.000749812546863284,"stop","nonsyn","nonsyn",4.2e-06,5.36e-07,1.17e-06,1.17e-06,"0.0056014","1","1","1","W","W","*","C","C",1,1,1,0,0,0,0
"4660",4923,4064,4064,"t","t","c","c",0.0031988188976378,0.0031988188976378,0,0,0,0,0,0,0.0031988188976378,0.0031988188976378,0.0031988188976378,0.0031988188976378,"nonsyn","nonsyn","nonsyn",1.7e-05,1.07e-06,1.21e-06,1.21e-06,"0.00531446153846153","1","1","1","Y","Y","H","N","D",1,1,1,0,0,0,0
"4661",4924,4048,4048,"a","a","g","g",0.00444664031620553,0.00444664031620553,0.000741106719367589,0.000741106719367589,0,0.000741106719367589,0,0.000741106719367589,0.00518774703557312,0.00518774703557312,0.00518774703557312,0.00518774703557312,"nonsyn","nonsyn","nonsyn",1.77e-05,1.76e-06,1.7e-06,1.7e-06,"0.00398053333333334","0.00229386666666667","1","0.00229386666666667","Y","Y","C","S","F",1,1,0,0,0,0,0
"4662",4925,4020,4020,"t","t","c","c",0.00199004975124378,0.00199004975124378,0.000248756218905473,0.000248756218905473,0,0.000248756218905473,0,0.000248756218905473,0.00223880597014925,0.00223880597014925,0.00223880597014925,0.00223880597014925,"syn","stop","stop",1.7e-05,1.07e-06,1.21e-06,1.21e-06,"0.0085425","0.00486419999999999","1","0.00486419999999999","Y","Y","Y","*","*",0,1,1,1,0,0,0
"4663",4926,3877,3877,"g","g","a","a",0.00077379417075058,0.00077379417075058,0.000515862780500387,0.000515862780500387,0,0.000515862780500387,0,0.000515862780500387,0.00128965695125097,0.00128965695125097,0.00128965695125097,0.00128965695125097,"nonsyn","nonsyn","stop",4.2e-06,5.36e-07,1.17e-06,1.17e-06,"0.0054278","0.002268045","1","0.002268045","E","E","K","Q","*",1,1,1,0,0,0,0
"4664",4927,4050,4050,"a","a","g","g",0.00617283950617284,0.00617283950617284,0.000493827160493827,0.000493827160493827,0.000246913580246914,0.000246913580246914,0.000246913580246914,0.000246913580246914,0.00666666666666667,0.00666666666666667,0.00666666666666667,0.00666666666666667,"nonsyn","nonsyn","nonsyn",1.77e-05,1.76e-06,1.7e-06,1.7e-06,"0.0028674","0.0034425","0.00712799999999999","0.00688499999999999","E","E","G","A","V",1,1,1,0,1,1,0
"4665",4928,4059,4059,"g","g","a","a",0.000985464400098546,0.000985464400098546,0,0,0,0,0,0,0.000985464400098546,0.000985464400098546,0.000985464400098546,0.000985464400098546,"syn","nonsyn","nonsyn",4.2e-06,5.36e-07,1.17e-06,1.17e-06,"0.00426195","1","1","1","E","E","E","D","D",0,0,0,0,0,0,0
"4666",4929,3988,3988,"c","c","t","t",0.00250752256770311,0.00250752256770311,0,0,0,0,0,0,0.00250752256770311,0.00250752256770311,0.00250752256770311,0.00250752256770311,"nonsyn","nonsyn","nonsyn",4.58e-06,8.37e-07,4.33e-07,4.33e-07,"0.001826504","1","1","1","L","L","F","I","V",0,0,0,0,0,0,0
"4667",4930,3966,3966,"t","t","c","c",0.00353000504286435,0.00353000504286435,0.000252143217347453,0.000252143217347453,0.000252143217347453,0,0.000252143217347453,0,0.0037821482602118,0.0037821482602118,0.0037821482602118,0.0037821482602118,"nonsyn","nonsyn","nonsyn",1.7e-05,1.07e-06,1.21e-06,1.21e-06,"0.00481585714285714","0.00479886000000001","0.00424362000000001","1","L","L","P","H","R",1,1,1,0,1,0,1
"4668",4931,3994,3994,"c","c","t","t",0.00125187781672509,0.00125187781672509,0.000250375563345017,0.000250375563345017,0.000250375563345017,0,0.000250375563345017,0,0.00150225338007011,0.00150225338007011,0.00150225338007011,0.00150225338007011,"syn","syn","syn",4.58e-06,8.37e-07,4.33e-07,4.33e-07,"0.00365850399999999","0.001729402","0.00334297800000001","1","L","L","L","L","L",0,0,0,0,0,0,0
"4669",4932,3990,3990,"a","a","g","g",0.0050125313283208,0.0050125313283208,0.00050125313283208,0.00050125313283208,0.00025062656641604,0.00025062656641604,0.00025062656641604,0.00025062656641604,0.00551378446115288,0.00551378446115288,0.00551378446115288,0.00551378446115288,"nonsyn","nonsyn","nonsyn",1.77e-05,1.76e-06,1.7e-06,1.7e-06,"0.00353115","0.0033915","0.0070224","0.006783","T","T","A","P","S",1,1,0,1,0,0,0
"4670",4933,4118,4118,"c","c","t","t",0.00412821758135017,0.00412821758135017,0.000242836328314716,0.000242836328314716,0.000242836328314716,0,0.000242836328314716,0,0.00437105390966489,0.00437105390966489,0.00437105390966489,0.00437105390966489,"nonsyn","nonsyn","nonsyn",4.58e-06,8.37e-07,4.33e-07,4.33e-07,"0.00110943764705882","0.001783094","0.003446766","1","T","T","M","K","R",1,1,1,0,0,0,0
"4671",4934,4177,4177,"g","g","a","a",0.00215465645199904,0.00215465645199904,0,0,0,0,0,0,0.00215465645199904,0.00215465645199904,0.00215465645199904,0.00215465645199904,"syn","syn","syn",4.2e-06,5.36e-07,1.17e-06,1.17e-06,"0.00194926666666667","1","1","1","T","T","T","T","T",0,0,0,0,0,0,0
"4672",4935,4370,4373,"c","c","t","t",0.00160183066361556,0.00160183066361556,0.00045766590389016,0.00045766590389016,0,0.00045766590389016,0,0.00045766590389016,0.00205949656750572,0.00205949656750572,0.00205808369540361,0.00205808369540361,"nonsyn","nonsyn","nonsyn",4.58e-06,8.37e-07,4.33e-07,4.33e-07,"0.00285922857142857","0.000946105","1","0.000946105","P","P","S","T","A",1,1,1,0,0,0,0
"4673",4936,4543,4543,"c","c","t","t",0.00286154523442659,0.00286154523442659,0.000660356592559982,0.000660356592559982,0.000440237728373322,0.000220118864186661,0.000440237728373322,0.000220118864186661,0.00352190182698657,0.00352190182698657,0.00352190182698657,0.00352190182698657,"nonsyn","nonsyn","nonsyn",4.58e-06,8.37e-07,4.33e-07,4.33e-07,"0.00160053384615385","0.000655706333333334","0.0019012455","0.001967119","P","P","L","H","R",1,1,1,0,1,0,1
"4674",4937,4569,4569,"c","c","t","t",0.00240752899978113,0.00240752899978113,0,0,0,0,0,0,0.00240752899978113,0.00240752899978113,0.00240752899978113,0.00240752899978113,"syn","syn","syn",4.58e-06,8.37e-07,4.33e-07,4.33e-07,"0.00190236545454546","1","1","1","P","P","P","P","P",0,0,0,0,1,0,1
"4675",4938,4616,4616,"g","g","a","a",0.00173310225303293,0.00173310225303293,0.000866551126516464,0.000866551126516464,0.000433275563258232,0.000433275563258232,0.000433275563258232,0.000433275563258232,0.00259965337954939,0.00259965337954939,0.00259965337954939,0.00259965337954939,"nonsyn","nonsyn","nonsyn",4.2e-06,5.36e-07,1.17e-06,1.17e-06,"0.0024234","0.00135018","0.001237088","0.00270036","A","A","T","P","S",1,1,1,0,0,0,0
"4676",4939,4629,4630,"c","c","t","t",0.00259235255994815,0.00259235255994815,0.000432058759991359,0.000432058759991359,0.000216029379995679,0.000216029379995679,0.000216029379995679,0.000216029379995679,0.00302441131993951,0.00302441131993951,0.00302375809935205,0.00302375809935205,"nonsyn","nonsyn","nonsyn",4.58e-06,8.37e-07,4.33e-07,4.33e-07,"0.001766735","0.0010021785","0.00387447300000001","0.002004357","A","A","V","D","G",0,1,1,0,0,0,0
"4677",4940,4669,4669,"c","c","t","t",0.00364103662454487,0.00364103662454487,0.000428357249946455,0.000428357249946455,0.000428357249946455,0,0.000428357249946455,0,0.00406939387449133,0.00406939387449133,0.00406939387449133,0.00406939387449133,"syn","syn","syn",4.58e-06,8.37e-07,4.33e-07,4.33e-07,"0.00125788352941176","0.0010108385","0.0019539765","1","A","A","A","A","A",0,0,0,0,1,0,1
"4678",4941,4667,4667,"g","g","a","a",0.00128562245553889,0.00128562245553889,0.000857081637025927,0.000857081637025927,0,0.000857081637025927,0,0.000857081637025927,0.00214270409256482,0.00214270409256482,0.00214270409256482,0.00214270409256482,"nonsyn","nonsyn","stop",4.2e-06,5.36e-07,1.17e-06,1.17e-06,"0.0032669","0.0013650975","1","0.0013650975","E","E","K","Q","*",1,1,1,0,0,0,0
"4679",4942,4609,4609,"a","a","g","g",0.00325450206118464,0.00325450206118464,0.000433933608157952,0.000433933608157952,0.000216966804078976,0.000216966804078976,0.000216966804078976,0.000216966804078976,0.00368843566934259,0.00368843566934259,0.00368843566934259,0.00368843566934259,"nonsyn","nonsyn","nonsyn",1.77e-05,1.76e-06,1.7e-06,1.7e-06,"0.00543862","0.00391765","0.00811184","0.0078353","E","E","G","A","V",1,1,1,0,1,1,0
"4680",4943,4621,4621,"g","g","a","a",0.0023804371348193,0.0023804371348193,0,0,0,0,0,0,0.0023804371348193,0.0023804371348193,0.0023804371348193,0.0023804371348193,"syn","nonsyn","nonsyn",4.2e-06,5.36e-07,1.17e-06,1.17e-06,"0.00176438181818182","1","1","1","E","E","E","D","D",0,0,0,0,0,0,0
"4681",4944,4622,4622,"a","a","g","g",0.00454348766767633,0.00454348766767633,0,0,0,0,0,0,0.00454348766767633,0.00454348766767633,0.00454348766767633,0.00454348766767633,"nonsyn","nonsyn","nonsyn",1.77e-05,1.76e-06,1.7e-06,1.7e-06,"0.00389568571428572","1","1","1","T","T","A","P","S",1,1,0,0,0,0,0
"4682",4945,4690,4690,"c","c","t","t",0.00170575692963753,0.00170575692963753,0.000213219616204691,0.000213219616204691,0.000213219616204691,0,0.000213219616204691,0,0.00191897654584222,0.00191897654584222,0.00191897654584222,0.00191897654584222,"nonsyn","nonsyn","nonsyn",4.58e-06,8.37e-07,4.33e-07,4.33e-07,"0.00268502499999999","0.00203077","0.00392553","1","T","T","I","N","S",1,0,0,0,0,0,0
"4683",4946,4693,4693,"c","t","t","c",0.00340933304922225,0.996164500319625,0.000426166631152781,0.000426166631152781,0.000426166631152781,0,0.000426166631152781,0,0.00383549968037503,0.996590666950778,0.00383549968037503,0.996590666950778,"syn","syn","syn",1.7e-05,1.07e-06,1.21e-06,1.21e-06,"1.70654545454545e-05","0.002839265","0.002510755","1","T","T","T","T","T",0,0,0,0,1,0,1
"4684",4947,4701,4701,"a","a","g","g",0.00701978302488832,0.00701978302488832,0.000850882790895554,0.000850882790895554,0.000212720697723889,0.000638162093171666,0.000212720697723889,0.000638162093171666,0.00787066581578388,0.00787066581578388,0.00787066581578388,0.00787066581578388,"nonsyn","nonsyn","nonsyn",1.77e-05,1.76e-06,1.7e-06,1.7e-06,"0.00252144545454546","0.001997925","0.00827375999999998","0.0026639","T","T","A","P","S",1,1,0,0,0,0,0
"4685",4948,4713,4713,"c","c","t","t",0.00127307447485678,0.00127307447485678,0.000424358158285593,0.000424358158285593,0,0.000424358158285593,0,0.000424358158285593,0.00169743263314237,0.00169743263314237,0.00169743263314237,0.00169743263314237,"nonsyn","nonsyn","nonsyn",4.58e-06,8.37e-07,4.33e-07,4.33e-07,"0.00359759","0.0010203645","1","0.0010203645","T","T","I","K","R",1,1,1,0,0,0,0
"4686",4949,4667,4667,"a","a","g","g",0.00385686736661667,0.00385686736661667,0.00107135204628241,0.00107135204628241,0.000428540818512963,0.000642811227769445,0.000428540818512963,0.000642811227769445,0.00492821941289908,0.00492821941289908,0.00492821941289908,0.00492821941289908,"syn","syn","syn",1.77e-05,1.76e-06,1.7e-06,1.7e-06,"0.00458921666666667","0.00158678","0.00410696","0.00264463333333333","T","T","T","T","T",0,0,0,1,1,1,0
"4687",4950,4719,4719,"g","g","a","a",0.000211909302818394,0.000211909302818394,0,0,0,0,0,0,0.000211909302818394,0.000211909302818394,0.000211909302818394,0.000211909302818394,"nonsyn","nonsyn","nonsyn",4.2e-06,5.36e-07,1.17e-06,1.17e-06,"0.0198198","1","1","1","V","V","I","L","F",0,0,0,0,0,0,0
"4688",4951,4664,4664,"t","t","c","c",0.0055746140651801,0.0055746140651801,0.000643224699828473,0.000643224699828473,0.000214408233276158,0.000428816466552316,0.000214408233276158,0.000428816466552316,0.00621783876500858,0.00621783876500858,0.00621783876500858,0.00621783876500858,"nonsyn","nonsyn","nonsyn",1.7e-05,1.07e-06,1.21e-06,1.21e-06,"0.00304953846153846","0.00188114666666667","0.00499048","0.00282172","V","V","A","D","G",0,1,1,0,0,0,0
"4689",4952,4666,4666,"t","t","c","c",0.00128589798542649,0.00128589798542649,0.000214316330904415,0.000214316330904415,0.000214316330904415,0,0.000214316330904415,0,0.0015002143163309,0.0015002143163309,0.0015002143163309,0.0015002143163309,"syn","syn","syn",1.7e-05,1.07e-06,1.21e-06,1.21e-06,"0.0132203333333333","0.00564586","0.00499262","1","V","V","V","V","V",0,0,0,0,0,0,0
"4690",4953,4671,4671,"c","a","t","g",0.0152001712695354,0,0.000214086919289231,0.999785913080711,0.000214086919289231,0,0.984585741811175,0.0152001712695354,0.0154142581888247,0.999785913080711,0.0154142581888247,0.999785913080711,"nonsyn","syn","nonsyn",1.77e-05,1.76e-06,1.7e-06,1.7e-06,"1","1.70036402569593e-06","1.78755381604697e-06","0.000111840845070423","R","R","G","R","W",1,0,1,0,1,1,0
"4691",4954,4657,4657,"g","g","a","a",0.00257676615847112,0.00257676615847112,0.000858922052823706,0.000858922052823706,0,0.000858922052823706,0,0.000858922052823706,0.00343568821129483,0.00343568821129483,0.00343568821129483,0.00343568821129483,"nonsyn","nonsyn","nonsyn",4.2e-06,5.36e-07,1.17e-06,1.17e-06,"0.00162995","0.0013621725","1","0.0013621725","R","R","K","T","M",0,1,1,0,1,1,0
"4692",4955,4649,4649,"g","g","a","a",0.00365670036567004,0.00365670036567004,0,0,0,0,0,0,0.00365670036567004,0.00365670036567004,0.00365670036567004,0.00365670036567004,"syn","nonsyn","nonsyn",4.2e-06,5.36e-07,1.17e-06,1.17e-06,"0.00114857647058823","1","1","1","R","R","R","S","S",0,1,1,0,0,0,0
"4693",4956,4651,4651,"c","c","t","t",0.00215007525263384,0.00215007525263384,0.000215007525263384,0.000215007525263384,0.000215007525263384,0,0.000215007525263384,0,0.00236508277789723,0.00236508277789723,0.00236508277789723,0.00236508277789723,"syn","nonsyn","nonsyn",4.58e-06,8.37e-07,4.33e-07,4.33e-07,"0.002130158","0.002013883","0.003892887","1","L","L","L","I","V",0,0,0,0,0,0,0
"4694",4957,4638,4638,"t","t","c","c",0.00582147477360931,0.00582147477360931,0.00172488141440276,0.00172488141440276,0.00150927123760241,0.000215610176800345,0.00150927123760241,0.000215610176800345,0.00754635618801207,0.00754635618801207,0.00754635618801207,0.00754635618801207,"nonsyn","nonsyn","nonsyn",1.7e-05,1.07e-06,1.21e-06,1.21e-06,"0.00292022222222222","0.0007014975","0.000708951428571431","0.00561198","L","L","P","Q","R",1,1,1,0,1,0,1
"4695",4958,4619,4619,"a","a","g","g",0.00303095908205239,0.00303095908205239,0.000216497077289457,0.000216497077289457,0.000216497077289457,0,0.000216497077289457,0,0.00324745615934185,0.00324745615934185,0.00324745615934185,0.00324745615934185,"syn","syn","syn",1.77e-05,1.76e-06,1.7e-06,1.7e-06,"0.00583973571428572","0.00785229999999999","0.00812943999999999","1","L","L","L","L","L",0,0,0,0,0,0,0
"4696",4959,4619,4619,"c","c","t","t",0.00129898246373674,0.00129898246373674,0.000216497077289457,0.000216497077289457,0,0.000216497077289457,0,0.000216497077289457,0.0015154795410262,0.0015154795410262,0.0015154795410262,0.0015154795410262,"stop","syn","nonsyn",4.58e-06,8.37e-07,4.33e-07,4.33e-07,"0.00352583666666667","0.002000027","1","0.002000027","R","R","*","R","G",1,0,1,0,0,0,0
"4697",4960,4622,4622,"g","g","a","a",0.00324534833405452,0.00324534833405452,0.00043271311120727,0.00043271311120727,0,0.00043271311120727,0,0.00043271311120727,0.00367806144526179,0.00367806144526179,0.00367806144526179,0.00367806144526179,"nonsyn","nonsyn","nonsyn",4.2e-06,5.36e-07,1.17e-06,1.17e-06,"0.00129416","0.00270387","1","0.00270387","R","R","Q","P","L",1,1,1,0,0,0,0
"4698",4961,4611,4611,"a","a","g","g",0.00477119930600737,0.00477119930600737,0.000867490782910432,0.000867490782910432,0.000216872695727608,0.000650618087182824,0.000216872695727608,0.000650618087182824,0.00563869008891781,0.00563869008891781,0.00563869008891781,0.00563869008891781,"syn","syn","syn",1.77e-05,1.76e-06,1.7e-06,1.7e-06,"0.00370975909090909","0.001959675","0.00811536","0.0026129","R","R","R","R","R",0,0,0,0,1,1,0
"4699",4962,4656,4656,"g","g","a","a",0.00107388316151203,0.00107388316151203,0,0,0,0,0,0,0.00107388316151203,0.00107388316151203,0.00107388316151203,0.00107388316151203,"nonsyn","nonsyn","nonsyn",4.2e-06,5.36e-07,1.17e-06,1.17e-06,"0.00391103999999999","1","1","1","A","A","T","P","S",1,1,1,0,0,0,0
"4700",4963,4657,4657,"c","c","t","t",0.00214730513205927,0.00214730513205927,0.000429461026411853,0.000429461026411853,0.000429461026411853,0,0.000429461026411853,0,0.00257676615847112,0.00257676615847112,0.00257676615847112,0.00257676615847112,"nonsyn","nonsyn","nonsyn",4.58e-06,8.37e-07,4.33e-07,4.33e-07,"0.002132906","0.0010082405","0.0019489545","1","A","A","V","E","G",0,1,1,0,0,0,0
"4701",4964,4668,4668,"g","g","a","a",0.00235646958011997,0.00235646958011997,0.0006426735218509,0.0006426735218509,0.000214224507283633,0.000428449014567267,0.000214224507283633,0.000428449014567267,0.00299914310197087,0.00299914310197087,0.00299914310197087,0.00299914310197087,"syn","syn","syn",4.2e-06,5.36e-07,1.17e-06,1.17e-06,"0.00178232727272727","0.00182052","0.002502048","0.00273078","A","A","A","A","A",0,0,0,0,0,0,0
"4702",4965,4660,4660,"t","t","c","c",0.00321888412017167,0.00321888412017167,0.000429184549356223,0.000429184549356223,0.000429184549356223,0,0.000429184549356223,0,0.0036480686695279,0.0036480686695279,0.0036480686695279,0.0036480686695279,"nonsyn","nonsyn","nonsyn",1.7e-05,1.07e-06,1.21e-06,1.21e-06,"0.00528133333333334","0.0028193","0.0024931","1","Y","Y","H","N","D",1,1,1,0,0,0,0
"4703",4966,4717,4717,"a","a","g","g",0.00296798812804749,0.00296798812804749,0.000635997456010176,0.000635997456010176,0.000211999152003392,0.000423998304006784,0.000211999152003392,0.000423998304006784,0.00360398558405766,0.00360398558405766,0.00360398558405766,0.00360398558405766,"nonsyn","nonsyn","nonsyn",1.77e-05,1.76e-06,1.7e-06,1.7e-06,"0.00596363571428571","0.00267296666666667","0.00830192","0.00400945","Y","Y","C","S","F",1,1,0,0,0,0,0
"4704",4967,4734,4734,"c","c","t","t",0.00168990283058724,0.00168990283058724,0,0,0,0,0,0,0.00168990283058724,0.00168990283058724,0.00168990283058724,0.00168990283058724,"syn","stop","stop",4.58e-06,8.37e-07,4.33e-07,4.33e-07,"0.002710215","1","1","1","Y","Y","Y","*","*",0,1,1,0,0,0,0
"4705",4968,4730,4730,"a","a","g","g",0.00359408033826638,0.00359408033826638,0.000211416490486258,0.000211416490486258,0.000211416490486258,0,0.000211416490486258,0,0.00380549682875264,0.00380549682875264,0.00380549682875264,0.00380549682875264,"nonsyn","nonsyn","nonsyn",1.77e-05,1.76e-06,1.7e-06,1.7e-06,"0.00492476470588236","0.008041","0.0083248","1","M","M","V","L","L",0,0,0,1,0,0,0
"4706",4969,4661,4661,"t","t","c","c",0.00193091611242223,0.00193091611242223,0.000643638704140742,0.000643638704140742,0.000214546234713581,0.000429092469427162,0.000214546234713581,0.000429092469427162,0.00257455481656297,0.00257455481656297,0.00257455481656297,0.00257455481656297,"nonsyn","nonsyn","nonsyn",1.7e-05,1.07e-06,1.21e-06,1.21e-06,"0.0088041111111111","0.00187993666666667","0.00498726999999999","0.002819905","M","M","T","K","R",1,1,1,1,0,0,0
"4707",4970,4755,4755,"g","g","a","a",0.00126182965299685,0.00126182965299685,0.000630914826498423,0.000630914826498423,0.000210304942166141,0.000420609884332282,0.000210304942166141,0.000420609884332282,0.00189274447949527,0.00189274447949527,0.00189274447949527,0.00189274447949527,"nonsyn","nonsyn","nonsyn",4.2e-06,5.36e-07,1.17e-06,1.17e-06,"0.00332849999999999","0.00185445","0.00254868","0.002781675","M","M","I","I","I",0,0,0,0,0,0,0
"4708",4971,4584,4584,"a","a","g","g",0.00676265270506108,0.00676265270506108,0,0,0,0,0,0,0.00676265270506108,0.00676265270506108,0.00676265270506108,0.00676265270506108,"nonsyn","nonsyn","nonsyn",1.77e-05,1.76e-06,1.7e-06,1.7e-06,"0.00261731612903226","1","1","1","N","N","D","H","Y",1,1,1,0,0,0,0
"4709",4972,4485,4485,"a","a","g","g",0.00691192865105909,0.00691192865105909,0.000445930880713489,0.000445930880713489,0.000222965440356745,0.000222965440356745,0.000222965440356745,0.000222965440356745,0.00735785953177258,0.00735785953177258,0.00735785953177258,0.00735785953177258,"nonsyn","nonsyn","nonsyn",1.77e-05,1.76e-06,1.7e-06,1.7e-06,"0.00256079032258064","0.00381225","0.00789359999999999","0.00762449999999999","N","N","S","T","I",0,0,1,0,0,0,0
"4710",4973,4481,4481,"c","c","t","t",0.00066949341664807,0.00066949341664807,0.000223164472216023,0.000223164472216023,0.000223164472216023,0,0.000223164472216023,0,0.000892657888864093,0.000892657888864093,0.000892657888864093,0.000892657888864093,"syn","nonsyn","nonsyn",4.58e-06,8.37e-07,4.33e-07,4.33e-07,"0.00684099333333333","0.001940273","0.003750597","1","N","N","N","K","K",0,1,1,0,0,0,0
"4711",4974,4460,4460,"a","a","g","g",0.00358744394618834,0.00358744394618834,0.000224215246636771,0.000224215246636771,0,0.000224215246636771,0,0.000224215246636771,0.00381165919282511,0.00381165919282511,0.00381165919282511,0.00381165919282511,"nonsyn","nonsyn","nonsyn",1.77e-05,1.76e-06,1.7e-06,1.7e-06,"0.004933875","0.00758200000000001","1","0.00758200000000001","T","T","A","P","S",1,1,0,1,0,0,0
"4712",4975,4531,4535,"c","c","t","t",0.00132421099095122,0.00132421099095122,0,0,0,0,0,0,0.00132421099095122,0.00132421099095122,0.00132304299889746,0.00132304299889746,"nonsyn","nonsyn","nonsyn",4.58e-06,8.37e-07,4.33e-07,4.33e-07,"0.00345866333333335","1","1","1","T","T","I","N","S",1,0,0,0,0,0,0
"4713",4976,4521,4522,"c","c","t","t",0.0008847600088476,0.0008847600088476,0,0,0,0,0,0,0.0008847600088476,0.0008847600088476,0.000884564352056612,0.000884564352056612,"syn","syn","syn",4.58e-06,8.37e-07,4.33e-07,4.33e-07,"0.005176545","1","1","1","T","T","T","T","T",0,0,0,0,1,0,1
"4714",4977,4524,4524,"c","c","t","t",0.0026525198938992,0.0026525198938992,0.000663129973474801,0.000663129973474801,0.000663129973474801,0,0.000663129973474801,0,0.00331564986737401,0.00331564986737401,0.00331564986737401,0.00331564986737401,"nonsyn","nonsyn","nonsyn",4.58e-06,8.37e-07,4.33e-07,4.33e-07,"0.00172666","0.000652964","0.001262196","1","P","P","S","T","A",1,1,1,0,1,0,1
"4715",4978,4488,4490,"c","c","t","t",0.00133689839572193,0.00133689839572193,0.00155971479500891,0.00155971479500891,0.00111408199643494,0.000445632798573975,0.00111408199643494,0.000445632798573975,0.00289661319073084,0.00289661319073084,0.00289532293986637,0.00289532293986637,"nonsyn","nonsyn","nonsyn",4.58e-06,8.37e-07,4.33e-07,4.33e-07,"0.00342583999999999","0.000277614857142858","0.000751291199999998","0.000971652","P","P","L","Q","R",1,1,1,0,1,0,1
"4716",4979,4506,4510,"g","g","a","a",0.00110963160230803,0.00110963160230803,0.00110963160230803,0.00110963160230803,0.000443852640923213,0.00066577896138482,0.000443852640923213,0.00066577896138482,0.00221926320461607,0.00221926320461607,0.00221729490022173,0.00221729490022173,"syn","syn","syn",4.2e-06,5.36e-07,1.17e-06,1.17e-06,"0.00378504000000001","0.001054404","0.001207608","0.00175734","P","P","P","P","P",0,0,0,0,1,1,0
"4717",4980,4481,4481,"g","g","a","a",0.00178531577772819,0.00178531577772819,0.000446328944432046,0.000446328944432046,0,0.000446328944432046,0,0.000446328944432046,0.00223164472216023,0.00223164472216023,0.00223164472216023,0.00223164472216023,"nonsyn","nonsyn","nonsyn",4.2e-06,5.36e-07,1.17e-06,1.17e-06,"0.00235252499999999","0.002621385","1","0.002621385","G","G","R","R","W",1,1,1,0,1,1,0
"4718",4981,4490,4490,"g","g","a","a",0.00200445434298441,0.00200445434298441,0.00022271714922049,0.00022271714922049,0,0.00022271714922049,0,0.00022271714922049,0.0022271714922049,0.0022271714922049,0.0022271714922049,0.0022271714922049,"nonsyn","nonsyn","nonsyn",4.2e-06,5.36e-07,1.17e-06,1.17e-06,"0.00209533333333333","0.0052533","1","0.0052533","G","G","E","A","V",1,1,1,0,1,1,0
"4719",4982,4474,4474,"g","g","a","a",0.00312919088064372,0.00312919088064372,0.000223513634331694,0.000223513634331694,0,0.000223513634331694,0,0.000223513634331694,0.00335270451497541,0.00335270451497541,0.00335270451497541,0.00335270451497541,"syn","syn","syn",4.2e-06,5.36e-07,1.17e-06,1.17e-06,"0.0013422","0.00523458000000001","1","0.00523458000000001","G","G","G","G","G",0,0,0,0,0,0,0
"4720",4983,4461,4461,"c","c","t","t",0.00201748486886348,0.00201748486886348,0.000448329970858552,0.000448329970858552,0.000448329970858552,0,0.000448329970858552,0,0.00246581483972204,0.00246581483972204,0.00246581483972204,0.00246581483972204,"nonsyn","nonsyn","nonsyn",4.58e-06,8.37e-07,4.33e-07,4.33e-07,"0.00227015333333334","0.0009658065","0.0018669285","1","L","L","F","I","V",0,0,0,0,0,0,0
"4721",4984,4463,4463,"t","t","c","c",0.00179251624467847,0.00179251624467847,0,0,0,0,0,0,0.00179251624467847,0.00179251624467847,0.00179251624467847,0.00179251624467847,"nonsyn","nonsyn","nonsyn",1.7e-05,1.07e-06,1.21e-06,1.21e-06,"0.00948387499999999","1","1","1","L","L","P","H","R",1,1,1,0,1,0,1
"4722",4985,4490,4490,"t","t","c","c",0.00423162583518931,0.00423162583518931,0.00044543429844098,0.00044543429844098,0.00044543429844098,0,0.00044543429844098,0,0.00467706013363029,0.00467706013363029,0.00467706013363029,0.00467706013363029,"syn","syn","syn",1.7e-05,1.07e-06,1.21e-06,1.21e-06,"0.00401736842105263","0.00271645","0.00240215","1","L","L","L","L","L",0,0,0,0,0,0,0
"4723",4986,4630,4631,"c","c","t","t",0.00129589632829374,0.00129589632829374,0.000215982721382289,0.000215982721382289,0.000215982721382289,0,0.000215982721382289,0,0.00151187904967603,0.00151187904967603,0.00151155258043619,0.00151155258043619,"nonsyn","nonsyn","nonsyn",4.58e-06,8.37e-07,4.33e-07,4.33e-07,"0.00353423333333332","0.00200479","0.00387531000000001","1","P","P","S","T","A",1,1,1,0,0,0,0
"4724",4987,4656,4656,"c","c","t","t",0.000859106529209622,0.000859106529209622,0.00257731958762887,0.00257731958762887,0.00257731958762887,0,0.00257731958762887,0,0.00343642611683849,0.00343642611683849,0.00343642611683849,0.00343642611683849,"nonsyn","nonsyn","nonsyn",4.58e-06,8.37e-07,4.33e-07,4.33e-07,"0.00533112","0.000168004","0.000324756","1","P","P","L","H","R",1,1,1,0,1,0,1
"4725",4988,4685,4685,"c","c","t","t",0.000853788687299893,0.000853788687299893,0.000213447171824973,0.000213447171824973,0.000213447171824973,0,0.000213447171824973,0,0.00106723585912487,0.00106723585912487,0.00106723585912487,0.00106723585912487,"syn","syn","syn",4.58e-06,8.37e-07,4.33e-07,4.33e-07,"0.005364325","0.002028605","0.00392134500000001","1","P","P","P","P","P",0,0,0,0,1,0,1
"4726",4989,4699,4699,"g","g","a","a",0.00106405618216642,0.00106405618216642,0.000212811236433284,0.000212811236433284,0,0.000212811236433284,0,0.000212811236433284,0.0012768674185997,0.0012768674185997,0.0012768674185997,0.0012768674185997,"nonsyn","nonsyn","nonsyn",4.2e-06,5.36e-07,1.17e-06,1.17e-06,"0.00394715999999999","0.00549782999999999","1","0.00549782999999999","V","V","M","L","L",0,0,0,0,0,0,0
"4727",4990,4698,4698,"t","t","c","c",0.00532141336739038,0.00532141336739038,0.000851426138782461,0.000851426138782461,0.000212856534695615,0.000638569604086846,0.000212856534695615,0.000638569604086846,0.00617283950617284,0.00617283950617284,0.00617283950617284,0.00617283950617284,"nonsyn","nonsyn","nonsyn",1.7e-05,1.07e-06,1.21e-06,1.21e-06,"0.00319464","0.001421145","0.00502686","0.00189486","V","V","A","E","G",0,1,1,1,0,0,0
"4728",4991,4706,4706,"g","g","a","a",0.000637484062898428,0.000637484062898428,0,0,0,0,0,0,0.000637484062898428,0.000637484062898428,0.000637484062898428,0.000637484062898428,"syn","syn","syn",4.2e-06,5.36e-07,1.17e-06,1.17e-06,"0.00658839999999999","1","1","1","V","V","V","V","V",0,0,0,0,0,0,0
"4729",4992,4761,4761,"t","t","c","c",0.00420079815164881,0.00420079815164881,0.000210039907582441,0.000210039907582441,0.000210039907582441,0,0.000210039907582441,0,0.00441083805923125,0.00441083805923125,0.00441083805923125,0.00441083805923125,"nonsyn","nonsyn","nonsyn",1.7e-05,1.07e-06,1.21e-06,1.21e-06,"0.00404685","0.00576080999999999","0.00509426999999999","1","C","C","R","S","G",1,1,0,1,0,0,0
"4730",4993,4769,4769,"g","g","a","a",0.00167750052421891,0.00167750052421891,0.000419375131054728,0.000419375131054728,0.000209687565527364,0.000209687565527364,0.000209687565527364,0.000209687565527364,0.00209687565527364,0.00209687565527364,0.00209687565527364,0.00209687565527364,"nonsyn","nonsyn","nonsyn",4.2e-06,5.36e-07,1.17e-06,1.17e-06,"0.00250372500000001","0.002789865","0.002556184","0.00557973000000001","C","C","Y","S","F",1,1,1,0,0,0,0
"4731",4994,4774,4774,"c","c","t","t",0.00335148722245496,0.00335148722245496,0.000418935902806871,0.000418935902806871,0.000209467951403435,0.000209467951403435,0.000209467951403435,0.000209467951403435,0.00377042312526183,0.00377042312526183,0.00377042312526183,0.00377042312526183,"syn","stop","nonsyn",4.58e-06,8.37e-07,4.33e-07,4.33e-07,"0.0013665575","0.001033571","0.00399583800000001","0.002067142","C","C","C","*","W",0,1,1,0,0,0,0
"4732",4995,4779,4779,"c","c","t","t",0.00292948315547186,0.00292948315547186,0.000836995187277673,0.000836995187277673,0.000627746390458255,0.000209248796819418,0.000627746390458255,0.000209248796819418,0.00376647834274953,0.00376647834274953,0.00376647834274953,0.00376647834274953,"stop","nonsyn","nonsyn",4.58e-06,8.37e-07,4.33e-07,4.33e-07,"0.00156341571428571","0.00051732675","0.001333341","0.002069307","Q","Q","*","K","E",1,1,1,0,1,0,1
"4733",4996,4586,4586,"a","a","g","g",0.00348887919755778,0.00348887919755778,0.00196249454862625,0.00196249454862625,0.000872219799389446,0.00109027474923681,0.000872219799389446,0.00109027474923681,0.00545137374618404,0.00545137374618404,0.00545137374618404,0.00545137374618404,"nonsyn","nonsyn","nonsyn",1.77e-05,1.76e-06,1.7e-06,1.7e-06,"0.00507326250000001","0.000866244444444446","0.00201784","0.00155924","Q","Q","R","P","L",1,1,1,1,1,1,0
"4734",4997,4572,4572,"g","g","a","a",0.000656167979002625,0.000656167979002625,0,0,0,0,0,0,0.000656167979002625,0.000656167979002625,0.000656167979002625,0.000656167979002625,"syn","nonsyn","nonsyn",4.2e-06,5.36e-07,1.17e-06,1.17e-06,"0.0064008","1","1","1","Q","Q","Q","H","H",0,1,1,0,1,1,0
"4735",4998,4568,4568,"g","g","a","a",0.000437828371278459,0.000437828371278459,0.000218914185639229,0.000218914185639229,0,0.000218914185639229,0,0.000218914185639229,0.000656742556917688,0.000656742556917688,0.000656742556917688,0.000656742556917688,"nonsyn","nonsyn","nonsyn",4.2e-06,5.36e-07,1.17e-06,1.17e-06,"0.0095928","0.00534456000000001","1","0.00534456000000001","D","D","N","H","Y",1,1,1,0,0,0,0
"4736",4999,4549,4549,"a","a","g","g",0.00505605627610464,0.00505605627610464,0,0,0,0,0,0,0.00505605627610464,0.00505605627610464,0.00505605627610464,0.00505605627610464,"nonsyn","nonsyn","nonsyn",1.77e-05,1.76e-06,1.7e-06,1.7e-06,"0.00350075217391304","1","1","1","D","D","G","A","V",1,1,1,0,0,0,0
"4737",5000,4545,4546,"c","c","t","t",0.00176017601760176,0.00176017601760176,0,0,0,0,0,0,0.00176017601760176,0.00176017601760176,0.00175978882534096,0.00175978882534096,"syn","nonsyn","nonsyn",4.58e-06,8.37e-07,4.33e-07,4.33e-07,"0.0026020125","1","1","1","D","D","D","E","E",0,0,0,0,0,0,0
"4738",5001,4555,4555,"c","c","t","t",0.00351262349066959,0.00351262349066959,0.000658616904500549,0.000658616904500549,0.000658616904500549,0,0.000658616904500549,0,0.00417124039517014,0.00417124039517014,0.00417124039517014,0.00417124039517014,"nonsyn","nonsyn","nonsyn",4.58e-06,8.37e-07,4.33e-07,4.33e-07,"0.00130386875","0.000657438333333333","0.001270845","1","H","H","Y","N","D",1,1,1,0,1,0,1
"4739",5002,4559,4559,"a","a","g","g",0.00307084887036631,0.00307084887036631,0.000658039043649923,0.000658039043649923,0.000219346347883308,0.000438692695766616,0.000219346347883308,0.000438692695766616,0.00372888791401623,0.00372888791401623,0.00372888791401623,0.00372888791401623,"nonsyn","nonsyn","nonsyn",1.77e-05,1.76e-06,1.7e-06,1.7e-06,"0.00576387857142857","0.00258343333333333","0.00802383999999999","0.00387515","H","H","R","P","L",0,1,1,1,0,0,0
"4740",5003,4728,4728,"t","t","c","c",0.00465313028764805,0.00465313028764805,0,0,0,0,0,0,0.00465313028764805,0.00465313028764805,0.00465313028764805,0.00465313028764805,"syn","nonsyn","nonsyn",1.7e-05,1.07e-06,1.21e-06,1.21e-06,"0.00365345454545455","1","1","1","H","H","H","Q","Q",0,1,1,0,0,0,0
"4741",5004,4735,4735,"c","c","t","t",0.00147835269271383,0.00147835269271383,0.000422386483632524,0.000422386483632524,0.000422386483632524,0,0.000422386483632524,0,0.00190073917634636,0.00190073917634636,0.00190073917634636,0.00190073917634636,"nonsyn","nonsyn","nonsyn",4.58e-06,8.37e-07,4.33e-07,4.33e-07,"0.00309804285714286","0.0010251275","0.0019815975","1","L","L","F","I","V",0,0,0,0,0,0,0
"4742",5005,4736,4736,"t","t","c","c",0.00316722972972973,0.00316722972972973,0.00126689189189189,0.00126689189189189,0.000844594594594595,0.000422297297297297,0.000844594594594595,0.000422297297297297,0.00443412162162162,0.00443412162162162,0.00443412162162162,0.00443412162162162,"nonsyn","nonsyn","nonsyn",1.7e-05,1.07e-06,1.21e-06,1.21e-06,"0.00536746666666667","0.000955093333333335","0.00126688","0.00286528","L","L","P","H","R",1,1,1,0,1,0,1
"4743",5006,4684,4684,"t","t","c","c",0.00341588385994876,0.00341588385994876,0.000640478223740393,0.000640478223740393,0.000213492741246798,0.000426985482493595,0.000213492741246798,0.000426985482493595,0.00405636208368915,0.00405636208368915,0.00405636208368915,0.00405636208368915,"syn","syn","syn",1.7e-05,1.07e-06,1.21e-06,1.21e-06,"0.00497675","0.00188921333333333","0.00501187999999999","0.00283382","L","L","L","L","L",0,0,0,1,0,0,0
"4744",5007,4708,4708,"g","g","a","a",0.000212404418011895,0.000212404418011895,0,0,0,0,0,0,0.000212404418011895,0.000212404418011895,0.000212404418011895,0.000212404418011895,"nonsyn","nonsyn","stop",4.2e-06,5.36e-07,1.17e-06,1.17e-06,"0.0197736","1","1","1","E","E","K","Q","*",1,1,1,0,0,0,0
"4745",5008,4692,4692,"a","a","g","g",0.00596760443307758,0.00596760443307758,0,0,0,0,0,0,0.00596760443307758,0.00596760443307758,0.00596760443307758,0.00596760443307758,"nonsyn","nonsyn","nonsyn",1.77e-05,1.76e-06,1.7e-06,1.7e-06,"0.00296601428571429","1","1","1","E","E","G","A","V",1,1,1,0,0,0,0
"4746",5009,4692,4693,"a","a","g","g",0.0036231884057971,0.0036231884057971,0.000213128729752771,0.000213128729752771,0,0.000213128729752771,0,0.000213128729752771,0.00383631713554987,0.00383631713554987,0.00383549968037503,0.00383549968037503,"syn","nonsyn","nonsyn",1.77e-05,1.76e-06,1.7e-06,1.7e-06,"0.0048852","0.00797639999999999","1","0.00797639999999999","E","E","E","D","D",0,0,0,0,0,0,0
"4747",5010,4632,4634,"t","t","c","c",0.00280656303972366,0.00280656303972366,0.000215889464594128,0.000215889464594128,0.000215889464594128,0,0.000215889464594128,0,0.00302245250431779,0.00302245250431779,0.00302114803625378,0.00302114803625378,"nonsyn","nonsyn","nonsyn",1.7e-05,1.07e-06,1.21e-06,1.21e-06,"0.00605723076923077","0.00560472","0.00495623999999999","1","F","F","L","I","V",0,0,0,0,0,0,0
"4748",5011,4623,4623,"t","t","c","c",0.00151416828898983,0.00151416828898983,0,0,0,0,0,0,0.00151416828898983,0.00151416828898983,0.00151416828898983,0.00151416828898983,"nonsyn","nonsyn","nonsyn",1.7e-05,1.07e-06,1.21e-06,1.21e-06,"0.0112272857142857","1","1","1","F","F","S","Y","C",1,0,1,0,0,0,0
"4749",5012,4608,4608,"t","t","c","c",0.0414496527777778,0.0414496527777778,0.000217013888888889,0.000217013888888889,0.000217013888888889,0,0.000217013888888889,0,0.0416666666666667,0.0416666666666667,0.0416666666666667,0.0416666666666667,"syn","nonsyn","nonsyn",1.7e-05,1.07e-06,1.21e-06,1.21e-06,"0.00041013612565445","0.00557568","0.00493056","1","F","F","F","L","L",0,0,0,0,0,0,0
"4750",5013,4615,4615,"t","t","c","c",0.00238353196099675,0.00238353196099675,0.000216684723726977,0.000216684723726977,0,0.000216684723726977,0,0.000216684723726977,0.00260021668472373,0.00260021668472373,0.00260021668472373,0.00260021668472373,"nonsyn","nonsyn","nonsyn",1.7e-05,1.07e-06,1.21e-06,1.21e-06,"0.00713227272727273","0.00558415000000001","1","0.00558415000000001","W","W","R","R","G",1,1,1,1,0,0,0
"4751",5014,4543,4543,"g","g","a","a",0.000220118864186661,0.000220118864186661,0,0,0,0,0,0,0.000220118864186661,0.000220118864186661,0.000220118864186661,0.000220118864186661,"stop","nonsyn","nonsyn",4.2e-06,5.36e-07,1.17e-06,1.17e-06,"0.0190806","1","1","1","W","W","*","S","L",1,1,0,0,1,1,0
"4752",5015,4521,4521,"g","g","a","a",0.0019907100199071,0.0019907100199071,0,0,0,0,0,0,0.0019907100199071,0.0019907100199071,0.0019907100199071,0.0019907100199071,"stop","nonsyn","nonsyn",4.2e-06,5.36e-07,1.17e-06,1.17e-06,"0.0021098","1","1","1","W","W","*","C","C",1,1,1,0,1,1,0
"4753",5016,4502,4502,"g","g","a","a",0.00177698800533096,0.00177698800533096,0,0,0,0,0,0,0.00177698800533096,0.00177698800533096,0.00177698800533096,0.00177698800533096,"nonsyn","nonsyn","stop",4.2e-06,5.36e-07,1.17e-06,1.17e-06,"0.00236355000000001","1","1","1","E","E","K","Q","*",1,1,1,0,0,0,0
"4754",5017,4487,4488,"a","a","g","g",0.00512591932248719,0.00512591932248719,0.00111433028749721,0.00111433028749721,0.000222866057499443,0.000891464229997771,0.000222866057499443,0.000891464229997771,0.0062402496099844,0.0062402496099844,0.00623885918003565,0.00623885918003565,"nonsyn","nonsyn","nonsyn",1.77e-05,1.76e-06,1.7e-06,1.7e-06,"0.00345303913043478","0.00152558000000001","0.00789711999999999","0.001906975","E","E","G","A","V",1,1,1,0,1,1,0
"4755",5018,4435,4437,"g","g","a","a",0.00315670800450958,0.00315670800450958,0.000225479143179256,0.000225479143179256,0,0.000225479143179256,0,0.000225479143179256,0.00338218714768884,0.00338218714768884,0.00338066260987153,0.00338066260987153,"syn","nonsyn","nonsyn",4.2e-06,5.36e-07,1.17e-06,1.17e-06,"0.0013305","0.00518895","1","0.00518895","E","E","E","D","D",0,0,0,0,1,1,0
"4756",5019,4418,4418,"g","g","a","a",0.000452693526482571,0.000452693526482571,0.000452693526482571,0.000452693526482571,0.000226346763241286,0.000226346763241286,0.000226346763241286,0.000226346763241286,0.000905387052965143,0.000905387052965143,0.000905387052965143,0.000905387052965143,"nonsyn","nonsyn","nonsyn",4.2e-06,5.36e-07,1.17e-06,1.17e-06,"0.0092778","0.00258453","0.002368048","0.00516905999999999","G","G","S","R","C",1,1,0,0,1,1,0
"4757",5020,4439,4439,"g","g","a","a",0.00157693174138319,0.00157693174138319,0.000225275963054742,0.000225275963054742,0.000225275963054742,0,0.000225275963054742,0,0.00180220770443794,0.00180220770443794,0.00180220770443794,0.00180220770443794,"nonsyn","nonsyn","nonsyn",4.2e-06,5.36e-07,1.17e-06,1.17e-06,"0.00266340000000001","0.00519363","0.002379304","1","G","G","D","A","V",1,1,1,0,0,0,0
"4758",5021,4441,4441,"c","c","t","t",0.00247691961269984,0.00247691961269984,0.0565188020716055,0.0565188020716055,0.0565188020716055,0,0.0565188020716055,0,0.0589957216843053,0.0589957216843053,0.0589957216843053,0.0589957216843053,"syn","syn","syn",4.58e-06,8.37e-07,4.33e-07,4.33e-07,"0.00184907090909091","7.66116733067729e-06","1.48092310756972e-05","1","G","G","G","G","G",0,0,0,0,0,0,0
"4759",5022,4451,4451,"g","g","a","a",0.00292069197933049,0.00292069197933049,0.000224668613794653,0.000224668613794653,0,0.000224668613794653,0,0.000224668613794653,0.00314536059312514,0.00314536059312514,0.00314536059312514,0.00314536059312514,"nonsyn","nonsyn","nonsyn",4.2e-06,5.36e-07,1.17e-06,1.17e-06,"0.00143801538461538","0.00520767","1","0.00520767","V","V","I","L","F",0,0,0,0,0,0,0
"4760",5023,4441,4441,"t","t","c","c",0.00427831569466336,0.00427831569466336,0.00135104706147264,0.00135104706147264,0.00022517451024544,0.0011258725512272,0.00022517451024544,0.0011258725512272,0.00562936275613601,0.00562936275613601,0.00562936275613601,0.00562936275613601,"nonsyn","nonsyn","nonsyn",1.7e-05,1.07e-06,1.21e-06,1.21e-06,"0.00397352631578948","0.000895601666666668","0.00475187","0.001074722","V","V","A","D","G",0,1,1,0,0,0,0
"4761",5024,4452,4452,"c","c","t","t",0.000224618149146451,0.000224618149146451,0.000224618149146451,0.000224618149146451,0.000224618149146451,0,0.000224618149146451,0,0.000449236298292902,0.000449236298292902,0.000449236298292902,0.000449236298292902,"syn","syn","syn",4.58e-06,8.37e-07,4.33e-07,4.33e-07,"0.02039016","0.001927716","0.003726324","1","V","V","V","V","V",0,0,0,0,0,0,0
"4762",5025,4353,4353,"t","t","c","c",0.00344589937973811,0.00344589937973811,0.000689179875947622,0.000689179875947622,0.000689179875947622,0,0.000689179875947622,0,0.00413507925568573,0.00413507925568573,0.00413507925568573,0.00413507925568573,"nonsyn","nonsyn","nonsyn",1.7e-05,1.07e-06,1.21e-06,1.21e-06,"0.0049334","0.00175571","0.00155257","1","F","F","L","I","V",0,0,0,0,1,0,1
"4763",5026,4359,4359,"t","t","c","c",0.00642349162651984,0.00642349162651984,0.000229410415232852,0.000229410415232852,0.000229410415232852,0,0.000229410415232852,0,0.0066529020417527,0.0066529020417527,0.0066529020417527,0.0066529020417527,"nonsyn","nonsyn","nonsyn",1.7e-05,1.07e-06,1.21e-06,1.21e-06,"0.00264653571428572","0.00527438999999999","0.00466412999999999","1","F","F","S","Y","C",1,0,1,0,0,0,0
"4764",5027,4410,4410,"c","t","t","c",0.000226757369614512,0.999319727891156,0.000453514739229025,0.000453514739229025,0.000453514739229025,0,0.000453514739229025,0,0.000680272108843537,0.999773242630385,0.000680272108843537,0.999773242630385,"syn","nonsyn","nonsyn",1.7e-05,1.07e-06,1.21e-06,1.21e-06,"1.70115724982982e-05","0.00266805","0.00235935","1","F","F","F","L","L",0,0,0,0,0,0,0
"4765",5028,4392,4392,"a","a","g","g",0.00250455373406193,0.00250455373406193,0.000455373406193078,0.000455373406193078,0.000227686703096539,0.000227686703096539,0.000227686703096539,0.000227686703096539,0.00295992714025501,0.00295992714025501,0.00295992714025501,0.00295992714025501,"nonsyn","nonsyn","nonsyn",1.77e-05,1.76e-06,1.7e-06,1.7e-06,"0.00706712727272728","0.0037332","0.00772992000000001","0.00746640000000001","T","T","A","P","S",1,1,0,0,0,0,0
"4766",5029,4289,4293,"c","c","t","t",0.00116577290743763,0.00116577290743763,0,0,0,0,0,0,0.00116577290743763,0.00116577290743763,0.00116468669927789,0.00116468669927789,"nonsyn","nonsyn","nonsyn",4.58e-06,8.37e-07,4.33e-07,4.33e-07,"0.003928724","1","1","1","T","T","M","K","R",1,1,1,0,0,0,0
"4767",5030,4183,4183,"a","g","g","a",0.00741094907960794,0.991632799426249,0.00095625149414296,0.00095625149414296,0,0.00095625149414296,0,0.00095625149414296,0.0083672005737509,0.992589050920392,0.0083672005737509,0.992589050920392,"syn","syn","syn",4.2e-06,5.36e-07,1.17e-06,1.17e-06,"4.2354387656702e-06","0.0012235275","1","0.0012235275","T","T","T","T","T",0,0,0,0,1,1,0
"4768",5031,4174,4174,"g","g","a","a",0.00167704839482511,0.00167704839482511,0.00119789171058936,0.00119789171058936,0,0.00119789171058936,0,0.00119789171058936,0.00287494010541447,0.00287494010541447,0.00287494010541447,0.00287494010541447,"nonsyn","nonsyn","nonsyn",4.2e-06,5.36e-07,1.17e-06,1.17e-06,"0.0025044","0.000976716000000002","1","0.000976716000000002","G","G","S","R","C",1,1,0,0,1,1,0
"4769",5032,4165,4165,"g","g","a","a",0.000960384153661465,0.000960384153661465,0.000480192076830732,0.000480192076830732,0,0.000480192076830732,0,0.000480192076830732,0.0014405762304922,0.0014405762304922,0.0014405762304922,0.0014405762304922,"nonsyn","nonsyn","nonsyn",4.2e-06,5.36e-07,1.17e-06,1.17e-06,"0.00437325","0.002436525","1","0.002436525","G","G","D","A","V",1,1,1,0,0,0,0
"4770",5033,4148,4149,"c","c","t","t",0.00241080038572806,0.00241080038572806,0.0470106075216972,0.0470106075216972,0.0470106075216972,0,0.0470106075216972,0,0.0494214079074253,0.0494214079074253,0.04940949626416,0.04940949626416,"syn","syn","syn",4.58e-06,8.37e-07,4.33e-07,4.33e-07,"0.001899784","9.21068717948718e-06","1.78044923076923e-05","1","G","G","G","G","G",0,0,0,0,0,0,0
"4771",5034,4136,4136,"c","c","t","t",0.00120889748549323,0.00120889748549323,0.000241779497098646,0.000241779497098646,0.000241779497098646,0,0.000241779497098646,0,0.00145067698259188,0.00145067698259188,0.00145067698259188,0.00145067698259188,"nonsyn","nonsyn","nonsyn",4.58e-06,8.37e-07,4.33e-07,4.33e-07,"0.003788576","0.001790888","0.003461832","1","L","L","F","I","V",0,0,0,0,1,0,1
"4772",5035,3957,3957,"t","t","c","c",0.00429618397776093,0.00429618397776093,0.00101086681829669,0.00101086681829669,0.000505433409148345,0.000505433409148345,0.000505433409148345,0.000505433409148345,0.00530705079605762,0.00530705079605762,0.00530705079605762,0.00530705079605762,"nonsyn","nonsyn","nonsyn",1.7e-05,1.07e-06,1.21e-06,1.21e-06,"0.003957","0.0011969925","0.002116995","0.002393985","L","L","P","H","R",1,1,1,0,1,0,1
"4773",5036,4035,4035,"c","c","t","t",0.00223048327137546,0.00223048327137546,0.000247831474597274,0.000247831474597274,0.000247831474597274,0,0.000247831474597274,0,0.00247831474597274,0.00247831474597274,0.00247831474597274,0.00247831474597274,"syn","syn","syn",4.58e-06,8.37e-07,4.33e-07,4.33e-07,"0.00205336666666667","0.001747155","0.003377295","1","L","L","L","L","L",0,0,0,0,0,0,0
"4774",5037,4028,4028,"a","a","g","g",0.00422045680238332,0.00422045680238332,0.00099304865938431,0.00099304865938431,0.000496524329692155,0.000496524329692155,0.000496524329692155,0.000496524329692155,0.00521350546176763,0.00521350546176763,0.00521350546176763,0.00521350546176763,"nonsyn","nonsyn","nonsyn",1.77e-05,1.76e-06,1.7e-06,1.7e-06,"0.00419385882352941","0.0017119","0.00354464","0.0034238","T","T","A","P","S",1,1,0,1,0,0,0
"4775",5038,4067,4068,"c","c","t","t",0.00221293336611753,0.00221293336611753,0.00024588148512417,0.00024588148512417,0.00024588148512417,0,0.00024588148512417,0,0.0024588148512417,0.0024588148512417,0.00245821042281219,0.00245821042281219,"nonsyn","nonsyn","nonsyn",4.58e-06,8.37e-07,4.33e-07,4.33e-07,"0.00206965111111111","0.001761011","0.003404079","1","T","T","I","N","S",1,0,0,0,0,0,0
"4776",5039,4092,4092,"c","t","t","c",0.00244379276637341,0.995601173020528,0.00195503421309873,0.00195503421309873,0.00195503421309873,0,0.00195503421309873,0,0.00439882697947214,0.997556207233627,0.00439882697947214,0.997556207233627,"syn","syn","syn",1.7e-05,1.07e-06,1.21e-06,1.21e-06,"1.70751104565538e-05","0.000618915","0.000547305","1","T","T","T","T","T",0,0,0,0,1,0,1
"4777",5040,4022,4022,"c","c","t","t",0,0,0.000248632521133764,0.000248632521133764,0.000248632521133764,0,0.000248632521133764,0,0.000248632521133764,0.000248632521133764,0.000248632521133764,0.000248632521133764,"nonsyn","nonsyn","nonsyn",4.58e-06,8.37e-07,4.33e-07,4.33e-07,"1","0.001741526","0.003366414","1","H","H","Y","N","D",1,1,1,0,0,0,0
"4778",5041,4019,4020,"a","a","g","g",0.00298581736750435,0.00298581736750435,0.00124409056979348,0.00124409056979348,0.000248818113958696,0.000995272455834785,0.000248818113958696,0.000995272455834785,0.00422990793729784,0.00422990793729784,0.00422885572139303,0.00422885572139303,"nonsyn","nonsyn","nonsyn",1.77e-05,1.76e-06,1.7e-06,1.7e-06,"0.00592802500000001","0.00136646","0.00707344000000001","0.001708075","H","H","R","P","L",0,1,1,1,0,0,0
"4779",5042,3956,3957,"t","t","c","c",0.00176946410515672,0.00176946410515672,0,0,0,0,0,0,0.00176946410515672,0.00176946410515672,0.00176901693201921,0.00176901693201921,"syn","nonsyn","nonsyn",1.7e-05,1.07e-06,1.21e-06,1.21e-06,"0.00960742857142859","1","1","1","H","H","H","Q","Q",0,1,1,0,0,0,0
"4780",5043,4191,4191,"a","a","g","g",0.00167024576473395,0.00167024576473395,0.000238606537819136,0.000238606537819136,0,0.000238606537819136,0,0.000238606537819136,0.00190885230255309,0.00190885230255309,0.00190885230255309,0.00190885230255309,"nonsyn","nonsyn","nonsyn",1.77e-05,1.76e-06,1.7e-06,1.7e-06,"0.0105972428571429","0.00712470000000001","1","0.00712470000000001","I","I","V","L","L",0,0,0,0,0,0,0
"4781",5044,4210,4210,"t","t","c","c",0.00356294536817102,0.00356294536817102,0.000237529691211401,0.000237529691211401,0.000237529691211401,0,0.000237529691211401,0,0.00380047505938242,0.00380047505938242,0.00380047505938242,0.00380047505938242,"nonsyn","nonsyn","nonsyn",1.7e-05,1.07e-06,1.21e-06,1.21e-06,"0.00477133333333334","0.00509410000000001","0.00450470000000001","1","I","I","T","K","R",1,1,1,0,0,0,0
"4782",5045,4155,4155,"a","a","g","g",0.00288808664259928,0.00288808664259928,0.000481347773766546,0.000481347773766546,0,0.000481347773766546,0,0.000481347773766546,0.00336943441636582,0.00336943441636582,0.00336943441636582,0.00336943441636582,"nonsyn","syn","syn",1.77e-05,1.76e-06,1.7e-06,1.7e-06,"0.006128625","0.00353175","1","0.00353175","I","I","M","I","I",0,0,0,0,1,1,0
"4783",5046,4193,4193,"g","g","a","a",0.000238492725971858,0.000238492725971858,0.000476985451943716,0.000476985451943716,0,0.000476985451943716,0,0.000476985451943716,0.000715478177915574,0.000715478177915574,0.000715478177915574,0.000715478177915574,"nonsyn","nonsyn","nonsyn",4.2e-06,5.36e-07,1.17e-06,1.17e-06,"0.0176106","0.002452905","1","0.002452905","D","D","N","H","Y",1,1,1,0,0,0,0
"4784",5047,4184,4185,"a","a","g","g",0.001434034416826,0.001434034416826,0.000239005736137667,0.000239005736137667,0.000239005736137667,0,0.000239005736137667,0,0.00167304015296367,0.00167304015296367,0.0016726403823178,0.0016726403823178,"nonsyn","nonsyn","nonsyn",1.77e-05,1.76e-06,1.7e-06,1.7e-06,"0.0123428","0.00711280000000001","0.00736384000000001","1","D","D","G","A","V",1,1,1,0,0,0,0
"4785",5048,4196,4196,"t","t","c","c",0.00381315538608198,0.00381315538608198,0,0,0,0,0,0,0.00381315538608198,0.00381315538608198,0.00381315538608198,0.00381315538608198,"syn","nonsyn","nonsyn",1.7e-05,1.07e-06,1.21e-06,1.21e-06,"0.00445825","1","1","1","D","D","D","E","E",0,0,0,1,0,0,0
"4786",5049,4195,4195,"g","g","a","a",0.00190703218116806,0.00190703218116806,0,0,0,0,0,0,0.00190703218116806,0.00190703218116806,0.00190703218116806,0.00190703218116806,"nonsyn","nonsyn","nonsyn",4.2e-06,5.36e-07,1.17e-06,1.17e-06,"0.002202375","1","1","1","A","A","T","P","S",1,1,1,0,0,0,0
"4787",5050,4181,4183,"c","c","t","t",0.00215259507294906,0.00215259507294906,0.000717531690983018,0.000717531690983018,0.000239177230327673,0.000478354460655346,0.000239177230327673,0.000478354460655346,0.00287012676393207,0.00287012676393207,0.00286875448242888,0.00286875448242888,"nonsyn","nonsyn","nonsyn",4.58e-06,8.37e-07,4.33e-07,4.33e-07,"0.00212766444444444","0.000603457666666667","0.003499497","0.000905186499999999","A","A","V","D","G",0,1,1,0,0,0,0
"4788",5051,4173,4173,"c","c","t","t",0.00287562904385334,0.00287562904385334,0.000958543014617781,0.000958543014617781,0.000479271507308891,0.000479271507308891,0.000479271507308891,0.000479271507308891,0.00383417205847112,0.00383417205847112,0.00383417205847112,0.00383417205847112,"syn","syn","syn",4.58e-06,8.37e-07,4.33e-07,4.33e-07,"0.001592695","0.00045172725","0.0017464005","0.000903454499999999","A","A","A","A","A",0,0,0,0,1,0,1
"4789",5052,4161,4161,"c","c","t","t",0.00264359528959385,0.00264359528959385,0.000480653689017063,0.000480653689017063,0.000480653689017063,0,0.000480653689017063,0,0.00312424897861091,0.00312424897861091,0.00312424897861091,0.00312424897861091,"nonsyn","nonsyn","nonsyn",4.58e-06,8.37e-07,4.33e-07,4.33e-07,"0.00173248909090909","0.0009008565","0.0017413785","1","H","H","Y","N","D",1,1,1,0,1,0,1
"4790",5053,4156,4156,"a","a","g","g",0.00288739172281039,0.00288739172281039,0.000481231953801732,0.000481231953801732,0.000240615976900866,0.000240615976900866,0.000240615976900866,0.000240615976900866,0.00336862367661213,0.00336862367661213,0.00336862367661213,0.00336862367661213,"nonsyn","nonsyn","nonsyn",1.77e-05,1.76e-06,1.7e-06,1.7e-06,"0.00613010000000001","0.0035326","0.00731456000000001","0.00706520000000001","H","H","R","P","L",0,1,1,1,0,0,0
"4791",5054,4154,4154,"c","c","t","t",0.00120365912373616,0.00120365912373616,0,0,0,0,0,0,0.00120365912373616,0.00120365912373616,0.00120365912373616,0.00120365912373616,"syn","nonsyn","nonsyn",4.58e-06,8.37e-07,4.33e-07,4.33e-07,"0.00380506399999999","1","1","1","H","H","H","Q","Q",0,1,1,0,0,0,0
"4792",5055,4161,4172,"t","t","c","c",0.00336457582311944,0.00336457582311944,0.000480653689017063,0.000480653689017063,0.000240326844508532,0.000240326844508532,0.000240326844508532,0.000240326844508532,0.00384522951213651,0.00384522951213651,0.00383509108341323,0.00383509108341323,"nonsyn","nonsyn","nonsyn",1.7e-05,1.07e-06,1.21e-06,1.21e-06,"0.00505264285714286","0.002517405","0.00445226999999999","0.00503480999999999","F","F","L","I","V",0,0,0,0,1,0,1
"4793",5056,4180,4180,"t","t","c","c",0.00526315789473684,0.00526315789473684,0.000478468899521531,0.000478468899521531,0,0.000478468899521531,0,0.000478468899521531,0.00574162679425837,0.00574162679425837,0.00574162679425837,0.00574162679425837,"nonsyn","nonsyn","nonsyn",1.7e-05,1.07e-06,1.21e-06,1.21e-06,"0.00323","0.0025289","1","0.0025289","F","F","S","Y","C",1,0,1,0,0,0,0
"4794",5057,4190,4190,"t","t","c","c",0.00286396181384248,0.00286396181384248,0.000238663484486874,0.000238663484486874,0.000238663484486874,0,0.000238663484486874,0,0.00310262529832936,0.00310262529832936,0.00310262529832936,0.00310262529832936,"syn","nonsyn","nonsyn",1.7e-05,1.07e-06,1.21e-06,1.21e-06,"0.00593583333333334","0.00506989999999999","0.00448329999999999","1","F","F","F","L","L",0,0,0,0,0,0,0
"4795",5058,4174,4174,"t","c","c","t",0.00143747005270724,0.998322951605175,0.000239578342117873,0.000239578342117873,0,0.000239578342117873,0,0.000239578342117873,0.00167704839482511,0.998562529947293,0.00167704839482511,0.998562529947293,"syn","nonsyn","nonsyn",4.58e-06,8.37e-07,4.33e-07,4.33e-07,"4.58769378449724e-06","0.001807342","1","0.001807342","L","L","L","I","V",0,0,0,0,0,0,0
"4796",5059,4160,4160,"t","t","c","c",0.00264423076923077,0.00264423076923077,0.000961538461538462,0.000961538461538462,0.000721153846153846,0.000240384615384615,0.000721153846153846,0.000240384615384615,0.00360576923076923,0.00360576923076923,0.00360576923076923,0.00360576923076923,"nonsyn","nonsyn","nonsyn",1.7e-05,1.07e-06,1.21e-06,1.21e-06,"0.00642909090909091","0.0012584","0.00148373333333333","0.00503360000000001","L","L","P","Q","R",1,1,1,0,1,0,1
"4797",5060,4136,4136,"a","a","g","g",0.0959864603481625,0.0959864603481625,0,0,0,0,0,0,0.0959864603481625,0.0959864603481625,0.0959864603481625,0.0959864603481625,"syn","syn","syn",1.77e-05,1.76e-06,1.7e-06,1.7e-06,"0.000184401007556675","1","1","1","L","L","L","L","L",0,0,0,0,0,0,0
"4798",5061,4217,4217,"t","t","c","c",0.0130424472373725,0.0130424472373725,0,0,0,0,0,0,0.0130424472373725,0.0130424472373725,0.0130424472373725,0.0130424472373725,"nonsyn","nonsyn","nonsyn",1.7e-05,1.07e-06,1.21e-06,1.21e-06,"0.00130343636363637","1","1","1","S","S","P","T","A",1,0,1,0,0,0,0
"4799",5062,4228,4230,"c","c","t","t",0.000236518448438978,0.000236518448438978,0,0,0,0,0,0,0.000236518448438978,0.000236518448438978,0.000236406619385343,0.000236406619385343,"nonsyn","nonsyn","nonsyn",4.58e-06,8.37e-07,4.33e-07,4.33e-07,"0.01936424","1","1","1","S","S","F","Y","C",1,1,1,0,0,0,0
"4800",5063,4236,4236,"c","c","t","t",0.00377714825306893,0.00377714825306893,0.000708215297450425,0.000708215297450425,0.000708215297450425,0,0.000708215297450425,0,0.00448536355051936,0.00448536355051936,0.00448536355051936,0.00448536355051936,"syn","syn","syn",4.58e-06,8.37e-07,4.33e-07,4.33e-07,"0.001212555","0.000611396","0.001181844","1","S","S","S","S","S",0,0,0,0,1,0,1
"4801",5064,4175,4175,"c","c","t","t",0.000239520958083832,0.000239520958083832,0.000239520958083832,0.000239520958083832,0.000239520958083832,0,0.000239520958083832,0,0.000479041916167665,0.000479041916167665,0.000479041916167665,0.000479041916167665,"stop","nonsyn","nonsyn",4.58e-06,8.37e-07,4.33e-07,4.33e-07,"0.0191215","0.001807775","0.003494475","1","Q","Q","*","K","E",1,1,1,0,1,0,1
"4802",5065,4192,4192,"a","a","g","g",0.00286259541984733,0.00286259541984733,0.00143129770992366,0.00143129770992366,0,0.00143129770992366,0,0.00143129770992366,0.00429389312977099,0.00429389312977099,0.00429389312977099,0.00429389312977099,"nonsyn","nonsyn","nonsyn",1.77e-05,1.76e-06,1.7e-06,1.7e-06,"0.0061832","0.00118773333333334","1","0.00118773333333334","Q","Q","R","P","L",1,1,1,1,1,1,0
"4803",5066,4192,4192,"g","g","a","a",0.00119274809160305,0.00119274809160305,0.000715648854961832,0.000715648854961832,0,0.000715648854961832,0,0.000715648854961832,0.00190839694656489,0.00190839694656489,0.00190839694656489,0.00190839694656489,"syn","nonsyn","nonsyn",4.2e-06,5.36e-07,1.17e-06,1.17e-06,"0.00352128000000001","0.00163488","1","0.00163488","Q","Q","Q","H","H",0,1,1,0,0,0,0
"4804",5067,4176,4176,"a","a","g","g",0.00454980842911877,0.00454980842911877,0,0,0,0,0,0,0.00454980842911877,0.00454980842911877,0.00454980842911877,0.00454980842911877,"nonsyn","nonsyn","nonsyn",1.77e-05,1.76e-06,1.7e-06,1.7e-06,"0.00389027368421053","1","1","1","T","T","A","P","S",1,1,0,0,0,0,0
"4805",5068,4190,4190,"c","c","t","t",0.00143198090692124,0.00143198090692124,0,0,0,0,0,0,0.00143198090692124,0.00143198090692124,0.00143198090692124,0.00143198090692124,"nonsyn","nonsyn","nonsyn",4.58e-06,8.37e-07,4.33e-07,4.33e-07,"0.00319836666666667","1","1","1","T","T","I","K","R",1,1,1,0,0,0,0
"4806",5069,4130,4131,"a","a","g","g",0.0026634382566586,0.0026634382566586,0.000242130750605327,0.000242130750605327,0,0.000242130750605327,0,0.000242130750605327,0.00290556900726392,0.00290556900726392,0.00290486564996369,0.00290486564996369,"syn","syn","syn",1.77e-05,1.76e-06,1.7e-06,1.7e-06,"0.00664554545454544","0.007021","1","0.007021","T","T","T","T","T",0,0,0,1,0,0,0
"4807",5070,4157,4157,"a","a","g","g",0.00866009141207602,0.00866009141207602,0,0,0,0,0,0,0.00866009141207602,0.00866009141207602,0.00866009141207602,0.00866009141207602,"nonsyn","nonsyn","stop",1.77e-05,1.76e-06,1.7e-06,1.7e-06,"0.00204385833333333","1","1","1","K","K","E","Q","*",1,1,1,0,0,0,0
"4808",5071,4147,4147,"a","a","g","g",0.00289365806607186,0.00289365806607186,0.00144682903303593,0.00144682903303593,0.000241138172172655,0.00120569086086327,0.000241138172172655,0.00120569086086327,0.00434048709910779,0.00434048709910779,0.00434048709910779,0.00434048709910779,"nonsyn","nonsyn","nonsyn",1.77e-05,1.76e-06,1.7e-06,1.7e-06,"0.006116825","0.00117498333333333","0.00729872","0.00140998000000001","K","K","R","T","M",0,1,1,0,1,1,0
"4809",5072,4140,4140,"g","g","a","a",0.00289855072463768,0.00289855072463768,0.00072463768115942,0.00072463768115942,0.000241545893719807,0.000483091787439614,0.000241545893719807,0.000483091787439614,0.0036231884057971,0.0036231884057971,0.0036231884057971,0.0036231884057971,"syn","nonsyn","nonsyn",4.2e-06,5.36e-07,1.17e-06,1.17e-06,"0.001449","0.0016146","0.00221904","0.0024219","K","K","K","N","N",0,1,1,0,0,0,0
"4810",5073,4144,4144,"c","c","t","t",0.00144787644787645,0.00144787644787645,0.000723938223938224,0.000723938223938224,0.000482625482625483,0.000241312741312741,0.000482625482625483,0.000241312741312741,0.00217181467181467,0.00217181467181467,0.00217181467181467,0.00217181467181467,"stop","nonsyn","nonsyn",4.58e-06,8.37e-07,4.33e-07,4.33e-07,"0.00316325333333333","0.000598117333333333","0.001734264","0.001794352","Q","Q","*","K","E",1,1,1,0,0,0,0
"4811",5074,4102,4102,"a","a","g","g",0.00487567040468064,0.00487567040468064,0.000731350560702097,0.000731350560702097,0.000243783520234032,0.000487567040468064,0.000243783520234032,0.000487567040468064,0.00560702096538274,0.00560702096538274,0.00560702096538274,0.00560702096538274,"nonsyn","nonsyn","nonsyn",1.77e-05,1.76e-06,1.7e-06,1.7e-06,"0.00363027","0.00232446666666667","0.00721952000000001","0.0034867","Q","Q","R","P","L",1,1,1,1,1,1,0
"4812",5075,4109,4109,"g","g","a","a",0.000730104648332928,0.000730104648332928,0,0,0,0,0,0,0.000730104648332928,0.000730104648332928,0.000730104648332928,0.000730104648332928,"syn","nonsyn","nonsyn",4.2e-06,5.36e-07,1.17e-06,1.17e-06,"0.0057526","1","1","1","Q","Q","Q","H","H",0,1,1,0,0,0,0
"4813",5076,4074,4074,"a","a","g","g",0.00319096710849288,0.00319096710849288,0.000245459008345606,0.000245459008345606,0.000245459008345606,0,0.000245459008345606,0,0.00343642611683849,0.00343642611683849,0.00343642611683849,0.00343642611683849,"nonsyn","nonsyn","nonsyn",1.77e-05,1.76e-06,1.7e-06,1.7e-06,"0.0055469076923077","0.00692580000000001","0.00717024000000001","1","S","S","G","R","C",1,1,1,0,1,1,0
"4814",5077,4024,4024,"g","g","a","a",0.000497017892644135,0.000497017892644135,0.000497017892644135,0.000497017892644135,0,0.000497017892644135,0,0.000497017892644135,0.00099403578528827,0.00099403578528827,0.00099403578528827,0.00099403578528827,"nonsyn","nonsyn","nonsyn",4.2e-06,5.36e-07,1.17e-06,1.17e-06,"0.0084504","0.00235404","1","0.00235404","S","S","N","T","I",0,0,1,0,0,0,0
"4815",5078,3993,3993,"t","t","c","c",0.00150262960180316,0.00150262960180316,0.00100175306786877,0.00100175306786877,0.000500876533934385,0.000500876533934385,0.000500876533934385,0.000500876533934385,0.00250438266967193,0.00250438266967193,0.00250438266967193,0.00250438266967193,"syn","nonsyn","nonsyn",1.7e-05,1.07e-06,1.21e-06,1.21e-06,"0.0113135","0.0012078825","0.002136255","0.002415765","S","S","S","R","R",0,1,1,1,0,0,0
"4816",5079,3969,3975,"g","g","a","a",0.0017636684303351,0.0017636684303351,0.000755857898715042,0.000755857898715042,0.000251952632905014,0.000503905265810028,0.000251952632905014,0.000503905265810028,0.00251952632905014,0.00251952632905014,0.00251572327044025,0.00251572327044025,"nonsyn","nonsyn","nonsyn",4.2e-06,5.36e-07,1.17e-06,1.17e-06,"0.0023814","0.00154791","0.002127384","0.002321865","G","G","R","R","W",1,1,1,0,1,1,0
"4817",5080,3976,3976,"g","g","a","a",0.00326961770623742,0.00326961770623742,0.000754527162977867,0.000754527162977867,0.000251509054325956,0.000503018108651912,0.000251509054325956,0.000503018108651912,0.00402414486921529,0.00402414486921529,0.00402414486921529,0.00402414486921529,"nonsyn","nonsyn","nonsyn",4.2e-06,5.36e-07,1.17e-06,1.17e-06,"0.00128455384615385","0.00155064","0.002131136","0.00232596","G","G","E","A","V",1,1,1,0,1,1,0
"4818",5081,3957,3957,"g","g","a","a",0.00176901693201921,0.00176901693201921,0.00101086681829669,0.00101086681829669,0,0.00101086681829669,0,0.00101086681829669,0.0027798837503159,0.0027798837503159,0.0027798837503159,0.0027798837503159,"syn","syn","syn",4.2e-06,5.36e-07,1.17e-06,1.17e-06,"0.0023742","0.0011574225","1","0.0011574225","G","G","G","G","G",0,0,0,0,1,1,0
"4819",5082,3948,3948,"g","g","a","a",0.000253292806484296,0.000253292806484296,0.000506585612968592,0.000506585612968592,0.000253292806484296,0.000253292806484296,0.000253292806484296,0.000253292806484296,0.000759878419452888,0.000759878419452888,0.000759878419452888,0.000759878419452888,"nonsyn","nonsyn","stop",4.2e-06,5.36e-07,1.17e-06,1.17e-06,"0.0165816","0.00230958","0.002116128","0.00461916","E","E","K","Q","*",1,1,1,0,0,0,0
"4820",5083,3914,3914,"a","a","g","g",0.00510986203372509,0.00510986203372509,0.00102197240674502,0.00102197240674502,0.000766479305058763,0.000255493101686254,0.000766479305058763,0.000255493101686254,0.00613183444047011,0.00613183444047011,0.00613183444047011,0.00613183444047011,"nonsyn","nonsyn","nonsyn",1.77e-05,1.76e-06,1.7e-06,1.7e-06,"0.00346389","0.00166345","0.00229621333333333","0.00665380000000001","E","E","G","A","V",1,1,1,0,1,1,0
"4821",5084,3904,3904,"g","g","a","a",0.00102459016393443,0.00102459016393443,0,0,0,0,0,0,0.00102459016393443,0.00102459016393443,0.00102459016393443,0.00102459016393443,"syn","nonsyn","nonsyn",4.2e-06,5.36e-07,1.17e-06,1.17e-06,"0.00409919999999998","1","1","1","E","E","E","D","D",0,0,0,0,0,0,0
"4822",5085,3882,3884,"a","a","g","g",0.00360638845955693,0.00360638845955693,0.000257599175682638,0.000257599175682638,0.000257599175682638,0,0.000257599175682638,0,0.00386398763523957,0.00386398763523957,0.00386199794026777,0.00386199794026777,"nonsyn","nonsyn","nonsyn",1.77e-05,1.76e-06,1.7e-06,1.7e-06,"0.00490795714285714","0.0065994","0.00683232","1","N","N","D","H","Y",1,1,1,0,0,0,0
"4823",5086,3953,3953,"a","a","g","g",0.00480647609410574,0.00480647609410574,0.000505944852011131,0.000505944852011131,0,0.000505944852011131,0,0.000505944852011131,0.00531242094611687,0.00531242094611687,0.00531242094611687,0.00531242094611687,"nonsyn","nonsyn","nonsyn",1.77e-05,1.76e-06,1.7e-06,1.7e-06,"0.00368253157894737","0.00336005","1","0.00336005","N","N","S","T","I",0,0,1,0,0,0,0
"4824",5087,3937,3937,"c","c","t","t",0.00177800355600711,0.00177800355600711,0.000254000508001016,0.000254000508001016,0.000254000508001016,0,0.000254000508001016,0,0.00203200406400813,0.00203200406400813,0.00203200406400813,0.00203200406400813,"syn","nonsyn","nonsyn",4.58e-06,8.37e-07,4.33e-07,4.33e-07,"0.00257592285714286","0.001704721","0.003295269","1","N","N","N","K","K",0,1,1,0,0,0,0
"4825",5088,3934,3934,"c","t","t","c",0.000508388408744281,0.999491611591256,0,0,0,0,0,0,0.000508388408744281,0.999491611591256,0.000508388408744281,0.999491611591256,"nonsyn","nonsyn","nonsyn",1.7e-05,1.07e-06,1.21e-06,1.21e-06,"1.70086469989827e-05","1","1","1","L","F","L","I","V",0,0,0,0,1,0,1
"4826",5089,3954,3955,"t","t","c","c",0.00455235204855842,0.00455235204855842,0.000252908447142135,0.000252908447142135,0.000252908447142135,0,0.000252908447142135,0,0.00480526049570056,0.00480526049570056,0.00480404551201011,0.00480404551201011,"nonsyn","nonsyn","nonsyn",1.7e-05,1.07e-06,1.21e-06,1.21e-06,"0.00373433333333333","0.00478433999999999","0.00423077999999999","1","L","F","S","Y","C",1,0,1,0,0,0,0
"4827",5090,3952,3952,"t","t","c","c",0.00202429149797571,0.00202429149797571,0.000253036437246964,0.000253036437246964,0.000253036437246964,0,0.000253036437246964,0,0.00227732793522267,0.00227732793522267,0.00227732793522267,0.00227732793522267,"syn","nonsyn","nonsyn",1.7e-05,1.07e-06,1.21e-06,1.21e-06,"0.00839799999999999","0.00478191999999999","0.00422863999999999","1","L","F","F","L","L",0,0,0,0,0,0,0
"4828",5091,3952,3952,"c","c","t","t",0.00177125506072874,0.00177125506072874,0.000253036437246964,0.000253036437246964,0.000253036437246964,0,0.000253036437246964,0,0.00202429149797571,0.00202429149797571,0.00202429149797571,0.00202429149797571,"nonsyn","nonsyn","nonsyn",4.58e-06,8.37e-07,4.33e-07,4.33e-07,"0.00258573714285715","0.001711216","0.00330782399999999","1","P","P","S","T","A",1,1,1,0,0,0,0
"4829",5092,3943,3943,"c","c","t","t",0.00101445599797109,0.00101445599797109,0,0,0,0,0,0,0.00101445599797109,0.00101445599797109,0.00101445599797109,0.00101445599797109,"nonsyn","nonsyn","nonsyn",4.58e-06,8.37e-07,4.33e-07,4.33e-07,"0.00451473499999999","1","1","1","P","P","L","H","R",1,1,1,0,1,0,1
"4830",5093,3859,3860,"t","t","c","c",0.00518268981601451,0.00518268981601451,0.000777403472402177,0.000777403472402177,0.000518268981601451,0.000259134490800726,0.000518268981601451,0.000259134490800726,0.00596009328841669,0.00596009328841669,0.00595854922279793,0.00595854922279793,"syn","syn","syn",1.7e-05,1.07e-06,1.21e-06,1.21e-06,"0.00328015","0.00155646333333333","0.002064565","0.00466938999999999","P","P","P","P","P",0,0,0,0,1,0,1
"4831",5094,3846,3846,"t","t","c","c",0.00364014560582423,0.00364014560582423,0.000260010400416017,0.000260010400416017,0,0.000260010400416017,0,0.000260010400416017,0.00390015600624025,0.00390015600624025,0.00390015600624025,0.00390015600624025,"nonsyn","nonsyn","nonsyn",1.7e-05,1.07e-06,1.21e-06,1.21e-06,"0.00467014285714286","0.00465365999999999","1","0.00465365999999999","Y","Y","H","N","D",1,1,1,0,0,0,0
"4832",5095,3820,3820,"a","a","g","g",0.00235602094240838,0.00235602094240838,0,0,0,0,0,0,0.00235602094240838,0.00235602094240838,0.00235602094240838,0.00235602094240838,"nonsyn","nonsyn","nonsyn",1.77e-05,1.76e-06,1.7e-06,1.7e-06,"0.00751266666666666","1","1","1","Y","Y","C","S","F",1,1,0,0,0,0,0
"4833",5096,3885,3885,"c","c","t","t",0.000514800514800515,0.000514800514800515,0.000257400257400257,0.000257400257400257,0.000257400257400257,0,0.000257400257400257,0,0.000772200772200772,0.000772200772200772,0.000772200772200772,0.000772200772200772,"syn","stop","stop",4.58e-06,8.37e-07,4.33e-07,4.33e-07,"0.00889665","0.001682205","0.00325174500000001","1","Y","Y","Y","*","*",0,1,1,0,0,0,0
"4834",5097,3879,3879,"c","c","t","t",0.00154679040989946,0.00154679040989946,0,0,0,0,0,0,0.00154679040989946,0.00154679040989946,0.00154679040989946,0.00154679040989946,"syn","nonsyn","nonsyn",4.58e-06,8.37e-07,4.33e-07,4.33e-07,"0.00296097","1","1","1","L","L","L","M","V",0,0,0,0,1,0,1
"4835",5098,3891,3891,"t","t","c","c",0.00257003341043434,0.00257003341043434,0.0015420200462606,0.0015420200462606,0.0015420200462606,0,0.0015420200462606,0,0.00411205345669494,0.00411205345669494,0.00411205345669494,0.00411205345669494,"nonsyn","nonsyn","nonsyn",1.7e-05,1.07e-06,1.21e-06,1.21e-06,"0.00661469999999999","0.000784685000000001","0.000693895000000001","1","L","L","P","Q","R",1,1,1,1,1,0,1
"4836",5099,3848,3848,"g","g","a","a",0.00233887733887734,0.00233887733887734,0.00025987525987526,0.00025987525987526,0,0.00025987525987526,0,0.00025987525987526,0.0025987525987526,0.0025987525987526,0.0025987525987526,0.0025987525987526,"syn","syn","syn",4.2e-06,5.36e-07,1.17e-06,1.17e-06,"0.00179573333333333","0.00450216","1","0.00450216","L","L","L","L","L",0,0,0,0,1,1,0
"4837",5100,3820,3820,"g","g","a","a",0.00130890052356021,0.00130890052356021,0.000523560209424084,0.000523560209424084,0,0.000523560209424084,0,0.000523560209424084,0.00183246073298429,0.00183246073298429,0.00183246073298429,0.00183246073298429,"nonsyn","nonsyn","nonsyn",4.2e-06,5.36e-07,1.17e-06,1.17e-06,"0.0032088","0.0022347","1","0.0022347","V","V","I","L","L",0,0,0,0,0,0,0
"4838",5101,3816,3817,"t","t","c","c",0.00445492662473795,0.00445492662473795,0,0,0,0,0,0,0.00445492662473795,0.00445492662473795,0.00445375949698716,0.00445375949698716,"nonsyn","nonsyn","nonsyn",1.7e-05,1.07e-06,1.21e-06,1.21e-06,"0.003816","1","1","1","V","V","A","E","G",0,1,1,0,0,0,0
"4839",5102,3820,3820,"a","a","g","g",0.00209424083769634,0.00209424083769634,0.000523560209424084,0.000523560209424084,0.000261780104712042,0.000261780104712042,0.000261780104712042,0.000261780104712042,0.00261780104712042,0.00261780104712042,0.00261780104712042,0.00261780104712042,"syn","syn","syn",1.77e-05,1.76e-06,1.7e-06,1.7e-06,"0.00845174999999998","0.003247","0.0067232","0.006494","V","V","V","V","V",0,0,0,0,1,1,0
"4840",5103,3791,3791,"g","g","a","a",0.00131891321551042,0.00131891321551042,0.000263782643102084,0.000263782643102084,0,0.000263782643102084,0,0.000263782643102084,0.0015826958586125,0.0015826958586125,0.0015826958586125,0.0015826958586125,"nonsyn","nonsyn","nonsyn",4.2e-06,5.36e-07,1.17e-06,1.17e-06,"0.00318444","0.00443547","1","0.00443547","A","A","T","P","S",1,1,1,0,0,0,0
"4841",5104,3786,3786,"c","c","t","t",0.00396196513470681,0.00396196513470681,0.000528262017960909,0.000528262017960909,0.000264131008980454,0.000264131008980454,0.000264131008980454,0.000264131008980454,0.00449022715266772,0.00449022715266772,0.00449022715266772,0.00449022715266772,"nonsyn","nonsyn","nonsyn",4.58e-06,8.37e-07,4.33e-07,4.33e-07,"0.001155992","0.000819669","0.003168882","0.001639338","A","A","V","E","G",0,1,1,0,0,0,0
"4842",5105,3779,3779,"g","g","a","a",0.00238158242921408,0.00238158242921408,0.000264620269912675,0.000264620269912675,0,0.000264620269912675,0,0.000264620269912675,0.00264620269912675,0.00264620269912675,0.00264620269912675,0.00264620269912675,"syn","syn","syn",4.2e-06,5.36e-07,1.17e-06,1.17e-06,"0.00176353333333333","0.00442143","1","0.00442143","A","A","A","A","A",0,0,0,0,0,0,0
"4843",5106,3761,3761,"t","t","c","c",0.00265886732252061,0.00265886732252061,0,0,0,0,0,0,0.00265886732252061,0.00265886732252061,0.00265886732252061,0.00265886732252061,"nonsyn","nonsyn","nonsyn",1.7e-05,1.07e-06,1.21e-06,1.21e-06,"0.00639369999999999","1","1","1","Y","Y","H","N","D",1,1,1,0,0,0,0
"4844",5107,3754,3754,"a","a","g","g",0.00239744272775706,0.00239744272775706,0.00026638252530634,0.00026638252530634,0,0.00026638252530634,0,0.00026638252530634,0.0026638252530634,0.0026638252530634,0.0026638252530634,0.0026638252530634,"nonsyn","nonsyn","nonsyn",1.77e-05,1.76e-06,1.7e-06,1.7e-06,"0.00738286666666666","0.0063818","1","0.0063818","Y","Y","C","S","F",1,1,0,0,0,0,0
"4845",5108,3723,3723,"c","c","t","t",0.0008058017727639,0.0008058017727639,0.0002686005909213,0.0002686005909213,0.0002686005909213,0,0.0002686005909213,0,0.0010744023636852,0.0010744023636852,0.0010744023636852,0.0010744023636852,"syn","stop","stop",4.58e-06,8.37e-07,4.33e-07,4.33e-07,"0.00568378","0.001612059","0.003116151","1","Y","Y","Y","*","*",0,1,1,0,0,0,0
"4846",5109,3724,3724,"c","c","t","t",0.000268528464017186,0.000268528464017186,0.000268528464017186,0.000268528464017186,0.000268528464017186,0,0.000268528464017186,0,0.000537056928034372,0.000537056928034372,0.000537056928034372,0.000537056928034372,"stop","nonsyn","nonsyn",4.58e-06,8.37e-07,4.33e-07,4.33e-07,"0.01705592","0.001612492","0.003116988","1","Q","Q","*","K","E",1,1,1,0,1,0,1
"4847",5110,3805,3806,"a","a","g","g",0.00341655716162943,0.00341655716162943,0.00157687253613666,0.00157687253613666,0.000525624178712221,0.00105124835742444,0.000525624178712221,0.00105124835742444,0.0049934296977661,0.0049934296977661,0.00499211770888071,0.00499211770888071,"nonsyn","nonsyn","nonsyn",1.77e-05,1.76e-06,1.7e-06,1.7e-06,"0.00518065384615385","0.00107808333333333","0.0033484","0.001617125","Q","Q","R","P","L",1,1,1,1,0,0,0
"4848",5111,3828,3828,"a","a","g","g",0.00313479623824451,0.00313479623824451,0.00182863113897597,0.00182863113897597,0.000783699059561128,0.00104493207941484,0.000783699059561128,0.00104493207941484,0.00496342737722048,0.00496342737722048,0.00496342737722048,0.00496342737722048,"syn","nonsyn","nonsyn",1.77e-05,1.76e-06,1.7e-06,1.7e-06,"0.00564630000000001","0.000929657142857141","0.00224576","0.0016269","Q","Q","Q","H","H",0,1,1,0,1,1,0
"4849",5112,3793,3793,"g","g","a","a",0.00421829686264171,0.00421829686264171,0.000263643553915107,0.000263643553915107,0.000263643553915107,0,0.000263643553915107,0,0.00448194041655682,0.00448194041655682,0.00448194041655682,0.00448194041655682,"nonsyn","nonsyn","nonsyn",4.2e-06,5.36e-07,1.17e-06,1.17e-06,"0.0009956625","0.00443781","0.002033048","1","A","A","T","P","S",1,1,1,0,0,0,0
"4850",5113,3715,3715,"c","c","t","t",0.00107671601615074,0.00107671601615074,0.000269179004037685,0.000269179004037685,0.000269179004037685,0,0.000269179004037685,0,0.00134589502018843,0.00134589502018843,0.00134589502018843,0.00134589502018843,"nonsyn","nonsyn","nonsyn",4.58e-06,8.37e-07,4.33e-07,4.33e-07,"0.004253675","0.001608595","0.003109455","1","A","A","V","D","G",0,1,1,0,0,0,0
"4851",5114,3695,3695,"c","c","t","t",0.00081190798376184,0.00081190798376184,0.00027063599458728,0.00027063599458728,0.00027063599458728,0,0.00027063599458728,0,0.00108254397834912,0.00108254397834912,0.00108254397834912,0.00108254397834912,"syn","syn","syn",4.58e-06,8.37e-07,4.33e-07,4.33e-07,"0.00564103333333334","0.001599935","0.003092715","1","A","A","A","A","A",0,0,0,0,1,0,1
"4852",5115,3683,3683,"a","a","g","g",0.00488732011946783,0.00488732011946783,0,0,0,0,0,0,0.00488732011946783,0.00488732011946783,0.00488732011946783,0.00488732011946783,"nonsyn","nonsyn","nonsyn",1.77e-05,1.76e-06,1.7e-06,1.7e-06,"0.00362161666666666","1","1","1","T","T","A","P","S",1,1,0,1,0,0,0
"4853",5116,3701,3701,"c","c","t","t",0.000270197243988111,0.000270197243988111,0,0,0,0,0,0,0.000270197243988111,0.000270197243988111,0.000270197243988111,0.000270197243988111,"nonsyn","nonsyn","nonsyn",4.58e-06,8.37e-07,4.33e-07,4.33e-07,"0.01695058","1","1","1","T","T","I","N","S",1,0,0,0,0,0,0
"4854",5117,3702,3702,"c","c","t","t",0.00108049702863317,0.00108049702863317,0.000540248514316586,0.000540248514316586,0.000540248514316586,0,0.000540248514316586,0,0.00162074554294976,0.00162074554294976,0.00162074554294976,0.00162074554294976,"syn","syn","syn",4.58e-06,8.37e-07,4.33e-07,4.33e-07,"0.00423879000000001","0.000801483","0.001549287","1","T","T","T","T","T",0,0,0,0,1,0,1
"4855",5118,3703,3703,"g","g","a","a",0.00378071833648393,0.00378071833648393,0,0,0,0,0,0,0.00378071833648393,0.00378071833648393,0.00378071833648393,0.00378071833648393,"nonsyn","nonsyn","nonsyn",4.2e-06,5.36e-07,1.17e-06,1.17e-06,"0.0011109","1","1","1","V","V","M","L","L",0,0,0,0,0,0,0
"4856",5119,3670,3670,"t","t","c","c",0.00435967302452316,0.00435967302452316,0,0,0,0,0,0,0.00435967302452316,0.00435967302452316,0.00435967302452316,0.00435967302452316,"nonsyn","nonsyn","nonsyn",1.7e-05,1.07e-06,1.21e-06,1.21e-06,"0.003899375","1","1","1","V","V","A","E","G",0,1,1,1,0,0,0
"4857",5120,3632,3632,"g","g","a","a",0.000825991189427313,0.000825991189427313,0,0,0,0,0,0,0.000825991189427313,0.000825991189427313,0.000825991189427313,0.000825991189427313,"syn","syn","syn",4.2e-06,5.36e-07,1.17e-06,1.17e-06,"0.0050848","1","1","1","V","V","V","V","V",0,0,0,0,0,0,0
"4858",5121,3644,3644,"t","t","c","c",0.00192096597145993,0.00192096597145993,0.000823271130625686,0.000823271130625686,0.000823271130625686,0,0.000823271130625686,0,0.00274423710208562,0.00274423710208562,0.00274423710208562,0.00274423710208562,"nonsyn","nonsyn","nonsyn",1.7e-05,1.07e-06,1.21e-06,1.21e-06,"0.0088497142857143","0.00146974666666667","0.00129969333333333","1","C","C","R","S","G",1,1,0,1,0,0,0
"4859",5122,3645,3645,"g","g","a","a",0.00192043895747599,0.00192043895747599,0,0,0,0,0,0,0.00192043895747599,0.00192043895747599,0.00192043895747599,0.00192043895747599,"nonsyn","nonsyn","nonsyn",4.2e-06,5.36e-07,1.17e-06,1.17e-06,"0.002187","1","1","1","C","C","Y","S","F",1,1,1,0,0,0,0
"4860",5123,3658,3658,"c","c","t","t",0.00218698742482231,0.00218698742482231,0,0,0,0,0,0,0.00218698742482231,0.00218698742482231,0.00218698742482231,0.00218698742482231,"syn","stop","nonsyn",4.58e-06,8.37e-07,4.33e-07,4.33e-07,"0.002094205","1","1","1","C","C","C","*","W",0,1,1,0,0,0,0
"4861",5124,3671,3671,"g","g","a","a",0.00190683737401253,0.00190683737401253,0,0,0,0,0,0,0.00190683737401253,0.00190683737401253,0.00190683737401253,0.00190683737401253,"nonsyn","nonsyn","nonsyn",4.2e-06,5.36e-07,1.17e-06,1.17e-06,"0.0022026","1","1","1","A","A","T","P","S",1,1,1,0,0,0,0
"4862",5125,3668,3668,"c","c","t","t",0.00190839694656489,0.00190839694656489,0.00054525627044711,0.00054525627044711,0.00054525627044711,0,0.00054525627044711,0,0.002453653217012,0.002453653217012,0.002453653217012,0.002453653217012,"nonsyn","nonsyn","nonsyn",4.58e-06,8.37e-07,4.33e-07,4.33e-07,"0.00239991999999999","0.000794122","0.001535058","1","A","A","V","D","G",0,1,1,0,0,0,0
"4863",5126,3662,3663,"t","t","c","c",0.00300382304751502,0.00300382304751502,0.000819224467504096,0.000819224467504096,0.000273074822501365,0.000546149645002731,0.000273074822501365,0.000546149645002731,0.00382304751501912,0.00382304751501912,0.00382200382200382,0.00382200382200382,"syn","syn","syn",1.7e-05,1.07e-06,1.21e-06,1.21e-06,"0.00565945454545454","0.00147700666666667","0.00391834","0.00221551","A","A","A","A","A",0,0,0,0,1,0,1
"4864",5127,3641,3641,"a","a","g","g",0.00439439714364186,0.00439439714364186,0,0,0,0,0,0,0.00439439714364186,0.00439439714364186,0.00439439714364186,0.00439439714364186,"nonsyn","syn","nonsyn",1.77e-05,1.76e-06,1.7e-06,1.7e-06,"0.00402785625","1","1","1","R","R","G","R","W",1,0,1,0,1,1,0
"4865",5128,3598,3599,"g","g","a","a",0.00166759310728182,0.00166759310728182,0.000555864369093941,0.000555864369093941,0.000277932184546971,0.000277932184546971,0.000277932184546971,0.000277932184546971,0.00222345747637576,0.00222345747637576,0.00222283967768825,0.00222283967768825,"nonsyn","nonsyn","nonsyn",4.2e-06,5.36e-07,1.17e-06,1.17e-06,"0.0025186","0.00210483","0.001928528","0.00420965999999999","R","R","K","T","M",0,1,1,0,1,1,0
"4866",5129,3704,3704,"g","g","a","a",0.000269978401727862,0.000269978401727862,0.000539956803455724,0.000539956803455724,0,0.000539956803455724,0,0.000539956803455724,0.000809935205183585,0.000809935205183585,0.000809935205183585,0.000809935205183585,"syn","nonsyn","nonsyn",4.2e-06,5.36e-07,1.17e-06,1.17e-06,"0.0155568","0.00216684","1","0.00216684","R","R","R","S","S",0,1,1,0,1,1,0
"4867",5130,3709,3709,"g","g","a","a",0.00215691561067673,0.00215691561067673,0.000269614451334592,0.000269614451334592,0.000269614451334592,0,0.000269614451334592,0,0.00242653006201132,0.00242653006201132,0.00242653006201132,0.00242653006201132,"nonsyn","nonsyn","nonsyn",4.2e-06,5.36e-07,1.17e-06,1.17e-06,"0.001947225","0.00433952999999999","0.001988024","1","A","A","T","P","S",1,1,1,0,0,0,0
"4868",5131,3752,3752,"c","c","t","t",0.00186567164179104,0.00186567164179104,0.000266524520255864,0.000266524520255864,0.000266524520255864,0,0.000266524520255864,0,0.00213219616204691,0.00213219616204691,0.00213219616204691,0.00213219616204691,"nonsyn","nonsyn","nonsyn",4.58e-06,8.37e-07,4.33e-07,4.33e-07,"0.00245488000000001","0.001624616","0.00314042399999999","1","A","A","V","D","G",0,1,1,0,0,0,0
"4869",5132,3741,3741,"t","t","c","c",0.00347500668270516,0.00347500668270516,0.000534616412723871,0.000534616412723871,0.000267308206361935,0.000267308206361935,0.000267308206361935,0.000267308206361935,0.00400962309542903,0.00400962309542903,0.00400962309542903,0.00400962309542903,"syn","syn","syn",1.7e-05,1.07e-06,1.21e-06,1.21e-06,"0.00489207692307692","0.002263305","0.00400287","0.00452661000000001","A","A","A","A","A",0,0,0,0,1,0,1
"4870",5133,3626,3626,"c","c","t","t",0.00137892995035852,0.00137892995035852,0.000551571980143409,0.000551571980143409,0.000551571980143409,0,0.000551571980143409,0,0.00193050193050193,0.00193050193050193,0.00193050193050193,0.00193050193050193,"stop","nonsyn","nonsyn",4.58e-06,8.37e-07,4.33e-07,4.33e-07,"0.003321416","0.000785029","0.001517481","1","Q","Q","*","K","E",1,1,1,0,0,0,0
"4871",5134,3647,3647,"a","a","g","g",0.00411296956402523,0.00411296956402523,0.00603235536057033,0.00603235536057033,0.0054839594187003,0.00054839594187003,0.0054839594187003,0.00054839594187003,0.0101453249245956,0.0101453249245956,0.0101453249245956,0.0101453249245956,"nonsyn","nonsyn","nonsyn",1.77e-05,1.76e-06,1.7e-06,1.7e-06,"0.00430346","0.000281813636363636","0.000320936","0.00309995","Q","Q","R","P","L",1,1,1,1,0,0,0
"4872",5135,3663,3663,"g","a","a","g",0.00218400218400218,0.997269997269997,0.000546000546000546,0.000546000546000546,0.000273000273000273,0.000273000273000273,0.000273000273000273,0.000273000273000273,0.00273000273000273,0.997815997815998,0.00273000273000273,0.997815997815998,"syn","nonsyn","nonsyn",1.77e-05,1.76e-06,1.7e-06,1.7e-06,"1.77484533260334e-05","0.00311355","0.00644688","0.0062271","Q","Q","Q","H","H",0,1,1,0,1,1,0
"4873",5136,3646,3647,"g","g","a","a",0.000822819528250137,0.000822819528250137,0.000548546352166758,0.000548546352166758,0.000548546352166758,0,0.000548546352166758,0,0.0013713658804169,0.0013713658804169,0.00137098985467508,0.00137098985467508,"nonsyn","nonsyn","nonsyn",4.2e-06,5.36e-07,1.17e-06,1.17e-06,"0.0051044","0.00213291","0.000977128","1","A","A","T","P","S",1,1,1,0,0,0,0
"4874",5137,3592,3597,"c","c","t","t",0.0022271714922049,0.0022271714922049,0.000556792873051225,0.000556792873051225,0.000278396436525612,0.000278396436525612,0.000278396436525612,0.000278396436525612,0.00278396436525612,0.00278396436525612,0.00278009452321379,0.00278009452321379,"nonsyn","nonsyn","nonsyn",4.58e-06,8.37e-07,4.33e-07,4.33e-07,"0.00205642","0.000777668","0.003006504","0.001555336","A","A","V","D","G",0,1,1,0,0,0,0
"4875",5138,3587,3587,"c","c","t","t",0.00195149149707276,0.00195149149707276,0.000557568999163646,0.000557568999163646,0.000557568999163646,0,0.000557568999163646,0,0.00250906049623641,0.00250906049623641,0.00250906049623641,0.00250906049623641,"syn","syn","syn",4.58e-06,8.37e-07,4.33e-07,4.33e-07,"0.00234692285714286","0.000776585500000001","0.0015011595","1","A","A","A","A","A",0,0,0,0,1,0,1
"4876",5139,3537,3537,"c","c","t","t",0.00480633305060786,0.00480633305060786,0.00113090189426067,0.00113090189426067,0.000848176420695505,0.000282725473565168,0.000848176420695505,0.000282725473565168,0.00593723494486853,0.00593723494486853,0.00593723494486853,0.00593723494486853,"nonsyn","nonsyn","nonsyn",4.58e-06,8.37e-07,4.33e-07,4.33e-07,"0.000952909411764706","0.000382880250000001","0.000986823","0.001531521","P","P","S","T","A",1,1,1,0,1,0,1
"4877",5140,3536,3536,"c","c","t","t",0.00141402714932127,0.00141402714932127,0.000282805429864253,0.000282805429864253,0.000282805429864253,0,0.000282805429864253,0,0.00169683257918552,0.00169683257918552,0.00169683257918552,0.00169683257918552,"nonsyn","nonsyn","nonsyn",4.58e-06,8.37e-07,4.33e-07,4.33e-07,"0.00323897599999999","0.001531088","0.002959632","1","P","P","L","H","R",1,1,1,0,1,0,1
"4878",5141,3530,3536,"t","t","c","c",0.00311614730878187,0.00311614730878187,0.00084985835694051,0.00084985835694051,0.00084985835694051,0,0.00084985835694051,0,0.00396600566572238,0.00396600566572238,0.00395927601809955,0.00395927601809955,"syn","syn","syn",1.7e-05,1.07e-06,1.21e-06,1.21e-06,"0.00545545454545454","0.00142376666666667","0.00125903333333333","1","P","P","P","P","P",0,0,0,0,1,0,1
"4879",5142,3572,3579,"c","c","t","t",0.00083986562150056,0.00083986562150056,0,0,0,0,0,0,0.00083986562150056,0.00083986562150056,0.000838222967309304,0.000838222967309304,"nonsyn","nonsyn","nonsyn",4.58e-06,8.37e-07,4.33e-07,4.33e-07,"0.00545325333333333","1","1","1","P","P","S","T","A",1,1,1,0,0,0,0
"4880",5143,3592,3592,"c","c","t","t",0.00111358574610245,0.00111358574610245,0.000278396436525612,0.000278396436525612,0.000278396436525612,0,0.000278396436525612,0,0.00139198218262806,0.00139198218262806,0.00139198218262806,0.00139198218262806,"nonsyn","nonsyn","nonsyn",4.58e-06,8.37e-07,4.33e-07,4.33e-07,"0.00411284","0.001555336","0.003006504","1","P","P","L","H","R",1,1,1,0,1,0,1
"4881",5144,3589,3589,"c","c","t","t",0.00139314572304263,0.00139314572304263,0.0011145165784341,0.0011145165784341,0.0011145165784341,0,0.0011145165784341,0,0.00250766230147673,0.00250766230147673,0.00250766230147673,0.00250766230147673,"syn","syn","syn",4.58e-06,8.37e-07,4.33e-07,4.33e-07,"0.003287524","0.000388509250000001","0.000750998250000003","1","P","P","P","P","P",0,0,0,0,1,0,1
"4882",5145,3568,3568,"c","c","t","t",0.00196188340807175,0.00196188340807175,0.000840807174887892,0.000840807174887892,0.000840807174887892,0,0.000840807174887892,0,0.00280269058295964,0.00280269058295964,0.00280269058295964,0.00280269058295964,"nonsyn","nonsyn","nonsyn",4.58e-06,8.37e-07,4.33e-07,4.33e-07,"0.00233449142857143","0.000514981333333334","0.000995472000000001","1","P","P","S","T","A",1,1,1,0,1,0,1
"4883",5146,3552,3552,"c","c","t","t",0.000844594594594595,0.000844594594594595,0.00112612612612613,0.00112612612612613,0.00112612612612613,0,0.00112612612612613,0,0.00197072072072072,0.00197072072072072,0.00197072072072072,0.00197072072072072,"nonsyn","nonsyn","nonsyn",4.58e-06,8.37e-07,4.33e-07,4.33e-07,"0.00542272","0.000384503999999999","0.000743255999999997","1","P","P","L","Q","R",1,1,1,0,1,0,1
"4884",5147,3566,3566,"a","a","g","g",0.000841278743690409,0.000841278743690409,0.000560852495793606,0.000560852495793606,0.000280426247896803,0.000280426247896803,0.000280426247896803,0.000280426247896803,0.00140213123948402,0.00140213123948402,0.00140213123948402,0.00140213123948402,"syn","syn","syn",1.77e-05,1.76e-06,1.7e-06,1.7e-06,"0.0210394","0.0030311","0.00627616","0.0060622","P","P","P","P","P",0,0,0,1,0,0,0
"4885",5148,3631,3631,"t","t","c","c",0.001652437345084,0.001652437345084,0,0,0,0,0,0,0.001652437345084,0.001652437345084,0.001652437345084,0.001652437345084,"nonsyn","nonsyn","nonsyn",1.7e-05,1.07e-06,1.21e-06,1.21e-06,"0.0102878333333333","1","1","1","S","S","P","T","A",1,0,1,0,0,0,0
"4886",5149,3657,3657,"c","c","t","t",0.00136724090784796,0.00136724090784796,0,0,0,0,0,0,0.00136724090784796,0.00136724090784796,0.00136724090784796,0.00136724090784796,"nonsyn","stop","nonsyn",4.58e-06,8.37e-07,4.33e-07,4.33e-07,"0.00334981200000001","1","1","1","S","S","L","*","W",1,1,1,0,0,0,0
"4887",5150,3660,3660,"g","g","a","a",0.00136612021857923,0.00136612021857923,0,0,0,0,0,0,0.00136612021857923,0.00136612021857923,0.00136612021857923,0.00136612021857923,"syn","syn","syn",4.2e-06,5.36e-07,1.17e-06,1.17e-06,"0.00307440000000001","1","1","1","S","S","S","S","S",0,0,0,0,0,0,0
"4888",5151,3650,3650,"t","t","c","c",0.00219178082191781,0.00219178082191781,0.000273972602739726,0.000273972602739726,0.000273972602739726,0,0.000273972602739726,0,0.00246575342465753,0.00246575342465753,0.00246575342465753,0.00246575342465753,"nonsyn","nonsyn","nonsyn",1.7e-05,1.07e-06,1.21e-06,1.21e-06,"0.00775624999999999","0.0044165","0.0039055","1","W","W","R","R","G",1,1,1,1,0,0,0
"4889",5152,3687,3691,"g","g","a","a",0.00081366965012205,0.00081366965012205,0.00027122321670735,0.00027122321670735,0,0.00027122321670735,0,0.00027122321670735,0.0010848928668294,0.0010848928668294,0.0010837171498239,0.0010837171498239,"stop","nonsyn","nonsyn",4.2e-06,5.36e-07,1.17e-06,1.17e-06,"0.0051618","0.00431379","1","0.00431379","W","W","*","S","L",1,1,0,0,1,1,0
"4890",5153,3671,3671,"g","g","a","a",0.000817216017433942,0.000817216017433942,0,0,0,0,0,0,0.000817216017433942,0.000817216017433942,0.000817216017433942,0.000817216017433942,"stop","nonsyn","nonsyn",4.2e-06,5.36e-07,1.17e-06,1.17e-06,"0.0051394","1","1","1","W","W","*","C","C",1,1,1,0,1,1,0
"4891",5154,3678,3678,"g","g","a","a",0.00435019032082654,0.00435019032082654,0.000815660685154976,0.000815660685154976,0,0.000815660685154976,0,0.000815660685154976,0.00516585100598151,0.00516585100598151,0.00516585100598151,0.00516585100598151,"nonsyn","nonsyn","nonsyn",4.2e-06,5.36e-07,1.17e-06,1.17e-06,"0.000965474999999999","0.00143442","1","0.00143442","D","D","N","H","Y",1,1,1,0,0,0,0
"4892",5155,3694,3694,"a","a","g","g",0.00676773145641581,0.00676773145641581,0.000270709258256632,0.000270709258256632,0,0.000270709258256632,0,0.000270709258256632,0.00703844071467244,0.00703844071467244,0.00703844071467244,0.00703844071467244,"nonsyn","nonsyn","nonsyn",1.77e-05,1.76e-06,1.7e-06,1.7e-06,"0.002615352","0.00627980000000001","1","0.00627980000000001","D","D","G","A","V",1,1,1,0,0,0,0
"4893",5156,3724,3724,"c","c","t","t",0.00214822771213749,0.00214822771213749,0.000268528464017186,0.000268528464017186,0,0.000268528464017186,0,0.000268528464017186,0.00241675617615467,0.00241675617615467,0.00241675617615467,0.00241675617615467,"syn","nonsyn","nonsyn",4.58e-06,8.37e-07,4.33e-07,4.33e-07,"0.00213199","0.001612492","1","0.001612492","D","D","D","E","E",0,0,0,0,0,0,0
"4894",5157,3706,3706,"c","c","t","t",0.0032379924446843,0.0032379924446843,0,0,0,0,0,0,0.0032379924446843,0.0032379924446843,0.0032379924446843,0.0032379924446843,"stop","nonsyn","nonsyn",4.58e-06,8.37e-07,4.33e-07,4.33e-07,"0.00141445666666666","1","1","1","Q","Q","*","K","E",1,1,1,0,1,0,1
"4895",5158,3696,3696,"a","a","g","g",0.00514069264069264,0.00514069264069264,0.000811688311688312,0.000811688311688312,0.000270562770562771,0.000541125541125541,0.000270562770562771,0.000541125541125541,0.00595238095238095,0.00595238095238095,0.00595238095238095,0.00595238095238095,"nonsyn","nonsyn","nonsyn",1.77e-05,1.76e-06,1.7e-06,1.7e-06,"0.00344311578947368","0.0020944","0.00650495999999999","0.0031416","Q","Q","R","P","L",1,1,1,1,1,1,0
"4896",5159,3782,3782,"g","g","a","a",0.00105764145954521,0.00105764145954521,0,0,0,0,0,0,0.00105764145954521,0.00105764145954521,0.00105764145954521,0.00105764145954521,"syn","nonsyn","nonsyn",4.2e-06,5.36e-07,1.17e-06,1.17e-06,"0.00397110000000001","1","1","1","Q","Q","Q","H","H",0,1,1,0,0,0,0
"4897",5160,3787,3787,"a","a","g","g",0.00343279640876683,0.00343279640876683,0.000264061262212833,0.000264061262212833,0,0.000264061262212833,0,0.000264061262212833,0.00369685767097967,0.00369685767097967,0.00369685767097967,0.00369685767097967,"nonsyn","nonsyn","nonsyn",1.77e-05,1.76e-06,1.7e-06,1.7e-06,"0.00515614615384616","0.00643790000000001","1","0.00643790000000001","M","M","V","L","L",0,0,0,0,0,0,0
"4898",5161,3799,3799,"t","t","c","c",0.00289549881547776,0.00289549881547776,0,0,0,0,0,0,0.00289549881547776,0.00289549881547776,0.00289549881547776,0.00289549881547776,"nonsyn","nonsyn","nonsyn",1.7e-05,1.07e-06,1.21e-06,1.21e-06,"0.00587118181818181","1","1","1","M","M","T","K","R",1,1,1,1,0,0,0
"4899",5162,3793,3793,"g","g","a","a",0.00131821776957553,0.00131821776957553,0,0,0,0,0,0,0.00131821776957553,0.00131821776957553,0.00131821776957553,0.00131821776957553,"nonsyn","nonsyn","nonsyn",4.2e-06,5.36e-07,1.17e-06,1.17e-06,"0.00318612000000001","1","1","1","M","M","I","I","I",0,0,0,0,0,0,0
"4900",5163,3780,3780,"t","t","c","c",0.00211640211640212,0.00211640211640212,0,0,0,0,0,0,0.00211640211640212,0.00211640211640212,0.00211640211640212,0.00211640211640212,"nonsyn","nonsyn","nonsyn",1.7e-05,1.07e-06,1.21e-06,1.21e-06,"0.00803249999999999","1","1","1","W","W","R","R","G",1,1,1,1,0,0,0
"4901",5164,3716,3716,"g","g","a","a",0.00161463939720129,0.00161463939720129,0,0,0,0,0,0,0.00161463939720129,0.00161463939720129,0.00161463939720129,0.00161463939720129,"stop","nonsyn","nonsyn",4.2e-06,5.36e-07,1.17e-06,1.17e-06,"0.0026012","1","1","1","W","W","*","S","L",1,1,0,0,1,1,0
"4902",5165,3781,3781,"g","g","a","a",0.00132240148108966,0.00132240148108966,0.000264480296217932,0.000264480296217932,0,0.000264480296217932,0,0.000264480296217932,0.00158688177730759,0.00158688177730759,0.00158688177730759,0.00158688177730759,"stop","nonsyn","nonsyn",4.2e-06,5.36e-07,1.17e-06,1.17e-06,"0.00317604","0.00442377","1","0.00442377","W","W","*","C","C",1,1,1,0,0,0,0
"4903",5166,3775,3775,"a","a","g","g",0.00423841059602649,0.00423841059602649,0.000264900662251656,0.000264900662251656,0.000264900662251656,0,0.000264900662251656,0,0.00450331125827815,0.00450331125827815,0.00450331125827815,0.00450331125827815,"nonsyn","nonsyn","stop",1.77e-05,1.76e-06,1.7e-06,1.7e-06,"0.00417609375","0.00641749999999999","0.00664399999999999","1","K","K","E","Q","*",1,1,1,0,0,0,0
"4904",5167,3790,3790,"a","a","g","g",0.00184696569920844,0.00184696569920844,0.000263852242744063,0.000263852242744063,0,0.000263852242744063,0,0.000263852242744063,0.00211081794195251,0.00211081794195251,0.00211081794195251,0.00211081794195251,"nonsyn","nonsyn","nonsyn",1.77e-05,1.76e-06,1.7e-06,1.7e-06,"0.00958328571428573","0.00644300000000001","1","0.00644300000000001","K","K","R","T","M",0,1,1,0,1,1,0
"4905",5168,3788,3788,"g","g","a","a",0,0,0,0,0,0,0,0,0,0,0,0,"syn","nonsyn","nonsyn",4.2e-06,5.36e-07,1.17e-06,1.17e-06,"1","1","1","1","K","K","K","N","N",0,1,1,0,0,0,0
"4906",5169,3763,3763,"t","t","c","c",0.00558065373372309,0.00558065373372309,0.000797236247674728,0.000797236247674728,0.000531490831783152,0.000265745415891576,0.000531490831783152,0.000265745415891576,0.00637788998139782,0.00637788998139782,0.00637788998139782,0.00637788998139782,"nonsyn","nonsyn","nonsyn",1.7e-05,1.07e-06,1.21e-06,1.21e-06,"0.0030462380952381","0.00151774333333333","0.002013205","0.00455323","C","C","R","S","G",1,1,0,1,0,0,0
"4907",5170,3792,3792,"g","g","a","a",0.000791139240506329,0.000791139240506329,0,0,0,0,0,0,0.000791139240506329,0.000791139240506329,0.000791139240506329,0.000791139240506329,"nonsyn","nonsyn","nonsyn",4.2e-06,5.36e-07,1.17e-06,1.17e-06,"0.0053088","1","1","1","C","C","Y","S","F",1,1,1,0,0,0,0
"4908",5171,3809,3809,"t","t","c","c",0.00341296928327645,0.00341296928327645,0.000525072197427146,0.000525072197427146,0.000525072197427146,0,0.000525072197427146,0,0.0039380414807036,0.0039380414807036,0.0039380414807036,0.0039380414807036,"syn","stop","nonsyn",1.7e-05,1.07e-06,1.21e-06,1.21e-06,"0.004981","0.002304445","0.002037815","1","C","C","C","*","W",0,1,1,0,0,0,0
"4909",5172,3822,3822,"t","t","c","c",0.0075876504447933,0.0075876504447933,0.000784929356357928,0.000784929356357928,0.000784929356357928,0,0.000784929356357928,0,0.00837257980115123,0.00837257980115123,0.00837257980115123,0.00837257980115123,"syn","nonsyn","nonsyn",1.7e-05,1.07e-06,1.21e-06,1.21e-06,"0.00224048275862069","0.00154154","0.00136318","1","L","L","L","M","V",0,0,0,0,0,0,0
"4910",5173,3782,3782,"t","t","c","c",0.00237969328397673,0.00237969328397673,0.000264410364886304,0.000264410364886304,0.000264410364886304,0,0.000264410364886304,0,0.00264410364886304,0.00264410364886304,0.00264410364886304,0.00264410364886304,"nonsyn","stop","nonsyn",1.7e-05,1.07e-06,1.21e-06,1.21e-06,"0.00714377777777778","0.00457621999999999","0.00404673999999999","1","L","L","S","*","W",1,1,0,1,0,0,0
"4911",5174,3757,3758,"a","g","g","a",0.00159701889805696,0.9981368112856,0.000266169816342827,0.000266169816342827,0,0.000266169816342827,0,0.000266169816342827,0.00186318871439979,0.998402981101943,0.0018626929217669,0.998137307078233,"syn","nonsyn","nonsyn",4.2e-06,5.36e-07,1.17e-06,1.17e-06,"4.20784e-06","0.00439569","1","0.00439569","L","L","L","F","F",0,0,0,0,0,0,0
"4912",5175,3784,3784,"a","a","g","g",0.00132135306553911,0.00132135306553911,0,0,0,0,0,0,0.00132135306553911,0.00132135306553911,0.00132135306553911,0.00132135306553911,"nonsyn","nonsyn","nonsyn",1.77e-05,1.76e-06,1.7e-06,1.7e-06,"0.01339536","1","1","1","I","I","V","L","F",0,0,0,0,0,0,0
"4913",5176,3753,3753,"t","t","c","c",0.00266453503863576,0.00266453503863576,0,0,0,0,0,0,0.00266453503863576,0.00266453503863576,0.00266453503863576,0.00266453503863576,"nonsyn","nonsyn","nonsyn",1.7e-05,1.07e-06,1.21e-06,1.21e-06,"0.0063801","1","1","1","I","I","T","N","S",1,1,1,0,0,0,0
"4914",5177,3733,3733,"c","c","t","t",0.00241092954728101,0.00241092954728101,0.000267881060809001,0.000267881060809001,0.000267881060809001,0,0.000267881060809001,0,0.00267881060809001,0.00267881060809001,0.00267881060809001,0.00267881060809001,"syn","syn","nonsyn",4.58e-06,8.37e-07,4.33e-07,4.33e-07,"0.00189968222222222","0.001616389","0.003124521","1","I","I","I","I","M",0,0,0,0,0,0,0
"4915",5178,3733,3733,"c","c","t","t",0.00267881060809001,0.00267881060809001,0.000267881060809001,0.000267881060809001,0,0.000267881060809001,0,0.000267881060809001,0.00294669166889901,0.00294669166889901,0.00294669166889901,0.00294669166889901,"nonsyn","nonsyn","nonsyn",4.58e-06,8.37e-07,4.33e-07,4.33e-07,"0.001709714","0.001616389","1","0.001616389","R","R","C","S","G",1,1,1,0,1,0,1
"4916",5179,3726,3726,"g","g","a","a",0.00241545893719807,0.00241545893719807,0.000536768652710682,0.000536768652710682,0,0.000536768652710682,0,0.000536768652710682,0.00295222758990875,0.00295222758990875,0.00295222758990875,0.00295222758990875,"nonsyn","nonsyn","nonsyn",4.2e-06,5.36e-07,1.17e-06,1.17e-06,"0.0017388","0.00217971","1","0.00217971","R","R","H","P","L",0,1,1,0,0,0,0
"4917",5180,3729,3729,"c","c","t","t",0.00214534727809064,0.00214534727809064,0,0,0,0,0,0,0.00214534727809064,0.00214534727809064,0.00214534727809064,0.00214534727809064,"syn","syn","syn",4.58e-06,8.37e-07,4.33e-07,4.33e-07,"0.0021348525","1","1","1","R","R","R","R","R",0,0,0,0,0,0,0
"4918",5181,3723,3723,"c","c","t","t",0.0016116035455278,0.0016116035455278,0.0002686005909213,0.0002686005909213,0.0002686005909213,0,0.0002686005909213,0,0.0018802041364491,0.0018802041364491,0.0018802041364491,0.0018802041364491,"nonsyn","nonsyn","nonsyn",4.58e-06,8.37e-07,4.33e-07,4.33e-07,"0.00284189","0.001612059","0.003116151","1","L","L","F","I","V",0,0,0,0,1,0,1
"4919",5182,3732,3732,"t","t","c","c",0.00401929260450161,0.00401929260450161,0.000267952840300107,0.000267952840300107,0.000267952840300107,0,0.000267952840300107,0,0.00428724544480171,0.00428724544480171,0.00428724544480171,0.00428724544480171,"nonsyn","nonsyn","nonsyn",1.7e-05,1.07e-06,1.21e-06,1.21e-06,"0.0042296","0.00451572","0.00399324","1","L","L","P","H","R",1,1,1,0,1,0,1
"4920",5183,3703,3703,"c","t","t","c",0,0.999459897380502,0.000540102619497705,0.000540102619497705,0.000270051309748852,0.000270051309748852,0.000270051309748852,0.000270051309748852,0.000540102619497705,1,0.000540102619497705,1,"syn","syn","syn",1.7e-05,1.07e-06,1.21e-06,1.21e-06,"1.70091867062956e-05","0.002240315","0.00396221","0.00448063000000001","L","L","L","L","L",0,0,0,0,0,0,0
"4921",5184,3719,3719,"a","a","g","g",0.00107555794568432,0.00107555794568432,0,0,0,0,0,0,0.00107555794568432,0.00107555794568432,0.00107555794568432,0.00107555794568432,"nonsyn","nonsyn","stop",1.77e-05,1.76e-06,1.7e-06,1.7e-06,"0.0164565750000001","1","1","1","K","K","E","Q","*",1,1,1,0,0,0,0
"4922",5185,3714,3714,"a","a","g","g",0.00161550888529887,0.00161550888529887,0.000807754442649435,0.000807754442649435,0,0.000807754442649435,0,0.000807754442649435,0.0024232633279483,0.0024232633279483,0.0024232633279483,0.0024232633279483,"nonsyn","nonsyn","nonsyn",1.77e-05,1.76e-06,1.7e-06,1.7e-06,"0.0109563","0.0021046","1","0.0021046","K","K","R","T","I",0,1,1,0,0,0,0
"4923",5186,3657,3657,"a","a","g","g",0.00519551544982226,0.00519551544982226,0.000273448181569593,0.000273448181569593,0.000273448181569593,0,0.000273448181569593,0,0.00546896363139185,0.00546896363139185,0.00546896363139185,0.00546896363139185,"syn","nonsyn","nonsyn",1.77e-05,1.76e-06,1.7e-06,1.7e-06,"0.00340678421052632","0.00621689999999999","0.00643631999999999","1","K","K","K","N","N",0,1,1,0,0,0,0
"4924",5187,3633,3634,"c","c","t","t",0.00192678227360308,0.00192678227360308,0.000275254610514726,0.000275254610514726,0.000275254610514726,0,0.000275254610514726,0,0.00220203688411781,0.00220203688411781,0.00220143093010457,0.00220143093010457,"nonsyn","nonsyn","nonsyn",4.58e-06,8.37e-07,4.33e-07,4.33e-07,"0.00237702","0.001573089","0.003040821","1","P","P","S","T","A",1,1,1,0,0,0,0
"4925",5188,3610,3610,"c","c","t","t",0.00110803324099723,0.00110803324099723,0,0,0,0,0,0,0.00110803324099723,0.00110803324099723,0.00110803324099723,0.00110803324099723,"nonsyn","nonsyn","nonsyn",4.58e-06,8.37e-07,4.33e-07,4.33e-07,"0.00413345","1","1","1","P","P","L","H","R",1,1,1,0,1,0,1
"4926",5189,3571,3571,"c","c","t","t",0.00112013441612994,0.00112013441612994,0.000560067208064968,0.000560067208064968,0.000560067208064968,0,0.000560067208064968,0,0.0016802016241949,0.0016802016241949,0.0016802016241949,0.0016802016241949,"syn","syn","syn",4.58e-06,8.37e-07,4.33e-07,4.33e-07,"0.00408879499999998","0.0007731215","0.0014944635","1","P","P","P","P","P",0,0,0,0,1,0,1
"4927",5190,3448,3449,"a","a","g","g",0.00290023201856148,0.00290023201856148,0.000580046403712297,0.000580046403712297,0.000290023201856148,0.000290023201856148,0.000290023201856148,0.000290023201856148,0.00348027842227378,0.00348027842227378,0.00347926935343578,0.00347926935343578,"nonsyn","nonsyn","nonsyn",1.77e-05,1.76e-06,1.7e-06,1.7e-06,"0.00610296000000001","0.0029308","0.00606848000000001","0.00586160000000001","T","T","A","P","S",1,1,0,1,0,0,0
"4928",5191,3486,3486,"c","c","t","t",0.00200803212851406,0.00200803212851406,0.000286861732644865,0.000286861732644865,0.000286861732644865,0,0.000286861732644865,0,0.00229489386115892,0.00229489386115892,0.00229489386115892,0.00229489386115892,"nonsyn","nonsyn","nonsyn",4.58e-06,8.37e-07,4.33e-07,4.33e-07,"0.00228084","0.001509438","0.002917782","1","T","T","I","N","S",1,0,0,0,0,0,0
"4929",5192,3479,3479,"c","c","t","t",0.00143719459614832,0.00143719459614832,0.000287438919229664,0.000287438919229664,0.000287438919229664,0,0.000287438919229664,0,0.00172463351537798,0.00172463351537798,0.00172463351537798,0.00172463351537798,"syn","syn","syn",4.58e-06,8.37e-07,4.33e-07,4.33e-07,"0.003186764","0.001506407","0.002911923","1","T","T","T","T","T",0,0,0,0,1,0,1
"4930",5193,3481,3482,"c","c","t","t",0.00057454754380925,0.00057454754380925,0.000861821315713875,0.000861821315713875,0.000861821315713875,0,0.000861821315713875,0,0.00143636885952313,0.00143636885952313,0.00143595634692705,0.00143595634692705,"nonsyn","nonsyn","nonsyn",4.58e-06,8.37e-07,4.33e-07,4.33e-07,"0.00797149","0.000502424333333334","0.000971199","1","L","L","F","I","V",0,0,0,0,1,0,1
"4931",5194,3464,3464,"t","t","c","c",0.00259815242494226,0.00259815242494226,0.000288683602771363,0.000288683602771363,0.000288683602771363,0,0.000288683602771363,0,0.00288683602771363,0.00288683602771363,0.00288683602771363,0.00288683602771363,"nonsyn","nonsyn","nonsyn",1.7e-05,1.07e-06,1.21e-06,1.21e-06,"0.00654311111111112","0.00419143999999999","0.00370647999999999","1","L","L","P","H","R",1,1,1,0,1,0,1
"4932",5195,3501,3501,"c","c","t","t",0.000285632676378178,0.000285632676378178,0.000285632676378178,0.000285632676378178,0.000285632676378178,0,0.000285632676378178,0,0.000571265352756355,0.000571265352756355,0.000571265352756355,0.000571265352756355,"syn","syn","syn",4.58e-06,8.37e-07,4.33e-07,4.33e-07,"0.01603458","0.001515933","0.002930337","1","L","L","L","L","L",0,0,0,0,0,0,0
"4933",5196,3504,3504,"c","c","t","t",0.000570776255707763,0.000570776255707763,0,0,0,0,0,0,0.000570776255707763,0.000570776255707763,0.000570776255707763,0.000570776255707763,"nonsyn","nonsyn","nonsyn",4.58e-06,8.37e-07,4.33e-07,4.33e-07,"0.00802416","1","1","1","H","H","Y","N","D",1,1,1,0,1,0,1
"4934",5197,3488,3488,"a","a","g","g",0.00487385321100917,0.00487385321100917,0.000573394495412844,0.000573394495412844,0.000286697247706422,0.000286697247706422,0.000286697247706422,0.000286697247706422,0.00544724770642202,0.00544724770642202,0.00544724770642202,0.00544724770642202,"nonsyn","nonsyn","nonsyn",1.77e-05,1.76e-06,1.7e-06,1.7e-06,"0.00363162352941177","0.0029648","0.00613888","0.0059296","H","H","R","P","L",0,1,1,1,0,0,0
"4935",5198,3481,3481,"c","t","t","c",0.00316001149095088,0.996839988509049,0,0,0,0,0,0,0.00316001149095088,0.996839988509049,0.00316001149095088,0.996839988509049,"syn","nonsyn","nonsyn",1.7e-05,1.07e-06,1.21e-06,1.21e-06,"1.70538904899135e-05","1","1","1","H","H","H","Q","Q",0,1,1,1,0,0,0
"4936",5199,3469,3469,"g","g","a","a",0.00144133756125685,0.00144133756125685,0.000576535024502739,0.000576535024502739,0,0.000576535024502739,0,0.000576535024502739,0.00201787258575958,0.00201787258575958,0.00201787258575958,0.00201787258575958,"nonsyn","nonsyn","nonsyn",4.2e-06,5.36e-07,1.17e-06,1.17e-06,"0.00291395999999999","0.002029365","1","0.002029365","G","G","R","R","W",1,1,1,0,1,1,0
"4937",5200,3458,3458,"g","g","a","a",0.00433776749566223,0.00433776749566223,0.000578368999421631,0.000578368999421631,0,0.000578368999421631,0,0.000578368999421631,0.00491613649508386,0.00491613649508386,0.00491613649508386,0.00491613649508386,"nonsyn","nonsyn","nonsyn",4.2e-06,5.36e-07,1.17e-06,1.17e-06,"0.00096824","0.00202293","1","0.00202293","G","G","E","A","V",1,1,1,0,1,1,0
"4938",5201,3464,3464,"g","g","a","a",0.00259815242494226,0.00259815242494226,0,0,0,0,0,0,0.00259815242494226,0.00259815242494226,0.00259815242494226,0.00259815242494226,"syn","syn","syn",4.2e-06,5.36e-07,1.17e-06,1.17e-06,"0.00161653333333334","1","1","1","G","G","G","G","G",0,0,0,0,0,0,0
"4939",5202,3460,3460,"c","c","t","t",0.00115606936416185,0.00115606936416185,0,0,0,0,0,0,0.00115606936416185,0.00115606936416185,0.00115606936416185,0.00115606936416185,"nonsyn","nonsyn","nonsyn",4.58e-06,8.37e-07,4.33e-07,4.33e-07,"0.0039617","1","1","1","P","P","S","T","A",1,1,1,0,0,0,0
"4940",5203,3405,3405,"c","c","t","t",0.00205580029368576,0.00205580029368576,0.000881057268722467,0.000881057268722467,0.000881057268722467,0,0.000881057268722467,0,0.00293685756240822,0.00293685756240822,0.00293685756240822,0.00293685756240822,"nonsyn","nonsyn","nonsyn",4.58e-06,8.37e-07,4.33e-07,4.33e-07,"0.00222784285714285","0.000491455","0.000949995","1","P","P","L","Q","R",1,1,1,0,1,0,1
"4941",5204,3406,3406,"a","a","g","g",0.00205519671168526,0.00205519671168526,0.00264239577216676,0.00264239577216676,0.00146799765120376,0.00117439812096301,0.00146799765120376,0.00117439812096301,0.00469759248385203,0.00469759248385203,0.00469759248385203,0.00469759248385203,"syn","syn","syn",1.77e-05,1.76e-06,1.7e-06,1.7e-06,"0.00861231428571429","0.000643355555555557","0.001198912","0.00144755","P","P","P","P","P",0,0,0,1,0,0,0
"4942",5205,3435,3435,"a","a","g","g",0.00320232896652111,0.00320232896652111,0,0,0,0,0,0,0.00320232896652111,0.00320232896652111,0.00320232896652111,0.00320232896652111,"nonsyn","nonsyn","nonsyn",1.77e-05,1.76e-06,1.7e-06,1.7e-06,"0.00552722727272727","1","1","1","T","T","A","P","S",1,1,0,0,0,0,0
"4943",5206,3400,3400,"c","c","t","t",0.000882352941176471,0.000882352941176471,0,0,0,0,0,0,0.000882352941176471,0.000882352941176471,0.000882352941176471,0.000882352941176471,"nonsyn","nonsyn","nonsyn",4.58e-06,8.37e-07,4.33e-07,4.33e-07,"0.00519066666666666","1","1","1","T","T","I","K","R",1,1,1,0,0,0,0
"4944",5207,3367,3367,"a","a","g","g",0.0602910602910603,0.0602910602910603,0.000594000594000594,0.000594000594000594,0.000297000297000297,0.000297000297000297,0.000297000297000297,0.000297000297000297,0.0608850608850609,0.0608850608850609,0.0608850608850609,0.0608850608850609,"syn","syn","syn",1.77e-05,1.76e-06,1.7e-06,1.7e-06,"0.000293575862068965","0.00286195","0.00592592","0.0057239","T","T","T","T","T",0,0,0,1,0,0,0
"4945",5208,3371,3372,"c","c","t","t",0.000889943636902996,0.000889943636902996,0,0,0,0,0,0,0.000889943636902996,0.000889943636902996,0.000889679715302491,0.000889679715302491,"nonsyn","nonsyn","nonsyn",4.58e-06,8.37e-07,4.33e-07,4.33e-07,"0.00514639333333333","1","1","1","P","P","S","T","A",1,1,1,0,0,0,0
"4946",5209,3370,3370,"c","c","t","t",0.00148367952522255,0.00148367952522255,0.00029673590504451,0.00029673590504451,0.00029673590504451,0,0.00029673590504451,0,0.00178041543026706,0.00178041543026706,0.00178041543026706,0.00178041543026706,"nonsyn","nonsyn","nonsyn",4.58e-06,8.37e-07,4.33e-07,4.33e-07,"0.00308692","0.00145921","0.00282069","1","P","P","L","H","R",1,1,1,0,1,0,1
"4947",5210,3444,3444,"t","c","c","t",0.00232288037166086,0.997386759581881,0.000290360046457607,0.000290360046457607,0.000290360046457607,0,0.000290360046457607,0,0.00261324041811847,0.997677119628339,0.00261324041811847,0.997677119628339,"syn","syn","syn",4.58e-06,8.37e-07,4.33e-07,4.33e-07,"4.592e-06","0.001491252","0.002882628","1","P","P","P","P","P",0,0,0,0,1,0,1
"4948",5211,3489,3489,"c","c","t","t",0.00057323015190599,0.00057323015190599,0.00057323015190599,0.00057323015190599,0.00057323015190599,0,0.00057323015190599,0,0.00114646030381198,0.00114646030381198,0.00114646030381198,0.00114646030381198,"syn","nonsyn","nonsyn",4.58e-06,8.37e-07,4.33e-07,4.33e-07,"0.00798981","0.0007553685","0.0014601465","1","L","L","L","M","V",0,0,0,0,1,0,1
"4949",5212,3487,3487,"t","t","c","c",0.00487525093203327,0.00487525093203327,0.000286779466590192,0.000286779466590192,0.000286779466590192,0,0.000286779466590192,0,0.00516203039862346,0.00516203039862346,0.00516203039862346,0.00516203039862346,"nonsyn","nonsyn","nonsyn",1.7e-05,1.07e-06,1.21e-06,1.21e-06,"0.003487","0.00421927","0.00373109","1","L","L","P","Q","R",1,1,1,1,1,0,1
"4950",5213,3504,3504,"g","g","a","a",0.00313926940639269,0.00313926940639269,0,0,0,0,0,0,0.00313926940639269,0.00313926940639269,0.00313926940639269,0.00313926940639269,"syn","syn","syn",4.2e-06,5.36e-07,1.17e-06,1.17e-06,"0.00133789090909091","1","1","1","L","L","L","L","L",0,0,0,0,0,0,0
"4951",5214,3504,3504,"c","c","t","t",0.00228310502283105,0.00228310502283105,0.000285388127853881,0.000285388127853881,0.000285388127853881,0,0.000285388127853881,0,0.00256849315068493,0.00256849315068493,0.00256849315068493,0.00256849315068493,"syn","nonsyn","nonsyn",4.58e-06,8.37e-07,4.33e-07,4.33e-07,"0.00200604","0.001517232","0.002932848","1","L","L","L","I","V",0,0,0,0,0,0,0
"4952",5215,3327,3327,"t","t","c","c",0.00270513976555455,0.00270513976555455,0,0,0,0,0,0,0.00270513976555455,0.00270513976555455,0.00270513976555455,0.00270513976555455,"nonsyn","nonsyn","nonsyn",1.7e-05,1.07e-06,1.21e-06,1.21e-06,"0.00628433333333334","1","1","1","L","L","P","Q","R",1,1,1,0,1,0,1
"4953",5216,3494,3494,"a","a","g","g",0.0020034344590727,0.0020034344590727,0.000286204922724671,0.000286204922724671,0,0.000286204922724671,0,0.000286204922724671,0.00228963938179737,0.00228963938179737,0.00228963938179737,0.00228963938179737,"syn","syn","syn",1.77e-05,1.76e-06,1.7e-06,1.7e-06,"0.00883482857142855","0.0059398","1","0.0059398","L","L","L","L","L",0,0,0,0,0,0,0
"4954",5217,3422,3422,"t","t","c","c",0.00292226767971946,0.00292226767971946,0.000584453535943892,0.000584453535943892,0.000584453535943892,0,0.000584453535943892,0,0.00350672121566335,0.00350672121566335,0.00350672121566335,0.00350672121566335,"nonsyn","nonsyn","nonsyn",1.7e-05,1.07e-06,1.21e-06,1.21e-06,"0.0058174","0.00207031","0.00183077","1","Y","Y","H","N","D",1,1,1,0,0,0,0
"4955",5218,3475,3475,"a","a","g","g",0.0037410071942446,0.0037410071942446,0,0,0,0,0,0,0.0037410071942446,0.0037410071942446,0.0037410071942446,0.0037410071942446,"nonsyn","nonsyn","nonsyn",1.77e-05,1.76e-06,1.7e-06,1.7e-06,"0.00473134615384616","1","1","1","Y","Y","C","S","F",1,1,0,0,0,0,0
"4956",5219,3442,3442,"c","c","t","t",0.000581057524694945,0.000581057524694945,0,0,0,0,0,0,0.000581057524694945,0.000581057524694945,0.000581057524694945,0.000581057524694945,"syn","stop","stop",4.58e-06,8.37e-07,4.33e-07,4.33e-07,"0.00788218","1","1","1","Y","Y","Y","*","*",0,1,1,0,0,0,0
"4957",5220,3345,3345,"a","a","g","g",0.00328849028400598,0.00328849028400598,0,0,0,0,0,0,0.00328849028400598,0.00328849028400598,0.00328849028400598,0.00328849028400598,"nonsyn","syn","stop",1.77e-05,1.76e-06,1.7e-06,1.7e-06,"0.00538240909090909","1","1","1","R","R","G","R","*",1,0,1,1,1,1,0
"4958",5221,3397,3397,"g","g","a","a",0.00117750956726523,0.00117750956726523,0.000883132175448925,0.000883132175448925,0.000294377391816309,0.000588754783632617,0.000294377391816309,0.000588754783632617,0.00206064174271416,0.00206064174271416,0.00206064174271416,0.00206064174271416,"nonsyn","nonsyn","nonsyn",4.2e-06,5.36e-07,1.17e-06,1.17e-06,"0.00356685000000001","0.00132483","0.001820792","0.001987245","R","R","K","T","I",0,1,1,0,0,0,0
"4959",5222,3379,3379,"a","a","g","g",0.00207161882213673,0.00207161882213673,0.000295945546019532,0.000295945546019532,0.000295945546019532,0,0.000295945546019532,0,0.00236756436815626,0.00236756436815626,0.00236756436815626,0.00236756436815626,"syn","nonsyn","nonsyn",1.77e-05,1.76e-06,1.7e-06,1.7e-06,"0.00854404285714284","0.00574430000000001","0.00594704000000001","1","R","R","R","S","S",0,1,1,0,0,0,0
"4960",5223,3290,3290,"c","c","t","t",0,0,0,0,0,0,0,0,0,0,0,0,"syn","nonsyn","nonsyn",4.58e-06,8.37e-07,4.33e-07,4.33e-07,"1","1","1","1","L","L","L","M","V",0,0,0,0,0,0,0
"4961",5224,3267,3267,"t","t","c","c",0.000918273645546373,0.000918273645546373,0.000918273645546373,0.000918273645546373,0.000612182430364249,0.000306091215182124,0.000612182430364249,0.000306091215182124,0.00183654729109275,0.00183654729109275,0.00183654729109275,0.00183654729109275,"nonsyn","nonsyn","nonsyn",1.7e-05,1.07e-06,1.21e-06,1.21e-06,"0.018513","0.00131769","0.001747845","0.00395307","L","L","P","Q","R",1,1,1,1,1,0,1
"4962",5225,3261,3261,"g","g","a","a",0.00122661760196259,0.00122661760196259,0.000306654400490647,0.000306654400490647,0,0.000306654400490647,0,0.000306654400490647,0.00153327200245324,0.00153327200245324,0.00153327200245324,0.00153327200245324,"syn","syn","syn",4.2e-06,5.36e-07,1.17e-06,1.17e-06,"0.00342404999999999","0.00381537","1","0.00381537","L","L","L","L","L",0,0,0,0,1,1,0
"4963",5226,3252,3252,"g","g","a","a",0.000922509225092251,0.000922509225092251,0.00030750307503075,0.00030750307503075,0.00030750307503075,0,0.00030750307503075,0,0.001230012300123,0.001230012300123,0.001230012300123,0.001230012300123,"nonsyn","nonsyn","nonsyn",4.2e-06,5.36e-07,1.17e-06,1.17e-06,"0.0045528","0.00380484","0.001743072","1","G","G","S","R","C",1,1,0,0,1,1,0
"4964",5227,3241,3241,"g","g","a","a",0.00154273372415921,0.00154273372415921,0,0,0,0,0,0,0.00154273372415921,0.00154273372415921,0.00154273372415921,0.00154273372415921,"nonsyn","nonsyn","nonsyn",4.2e-06,5.36e-07,1.17e-06,1.17e-06,"0.00272244","1","1","1","G","G","D","A","V",1,1,1,0,0,0,0
"4965",5228,3239,3239,"t","c","c","t",0.00246989811670269,0.997530101883297,0,0,0,0,0,0,0.00246989811670269,0.997530101883297,0.00246989811670269,0.997530101883297,"syn","syn","syn",4.58e-06,8.37e-07,4.33e-07,4.33e-07,"4.59134014237078e-06","1","1","1","G","G","G","G","G",0,0,0,0,0,0,0
"4966",5229,3252,3252,"g","g","a","a",0.0030750307503075,0.0030750307503075,0,0,0,0,0,0,0.0030750307503075,0.0030750307503075,0.0030750307503075,0.0030750307503075,"nonsyn","nonsyn","nonsyn",4.2e-06,5.36e-07,1.17e-06,1.17e-06,"0.00136584","1","1","1","A","A","T","P","S",1,1,1,0,0,0,0
"4967",5230,3250,3250,"c","c","t","t",0.00338461538461538,0.00338461538461538,0,0,0,0,0,0,0.00338461538461538,0.00338461538461538,0.00338461538461538,0.00338461538461538,"nonsyn","nonsyn","nonsyn",4.58e-06,8.37e-07,4.33e-07,4.33e-07,"0.00135318181818182","1","1","1","A","A","V","D","G",0,1,1,0,0,0,0
"4968",5231,3318,3318,"t","t","c","c",0.00421940928270042,0.00421940928270042,0.00180831826401447,0.00180831826401447,0.00150693188667872,0.000301386377335744,0.00150693188667872,0.000301386377335744,0.00602772754671489,0.00602772754671489,0.00602772754671489,0.00602772754671489,"syn","syn","syn",1.7e-05,1.07e-06,1.21e-06,1.21e-06,"0.004029","0.000669129999999999","0.000710052000000001","0.00401478000000001","A","A","A","A","A",0,0,0,1,1,0,1
"4969",5232,3364,3364,"g","g","a","a",0.00148632580261593,0.00148632580261593,0.000297265160523187,0.000297265160523187,0,0.000297265160523187,0,0.000297265160523187,0.00178359096313912,0.00178359096313912,0.00178359096313912,0.00178359096313912,"nonsyn","nonsyn","nonsyn",4.2e-06,5.36e-07,1.17e-06,1.17e-06,"0.00282576000000001","0.00393588","1","0.00393588","V","V","I","L","F",0,0,0,0,0,0,0
"4970",5233,3358,3358,"t","t","c","c",0.00416914830256105,0.00416914830256105,0.000297796307325789,0.000297796307325789,0.000297796307325789,0,0.000297796307325789,0,0.00446694460988684,0.00446694460988684,0.00446694460988684,0.00446694460988684,"nonsyn","nonsyn","nonsyn",1.7e-05,1.07e-06,1.21e-06,1.21e-06,"0.00407757142857143","0.00406318","0.00359306","1","V","V","A","D","G",0,1,1,0,0,0,0
"4971",5234,3278,3278,"t","t","c","c",0.0012202562538133,0.0012202562538133,0.000305064063453325,0.000305064063453325,0.000305064063453325,0,0.000305064063453325,0,0.00152532031726663,0.00152532031726663,0.00152532031726663,0.00152532031726663,"syn","syn","syn",1.7e-05,1.07e-06,1.21e-06,1.21e-06,"0.0139315","0.00396638","0.00350746","1","V","V","V","V","V",0,0,0,0,0,0,0
"4972",5235,3279,3279,"c","c","t","t",0.00121988411100945,0.00121988411100945,0,0,0,0,0,0,0.00121988411100945,0.00121988411100945,0.00121988411100945,0.00121988411100945,"stop","nonsyn","nonsyn",4.58e-06,8.37e-07,4.33e-07,4.33e-07,"0.00375445500000001","1","1","1","Q","Q","*","K","E",1,1,1,0,0,0,0
"4973",5236,2744,2744,"a","a","g","g",0.0043731778425656,0.0043731778425656,0,0,0,0,0,0,0.0043731778425656,0.0043731778425656,0.0043731778425656,0.0043731778425656,"nonsyn","nonsyn","nonsyn",1.77e-05,1.76e-06,1.7e-06,1.7e-06,"0.0040474","1","1","1","Q","Q","R","P","L",1,1,1,1,1,1,0
"4974",5237,3041,3042,"g","g","a","a",0.453469253535021,0.453469253535021,0.000657678395264716,0.000657678395264716,0,0.000657678395264716,0,0.000657678395264716,0.454126931930286,0.454126931930286,0.453977646285339,0.453977646285339,"syn","nonsyn","nonsyn",4.2e-06,5.36e-07,1.17e-06,1.17e-06,"9.26192893401016e-06","0.001778985","1","0.001778985","Q","Q","Q","H","H",0,1,1,0,0,0,0
"4975",5238,3028,3028,"a","a","g","g",0.00132100396301189,0.00132100396301189,0,0,0,0,0,0,0.00132100396301189,0.00132100396301189,0.00132100396301189,0.00132100396301189,"nonsyn","nonsyn","nonsyn",1.77e-05,1.76e-06,1.7e-06,1.7e-06,"0.0133989","1","1","1","N","N","D","H","Y",1,1,1,0,0,0,0
"4976",5239,3012,3012,"a","a","g","g",0.00398406374501992,0.00398406374501992,0.000332005312084993,0.000332005312084993,0,0.000332005312084993,0,0.000332005312084993,0.00431606905710491,0.00431606905710491,0.00431606905710491,0.00431606905710491,"nonsyn","nonsyn","nonsyn",1.77e-05,1.76e-06,1.7e-06,1.7e-06,"0.0044427","0.00512040000000001","1","0.00512040000000001","N","N","S","T","I",0,0,1,0,0,0,0
"4977",5240,3013,3013,"c","t","t","c",0.00132758048456688,0.998672419515433,0,0,0,0,0,0,0.00132758048456688,0.998672419515433,0.00132758048456688,0.998672419515433,"syn","nonsyn","nonsyn",1.7e-05,1.07e-06,1.21e-06,1.21e-06,"1.70225988700565e-05","1","1","1","N","N","N","K","K",0,1,1,1,0,0,0
"4978",5241,2996,2996,"g","g","a","a",0.000667556742323097,0.000667556742323097,0,0,0,0,0,0,0.000667556742323097,0.000667556742323097,0.000667556742323097,0.000667556742323097,"nonsyn","nonsyn","stop",4.2e-06,5.36e-07,1.17e-06,1.17e-06,"0.0062916","1","1","1","E","E","K","Q","*",1,1,1,0,0,0,0
"4979",5242,2975,2975,"a","a","g","g",0.00470588235294118,0.00470588235294118,0.000672268907563025,0.000672268907563025,0,0.000672268907563025,0,0.000672268907563025,0.0053781512605042,0.0053781512605042,0.0053781512605042,0.0053781512605042,"nonsyn","nonsyn","nonsyn",1.77e-05,1.76e-06,1.7e-06,1.7e-06,"0.00376125","0.00252875","1","0.00252875","E","E","G","A","V",1,1,1,0,0,0,0
"4980",5243,2977,2977,"g","a","a","g",0.00134363453140746,0.998656365468592,0,0,0,0,0,0,0.00134363453140746,0.998656365468592,0.00134363453140746,0.998656365468592,"syn","nonsyn","nonsyn",1.77e-05,1.76e-06,1.7e-06,1.7e-06,"1.77238143289607e-05","1","1","1","E","E","E","D","D",0,0,0,0,1,1,0
"4981",5244,3096,3096,"g","g","a","a",0.000645994832041344,0.000645994832041344,0,0,0,0,0,0,0.000645994832041344,0.000645994832041344,0.000645994832041344,0.000645994832041344,"nonsyn","nonsyn","nonsyn",4.2e-06,5.36e-07,1.17e-06,1.17e-06,"0.0065016","1","1","1","V","V","I","L","F",0,0,0,0,0,0,0
"4982",5245,3094,3095,"t","t","c","c",0.00355526826115061,0.00355526826115061,0.000646412411118293,0.000646412411118293,0.000323206205559147,0.000323206205559147,0.000323206205559147,0.000323206205559147,0.00420168067226891,0.00420168067226891,0.00420032310177706,0.00420032310177706,"nonsyn","nonsyn","nonsyn",1.7e-05,1.07e-06,1.21e-06,1.21e-06,"0.00478163636363637","0.00187187","0.00331058","0.00374374","V","V","A","D","G",0,1,1,0,0,0,0
"4983",5246,3083,3083,"t","c","c","t",0.00324359390204346,0.996756406097957,0,0,0,0,0,0,0.00324359390204346,0.996756406097957,0.00324359390204346,0.996756406097957,"syn","syn","syn",4.58e-06,8.37e-07,4.33e-07,4.33e-07,"4.59490400260332e-06","1","1","1","V","V","V","V","V",0,0,0,0,0,0,0
"4984",5247,3131,3131,"a","a","g","g",0.0019163206643245,0.0019163206643245,0,0,0,0,0,0,0.0019163206643245,0.0019163206643245,0.0019163206643245,0.0019163206643245,"nonsyn","nonsyn","nonsyn",1.77e-05,1.76e-06,1.7e-06,1.7e-06,"0.00923644999999999","1","1","1","T","T","A","P","S",1,1,0,1,0,0,0
"4985",5248,3152,3152,"c","c","t","t",0.000951776649746193,0.000951776649746193,0.000317258883248731,0.000317258883248731,0,0.000317258883248731,0,0.000317258883248731,0.00126903553299492,0.00126903553299492,0.00126903553299492,0.00126903553299492,"nonsyn","nonsyn","nonsyn",4.58e-06,8.37e-07,4.33e-07,4.33e-07,"0.00481205333333333","0.001364816","1","0.001364816","T","T","I","N","S",1,0,0,0,0,0,0
"4986",5249,3157,3157,"c","c","t","t",0.00158378207158695,0.00158378207158695,0.00031675641431739,0.00031675641431739,0.00031675641431739,0,0.00031675641431739,0,0.00190053848590434,0.00190053848590434,0.00190053848590434,0.00190053848590434,"syn","syn","syn",4.58e-06,8.37e-07,4.33e-07,4.33e-07,"0.002891812","0.001366981","0.002642409","1","T","T","T","T","T",0,0,0,0,1,0,1
"4987",5250,3068,3068,"c","c","t","t",0.0162972620599739,0.0162972620599739,0.00130378096479791,0.00130378096479791,0.00130378096479791,0,0.00130378096479791,0,0.0176010430247718,0.0176010430247718,0.0176010430247718,0.0176010430247718,"syn","nonsyn","nonsyn",4.58e-06,8.37e-07,4.33e-07,4.33e-07,"0.0002810288","0.000332111000000001","0.000641979000000002","1","L","L","L","M","V",0,0,0,0,1,0,1
"4988",5251,3069,3069,"t","t","c","c",0.00423590746171391,0.00423590746171391,0.00130335614206582,0.00130335614206582,0.000977517106549365,0.000325839035516455,0.000977517106549365,0.000325839035516455,0.00553926360377973,0.00553926360377973,0.00553926360377973,0.00553926360377973,"nonsyn","nonsyn","nonsyn",1.7e-05,1.07e-06,1.21e-06,1.21e-06,"0.0040133076923077","0.0009283725","0.00109461","0.00371349","L","L","P","Q","R",1,1,1,1,1,0,1
"4989",5252,3071,3071,"g","g","a","a",0.000325626831650928,0.000325626831650928,0.000976880494952784,0.000976880494952784,0,0.000976880494952784,0,0.000976880494952784,0.00130250732660371,0.00130250732660371,0.00130250732660371,0.00130250732660371,"syn","syn","syn",4.2e-06,5.36e-07,1.17e-06,1.17e-06,"0.0128982","0.00119769","1","0.00119769","L","L","L","L","L",0,0,0,0,0,0,0
"4990",5253,3078,3079,"a","a","g","g",0.00194931773879142,0.00194931773879142,0.000649772579597141,0.000649772579597141,0.000649772579597141,0,0.000649772579597141,0,0.00259909031838856,0.00259909031838856,0.00259824618382592,0.00259824618382592,"nonsyn","nonsyn","nonsyn",1.77e-05,1.76e-06,1.7e-06,1.7e-06,"0.00908010000000001","0.0026163","0.00270864","1","T","T","A","P","S",1,1,0,0,0,0,0
"4991",5254,3028,3029,"c","c","t","t",0.000660501981505945,0.000660501981505945,0,0,0,0,0,0,0.000660501981505945,0.000660501981505945,0.000660283922086497,0.000660283922086497,"nonsyn","nonsyn","nonsyn",4.58e-06,8.37e-07,4.33e-07,4.33e-07,"0.00693412","1","1","1","T","T","M","K","R",1,1,1,0,0,0,0
"4992",5255,2999,2999,"a","g","g","a",0.0486828942980994,0.949649883294431,0.00166722240746916,0.00166722240746916,0.000333444481493831,0.00133377792597533,0.000333444481493831,0.00133377792597533,0.0503501167055685,0.951317105701901,0.0503501167055685,0.951317105701901,"syn","syn","syn",4.2e-06,5.36e-07,1.17e-06,1.17e-06,"4.42268258426966e-06","0.000701765999999998","0.001607464","0.000877207499999997","T","T","T","T","T",0,0,0,0,0,0,0
"4993",5256,2988,2988,"c","c","t","t",0.00200803212851406,0.00200803212851406,0.000334672021419009,0.000334672021419009,0.000334672021419009,0,0.000334672021419009,0,0.00234270414993307,0.00234270414993307,0.00234270414993307,0.00234270414993307,"nonsyn","nonsyn","nonsyn",4.58e-06,8.37e-07,4.33e-07,4.33e-07,"0.00228084","0.001293804","0.002500956","1","H","H","Y","N","D",1,1,1,0,0,0,0
"4994",5257,2982,2982,"a","a","g","g",0.00335345405767941,0.00335345405767941,0.00905432595573441,0.00905432595573441,0.00838363514419853,0.000670690811535882,0.00838363514419853,0.000670690811535882,0.0124077800134138,0.0124077800134138,0.0124077800134138,0.0124077800134138,"nonsyn","nonsyn","nonsyn",1.77e-05,1.76e-06,1.7e-06,1.7e-06,"0.00527814","0.000187755555555555","0.0002099328","0.0025347","H","H","R","P","L",0,1,1,1,0,0,0
"4995",5258,2984,2986,"c","c","t","t",0.00167560321715818,0.00167560321715818,0.000670241286863271,0.000670241286863271,0.000670241286863271,0,0.000670241286863271,0,0.00234584450402145,0.00234584450402145,0.00234427327528466,0.00234427327528466,"syn","nonsyn","nonsyn",4.58e-06,8.37e-07,4.33e-07,4.33e-07,"0.002733344","0.000646036","0.001248804","1","H","H","H","Q","Q",0,1,1,0,0,0,0
"4996",5259,2987,2987,"c","c","t","t",0.00234348844994978,0.00234348844994978,0.00033478406427854,0.00033478406427854,0.00033478406427854,0,0.00033478406427854,0,0.00267827251422832,0.00267827251422832,0.00267827251422832,0.00267827251422832,"nonsyn","nonsyn","nonsyn",4.58e-06,8.37e-07,4.33e-07,4.33e-07,"0.00195435142857143","0.001293371","0.002500119","1","P","P","S","T","A",1,1,1,0,1,0,1
"4997",5260,2991,2991,"c","c","t","t",0.0023403543965229,0.0023403543965229,0.000334336342360415,0.000334336342360415,0.000334336342360415,0,0.000334336342360415,0,0.00267469073888332,0.00267469073888332,0.00267469073888332,0.00267469073888332,"nonsyn","nonsyn","nonsyn",4.58e-06,8.37e-07,4.33e-07,4.33e-07,"0.00195696857142857","0.001295103","0.002503467","1","P","P","L","Q","R",1,1,1,0,1,0,1
"4998",5261,2993,2993,"a","a","g","g",0.00467758102238557,0.00467758102238557,0.000334112930170398,0.000334112930170398,0,0.000334112930170398,0,0.000334112930170398,0.00501169395255596,0.00501169395255596,0.00501169395255596,0.00501169395255596,"syn","syn","syn",1.77e-05,1.76e-06,1.7e-06,1.7e-06,"0.00378400714285714","0.00508809999999999","1","0.00508809999999999","P","P","P","P","P",0,0,0,1,0,0,0
"4999",5262,2984,2984,"a","a","g","g",0.00167560321715818,0.00167560321715818,0.000335120643431635,0.000335120643431635,0,0.000335120643431635,0,0.000335120643431635,0.00201072386058981,0.00201072386058981,0.00201072386058981,0.00201072386058981,"nonsyn","nonsyn","nonsyn",1.77e-05,1.76e-06,1.7e-06,1.7e-06,"0.01056336","0.00507280000000001","1","0.00507280000000001","I","I","V","L","F",0,0,0,0,0,0,0
"5000",5263,3058,3058,"t","t","c","c",0.00163505559189012,0.00163505559189012,0,0,0,0,0,0,0.00163505559189012,0.00163505559189012,0.00163505559189012,0.00163505559189012,"nonsyn","nonsyn","nonsyn",1.7e-05,1.07e-06,1.21e-06,1.21e-06,"0.0103972","1","1","1","I","I","T","N","S",1,1,1,0,0,0,0
"5001",5264,2980,2980,"c","c","t","t",0.000671140939597315,0.000671140939597315,0.000335570469798658,0.000335570469798658,0.000335570469798658,0,0.000335570469798658,0,0.00100671140939597,0.00100671140939597,0.00100671140939597,0.00100671140939597,"syn","syn","nonsyn",4.58e-06,8.37e-07,4.33e-07,4.33e-07,"0.00682420000000001","0.00129034","0.00249426","1","I","I","I","I","M",0,0,0,0,0,0,0
"5002",5265,2969,2969,"a","a","g","g",0.00471539238800943,0.00471539238800943,0.000336813742000674,0.000336813742000674,0.000336813742000674,0,0.000336813742000674,0,0.0050522061300101,0.0050522061300101,0.0050522061300101,0.0050522061300101,"nonsyn","nonsyn","nonsyn",1.77e-05,1.76e-06,1.7e-06,1.7e-06,"0.00375366428571429","0.00504729999999999","0.00522543999999999","1","T","T","A","P","S",1,1,0,1,0,0,0
"5003",5266,2982,2982,"c","c","t","t",0.00134138162307176,0.00134138162307176,0,0,0,0,0,0,0.00134138162307176,0.00134138162307176,0.00134138162307176,0.00134138162307176,"nonsyn","nonsyn","nonsyn",4.58e-06,8.37e-07,4.33e-07,4.33e-07,"0.00341439000000001","1","1","1","T","T","I","N","S",1,0,0,0,0,0,0
"5004",5267,2982,2982,"c","c","t","t",0.000335345405767941,0.000335345405767941,0.000335345405767941,0.000335345405767941,0,0.000335345405767941,0,0.000335345405767941,0.000670690811535882,0.000670690811535882,0.000670690811535882,0.000670690811535882,"syn","syn","syn",4.58e-06,8.37e-07,4.33e-07,4.33e-07,"0.01365756","0.001291206","1","0.001291206","T","T","T","T","T",0,0,0,0,1,0,1
"5005",5268,2981,2981,"a","a","g","g",0.00268366320026837,0.00268366320026837,0.00134183160013418,0.00134183160013418,0.000335457900033546,0.00100637370010064,0.000335457900033546,0.00100637370010064,0.00402549480040255,0.00402549480040255,0.00402549480040255,0.00402549480040255,"nonsyn","nonsyn","stop",1.77e-05,1.76e-06,1.7e-06,1.7e-06,"0.00659546249999999","0.001266925","0.00524656","0.00168923333333333","K","K","E","Q","*",1,1,1,1,0,0,0
"5006",5269,2953,2953,"a","a","g","g",0.000677277345072807,0.000677277345072807,0,0,0,0,0,0,0.000677277345072807,0.000677277345072807,0.000677277345072807,0.000677277345072807,"nonsyn","nonsyn","nonsyn",1.77e-05,1.76e-06,1.7e-06,1.7e-06,"0.02613405","1","1","1","K","K","R","T","I",0,1,1,0,0,0,0
"5007",5270,2929,2929,"a","a","g","g",0.0204848071013998,0.0204848071013998,0.000341413451689997,0.000341413451689997,0,0.000341413451689997,0,0.000341413451689997,0.0208262205530898,0.0208262205530898,0.0208262205530898,0.0208262205530898,"syn","nonsyn","nonsyn",1.77e-05,1.76e-06,1.7e-06,1.7e-06,"0.000864055","0.00497929999999999","1","0.00497929999999999","K","K","K","N","N",0,1,1,0,0,0,0
"5008",5271,2988,2988,"t","t","c","c",0.00167336010709505,0.00167336010709505,0,0,0,0,0,0,0.00167336010709505,0.00167336010709505,0.00167336010709505,0.00167336010709505,"nonsyn","nonsyn","nonsyn",1.7e-05,1.07e-06,1.21e-06,1.21e-06,"0.0101592","1","1","1","Y","Y","H","N","D",1,1,1,0,0,0,0
"5009",5272,2962,2962,"a","a","g","g",0.00202565833896016,0.00202565833896016,0,0,0,0,0,0,0.00202565833896016,0.00202565833896016,0.00202565833896016,0.00202565833896016,"nonsyn","nonsyn","nonsyn",1.77e-05,1.76e-06,1.7e-06,1.7e-06,"0.00873790000000001","1","1","1","Y","Y","C","S","F",1,1,0,0,0,0,0
"5010",5273,2977,2977,"c","c","t","t",0.000671817265703729,0.000671817265703729,0,0,0,0,0,0,0.000671817265703729,0.000671817265703729,0.000671817265703729,0.000671817265703729,"syn","stop","stop",4.58e-06,8.37e-07,4.33e-07,4.33e-07,"0.00681733","1","1","1","Y","Y","Y","*","*",0,1,1,0,0,0,0
"5011",5274,2949,2949,"a","a","g","g",0.00440827399118345,0.00440827399118345,0.00101729399796541,0.00101729399796541,0,0.00101729399796541,0,0.00101729399796541,0.00542556798914886,0.00542556798914886,0.00542556798914886,0.00542556798914886,"nonsyn","nonsyn","nonsyn",1.77e-05,1.76e-06,1.7e-06,1.7e-06,"0.00401517692307692","0.0016711","1","0.0016711","I","I","V","L","F",0,0,0,1,0,0,0
"5012",5275,2942,2942,"t","t","c","c",0.00509857239972808,0.00509857239972808,0.000679809653297077,0.000679809653297077,0.000679809653297077,0,0.000679809653297077,0,0.00577838205302515,0.00577838205302515,0.00577838205302515,0.00577838205302515,"nonsyn","nonsyn","nonsyn",1.7e-05,1.07e-06,1.21e-06,1.21e-06,"0.00333426666666666","0.00177991","0.00157397","1","I","I","T","N","S",1,1,1,0,0,0,0
"5013",5276,2931,2931,"c","c","t","t",0.00102354145342886,0.00102354145342886,0,0,0,0,0,0,0.00102354145342886,0.00102354145342886,0.00102354145342886,0.00102354145342886,"syn","syn","nonsyn",4.58e-06,8.37e-07,4.33e-07,4.33e-07,"0.00447466000000002","1","1","1","I","I","I","I","M",0,0,0,0,0,0,0
"5014",5277,2883,2883,"a","a","g","g",0.0055497745404093,0.0055497745404093,0.00173430454387791,0.00173430454387791,0.000693721817551162,0.00104058272632674,0.000693721817551162,0.00104058272632674,0.0072840790842872,0.0072840790842872,0.0072840790842872,0.0072840790842872,"nonsyn","nonsyn","nonsyn",1.77e-05,1.76e-06,1.7e-06,1.7e-06,"0.00318931875","0.000980219999999997","0.00253704","0.0016337","M","M","V","L","L",0,0,0,1,0,0,0
"5015",5278,2884,2884,"t","t","c","c",0.00693481276005548,0.00693481276005548,0.00242718446601942,0.00242718446601942,0.00208044382801664,0.000346740638002774,0.00208044382801664,0.000346740638002774,0.0093619972260749,0.0093619972260749,0.0093619972260749,0.0093619972260749,"nonsyn","nonsyn","nonsyn",1.7e-05,1.07e-06,1.21e-06,1.21e-06,"0.0024514","0.00049852","0.000514313333333334","0.00348964","M","M","T","K","R",1,1,1,1,0,0,0
"5016",5279,2868,2868,"g","g","a","a",0.00244072524407252,0.00244072524407252,0.000348675034867503,0.000348675034867503,0,0.000348675034867503,0,0.000348675034867503,0.00278940027894003,0.00278940027894003,0.00278940027894003,0.00278940027894003,"nonsyn","nonsyn","nonsyn",4.2e-06,5.36e-07,1.17e-06,1.17e-06,"0.0017208","0.00335556","1","0.00335556","M","M","I","I","I",0,0,0,0,0,0,0
"5017",5280,2858,2858,"a","a","g","g",0.00524842547235829,0.00524842547235829,0.000349895031490553,0.000349895031490553,0,0.000349895031490553,0,0.000349895031490553,0.00559832050384884,0.00559832050384884,0.00559832050384884,0.00559832050384884,"nonsyn","nonsyn","nonsyn",1.77e-05,1.76e-06,1.7e-06,1.7e-06,"0.00337244","0.0048586","1","0.0048586","T","T","A","P","S",1,1,0,0,0,0,0
"5018",5281,2835,2835,"c","c","t","t",0.000352733686067019,0.000352733686067019,0.000352733686067019,0.000352733686067019,0.000352733686067019,0,0.000352733686067019,0,0.000705467372134039,0.000705467372134039,0.000705467372134039,0.000705467372134039,"nonsyn","nonsyn","nonsyn",4.58e-06,8.37e-07,4.33e-07,4.33e-07,"0.0129843","0.001227555","0.002372895","1","T","T","I","K","R",1,1,1,0,0,0,0
"5019",5282,2823,2824,"a","a","g","g",0.00602196245129295,0.00602196245129295,0.00106269925611052,0.00106269925611052,0.000708466170740347,0.000354233085370174,0.000708466170740347,0.000354233085370174,0.00708466170740347,0.00708466170740347,0.00708215297450425,0.00708215297450425,"syn","syn","syn",1.77e-05,1.76e-06,1.7e-06,1.7e-06,"0.00293924117647059","0.0015997","0.00248424","0.00479909999999999","T","T","T","T","T",0,0,0,1,0,0,0
"5020",5283,2813,2813,"t","t","c","c",0.00568787771062922,0.00568787771062922,0.00462140063988624,0.00462140063988624,0.00462140063988624,0,0.00462140063988624,0,0.0103092783505155,0.0103092783505155,0.0103092783505155,0.0103092783505155,"nonsyn","nonsyn","nonsyn",1.7e-05,1.07e-06,1.21e-06,1.21e-06,"0.0029888125","0.000261825384615385","0.000231531538461539","1","C","C","R","S","G",1,1,0,1,0,0,0
"5021",5284,2808,2808,"g","g","a","a",0.00178062678062678,0.00178062678062678,0,0,0,0,0,0,0.00178062678062678,0.00178062678062678,0.00178062678062678,0.00178062678062678,"nonsyn","nonsyn","nonsyn",4.2e-06,5.36e-07,1.17e-06,1.17e-06,"0.00235872","1","1","1","C","C","Y","S","F",1,1,1,0,0,0,0
"5022",5285,2780,2780,"c","c","t","t",0.00179856115107914,0.00179856115107914,0.000359712230215827,0.000359712230215827,0.000359712230215827,0,0.000359712230215827,0,0.00215827338129496,0.00215827338129496,0.00215827338129496,0.00215827338129496,"syn","stop","nonsyn",4.58e-06,8.37e-07,4.33e-07,4.33e-07,"0.00254648","0.00120374","0.00232686","1","C","C","C","*","W",0,1,1,0,0,0,0
"5023",5286,2724,2724,"a","a","g","g",0.00513950073421439,0.00513950073421439,0.000367107195301028,0.000367107195301028,0,0.000367107195301028,0,0.000367107195301028,0.00550660792951542,0.00550660792951542,0.00550660792951542,0.00550660792951542,"nonsyn","nonsyn","nonsyn",1.77e-05,1.76e-06,1.7e-06,1.7e-06,"0.00344391428571429","0.0046308","1","0.0046308","M","M","V","L","L",0,0,0,1,0,0,0
"5024",5287,2705,2705,"t","t","c","c",0.0033271719038817,0.0033271719038817,0.00147874306839187,0.00147874306839187,0.000739371534195933,0.000739371534195933,0.000739371534195933,0.000739371534195933,0.00480591497227357,0.00480591497227357,0.00480591497227357,0.00480591497227357,"nonsyn","nonsyn","nonsyn",1.7e-05,1.07e-06,1.21e-06,1.21e-06,"0.00510944444444445","0.000818262499999998","0.001447175","0.001636525","M","M","T","K","R",1,1,1,1,0,0,0
"5025",5288,2671,2671,"g","g","a","a",0.00149756645451142,0.00149756645451142,0.000374391613627855,0.000374391613627855,0,0.000374391613627855,0,0.000374391613627855,0.00187195806813927,0.00187195806813927,0.00187195806813927,0.00187195806813927,"nonsyn","nonsyn","nonsyn",4.2e-06,5.36e-07,1.17e-06,1.17e-06,"0.00280455","0.00312507","1","0.00312507","M","M","I","I","I",0,0,0,0,0,0,0
"5026",5289,2659,2659,"t","t","c","c",0.00300864986837157,0.00300864986837157,0.000376081233546446,0.000376081233546446,0,0.000376081233546446,0,0.000376081233546446,0.00338473110191801,0.00338473110191801,0.00338473110191801,0.00338473110191801,"nonsyn","nonsyn","nonsyn",1.7e-05,1.07e-06,1.21e-06,1.21e-06,"0.005650375","0.00321739","1","0.00321739","S","S","P","T","A",1,0,1,0,0,0,0
"5027",5290,2663,2663,"c","c","t","t",0.002628614344724,0.002628614344724,0.000375516334960571,0.000375516334960571,0.000375516334960571,0,0.000375516334960571,0,0.00300413067968457,0.00300413067968457,0.00300413067968457,0.00300413067968457,"nonsyn","stop","nonsyn",4.58e-06,8.37e-07,4.33e-07,4.33e-07,"0.00174236285714285","0.001153079","0.002228931","1","S","S","L","*","W",1,1,1,0,0,0,0
"5028",5291,2517,2517,"g","g","a","a",0.00516487882399682,0.00516487882399682,0.00119189511323004,0.00119189511323004,0,0.00119189511323004,0,0.00119189511323004,0.00635677393722686,0.00635677393722686,0.00635677393722686,0.00635677393722686,"syn","syn","syn",4.2e-06,5.36e-07,1.17e-06,1.17e-06,"0.000813184615384616","0.000981629999999997","1","0.000981629999999997","S","S","S","S","S",0,0,0,0,1,1,0
"5029",5292,2479,2479,"g","g","a","a",0.0036304961678096,0.0036304961678096,0.000806776926179911,0.000806776926179911,0,0.000806776926179911,0,0.000806776926179911,0.00443727309398951,0.00443727309398951,0.00443727309398951,0.00443727309398951,"nonsyn","nonsyn","nonsyn",4.2e-06,5.36e-07,1.17e-06,1.17e-06,"0.00115686666666667","0.001450215","1","0.001450215","A","A","T","P","S",1,1,1,0,0,0,0
"5030",5293,2493,2493,"c","c","t","t",0.00120336943441637,0.00120336943441637,0.000401123144805455,0.000401123144805455,0.000401123144805455,0,0.000401123144805455,0,0.00160449257922182,0.00160449257922182,0.00160449257922182,0.00160449257922182,"nonsyn","nonsyn","nonsyn",4.58e-06,8.37e-07,4.33e-07,4.33e-07,"0.00380597999999999","0.001079469","0.002086641","1","A","A","V","D","G",0,1,1,0,0,0,0
"5031",5294,2501,2501,"c","c","t","t",0.00199920031987205,0.00199920031987205,0.00159936025589764,0.00159936025589764,0.00119952019192323,0.00039984006397441,0.00119952019192323,0.00039984006397441,0.00359856057576969,0.00359856057576969,0.00359856057576969,0.00359856057576969,"syn","syn","syn",4.58e-06,8.37e-07,4.33e-07,4.33e-07,"0.002290916","0.00027073325","0.000697779","0.001082933","A","A","A","A","A",0,0,0,0,1,0,1
"5032",5295,2503,2503,"g","g","a","a",0.000799041150619257,0.000799041150619257,0.000799041150619257,0.000799041150619257,0,0.000799041150619257,0,0.000799041150619257,0.00159808230123851,0.00159808230123851,0.00159808230123851,0.00159808230123851,"nonsyn","nonsyn","nonsyn",4.2e-06,5.36e-07,1.17e-06,1.17e-06,"0.0052563","0.001464255","1","0.001464255","D","D","N","H","Y",1,1,1,0,0,0,0
"5033",5296,2483,2483,"a","a","g","g",0.00161095449053564,0.00161095449053564,0.000402738622633911,0.000402738622633911,0,0.000402738622633911,0,0.000402738622633911,0.00201369311316955,0.00201369311316955,0.00201369311316955,0.00201369311316955,"nonsyn","nonsyn","nonsyn",1.77e-05,1.76e-06,1.7e-06,1.7e-06,"0.010987275","0.0042211","1","0.0042211","D","D","G","A","V",1,1,1,0,0,0,0
"5034",5297,2517,2518,"c","c","t","t",0.000397298371076679,0.000397298371076679,0.000397298371076679,0.000397298371076679,0.000397298371076679,0,0.000397298371076679,0,0.000794596742153357,0.000794596742153357,0.00079428117553614,0.00079428117553614,"syn","nonsyn","nonsyn",4.58e-06,8.37e-07,4.33e-07,4.33e-07,"0.01152786","0.001089861","0.002106729","1","D","D","D","E","E",0,0,0,0,0,0,0
"5035",5298,2526,2526,"c","c","t","t",0.00118764845605701,0.00118764845605701,0.000395882818685669,0.000395882818685669,0.000395882818685669,0,0.000395882818685669,0,0.00158353127474268,0.00158353127474268,0.00158353127474268,0.00158353127474268,"syn","nonsyn","nonsyn",4.58e-06,8.37e-07,4.33e-07,4.33e-07,"0.00385635999999999","0.001093758","0.002114262","1","L","L","L","M","V",0,0,0,0,1,0,1
"5036",5299,2491,2491,"t","t","c","c",0.00321156162183862,0.00321156162183862,0.00160578081091931,0.00160578081091931,0.00120433560818948,0.000401445202729827,0.00120433560818948,0.000401445202729827,0.00481734243275793,0.00481734243275793,0.00481734243275793,0.00481734243275793,"nonsyn","nonsyn","nonsyn",1.7e-05,1.07e-06,1.21e-06,1.21e-06,"0.005293375","0.0007535275","0.000888456666666668","0.00301411","L","L","P","Q","R",1,1,1,1,1,0,1
"5037",5300,2431,2431,"g","g","a","a",0.00246812011517894,0.00246812011517894,0,0,0,0,0,0,0.00246812011517894,0.00246812011517894,0.00246812011517894,0.00246812011517894,"syn","syn","syn",4.2e-06,5.36e-07,1.17e-06,1.17e-06,"0.0017017","1","1","1","L","L","L","L","L",0,0,0,0,1,1,0
"5038",5301,2441,2441,"g","g","a","a",0.002867677181483,0.002867677181483,0,0,0,0,0,0,0.002867677181483,0.002867677181483,0.002867677181483,0.002867677181483,"nonsyn","nonsyn","stop",4.2e-06,5.36e-07,1.17e-06,1.17e-06,"0.0014646","1","1","1","E","E","K","Q","*",1,1,1,0,0,0,0
"5039",5302,2398,2398,"a","a","g","g",0.00583819849874896,0.00583819849874896,0.000834028356964137,0.000834028356964137,0,0.000834028356964137,0,0.000834028356964137,0.00667222685571309,0.00667222685571309,0.00667222685571309,0.00667222685571309,"nonsyn","nonsyn","nonsyn",1.77e-05,1.76e-06,1.7e-06,1.7e-06,"0.00303175714285714","0.0020383","1","0.0020383","E","E","G","A","V",1,1,1,0,1,1,0
"5040",5303,2382,2382,"g","g","a","a",0.00167926112510495,0.00167926112510495,0.000839630562552477,0.000839630562552477,0.000419815281276238,0.000419815281276238,0.000419815281276238,0.000419815281276238,0.00251889168765743,0.00251889168765743,0.00251889168765743,0.00251889168765743,"syn","nonsyn","nonsyn",4.2e-06,5.36e-07,1.17e-06,1.17e-06,"0.00250110000000001","0.00139347","0.001276752","0.00278694","E","E","E","D","D",0,0,0,0,1,1,0
"5041",5304,2362,2362,"g","g","a","a",0.00169348010160881,0.00169348010160881,0,0,0,0,0,0,0.00169348010160881,0.00169348010160881,0.00169348010160881,0.00169348010160881,"nonsyn","nonsyn","nonsyn",4.2e-06,5.36e-07,1.17e-06,1.17e-06,"0.00248009999999999","1","1","1","V","V","I","L","F",0,0,0,0,0,0,0
"5042",5305,2349,2349,"t","t","c","c",0.00553426990208599,0.00553426990208599,0.000851426138782461,0.000851426138782461,0.00042571306939123,0.00042571306939123,0.00042571306939123,0.00042571306939123,0.00638569604086846,0.00638569604086846,0.00638569604086846,0.00638569604086846,"nonsyn","nonsyn","nonsyn",1.7e-05,1.07e-06,1.21e-06,1.21e-06,"0.00307176923076923","0.001421145","0.00251343","0.00284229","V","V","A","D","G",0,1,1,0,0,0,0
"5043",5306,2358,2358,"c","c","t","t",0.000848176420695505,0.000848176420695505,0.000424088210347752,0.000424088210347752,0.000424088210347752,0,0.000424088210347752,0,0.00127226463104326,0.00127226463104326,0.00127226463104326,0.00127226463104326,"syn","syn","syn",4.58e-06,8.37e-07,4.33e-07,4.33e-07,"0.00539982","0.001021014","0.001973646","1","V","V","V","V","V",0,0,0,0,0,0,0
"5044",5307,2348,2348,"g","g","a","a",0.00340715502555366,0.00340715502555366,0,0,0,0,0,0,0.00340715502555366,0.00340715502555366,0.00340715502555366,0.00340715502555366,"nonsyn","nonsyn","nonsyn",4.2e-06,5.36e-07,1.17e-06,1.17e-06,"0.0012327","1","1","1","V","V","I","L","F",0,0,0,0,0,0,0
"5045",5308,2364,2364,"t","t","c","c",0.00803722504230118,0.00803722504230118,0,0,0,0,0,0,0.00803722504230118,0.00803722504230118,0.00803722504230118,0.00803722504230118,"nonsyn","nonsyn","nonsyn",1.7e-05,1.07e-06,1.21e-06,1.21e-06,"0.00211515789473684","1","1","1","V","V","A","D","G",0,1,1,0,0,0,0
"5046",5309,2369,2369,"c","c","t","t",0,0,0.000422119037568594,0.000422119037568594,0,0.000422119037568594,0,0.000422119037568594,0.000422119037568594,0.000422119037568594,0.000422119037568594,0.000422119037568594,"syn","syn","syn",4.58e-06,8.37e-07,4.33e-07,4.33e-07,"1","0.001025777","1","0.001025777","V","V","V","V","V",0,0,0,0,0,0,0
"5047",5310,2415,2415,"a","a","g","g",0.0041407867494824,0.0041407867494824,0,0,0,0,0,0,0.0041407867494824,0.0041407867494824,0.0041407867494824,0.0041407867494824,"nonsyn","nonsyn","nonsyn",1.77e-05,1.76e-06,1.7e-06,1.7e-06,"0.00427455","1","1","1","T","T","A","P","S",1,1,0,1,0,0,0
"5048",5311,2430,2430,"c","c","t","t",0.000823045267489712,0.000823045267489712,0.000411522633744856,0.000411522633744856,0.000411522633744856,0,0.000411522633744856,0,0.00123456790123457,0.00123456790123457,0.00123456790123457,0.00123456790123457,"nonsyn","nonsyn","nonsyn",4.58e-06,8.37e-07,4.33e-07,4.33e-07,"0.0055647","0.00105219","0.00203391","1","T","T","M","K","R",1,1,1,0,0,0,0
"5049",5312,2429,2429,"g","g","a","a",0.00411692054343351,0.00411692054343351,0.000411692054343351,0.000411692054343351,0,0.000411692054343351,0,0.000411692054343351,0.00452861259777686,0.00452861259777686,0.00452861259777686,0.00452861259777686,"syn","syn","syn",4.2e-06,5.36e-07,1.17e-06,1.17e-06,"0.00102018","0.00284193","1","0.00284193","T","T","T","T","T",0,0,0,0,0,0,0
"5050",5313,2429,2429,"a","a","g","g",0.00864553314121038,0.00864553314121038,0.000411692054343351,0.000411692054343351,0,0.000411692054343351,0,0.000411692054343351,0.00905722519555373,0.00905722519555373,0.00905722519555373,0.00905722519555373,"nonsyn","nonsyn","nonsyn",1.77e-05,1.76e-06,1.7e-06,1.7e-06,"0.0020473","0.0041293","1","0.0041293","S","S","G","R","C",1,1,1,0,1,1,0
"5051",5314,2403,2404,"g","g","a","a",0.00249687890137328,0.00249687890137328,0.000416146483562214,0.000416146483562214,0,0.000416146483562214,0,0.000416146483562214,0.0029130253849355,0.0029130253849355,0.00291181364392679,0.00291181364392679,"nonsyn","nonsyn","nonsyn",4.2e-06,5.36e-07,1.17e-06,1.17e-06,"0.0016821","0.00281151","1","0.00281151","S","S","N","T","I",0,0,1,0,0,0,0
"5052",5315,2393,2393,"c","c","t","t",0.000835770998746344,0.000835770998746344,0,0,0,0,0,0,0.000835770998746344,0.000835770998746344,0.000835770998746344,0.000835770998746344,"syn","nonsyn","nonsyn",4.58e-06,8.37e-07,4.33e-07,4.33e-07,"0.00547997","1","1","1","S","S","S","R","R",0,1,1,0,0,0,0
"5053",5316,2367,2367,"a","a","g","g",0.0215462610899873,0.0215462610899873,0.00042247570764681,0.00042247570764681,0,0.00042247570764681,0,0.00042247570764681,0.0219687367976341,0.0219687367976341,0.0219687367976341,0.0219687367976341,"nonsyn","nonsyn","nonsyn",1.77e-05,1.76e-06,1.7e-06,1.7e-06,"0.000821488235294119","0.0040239","1","0.0040239","T","T","A","P","S",1,1,0,1,0,0,0
"5054",5317,2369,2369,"c","c","t","t",0.00253271422541157,0.00253271422541157,0.000422119037568594,0.000422119037568594,0.000422119037568594,0,0.000422119037568594,0,0.00295483326298016,0.00295483326298016,0.00295483326298016,0.00295483326298016,"nonsyn","nonsyn","nonsyn",4.58e-06,8.37e-07,4.33e-07,4.33e-07,"0.00180833666666666","0.001025777","0.001982853","1","T","T","I","N","S",1,0,0,0,0,0,0
"5055",5318,2379,2379,"c","c","t","t",0.00252206809583859,0.00252206809583859,0,0,0,0,0,0,0.00252206809583859,0.00252206809583859,0.00252206809583859,0.00252206809583859,"syn","syn","syn",4.58e-06,8.37e-07,4.33e-07,4.33e-07,"0.00181597","1","1","1","T","T","T","T","T",0,0,0,0,1,0,1
"5056",5319,2374,2374,"t","t","c","c",0.0197978096040438,0.0197978096040438,0.0037910699241786,0.0037910699241786,0.0033698399326032,0.0004212299915754,0.0033698399326032,0.0004212299915754,0.0235888795282224,0.0235888795282224,0.0235888795282224,0.0235888795282224,"nonsyn","nonsyn","nonsyn",1.7e-05,1.07e-06,1.21e-06,1.21e-06,"0.00085868085106383","0.000319171111111111","0.0003175225","0.00287254","W","W","R","R","G",1,1,1,1,1,0,1
"5057",5320,2377,2377,"g","g","a","a",0.0159865376525032,0.0159865376525032,0.000420698359276399,0.000420698359276399,0,0.000420698359276399,0,0.000420698359276399,0.0164072360117796,0.0164072360117796,0.0164072360117796,0.0164072360117796,"stop","nonsyn","nonsyn",4.2e-06,5.36e-07,1.17e-06,1.17e-06,"0.000262721052631578","0.00278109","1","0.00278109","W","W","*","S","L",1,1,0,0,1,1,0
"5058",5321,2364,2364,"g","g","a","a",0.00253807106598985,0.00253807106598985,0.000846023688663283,0.000846023688663283,0,0.000846023688663283,0,0.000846023688663283,0.00338409475465313,0.00338409475465313,0.00338409475465313,0.00338409475465313,"stop","nonsyn","nonsyn",4.2e-06,5.36e-07,1.17e-06,1.17e-06,"0.0016548","0.00138294","1","0.00138294","W","W","*","C","C",1,1,1,0,1,1,0
"5059",5322,2353,2353,"g","g","a","a",0.000849978750531237,0.000849978750531237,0,0,0,0,0,0,0.000849978750531237,0.000849978750531237,0.000849978750531237,0.000849978750531237,"nonsyn","nonsyn","nonsyn",4.2e-06,5.36e-07,1.17e-06,1.17e-06,"0.0049413","1","1","1","V","V","M","L","L",0,0,0,0,0,0,0
"5060",5323,2309,2309,"t","t","c","c",0.00259852750108272,0.00259852750108272,0,0,0,0,0,0,0.00259852750108272,0.00259852750108272,0.00259852750108272,0.00259852750108272,"nonsyn","nonsyn","nonsyn",1.7e-05,1.07e-06,1.21e-06,1.21e-06,"0.00654216666666667","1","1","1","V","V","A","E","G",0,1,1,1,0,0,0
"5061",5324,2307,2307,"g","g","a","a",0.00260078023407022,0.00260078023407022,0.000433463372345037,0.000433463372345037,0,0.000433463372345037,0,0.000433463372345037,0.00303424360641526,0.00303424360641526,0.00303424360641526,0.00303424360641526,"syn","syn","syn",4.2e-06,5.36e-07,1.17e-06,1.17e-06,"0.0016149","0.00269919","1","0.00269919","V","V","V","V","V",0,0,0,0,0,0,0
"5062",5325,2333,2333,"c","c","t","t",0.00214316330904415,0.00214316330904415,0.00042863266180883,0.00042863266180883,0.00042863266180883,0,0.00042863266180883,0,0.00257179597085298,0.00257179597085298,0.00257179597085298,0.00257179597085298,"nonsyn","nonsyn","nonsyn",4.58e-06,8.37e-07,4.33e-07,4.33e-07,"0.002137028","0.001010189","0.001952721","1","L","L","F","I","V",0,0,0,0,0,0,0
"5063",5326,2370,2370,"t","t","c","c",0.0126582278481013,0.0126582278481013,0.000843881856540084,0.000843881856540084,0.000843881856540084,0,0.000843881856540084,0,0.0135021097046414,0.0135021097046414,0.0135021097046414,0.0135021097046414,"nonsyn","nonsyn","nonsyn",1.7e-05,1.07e-06,1.21e-06,1.21e-06,"0.001343","0.00143385","0.00126795","1","L","L","P","H","R",1,1,1,0,1,0,1
"5064",5327,2377,2377,"c","c","t","t",0.00631047538914598,0.00631047538914598,0.000420698359276399,0.000420698359276399,0.000420698359276399,0,0.000420698359276399,0,0.00673117374842238,0.00673117374842238,0.00673117374842238,0.00673117374842238,"syn","syn","syn",4.58e-06,8.37e-07,4.33e-07,4.33e-07,"0.000725777333333334","0.001029241","0.001989549","1","L","L","L","L","L",0,0,0,0,0,0,0
"5065",5328,2377,2377,"g","g","a","a",0.00210349179638199,0.00210349179638199,0.000420698359276399,0.000420698359276399,0.000420698359276399,0,0.000420698359276399,0,0.00252419015565839,0.00252419015565839,0.00252419015565839,0.00252419015565839,"nonsyn","nonsyn","nonsyn",4.2e-06,5.36e-07,1.17e-06,1.17e-06,"0.00199668","0.00278109","0.001274072","1","V","V","I","L","F",0,0,0,0,0,0,0
"5066",5329,2375,2375,"t","t","c","c",0.00378947368421053,0.00378947368421053,0.000421052631578947,0.000421052631578947,0,0.000421052631578947,0,0.000421052631578947,0.00421052631578947,0.00421052631578947,0.00421052631578947,0.00421052631578947,"nonsyn","nonsyn","nonsyn",1.7e-05,1.07e-06,1.21e-06,1.21e-06,"0.00448611111111111","0.00287375","1","0.00287375","V","V","A","D","G",0,1,1,0,0,0,0
"5067",5330,2372,2372,"c","t","t","c",0.0649241146711636,0.932967959527825,0.0021079258010118,0.0021079258010118,0.00126475548060708,0.000843170320404722,0.00126475548060708,0.000843170320404722,0.0670320404721754,0.935075885328836,0.0670320404721754,0.935075885328836,"syn","syn","syn",1.7e-05,1.07e-06,1.21e-06,1.21e-06,"1.82214188883868e-05","0.000574024000000001","0.000846013333333335","0.00143506","V","V","V","V","V",0,0,0,1,0,0,0
"5068",5331,2374,2374,"g","g","a","a",0.0037910699241786,0.0037910699241786,0.0004212299915754,0.0004212299915754,0,0.0004212299915754,0,0.0004212299915754,0.004212299915754,0.004212299915754,0.004212299915754,0.004212299915754,"nonsyn","nonsyn","nonsyn",4.2e-06,5.36e-07,1.17e-06,1.17e-06,"0.00110786666666667","0.00277758","1","0.00277758","G","G","S","R","C",1,1,0,0,1,1,0
"5069",5332,2327,2327,"g","g","a","a",0.00257842715943275,0.00257842715943275,0.000429737859905458,0.000429737859905458,0,0.000429737859905458,0,0.000429737859905458,0.0030081650193382,0.0030081650193382,0.0030081650193382,0.0030081650193382,"nonsyn","nonsyn","nonsyn",4.2e-06,5.36e-07,1.17e-06,1.17e-06,"0.0016289","0.00272259","1","0.00272259","G","G","D","A","V",1,1,1,0,0,0,0
"5070",5333,2299,2300,"c","c","t","t",0.0039147455415398,0.0039147455415398,0.000869943453675511,0.000869943453675511,0.000434971726837756,0.000434971726837756,0.000434971726837756,0.000434971726837756,0.00478468899521531,0.00478468899521531,0.00478260869565217,0.00478260869565217,"syn","syn","syn",4.58e-06,8.37e-07,4.33e-07,4.33e-07,"0.00116993555555556","0.0004977335","0.001924263","0.000995466999999999","G","G","G","G","G",0,0,0,0,0,0,0
"5071",5334,2293,2293,"g","g","a","a",0.00523331879633668,0.00523331879633668,0.000872219799389446,0.000872219799389446,0.000436109899694723,0.000436109899694723,0.000436109899694723,0.000436109899694723,0.00610553859572612,0.00610553859572612,0.00610553859572612,0.00610553859572612,"nonsyn","nonsyn","nonsyn",4.2e-06,5.36e-07,1.17e-06,1.17e-06,"0.00080255","0.001341405","0.001229048","0.00268281","G","G","S","R","C",1,1,0,0,1,1,0
"5072",5335,2309,2309,"g","g","a","a",0.00476396708531832,0.00476396708531832,0.00043308791684712,0.00043308791684712,0.00043308791684712,0,0.00043308791684712,0,0.00519705500216544,0.00519705500216544,0.00519705500216544,0.00519705500216544,"nonsyn","nonsyn","nonsyn",4.2e-06,5.36e-07,1.17e-06,1.17e-06,"0.000881618181818182","0.00270153","0.001237624","1","G","G","D","A","V",1,1,1,0,0,0,0
"5073",5336,2318,2318,"c","c","t","t",0.00517687661777394,0.00517687661777394,0.00129421915444349,0.00129421915444349,0.000862812769628991,0.000431406384814495,0.000862812769628991,0.000431406384814495,0.00647109577221743,0.00647109577221743,0.00647109577221743,0.00647109577221743,"syn","syn","syn",4.58e-06,8.37e-07,4.33e-07,4.33e-07,"0.000884703333333334","0.000334564666666666","0.000970082999999999","0.001003694","G","G","G","G","G",0,0,0,0,0,0,0
"5074",5337,2344,2344,"g","g","a","a",0.00213310580204778,0.00213310580204778,0.000426621160409556,0.000426621160409556,0.000426621160409556,0,0.000426621160409556,0,0.00255972696245734,0.00255972696245734,0.00255972696245734,0.00255972696245734,"nonsyn","nonsyn","nonsyn",4.2e-06,5.36e-07,1.17e-06,1.17e-06,"0.00196896","0.00274248","0.001256384","1","V","V","I","L","F",0,0,0,0,0,0,0
"5075",5338,2346,2346,"t","t","c","c",0.0051150895140665,0.0051150895140665,0.000852514919011083,0.000852514919011083,0.000852514919011083,0,0.000852514919011083,0,0.00596760443307758,0.00596760443307758,0.00596760443307758,0.00596760443307758,"nonsyn","nonsyn","nonsyn",1.7e-05,1.07e-06,1.21e-06,1.21e-06,"0.0033235","0.00141933","0.00125511","1","V","V","A","D","G",0,1,1,0,0,0,0
"5076",5339,2257,2389,"c","c","t","t",0.000443066016836509,0.000443066016836509,0,0,0,0,0,0,0.000443066016836509,0.000443066016836509,0.000418585182084554,0.000418585182084554,"syn","syn","syn",4.58e-06,8.37e-07,4.33e-07,4.33e-07,"0.01033706","1","1","1","V","V","V","V","V",0,0,0,0,0,0,0
"5077",5340,2414,2414,"c","c","t","t",0.0555095277547639,0.0555095277547639,0.000414250207125104,0.000414250207125104,0.000414250207125104,0,0.000414250207125104,0,0.055923777961889,0.055923777961889,0.055923777961889,0.055923777961889,"syn","nonsyn","nonsyn",4.58e-06,8.37e-07,4.33e-07,4.33e-07,"8.25083582089552e-05","0.001045262","0.002020518","1","L","L","L","M","V",0,0,0,0,1,0,1
"5078",5341,2436,2436,"t","t","c","c",0.00492610837438424,0.00492610837438424,0.00123152709359606,0.00123152709359606,0.00123152709359606,0,0.00123152709359606,0,0.0061576354679803,0.0061576354679803,0.0061576354679803,0.0061576354679803,"nonsyn","nonsyn","nonsyn",1.7e-05,1.07e-06,1.21e-06,1.21e-06,"0.003451","0.000982519999999999","0.000868839999999999","1","L","L","P","Q","R",1,1,1,1,1,0,1
"5079",5342,2615,2615,"g","g","a","a",0.00152963671128107,0.00152963671128107,0.000764818355640535,0.000764818355640535,0.000382409177820268,0.000382409177820268,0.000382409177820268,0.000382409177820268,0.00229445506692161,0.00229445506692161,0.00229445506692161,0.00229445506692161,"syn","syn","syn",4.2e-06,5.36e-07,1.17e-06,1.17e-06,"0.00274575","0.001529775","0.00140164","0.00305955","L","L","L","L","L",0,0,0,0,1,1,0
"5080",5343,2633,2633,"g","g","a","a",0.00417774401823016,0.00417774401823016,0,0,0,0,0,0,0.00417774401823016,0.00417774401823016,0.00417774401823016,0.00417774401823016,"nonsyn","nonsyn","nonsyn",4.2e-06,5.36e-07,1.17e-06,1.17e-06,"0.00100532727272727","1","1","1","A","A","T","P","S",1,1,1,0,0,0,0
"5081",5344,2674,2674,"c","c","t","t",0.0018698578908003,0.0018698578908003,0.00037397157816006,0.00037397157816006,0.00037397157816006,0,0.00037397157816006,0,0.00224382946896036,0.00224382946896036,0.00224382946896036,0.00224382946896036,"nonsyn","nonsyn","nonsyn",4.58e-06,8.37e-07,4.33e-07,4.33e-07,"0.002449384","0.001157842","0.002238138","1","A","A","V","D","G",0,1,1,0,0,0,0
"5082",5345,2675,2675,"t","t","c","c",0.00186915887850467,0.00186915887850467,0.0220560747663551,0.0220560747663551,0.0220560747663551,0,0.0220560747663551,0,0.0239252336448598,0.0239252336448598,0.0239252336448598,0.0239252336448598,"syn","syn","syn",1.7e-05,1.07e-06,1.21e-06,1.21e-06,"0.00909500000000001","5.48601694915255e-05","4.85127118644069e-05","1","A","A","A","A","A",0,0,0,1,1,0,1
"5083",5346,2677,2677,"g","g","a","a",0.00112065745237206,0.00112065745237206,0.000373552484124019,0.000373552484124019,0.000373552484124019,0,0.000373552484124019,0,0.00149420993649608,0.00149420993649608,0.00149420993649608,0.00149420993649608,"nonsyn","nonsyn","nonsyn",4.2e-06,5.36e-07,1.17e-06,1.17e-06,"0.00374779999999999","0.00313209","0.001434872","1","A","A","T","P","S",1,1,1,0,0,0,0
"5084",5347,2692,2692,"c","c","t","t",0.000742942050520059,0.000742942050520059,0,0,0,0,0,0,0.000742942050520059,0.000742942050520059,0.000742942050520059,0.000742942050520059,"nonsyn","nonsyn","nonsyn",4.58e-06,8.37e-07,4.33e-07,4.33e-07,"0.00616468","1","1","1","A","A","V","D","G",0,1,1,0,0,0,0
"5085",5348,2757,2757,"t","t","c","c",0.00689154878491114,0.00689154878491114,0.00652883569096844,0.00652883569096844,0.00217627856365615,0.0043525571273123,0.00217627856365615,0.0043525571273123,0.0134203844758796,0.0134203844758796,0.0134203844758796,0.0134203844758796,"syn","syn","syn",1.7e-05,1.07e-06,1.21e-06,1.21e-06,"0.00246678947368421","0.000185331666666667","0.000491664999999999","0.0002779975","A","A","A","A","A",0,0,0,0,1,0,1
"5086",5349,2733,2733,"t","c","c","t",0.00256128796194658,0.997072813757775,0.000365898280278083,0.000365898280278083,0.000365898280278083,0,0.000365898280278083,0,0.00292718624222466,0.997438712038053,0.00292718624222466,0.997438712038053,"syn","nonsyn","nonsyn",4.58e-06,8.37e-07,4.33e-07,4.33e-07,"4.59344587155963e-06","0.001183389","0.002287521","1","L","L","L","M","V",0,0,0,0,0,0,0
"5087",5350,2740,2740,"t","t","c","c",0.00255474452554745,0.00255474452554745,0.00072992700729927,0.00072992700729927,0.000364963503649635,0.000364963503649635,0.000364963503649635,0.000364963503649635,0.00328467153284672,0.00328467153284672,0.00328467153284672,0.00328467153284672,"nonsyn","nonsyn","nonsyn",1.7e-05,1.07e-06,1.21e-06,1.21e-06,"0.0066542857142857","0.0016577","0.0029318","0.0033154","L","L","P","Q","R",1,1,1,1,1,0,1
"5088",5351,2766,2766,"g","g","a","a",0.000723065798987708,0.000723065798987708,0,0,0,0,0,0,0.000723065798987708,0.000723065798987708,0.000723065798987708,0.000723065798987708,"syn","syn","syn",4.2e-06,5.36e-07,1.17e-06,1.17e-06,"0.0058086","1","1","1","L","L","L","L","L",0,0,0,0,1,1,0
"5089",5352,2769,2769,"g","g","a","a",0.000722282412423258,0.000722282412423258,0.00108342361863489,0.00108342361863489,0,0.00108342361863489,0,0.00108342361863489,0.00180570603105814,0.00180570603105814,0.00180570603105814,0.00180570603105814,"nonsyn","nonsyn","nonsyn",4.2e-06,5.36e-07,1.17e-06,1.17e-06,"0.0058149","0.00107991","1","0.00107991","A","A","T","P","S",1,1,1,0,0,0,0
"5090",5353,2763,2763,"c","c","t","t",0.00361925443358668,0.00361925443358668,0.000723850886717336,0.000723850886717336,0.000361925443358668,0.000361925443358668,0.000361925443358668,0.000361925443358668,0.00434310532030402,0.00434310532030402,0.00434310532030402,0.00434310532030402,"nonsyn","nonsyn","nonsyn",4.58e-06,8.37e-07,4.33e-07,4.33e-07,"0.001265454","0.0005981895","0.002312631","0.001196379","A","A","V","D","G",0,1,1,0,0,0,0
"5091",5354,2766,2766,"c","c","t","t",0.00397686189443239,0.00397686189443239,0.000723065798987708,0.000723065798987708,0,0.000723065798987708,0,0.000723065798987708,0.0046999276934201,0.0046999276934201,0.0046999276934201,0.0046999276934201,"syn","syn","syn",4.58e-06,8.37e-07,4.33e-07,4.33e-07,"0.00115166181818182","0.000598839","1","0.000598839","A","A","A","A","A",0,0,0,0,1,0,1
"5092",5355,2778,2778,"g","g","a","a",0.00215982721382289,0.00215982721382289,0,0,0,0,0,0,0.00215982721382289,0.00215982721382289,0.00215982721382289,0.00215982721382289,"nonsyn","nonsyn","nonsyn",4.2e-06,5.36e-07,1.17e-06,1.17e-06,"0.0019446","1","1","1","A","A","T","P","S",1,1,1,0,0,0,0
"5093",5356,2780,2780,"c","c","t","t",0.00215827338129496,0.00215827338129496,0,0,0,0,0,0,0.00215827338129496,0.00215827338129496,0.00215827338129496,0.00215827338129496,"nonsyn","nonsyn","nonsyn",4.58e-06,8.37e-07,4.33e-07,4.33e-07,"0.00212206666666667","1","1","1","A","A","V","E","G",0,1,1,0,0,0,0
"5094",5357,2789,2789,"g","g","a","a",0.00358551452133381,0.00358551452133381,0,0,0,0,0,0,0.00358551452133381,0.00358551452133381,0.00358551452133381,0.00358551452133381,"syn","syn","syn",4.2e-06,5.36e-07,1.17e-06,1.17e-06,"0.00117138","1","1","1","A","A","A","A","A",0,0,0,0,0,0,0
"5095",5358,2796,2796,"t","t","c","c",0.0025035765379113,0.0025035765379113,0.000357653791130186,0.000357653791130186,0.000357653791130186,0,0.000357653791130186,0,0.00286123032904149,0.00286123032904149,0.00286123032904149,0.00286123032904149,"nonsyn","nonsyn","nonsyn",1.7e-05,1.07e-06,1.21e-06,1.21e-06,"0.00679028571428572","0.00338316","0.00299172","1","Y","Y","H","N","D",1,1,1,0,0,0,0
"5096",5359,2801,2801,"a","a","g","g",0.00178507675830061,0.00178507675830061,0,0,0,0,0,0,0.00178507675830061,0.00178507675830061,0.00178507675830061,0.00178507675830061,"nonsyn","nonsyn","nonsyn",1.77e-05,1.76e-06,1.7e-06,1.7e-06,"0.00991553999999998","1","1","1","Y","Y","C","S","F",1,1,0,0,0,0,0
"5097",5360,2799,2799,"c","t","t","c",0.00107181136120043,0.9989281886388,0,0,0,0,0,0,0.00107181136120043,0.9989281886388,0.00107181136120043,0.9989281886388,"syn","stop","stop",1.7e-05,1.07e-06,1.21e-06,1.21e-06,"1.70182403433476e-05","1","1","1","Y","Y","Y","*","*",0,1,1,0,0,0,0
"5098",5361,2812,2812,"t","t","c","c",0.00248933143669986,0.00248933143669986,0.00106685633001422,0.00106685633001422,0.000711237553342817,0.000355618776671408,0.000711237553342817,0.000355618776671408,0.00355618776671408,0.00355618776671408,0.00355618776671408,0.00355618776671408,"nonsyn","nonsyn","nonsyn",1.7e-05,1.07e-06,1.21e-06,1.21e-06,"0.00682914285714285","0.00113417333333334","0.00150442","0.00340252","C","C","R","S","G",1,1,0,1,0,0,0
"5099",5362,2921,2921,"g","g","a","a",0.00136939404313591,0.00136939404313591,0.000342348510783978,0.000342348510783978,0,0.000342348510783978,0,0.000342348510783978,0.00171174255391989,0.00171174255391989,0.00171174255391989,0.00171174255391989,"nonsyn","nonsyn","nonsyn",4.2e-06,5.36e-07,1.17e-06,1.17e-06,"0.00306705000000001","0.00341757","1","0.00341757","C","C","Y","S","F",1,1,1,0,0,0,0
"5100",5363,2929,2929,"c","c","t","t",0.0471150563332195,0.0471150563332195,0,0,0,0,0,0,0.0471150563332195,0.0471150563332195,0.0471150563332195,0.0471150563332195,"syn","stop","nonsyn",4.58e-06,8.37e-07,4.33e-07,4.33e-07,"9.72088405797102e-05","1","1","1","C","C","C","*","W",0,1,1,0,0,0,0
"5101",5364,2945,2945,"c","c","t","t",0.00169779286926995,0.00169779286926995,0.00033955857385399,0.00033955857385399,0,0.00033955857385399,0,0.00033955857385399,0.00203735144312394,0.00203735144312394,0.00203735144312394,0.00203735144312394,"syn","nonsyn","nonsyn",4.58e-06,8.37e-07,4.33e-07,4.33e-07,"0.00269762","0.001275185","1","0.001275185","L","L","L","M","V",0,0,0,0,1,0,1
"5102",5365,2996,2996,"t","t","c","c",0.00133511348464619,0.00133511348464619,0.00166889185580774,0.00166889185580774,0.00166889185580774,0,0.00166889185580774,0,0.00300400534045394,0.00300400534045394,0.00300400534045394,0.00300400534045394,"nonsyn","nonsyn","nonsyn",1.7e-05,1.07e-06,1.21e-06,1.21e-06,"0.012733","0.000725032000000002","0.000641144000000001","1","L","L","P","Q","R",1,1,1,1,1,0,1
"5103",5366,3005,3005,"g","g","a","a",0.000665557404326123,0.000665557404326123,0,0,0,0,0,0,0.000665557404326123,0.000665557404326123,0.000665557404326123,0.000665557404326123,"syn","syn","syn",4.2e-06,5.36e-07,1.17e-06,1.17e-06,"0.0063105","1","1","1","L","L","L","L","L",0,0,0,0,0,0,0
"5104",5367,3018,3018,"t","t","c","c",0.00795228628230616,0.00795228628230616,0.000662690523525514,0.000662690523525514,0.000662690523525514,0,0.000662690523525514,0,0.00861497680583168,0.00861497680583168,0.00861497680583168,0.00861497680583168,"nonsyn","nonsyn","nonsyn",1.7e-05,1.07e-06,1.21e-06,1.21e-06,"0.00213775","0.00182589","0.00161463","1","S","S","P","T","A",1,0,1,0,0,0,0
"5105",5368,3050,3050,"c","c","t","t",0.000327868852459016,0.000327868852459016,0.000655737704918033,0.000655737704918033,0.000327868852459016,0.000327868852459016,0.000327868852459016,0.000327868852459016,0.000983606557377049,0.000983606557377049,0.000983606557377049,0.000983606557377049,"nonsyn","stop","stop",4.58e-06,8.37e-07,4.33e-07,4.33e-07,"0.013969","0.000660325","0.00255285","0.00132065","S","S","L","*","*",1,1,1,0,0,0,0
"5106",5369,3065,3065,"a","a","g","g",0.00261011419249592,0.00261011419249592,0.000978792822185971,0.000978792822185971,0,0.000978792822185971,0,0.000978792822185971,0.00358890701468189,0.00358890701468189,0.00358890701468189,0.00358890701468189,"syn","syn","syn",1.77e-05,1.76e-06,1.7e-06,1.7e-06,"0.0067813125","0.00173683333333333","1","0.00173683333333333","S","S","S","S","S",0,0,0,1,0,0,0
"5107",5370,3069,3069,"a","a","g","g",0.00423590746171391,0.00423590746171391,0.00065167807103291,0.00065167807103291,0.00065167807103291,0,0.00065167807103291,0,0.00488758553274682,0.00488758553274682,0.00488758553274682,0.00488758553274682,"nonsyn","nonsyn","nonsyn",1.77e-05,1.76e-06,1.7e-06,1.7e-06,"0.00417856153846154","0.00260865","0.00270072","1","T","T","A","P","S",1,1,0,0,0,0,0
"5108",5371,3107,3107,"c","c","t","t",0.00160926939169617,0.00160926939169617,0,0,0,0,0,0,0.00160926939169617,0.00160926939169617,0.00160926939169617,0.00160926939169617,"nonsyn","nonsyn","nonsyn",4.58e-06,8.37e-07,4.33e-07,4.33e-07,"0.002846012","1","1","1","T","T","I","K","R",1,1,1,0,0,0,0
"5109",5372,3119,3119,"a","a","g","g",0.0894517473549215,0.0894517473549215,0.00545046489259378,0.00545046489259378,0,0.00545046489259378,0,0.00545046489259378,0.0949022122475152,0.0949022122475152,0.0949022122475152,0.0949022122475152,"syn","syn","syn",1.77e-05,1.76e-06,1.7e-06,1.7e-06,"0.000197872043010753","0.0003119","1","0.0003119","T","T","T","T","T",0,0,0,1,1,1,0
"5110",5373,3107,3107,"g","g","a","a",0.000965561635017702,0.000965561635017702,0.000321853878339234,0.000321853878339234,0,0.000321853878339234,0,0.000321853878339234,0.00128741551335694,0.00128741551335694,0.00128741551335694,0.00128741551335694,"nonsyn","nonsyn","nonsyn",4.2e-06,5.36e-07,1.17e-06,1.17e-06,"0.0043498","0.00363519","1","0.00363519","G","G","S","R","C",1,1,0,0,1,1,0
"5111",5374,3100,3100,"g","g","a","a",0.00161290322580645,0.00161290322580645,0.000967741935483871,0.000967741935483871,0.00032258064516129,0.000645161290322581,0.00032258064516129,0.000645161290322581,0.00258064516129032,0.00258064516129032,0.00258064516129032,0.00258064516129032,"nonsyn","nonsyn","nonsyn",4.2e-06,5.36e-07,1.17e-06,1.17e-06,"0.002604","0.001209","0.0016616","0.0018135","G","G","D","A","V",1,1,1,0,0,0,0
"5112",5375,3095,3095,"c","c","t","t",0.00161550888529887,0.00161550888529887,0.000323101777059774,0.000323101777059774,0.000323101777059774,0,0.000323101777059774,0,0.00193861066235864,0.00193861066235864,0.00193861066235864,0.00193861066235864,"syn","syn","syn",4.58e-06,8.37e-07,4.33e-07,4.33e-07,"0.00283502","0.001340135","0.002590515","1","G","G","G","G","G",0,0,0,0,0,0,0
"5113",5376,3191,3191,"t","t","c","c",0.0028204324663115,0.0028204324663115,0.0028204324663115,0.0028204324663115,0.00219366969602006,0.000626762770291445,0.00219366969602006,0.000626762770291445,0.005640864932623,0.005640864932623,0.005640864932623,0.005640864932623,"nonsyn","nonsyn","nonsyn",1.7e-05,1.07e-06,1.21e-06,1.21e-06,"0.00602744444444445","0.000429012222222222","0.000487767142857142","0.001930555","C","C","R","S","G",1,1,0,1,1,0,1
"5114",5377,3179,3179,"g","g","a","a",0.00220195029883611,0.00220195029883611,0.000314564328405159,0.000314564328405159,0,0.000314564328405159,0,0.000314564328405159,0.00251651462724127,0.00251651462724127,0.00251651462724127,0.00251651462724127,"nonsyn","nonsyn","nonsyn",4.2e-06,5.36e-07,1.17e-06,1.17e-06,"0.0019074","0.00371943","1","0.00371943","C","C","Y","S","F",1,1,1,0,0,0,0
"5115",5378,3183,3183,"c","c","t","t",0.00219918316054037,0.00219918316054037,0,0,0,0,0,0,0.00219918316054037,0.00219918316054037,0.00219918316054037,0.00219918316054037,"syn","stop","nonsyn",4.58e-06,8.37e-07,4.33e-07,4.33e-07,"0.00208259142857143","1","1","1","C","C","C","*","W",0,1,1,0,0,0,0
"5116",5379,3195,3195,"g","g","a","a",0.00250391236306729,0.00250391236306729,0,0,0,0,0,0,0.00250391236306729,0.00250391236306729,0.00250391236306729,0.00250391236306729,"nonsyn","nonsyn","nonsyn",4.2e-06,5.36e-07,1.17e-06,1.17e-06,"0.001677375","1","1","1","V","V","M","L","L",0,0,0,0,0,0,0
"5117",5380,3191,3191,"t","t","c","c",0.00156690692572861,0.00156690692572861,0.000313381385145722,0.000313381385145722,0.000313381385145722,0,0.000313381385145722,0,0.00188028831087433,0.00188028831087433,0.00188028831087433,0.00188028831087433,"nonsyn","nonsyn","nonsyn",1.7e-05,1.07e-06,1.21e-06,1.21e-06,"0.0108494","0.00386111","0.00341437","1","V","V","A","E","G",0,1,1,1,0,0,0
"5118",5381,3210,3210,"g","g","a","a",0.000623052959501558,0.000623052959501558,0.000623052959501558,0.000623052959501558,0,0.000623052959501558,0,0.000623052959501558,0.00124610591900312,0.00124610591900312,0.00124610591900312,0.00124610591900312,"syn","syn","syn",4.2e-06,5.36e-07,1.17e-06,1.17e-06,"0.006741","0.00187785","1","0.00187785","V","V","V","V","V",0,0,0,0,1,1,0
"5119",5382,3211,3211,"g","g","a","a",0.00124571784490813,0.00124571784490813,0,0,0,0,0,0,0.00124571784490813,0.00124571784490813,0.00124571784490813,0.00124571784490813,"nonsyn","nonsyn","nonsyn",4.2e-06,5.36e-07,1.17e-06,1.17e-06,"0.00337155","1","1","1","V","V","I","L","F",0,0,0,0,0,0,0
"5120",5383,3200,3200,"t","t","c","c",0.00375,0.00375,0.0003125,0.0003125,0,0.0003125,0,0.0003125,0.0040625,0.0040625,0.0040625,0.0040625,"nonsyn","nonsyn","nonsyn",1.7e-05,1.07e-06,1.21e-06,1.21e-06,"0.00453333333333333","0.003872","1","0.003872","V","V","A","D","G",0,1,1,0,0,0,0
"5121",5384,3207,3207,"t","c","c","t",0.00062363579669473,0.999064546304958,0.000311817898347365,0.000311817898347365,0,0.000311817898347365,0,0.000311817898347365,0.000935453695042095,0.999376364203305,0.000935453695042095,0.999376364203305,"syn","syn","syn",4.58e-06,8.37e-07,4.33e-07,4.33e-07,"4.58428838951311e-06","0.001388631","1","0.001388631","V","V","V","V","V",0,0,0,0,0,0,0
"5122",5385,3323,3323,"a","a","g","g",0.00240746313572073,0.00240746313572073,0.000300932891965092,0.000300932891965092,0.000300932891965092,0,0.000300932891965092,0,0.00270839602768583,0.00270839602768583,0.00270839602768583,0.00270839602768583,"nonsyn","nonsyn","nonsyn",1.77e-05,1.76e-06,1.7e-06,1.7e-06,"0.00735213750000001","0.0056491","0.00584848","1","I","I","V","L","L",0,0,0,1,0,0,0
"5123",5386,3351,3351,"t","t","c","c",0.00119367353028947,0.00119367353028947,0.000596836765144733,0.000596836765144733,0.000596836765144733,0,0.000596836765144733,0,0.0017905102954342,0.0017905102954342,0.0017905102954342,0.0017905102954342,"nonsyn","nonsyn","nonsyn",1.7e-05,1.07e-06,1.21e-06,1.21e-06,"0.01424175","0.002027355","0.001792785","1","I","I","T","K","R",1,1,1,0,0,0,0
"5124",5387,3468,3468,"a","a","g","g",0.00201845444059977,0.00201845444059977,0.00115340253748558,0.00115340253748558,0.000288350634371396,0.000865051903114187,0.000288350634371396,0.000865051903114187,0.00317185697808535,0.00317185697808535,0.00317185697808535,0.00317185697808535,"nonsyn","syn","syn",1.77e-05,1.76e-06,1.7e-06,1.7e-06,"0.00876908571428571","0.0014739","0.00610367999999999","0.0019652","I","I","M","I","I",0,0,0,0,1,1,0
"5125",5388,3472,3472,"g","g","a","a",0.000288018433179724,0.000288018433179724,0.000288018433179724,0.000288018433179724,0,0.000288018433179724,0,0.000288018433179724,0.000576036866359447,0.000576036866359447,0.000576036866359447,0.000576036866359447,"nonsyn","nonsyn","nonsyn",4.2e-06,5.36e-07,1.17e-06,1.17e-06,"0.0145824","0.00406223999999999","1","0.00406223999999999","V","V","M","L","L",0,0,0,0,0,0,0
"5126",5389,3448,3448,"t","t","c","c",0.00261020881670534,0.00261020881670534,0.000290023201856148,0.000290023201856148,0,0.000290023201856148,0,0.000290023201856148,0.00290023201856148,0.00290023201856148,0.00290023201856148,0.00290023201856148,"nonsyn","nonsyn","nonsyn",1.7e-05,1.07e-06,1.21e-06,1.21e-06,"0.00651288888888888","0.00417208000000001","1","0.00417208000000001","V","V","A","E","G",0,1,1,1,0,0,0
"5127",5390,3499,3499,"a","g","g","a",0.00171477565018577,0.997713632466419,0.000571591883395256,0.000571591883395256,0,0.000571591883395256,0,0.000571591883395256,0.00228636753358102,0.998285224349814,0.00228636753358102,0.998285224349814,"syn","syn","syn",4.2e-06,5.36e-07,1.17e-06,1.17e-06,"4.20962474935549e-06","0.002046915","1","0.002046915","V","V","V","V","V",0,0,0,0,1,1,0
"5128",5391,3514,3516,"g","g","a","a",0.00256118383608423,0.00256118383608423,0,0,0,0,0,0,0.00256118383608423,0.00256118383608423,0.00255972696245734,0.00255972696245734,"nonsyn","nonsyn","nonsyn",4.2e-06,5.36e-07,1.17e-06,1.17e-06,"0.00163986666666667","1","1","1","G","G","S","R","C",1,1,0,0,1,1,0
"5129",5392,3511,3511,"g","g","a","a",0.00170891483907719,0.00170891483907719,0,0,0,0,0,0,0.00170891483907719,0.00170891483907719,0.00170891483907719,0.00170891483907719,"nonsyn","nonsyn","nonsyn",4.2e-06,5.36e-07,1.17e-06,1.17e-06,"0.00245769999999999","1","1","1","G","G","D","A","V",1,1,1,0,0,0,0
"5130",5393,3515,3515,"c","c","t","t",0.00113798008534851,0.00113798008534851,0.000284495021337127,0.000284495021337127,0.000284495021337127,0,0.000284495021337127,0,0.00142247510668563,0.00142247510668563,0.00142247510668563,0.00142247510668563,"syn","syn","syn",4.58e-06,8.37e-07,4.33e-07,4.33e-07,"0.00402467499999999","0.001521995","0.002942055","1","G","G","G","G","G",0,0,0,0,0,0,0
"5131",5394,3500,3500,"a","a","g","g",0.00314285714285714,0.00314285714285714,0.000571428571428571,0.000571428571428571,0,0.000571428571428571,0,0.000571428571428571,0.00371428571428571,0.00371428571428571,0.00371428571428571,0.00371428571428571,"nonsyn","syn","nonsyn",1.77e-05,1.76e-06,1.7e-06,1.7e-06,"0.00563181818181819","0.002975","1","0.002975","R","R","G","R","W",1,0,1,1,1,1,0
"5132",5395,3502,3502,"g","g","a","a",0,0,0.000571102227298686,0.000571102227298686,0.000285551113649343,0.000285551113649343,0.000285551113649343,0.000285551113649343,0.000571102227298686,0.000571102227298686,0.000571102227298686,0.000571102227298686,"nonsyn","nonsyn","nonsyn",4.2e-06,5.36e-07,1.17e-06,1.17e-06,"1","0.00204867","0.001877072","0.00409734","R","R","K","T","M",0,1,1,0,1,1,0
"5133",5396,3490,3490,"g","g","a","a",0.00143266475644699,0.00143266475644699,0.000859598853868195,0.000859598853868195,0,0.000859598853868195,0,0.000859598853868195,0.00229226361031519,0.00229226361031519,0.00229226361031519,0.00229226361031519,"syn","nonsyn","nonsyn",4.2e-06,5.36e-07,1.17e-06,1.17e-06,"0.0029316","0.0013611","1","0.0013611","R","R","R","S","S",0,1,1,0,0,0,0
"5134",5397,3491,3491,"a","a","g","g",0.000859352621025494,0.000859352621025494,0.000286450873675165,0.000286450873675165,0.000286450873675165,0,0.000286450873675165,0,0.00114580349470066,0.00114580349470066,0.00114580349470066,0.00114580349470066,"nonsyn","nonsyn","nonsyn",1.77e-05,1.76e-06,1.7e-06,1.7e-06,"0.0205969","0.00593469999999999","0.00614415999999999","1","I","I","V","L","F",0,0,0,0,0,0,0
"5135",5398,3531,3531,"t","t","c","c",0.00283205890682526,0.00283205890682526,0,0,0,0,0,0,0.00283205890682526,0.00283205890682526,0.00283205890682526,0.00283205890682526,"nonsyn","nonsyn","nonsyn",1.7e-05,1.07e-06,1.21e-06,1.21e-06,"0.0060027","1","1","1","I","I","T","N","S",1,1,1,0,0,0,0
"5136",5399,3510,3510,"t","c","c","t",0.00256410256410256,0.996866096866097,0.00056980056980057,0.00056980056980057,0.00056980056980057,0,0.00056980056980057,0,0.00313390313390313,0.997435897435897,0.00313390313390313,0.997435897435897,"syn","syn","nonsyn",4.58e-06,8.37e-07,4.33e-07,4.33e-07,"4.59439839954273e-06","0.000759915","0.001468935","1","I","I","I","I","M",0,0,0,0,0,0,0
"5137",5400,3598,3598,"g","g","a","a",0.00111172873818788,0.00111172873818788,0.000277932184546971,0.000277932184546971,0.000277932184546971,0,0.000277932184546971,0,0.00138966092273485,0.00138966092273485,0.00138966092273485,0.00138966092273485,"nonsyn","nonsyn","nonsyn",4.2e-06,5.36e-07,1.17e-06,1.17e-06,"0.00377790000000001","0.00420965999999999","0.001928528","1","V","V","I","L","F",0,0,0,0,0,0,0
"5138",5401,3601,3601,"t","t","c","c",0.00555401277422938,0.00555401277422938,0.00111080255484588,0.00111080255484588,0.000833101916134407,0.000277700638711469,0.000833101916134407,0.000277700638711469,0.00666481532907526,0.00666481532907526,0.00666481532907526,0.00666481532907526,"nonsyn","nonsyn","nonsyn",1.7e-05,1.07e-06,1.21e-06,1.21e-06,"0.00306085","0.0010893025","0.00128435666666667","0.00435721","V","V","A","D","G",0,1,1,0,0,0,0
"5139",5402,3617,3617,"c","c","t","t",0.0240530826651921,0.0240530826651921,0.000276472214542438,0.000276472214542438,0.000276472214542438,0,0.000276472214542438,0,0.0243295548797346,0.0243295548797346,0.0243295548797346,0.0243295548797346,"syn","syn","syn",4.58e-06,8.37e-07,4.33e-07,4.33e-07,"0.000190412183908046","0.001566161","0.00302742900000001","1","V","V","V","V","V",0,0,0,0,0,0,0
"5140",5403,3629,3629,"t","t","c","c",0.00330669605952053,0.00330669605952053,0.0024800220446404,0.0024800220446404,0.00137779002480022,0.00110223201984018,0.00137779002480022,0.00110223201984018,0.00578671810416093,0.00578671810416093,0.00578671810416093,0.00578671810416093,"syn","nonsyn","nonsyn",1.7e-05,1.07e-06,1.21e-06,1.21e-06,"0.00514108333333333","0.000487898888888888","0.000776606","0.0010977725","L","L","L","M","V",0,0,0,0,1,0,1
"5141",5404,3588,3588,"t","t","c","c",0.00222965440356745,0.00222965440356745,0.000278706800445931,0.000278706800445931,0,0.000278706800445931,0,0.000278706800445931,0.00250836120401338,0.00250836120401338,0.00250836120401338,0.00250836120401338,"nonsyn","stop","nonsyn",1.7e-05,1.07e-06,1.21e-06,1.21e-06,"0.00762449999999999","0.00434148","1","0.00434148","L","L","S","*","W",1,1,0,1,0,0,0
"5142",5405,3622,3622,"g","g","a","a",0.00138045278851463,0.00138045278851463,0.000552181115405853,0.000552181115405853,0.000276090557702927,0.000276090557702927,0.000276090557702927,0.000276090557702927,0.00193263390392049,0.00193263390392049,0.00193263390392049,0.00193263390392049,"syn","nonsyn","nonsyn",4.2e-06,5.36e-07,1.17e-06,1.17e-06,"0.00304248000000001","0.00211887","0.001941392","0.00423773999999999","L","L","L","F","F",0,0,0,0,0,0,0
"5143",5406,3614,3614,"t","t","c","c",0.00387382401770891,0.00387382401770891,0,0,0,0,0,0,0.00387382401770891,0.00387382401770891,0.00387382401770891,0.00387382401770891,"nonsyn","nonsyn","nonsyn",1.7e-05,1.07e-06,1.21e-06,1.21e-06,"0.00438842857142857","1","1","1","S","S","P","T","A",1,0,1,0,0,0,0
"5144",5407,3619,3619,"c","c","t","t",0.00221055540204476,0.00221055540204476,0,0,0,0,0,0,0.00221055540204476,0.00221055540204476,0.00221055540204476,0.00221055540204476,"nonsyn","nonsyn","nonsyn",4.58e-06,8.37e-07,4.33e-07,4.33e-07,"0.0020718775","1","1","1","S","S","F","Y","C",1,1,1,0,0,0,0
"5145",5408,3636,3636,"c","c","t","t",0.00385038503850385,0.00385038503850385,0.0011001100110011,0.0011001100110011,0.0011001100110011,0,0.0011001100110011,0,0.00495049504950495,0.00495049504950495,0.00495049504950495,0.00495049504950495,"syn","syn","syn",4.58e-06,8.37e-07,4.33e-07,4.33e-07,"0.00118949142857143","0.000393597","0.000760833","1","S","S","S","S","S",0,0,0,0,1,0,1
"5146",5409,3636,3637,"g","g","a","a",0.00192519251925193,0.00192519251925193,0.00192519251925193,0.00192519251925193,0.00137513751375138,0.00055005500550055,0.00137513751375138,0.00055005500550055,0.00385038503850385,0.00385038503850385,0.00384932636788562,0.00384932636788562,"nonsyn","nonsyn","nonsyn",4.2e-06,5.36e-07,1.17e-06,1.17e-06,"0.00218159999999999","0.000607731428571427","0.000389779199999999","0.00212706","G","G","R","R","W",1,1,1,0,1,1,0
"5147",5410,3623,3623,"g","g","a","a",0.00110405741098537,0.00110405741098537,0.000828043058239028,0.000828043058239028,0.000276014352746343,0.000552028705492686,0.000276014352746343,0.000552028705492686,0.0019321004692244,0.0019321004692244,0.0019321004692244,0.0019321004692244,"nonsyn","nonsyn","nonsyn",4.2e-06,5.36e-07,1.17e-06,1.17e-06,"0.00380415","0.00141297","0.001941928","0.002119455","G","G","E","A","V",1,1,1,0,1,1,0
"5148",5411,3615,3615,"g","g","a","a",0.00138312586445367,0.00138312586445367,0,0,0,0,0,0,0.00138312586445367,0.00138312586445367,0.00138312586445367,0.00138312586445367,"syn","syn","syn",4.2e-06,5.36e-07,1.17e-06,1.17e-06,"0.00303659999999999","1","1","1","G","G","G","G","G",0,0,0,0,0,0,0
"5149",5412,3613,3613,"a","a","g","g",0.00138389150290617,0.00138389150290617,0,0,0,0,0,0,0.00138389150290617,0.00138389150290617,0.00138389150290617,0.00138389150290617,"nonsyn","nonsyn","stop",1.77e-05,1.76e-06,1.7e-06,1.7e-06,"0.01279002","1","1","1","K","K","E","Q","*",1,1,1,0,0,0,0
"5150",5413,3624,3624,"a","a","g","g",0.00165562913907285,0.00165562913907285,0.000275938189845475,0.000275938189845475,0,0.000275938189845475,0,0.000275938189845475,0.00193156732891832,0.00193156732891832,0.00193156732891832,0.00193156732891832,"nonsyn","nonsyn","nonsyn",1.77e-05,1.76e-06,1.7e-06,1.7e-06,"0.0106908","0.00616079999999999","1","0.00616079999999999","K","K","R","T","M",0,1,1,0,1,1,0
"5151",5414,3627,3627,"g","g","a","a",0.000551419906258616,0.000551419906258616,0.000551419906258616,0.000551419906258616,0,0.000551419906258616,0,0.000551419906258616,0.00110283981251723,0.00110283981251723,0.00110283981251723,0.00110283981251723,"syn","nonsyn","nonsyn",4.2e-06,5.36e-07,1.17e-06,1.17e-06,"0.0076167","0.002121795","1","0.002121795","K","K","K","N","N",0,1,1,0,0,0,0
"5152",5415,3633,3633,"c","c","t","t",0.00302780071566199,0.00302780071566199,0,0,0,0,0,0,0.00302780071566199,0.00302780071566199,0.00302780071566199,0.00302780071566199,"nonsyn","nonsyn","nonsyn",4.58e-06,8.37e-07,4.33e-07,4.33e-07,"0.00151264909090909","1","1","1","P","P","S","T","A",1,1,1,0,0,0,0
"5153",5416,3680,3680,"c","c","t","t",0.00326086956521739,0.00326086956521739,0.0016304347826087,0.0016304347826087,0.00135869565217391,0.000271739130434783,0.00135869565217391,0.000271739130434783,0.00489130434782609,0.00489130434782609,0.00489130434782609,0.00489130434782609,"nonsyn","nonsyn","nonsyn",4.58e-06,8.37e-07,4.33e-07,4.33e-07,"0.00140453333333333","0.000265573333333333","0.000616032000000001","0.00159344","P","P","L","Q","R",1,1,1,0,1,0,1
"5154",5417,3691,3691,"g","g","a","a",0.00216743429964779,0.00216743429964779,0.00162557572473584,0.00162557572473584,0,0.00162557572473584,0,0.00162557572473584,0.00379301002438364,0.00379301002438364,0.00379301002438364,0.00379301002438364,"syn","syn","syn",4.2e-06,5.36e-07,1.17e-06,1.17e-06,"0.001937775","0.000719745000000002","1","0.000719745000000002","P","P","P","P","P",0,0,0,0,1,1,0
"5155",5418,3708,3708,"g","g","a","a",0.00215749730312837,0.00215749730312837,0,0,0,0,0,0,0.00215749730312837,0.00215749730312837,0.00215749730312837,0.00215749730312837,"nonsyn","nonsyn","nonsyn",4.2e-06,5.36e-07,1.17e-06,1.17e-06,"0.0019467","1","1","1","A","A","T","P","S",1,1,1,0,0,0,0
"5156",5419,3721,3721,"c","c","t","t",0.00295619457135179,0.00295619457135179,0.000537489922063961,0.000537489922063961,0.000537489922063961,0,0.000537489922063961,0,0.00349368449341575,0.00349368449341575,0.00349368449341575,0.00349368449341575,"nonsyn","nonsyn","nonsyn",4.58e-06,8.37e-07,4.33e-07,4.33e-07,"0.00154928909090909","0.0008055965","0.0015572385","1","A","A","V","E","G",0,1,1,0,0,0,0
"5157",5420,3726,3726,"a","a","g","g",0.00322061191626409,0.00322061191626409,0.00107353730542136,0.00107353730542136,0,0.00107353730542136,0,0.00107353730542136,0.00429414922168545,0.00429414922168545,0.00429414922168545,0.00429414922168545,"syn","syn","syn",1.77e-05,1.76e-06,1.7e-06,1.7e-06,"0.00549585","0.00158355000000001","1","0.00158355000000001","A","A","A","A","A",0,0,0,1,0,0,0
"5158",5421,3727,3727,"a","a","g","g",0.00214649852428226,0.00214649852428226,0.000268312315535283,0.000268312315535283,0,0.000268312315535283,0,0.000268312315535283,0.00241481083981755,0.00241481083981755,0.00241481083981755,0.00241481083981755,"nonsyn","nonsyn","nonsyn",1.77e-05,1.76e-06,1.7e-06,1.7e-06,"0.00824598750000002","0.0063359","1","0.0063359","I","I","V","L","F",0,0,0,0,0,0,0
"5159",5422,3752,3752,"t","t","c","c",0.00159914712153518,0.00159914712153518,0.000533049040511727,0.000533049040511727,0,0.000533049040511727,0,0.000533049040511727,0.00213219616204691,0.00213219616204691,0.00213219616204691,0.00213219616204691,"nonsyn","nonsyn","nonsyn",1.7e-05,1.07e-06,1.21e-06,1.21e-06,"0.0106306666666667","0.00226996","1","0.00226996","I","I","T","N","S",1,1,1,0,0,0,0
"5160",5423,3750,3750,"t","t","c","c",0.0016,0.0016,0,0,0,0,0,0,0.0016,0.0016,0.0016,0.0016,"syn","syn","nonsyn",1.7e-05,1.07e-06,1.21e-06,1.21e-06,"0.010625","1","1","1","I","I","I","I","M",0,0,0,0,0,0,0
"5161",5424,3749,3749,"a","a","g","g",0.0010669511869832,0.0010669511869832,0.000266737796745799,0.000266737796745799,0,0.000266737796745799,0,0.000266737796745799,0.00133368898372899,0.00133368898372899,0.00133368898372899,0.00133368898372899,"nonsyn","nonsyn","nonsyn",1.77e-05,1.76e-06,1.7e-06,1.7e-06,"0.0165893249999999","0.0063733","1","0.0063733","I","I","V","L","L",0,0,0,0,0,0,0
"5162",5425,3748,3748,"t","t","c","c",0.00373532550693703,0.00373532550693703,0,0,0,0,0,0,0.00373532550693703,0.00373532550693703,0.00373532550693703,0.00373532550693703,"nonsyn","nonsyn","nonsyn",1.7e-05,1.07e-06,1.21e-06,1.21e-06,"0.00455114285714286","1","1","1","I","I","T","K","R",1,1,1,0,0,0,0
"5163",5426,3747,3747,"a","a","g","g",0.00160128102481986,0.00160128102481986,0.000533760341606619,0.000533760341606619,0,0.000533760341606619,0,0.000533760341606619,0.00213504136642647,0.00213504136642647,0.00213504136642647,0.00213504136642647,"nonsyn","syn","syn",1.77e-05,1.76e-06,1.7e-06,1.7e-06,"0.01105365","0.00318495","1","0.00318495","I","I","M","I","I",0,0,0,0,0,0,0
"5164",5427,3775,3775,"c","c","t","t",0.00317880794701987,0.00317880794701987,0.000529801324503311,0.000529801324503311,0.000529801324503311,0,0.000529801324503311,0,0.00370860927152318,0.00370860927152318,0.00370860927152318,0.00370860927152318,"nonsyn","nonsyn","nonsyn",4.58e-06,8.37e-07,4.33e-07,4.33e-07,"0.00144079166666667","0.0008172875","0.0015798375","1","P","P","S","T","A",1,1,1,0,0,0,0
"5165",5428,3757,3757,"c","c","t","t",0.00133084908171413,0.00133084908171413,0.000532339632685653,0.000532339632685653,0.000266169816342827,0.000266169816342827,0.000266169816342827,0.000266169816342827,0.00186318871439979,0.00186318871439979,0.00186318871439979,0.00186318871439979,"nonsyn","nonsyn","nonsyn",4.58e-06,8.37e-07,4.33e-07,4.33e-07,"0.00344141200000001","0.000813390500000001","0.003144609","0.001626781","P","P","L","H","R",1,1,1,0,1,0,1
"5166",5429,3797,3797,"t","t","c","c",0.00237029233605478,0.00237029233605478,0.00237029233605478,0.00237029233605478,0.00237029233605478,0,0.00237029233605478,0,0.00474058467210956,0.00474058467210956,0.00474058467210956,0.00474058467210956,"syn","syn","syn",1.7e-05,1.07e-06,1.21e-06,1.21e-06,"0.00717211111111111","0.000510485555555556","0.000451421111111111","1","P","P","P","P","P",0,0,0,1,1,0,1
"5167",5430,3791,3791,"g","g","a","a",0.00105513057240834,0.00105513057240834,0.000263782643102084,0.000263782643102084,0.000263782643102084,0,0.000263782643102084,0,0.00131891321551042,0.00131891321551042,0.00131891321551042,0.00131891321551042,"nonsyn","nonsyn","nonsyn",4.2e-06,5.36e-07,1.17e-06,1.17e-06,"0.00398054999999998","0.00443547","0.002031976","1","D","D","N","H","Y",1,1,1,0,0,0,0
"5168",5431,3785,3785,"a","a","g","g",0.00317040951122853,0.00317040951122853,0.000792602377807133,0.000792602377807133,0.000264200792602378,0.000528401585204756,0.000264200792602378,0.000528401585204756,0.00396301188903567,0.00396301188903567,0.00396301188903567,0.00396301188903567,"nonsyn","nonsyn","nonsyn",1.77e-05,1.76e-06,1.7e-06,1.7e-06,"0.00558287500000001","0.00214483333333333","0.00666159999999999","0.00321725","D","D","G","A","V",1,1,1,0,0,0,0
"5169",5432,3788,3788,"c","c","t","t",0.00158394931362196,0.00158394931362196,0.00105596620908131,0.00105596620908131,0.00105596620908131,0,0.00105596620908131,0,0.00263991552270327,0.00263991552270327,0.00263991552270327,0.00263991552270327,"syn","nonsyn","nonsyn",4.58e-06,8.37e-07,4.33e-07,4.33e-07,"0.00289150666666667","0.000410051","0.000792639","1","D","D","D","E","E",0,0,0,0,0,0,0
"5170",5433,3772,3772,"a","a","g","g",0.0031813361611877,0.0031813361611877,0.00185577942735949,0.00185577942735949,0.000265111346765642,0.00159066808059385,0.000265111346765642,0.00159066808059385,0.00503711558854719,0.00503711558854719,0.00503711558854719,0.00503711558854719,"nonsyn","syn","nonsyn",1.77e-05,1.76e-06,1.7e-06,1.7e-06,"0.0055637","0.000916057142857143","0.00663871999999999","0.00106873333333333","R","R","G","R","W",1,0,1,1,1,1,0
"5171",5434,3771,3771,"g","g","a","a",0.0013259082471493,0.0013259082471493,0.000795544948289578,0.000795544948289578,0.000265181649429859,0.000530363298859719,0.000265181649429859,0.000530363298859719,0.00212145319543888,0.00212145319543888,0.00212145319543888,0.00212145319543888,"nonsyn","nonsyn","nonsyn",4.2e-06,5.36e-07,1.17e-06,1.17e-06,"0.00316763999999999","0.00147069","0.002021256","0.002206035","R","R","K","T","M",0,1,1,0,1,1,0
"5172",5435,3761,3761,"g","g","a","a",0.00159532039351236,0.00159532039351236,0.00106354692900824,0.00106354692900824,0.000265886732252061,0.000797660196756182,0.000265886732252061,0.000797660196756182,0.00265886732252061,0.00265886732252061,0.00265886732252061,0.00265886732252061,"syn","nonsyn","nonsyn",4.2e-06,5.36e-07,1.17e-06,1.17e-06,"0.00263270000000001","0.0011000925","0.002015896","0.00146679","R","R","R","S","S",0,1,1,0,1,1,0
"5173",5436,3760,3760,"g","g","a","a",0.00212765957446809,0.00212765957446809,0.000265957446808511,0.000265957446808511,0,0.000265957446808511,0,0.000265957446808511,0.0023936170212766,0.0023936170212766,0.0023936170212766,0.0023936170212766,"nonsyn","nonsyn","stop",4.2e-06,5.36e-07,1.17e-06,1.17e-06,"0.001974","0.00439919999999999","1","0.00439919999999999","E","E","K","Q","*",1,1,1,0,0,0,0
"5174",5437,3751,3751,"a","a","g","g",0.00426552919221541,0.00426552919221541,0,0,0,0,0,0,0.00426552919221541,0.00426552919221541,0.00426552919221541,0.00426552919221541,"nonsyn","nonsyn","nonsyn",1.77e-05,1.76e-06,1.7e-06,1.7e-06,"0.00414954375","1","1","1","E","E","G","A","V",1,1,1,0,1,1,0
"5175",5438,3750,3750,"a","g","g","a",0.00586666666666667,0.9936,0.000533333333333333,0.000533333333333333,0.000266666666666667,0.000266666666666667,0.000266666666666667,0.000266666666666667,0.0064,0.994133333333333,0.0064,0.994133333333333,"syn","nonsyn","nonsyn",4.2e-06,5.36e-07,1.17e-06,1.17e-06,"4.22705314009662e-06","0.00219375","0.00201","0.00438749999999999","E","E","E","D","D",0,0,0,0,1,1,0
"5176",5439,3758,3758,"g","g","a","a",0.000798296966471527,0.000798296966471527,0,0,0,0,0,0,0.000798296966471527,0.000798296966471527,0.000798296966471527,0.000798296966471527,"nonsyn","nonsyn","nonsyn",4.2e-06,5.36e-07,1.17e-06,1.17e-06,"0.0052612","1","1","1","V","V","I","L","F",0,0,0,0,0,0,0
"5177",5440,3780,3780,"t","t","c","c",0.0044973544973545,0.0044973544973545,0.000529100529100529,0.000529100529100529,0.000264550264550265,0.000264550264550265,0.000264550264550265,0.000264550264550265,0.00502645502645503,0.00502645502645503,0.00502645502645503,0.00502645502645503,"nonsyn","nonsyn","nonsyn",1.7e-05,1.07e-06,1.21e-06,1.21e-06,"0.00378","0.0022869","0.00404459999999999","0.00457379999999999","V","V","A","D","G",0,1,1,0,0,0,0
"5178",5441,3787,3787,"t","t","c","c",0.00765777660417217,0.00765777660417217,0.00184842883548983,0.00184842883548983,0.001584367573277,0.000264061262212833,0.001584367573277,0.000264061262212833,0.009506205439662,0.009506205439662,0.009506205439662,0.009506205439662,"syn","syn","syn",1.7e-05,1.07e-06,1.21e-06,1.21e-06,"0.00221996551724138","0.000654610000000001","0.000675348333333333","0.00458227000000001","V","V","V","V","V",0,0,0,0,0,0,0
"5179",5442,3794,3794,"c","c","t","t",0.00105429625724829,0.00105429625724829,0.000527148128624143,0.000527148128624143,0.000527148128624143,0,0.000527148128624143,0,0.00158144438587243,0.00158144438587243,0.00158144438587243,0.00158144438587243,"nonsyn","nonsyn","nonsyn",4.58e-06,8.37e-07,4.33e-07,4.33e-07,"0.00434412999999999","0.000821401000000001","0.001587789","1","L","L","F","I","V",0,0,0,0,0,0,0
"5180",5443,3756,3756,"t","t","c","c",0.00372736954206603,0.00372736954206603,0.000798722044728434,0.000798722044728434,0.00053248136315229,0.000266240681576145,0.00053248136315229,0.000266240681576145,0.00452609158679446,0.00452609158679446,0.00452609158679446,0.00452609158679446,"nonsyn","nonsyn","nonsyn",1.7e-05,1.07e-06,1.21e-06,1.21e-06,"0.00456085714285714","0.00151492","0.00200946","0.00454476","L","L","P","H","R",1,1,1,0,1,0,1
"5181",5444,3727,3727,"c","c","t","t",0.000536624631070566,0.000536624631070566,0.000268312315535283,0.000268312315535283,0.000268312315535283,0,0.000268312315535283,0,0.000804936946605849,0.000804936946605849,0.000804936946605849,0.000804936946605849,"syn","syn","syn",4.58e-06,8.37e-07,4.33e-07,4.33e-07,"0.00853483","0.001613791","0.003119499","1","L","L","L","L","L",0,0,0,0,0,0,0
"5182",5445,3712,3712,"t","t","c","c",0.00161637931034483,0.00161637931034483,0,0,0,0,0,0,0.00161637931034483,0.00161637931034483,0.00161637931034483,0.00161637931034483,"nonsyn","nonsyn","nonsyn",1.7e-05,1.07e-06,1.21e-06,1.21e-06,"0.0105173333333333","1","1","1","Y","Y","H","N","D",1,1,1,0,1,0,1
"5183",5446,3703,3703,"a","a","g","g",0.00297056440723738,0.00297056440723738,0,0,0,0,0,0,0.00297056440723738,0.00297056440723738,0.00297056440723738,0.00297056440723738,"nonsyn","nonsyn","nonsyn",1.77e-05,1.76e-06,1.7e-06,1.7e-06,"0.00595846363636363","1","1","1","Y","Y","C","S","F",1,1,0,0,0,0,0
"5184",5447,3719,3719,"c","c","t","t",0.00161333691852649,0.00161333691852649,0,0,0,0,0,0,0.00161333691852649,0.00161333691852649,0.00161333691852649,0.00161333691852649,"syn","stop","stop",4.58e-06,8.37e-07,4.33e-07,4.33e-07,"0.00283883666666666","1","1","1","Y","Y","Y","*","*",0,1,1,0,0,0,0
"5185",5448,3725,3725,"c","c","t","t",0.00241610738255034,0.00241610738255034,0.0010738255033557,0.0010738255033557,0.000805369127516779,0.000268456375838926,0.000805369127516779,0.000268456375838926,0.00348993288590604,0.00348993288590604,0.00348993288590604,0.00348993288590604,"stop","nonsyn","nonsyn",4.58e-06,8.37e-07,4.33e-07,4.33e-07,"0.00189561111111111","0.000403231250000002","0.001039275","0.001612925","R","Q","*","K","E",1,1,1,0,1,0,1
"5186",5449,3715,3716,"g","a","a","g",0.00215343203230148,0.997846567967699,0,0,0,0,0,0,0.00215343203230148,0.997846567967699,0.00215285252960172,0.997578040904198,"nonsyn","nonsyn","nonsyn",1.77e-05,1.76e-06,1.7e-06,1.7e-06,"1.77381980037766e-05","1","1","1","R","Q","R","P","L",1,1,1,1,1,1,0
"5187",5450,3714,3714,"g","g","a","a",0.00161550888529887,0.00161550888529887,0.0298869143780291,0.0298869143780291,0.000269251480883145,0.0296176628971459,0.000269251480883145,0.0296176628971459,0.031502423263328,0.031502423263328,0.031502423263328,0.031502423263328,"syn","nonsyn","nonsyn",4.2e-06,5.36e-07,1.17e-06,1.17e-06,"0.0025998","3.91475675675675e-05","0.001990704","3.95034545454546e-05","R","Q","Q","H","H",0,1,1,0,1,1,0
"5188",5451,3716,3716,"g","g","a","a",0.00161463939720129,0.00161463939720129,0,0,0,0,0,0,0.00161463939720129,0.00161463939720129,0.00161463939720129,0.00161463939720129,"nonsyn","nonsyn","stop",4.2e-06,5.36e-07,1.17e-06,1.17e-06,"0.0026012","1","1","1","E","E","K","Q","*",1,1,1,0,0,0,0
"5189",5452,3701,3701,"a","a","g","g",0.004863550391786,0.004863550391786,0.000270197243988111,0.000270197243988111,0,0.000270197243988111,0,0.000270197243988111,0.00513374763577411,0.00513374763577411,0.00513374763577411,0.00513374763577411,"nonsyn","nonsyn","nonsyn",1.77e-05,1.76e-06,1.7e-06,1.7e-06,"0.00363931666666667","0.00629170000000001","1","0.00629170000000001","E","E","G","A","V",1,1,1,0,1,1,0
"5190",5453,3714,3714,"g","g","a","a",0.00107700592353258,0.00107700592353258,0.000269251480883145,0.000269251480883145,0.000269251480883145,0,0.000269251480883145,0,0.00134625740441572,0.00134625740441572,0.00134625740441572,0.00134625740441572,"syn","nonsyn","nonsyn",4.2e-06,5.36e-07,1.17e-06,1.17e-06,"0.0038997","0.00434538","0.001990704","1","E","E","E","D","D",0,0,0,0,0,0,0
"5191",5454,3757,3757,"t","t","c","c",0.00372637742879957,0.00372637742879957,0.000266169816342827,0.000266169816342827,0,0.000266169816342827,0,0.000266169816342827,0.0039925472451424,0.0039925472451424,0.0039925472451424,0.0039925472451424,"nonsyn","nonsyn","nonsyn",1.7e-05,1.07e-06,1.21e-06,1.21e-06,"0.00456207142857143","0.00454597","1","0.00454597","F","F","L","I","V",0,0,0,0,0,0,0
"5192",5455,3785,3785,"t","t","c","c",0.00317040951122853,0.00317040951122853,0.000528401585204756,0.000528401585204756,0.000528401585204756,0,0.000528401585204756,0,0.00369881109643329,0.00369881109643329,0.00369881109643329,0.00369881109643329,"nonsyn","nonsyn","nonsyn",1.7e-05,1.07e-06,1.21e-06,1.21e-06,"0.00536208333333334","0.002289925","0.002024975","1","F","F","S","Y","C",1,0,1,0,0,0,0
"5193",5456,3798,3798,"c","c","t","t",0.00263296471827278,0.00263296471827278,0.000789889415481833,0.000789889415481833,0.000526592943654555,0.000263296471827277,0.000526592943654555,0.000263296471827277,0.00342285413375461,0.00342285413375461,0.00342285413375461,0.00342285413375461,"syn","nonsyn","nonsyn",4.58e-06,8.37e-07,4.33e-07,4.33e-07,"0.001739484","0.000548178","0.001589463","0.001644534","F","F","F","L","L",0,0,0,0,0,0,0
"5194",5457,3797,3798,"g","g","a","a",0.00237029233605478,0.00237029233605478,0.000790097445351593,0.000790097445351593,0.000263365815117198,0.000526731630234396,0.000263365815117198,0.000526731630234396,0.00316038978140637,0.00316038978140637,0.00315955766192733,0.00315955766192733,"nonsyn","nonsyn","nonsyn",4.2e-06,5.36e-07,1.17e-06,1.17e-06,"0.00177193333333333","0.00148083","0.002035192","0.002221245","D","D","N","H","Y",1,1,1,0,0,0,0
"5195",5458,3793,3793,"a","a","g","g",0.00316372264698128,0.00316372264698128,0.00079093066174532,0.00079093066174532,0,0.00079093066174532,0,0.00079093066174532,0.0039546533087266,0.0039546533087266,0.0039546533087266,0.0039546533087266,"nonsyn","nonsyn","nonsyn",1.77e-05,1.76e-06,1.7e-06,1.7e-06,"0.005594675","0.00214936666666667","1","0.00214936666666667","D","D","G","A","V",1,1,1,0,0,0,0
"5196",5459,3825,3825,"t","t","c","c",0.00130718954248366,0.00130718954248366,0.000261437908496732,0.000261437908496732,0,0.000261437908496732,0,0.000261437908496732,0.00156862745098039,0.00156862745098039,0.00156862745098039,0.00156862745098039,"syn","nonsyn","nonsyn",1.7e-05,1.07e-06,1.21e-06,1.21e-06,"0.013005","0.00462825","1","0.00462825","D","D","D","E","E",0,0,0,1,0,0,0
"5197",5460,3818,3819,"g","g","a","a",0.000785751702462022,0.000785751702462022,0.000261917234154007,0.000261917234154007,0,0.000261917234154007,0,0.000261917234154007,0.00104766893661603,0.00104766893661603,0.00104739460591778,0.00104739460591778,"nonsyn","nonsyn","stop",4.2e-06,5.36e-07,1.17e-06,1.17e-06,"0.0053452","0.00446706000000001","1","0.00446706000000001","E","E","K","Q","*",1,1,1,0,0,0,0
"5198",5461,3808,3808,"a","a","g","g",0.00236344537815126,0.00236344537815126,0.00078781512605042,0.00078781512605042,0.00078781512605042,0,0.00078781512605042,0,0.00315126050420168,0.00315126050420168,0.00315126050420168,0.00315126050420168,"nonsyn","nonsyn","nonsyn",1.77e-05,1.76e-06,1.7e-06,1.7e-06,"0.00748906666666667","0.00215786666666667","0.00223402666666667","1","E","E","G","A","V",1,1,1,0,1,1,0
"5199",5462,3670,3670,"g","g","a","a",0.357765667574932,0.357765667574932,0,0,0,0,0,0,0.357765667574932,0.357765667574932,0.357765667574932,0.357765667574932,"syn","nonsyn","nonsyn",4.2e-06,5.36e-07,1.17e-06,1.17e-06,"1.17395277989337e-05","1","1","1","E","E","E","D","D",0,0,0,0,0,0,0
"5200",5463,3818,3818,"a","a","g","g",0.00497642744892614,0.00497642744892614,0.00104766893661603,0.00104766893661603,0.000261917234154007,0.000785751702462022,0.000261917234154007,0.000785751702462022,0.00602409638554217,0.00602409638554217,0.00602409638554217,0.00602409638554217,"nonsyn","nonsyn","nonsyn",1.77e-05,1.76e-06,1.7e-06,1.7e-06,"0.00355676842105263","0.00162265","0.00671968000000001","0.00216353333333333","M","M","V","L","L",0,0,0,0,0,0,0
"5201",5464,3828,3828,"t","t","c","c",0.00235109717868339,0.00235109717868339,0.00130616509926855,0.00130616509926855,0.00104493207941484,0.00026123301985371,0.00104493207941484,0.00026123301985371,0.00365726227795193,0.00365726227795193,0.00365726227795193,0.00365726227795193,"nonsyn","nonsyn","nonsyn",1.7e-05,1.07e-06,1.21e-06,1.21e-06,"0.00723066666666665","0.000926375999999998","0.00102399","0.00463187999999999","M","M","T","K","R",1,1,1,1,0,0,0
"5202",5465,3779,3779,"g","g","a","a",0.00238158242921408,0.00238158242921408,0.000793860809738026,0.000793860809738026,0,0.000793860809738026,0,0.000793860809738026,0.0031754432389521,0.0031754432389521,0.0031754432389521,0.0031754432389521,"nonsyn","nonsyn","nonsyn",4.2e-06,5.36e-07,1.17e-06,1.17e-06,"0.00176353333333333","0.00147381","1","0.00147381","M","M","I","I","I",0,0,0,0,1,1,0
"5203",5466,3898,3898,"g","g","a","a",0.0012827090815803,0.0012827090815803,0.00025654181631606,0.00025654181631606,0,0.00025654181631606,0,0.00025654181631606,0.00153925089789636,0.00153925089789636,0.00153925089789636,0.00153925089789636,"nonsyn","nonsyn","stop",4.2e-06,5.36e-07,1.17e-06,1.17e-06,"0.00327431999999999","0.00456065999999999","1","0.00456065999999999","E","E","K","Q","*",1,1,1,0,0,0,0
"5204",5467,3857,3857,"a","a","g","g",0.00311122634171636,0.00311122634171636,0.000259268861809697,0.000259268861809697,0,0.000259268861809697,0,0.000259268861809697,0.00337049520352606,0.00337049520352606,0.00337049520352606,0.00337049520352606,"nonsyn","nonsyn","nonsyn",1.77e-05,1.76e-06,1.7e-06,1.7e-06,"0.005689075","0.00655689999999999","1","0.00655689999999999","E","E","G","A","V",1,1,1,0,0,0,0
"5205",5468,3917,3917,"a","a","g","g",0.00587184069440899,0.00587184069440899,0,0,0,0,0,0,0.00587184069440899,0.00587184069440899,0.00587184069440899,0.00587184069440899,"syn","nonsyn","nonsyn",1.77e-05,1.76e-06,1.7e-06,1.7e-06,"0.00301438695652174","1","1","1","E","E","E","D","D",0,0,0,0,1,1,0
"5206",5469,3922,3922,"g","g","a","a",0.000764915859255482,0.000764915859255482,0.00101988781234064,0.00101988781234064,0,0.00101988781234064,0,0.00101988781234064,0.00178480367159612,0.00178480367159612,0.00178480367159612,0.00178480367159612,"nonsyn","nonsyn","stop",4.2e-06,5.36e-07,1.17e-06,1.17e-06,"0.0054908","0.001147185","1","0.001147185","E","E","K","Q","*",1,1,1,0,0,0,0
"5207",5470,3911,3911,"a","a","g","g",0.00204551265660956,0.00204551265660956,0,0,0,0,0,0,0.00204551265660956,0.00204551265660956,0.00204551265660956,0.00204551265660956,"nonsyn","nonsyn","nonsyn",1.77e-05,1.76e-06,1.7e-06,1.7e-06,"0.00865308750000001","1","1","1","E","E","G","A","V",1,1,1,0,1,1,0
"5208",5471,3932,3932,"g","g","a","a",0.00254323499491353,0.00254323499491353,0,0,0,0,0,0,0.00254323499491353,0.00254323499491353,0.00254323499491353,0.00254323499491353,"syn","nonsyn","nonsyn",4.2e-06,5.36e-07,1.17e-06,1.17e-06,"0.00165144","1","1","1","E","E","E","D","D",0,0,0,0,0,0,0
"5209",5472,3887,3887,"t","t","c","c",0.00360174942114741,0.00360174942114741,0.000771803447388732,0.000771803447388732,0.000514535631592488,0.000257267815796244,0.000514535631592488,0.000257267815796244,0.00437355286853615,0.00437355286853615,0.00437355286853615,0.00437355286853615,"nonsyn","nonsyn","nonsyn",1.7e-05,1.07e-06,1.21e-06,1.21e-06,"0.00471992857142858","0.00156775666666667","0.002079545","0.00470327","C","C","R","S","G",1,1,0,1,0,0,0
"5210",5473,3890,3890,"g","g","a","a",0.00308483290488432,0.00308483290488432,0.00025706940874036,0.00025706940874036,0.00025706940874036,0,0.00025706940874036,0,0.00334190231362468,0.00334190231362468,0.00334190231362468,0.00334190231362468,"nonsyn","nonsyn","nonsyn",4.2e-06,5.36e-07,1.17e-06,1.17e-06,"0.0013615","0.0045513","0.00208504","1","C","C","Y","S","F",1,1,1,0,0,0,0
"5211",5474,3890,3890,"c","c","t","t",0.0562982005141388,0.0562982005141388,0,0,0,0,0,0,0.0562982005141388,0.0562982005141388,0.0562982005141388,0.0562982005141388,"syn","stop","nonsyn",4.58e-06,8.37e-07,4.33e-07,4.33e-07,"8.13525114155251e-05","1","1","1","C","C","C","*","W",0,1,1,0,0,0,0
"5212",5475,3909,3909,"t","t","c","c",0.00383729854182655,0.00383729854182655,0.000255819902788437,0.000255819902788437,0.000255819902788437,0,0.000255819902788437,0,0.00409311844461499,0.00409311844461499,0.00409311844461499,0.00409311844461499,"nonsyn","nonsyn","nonsyn",1.7e-05,1.07e-06,1.21e-06,1.21e-06,"0.0044302","0.00472989","0.00418263","1","S","S","P","T","A",1,0,1,0,1,0,1
"5213",5476,3931,3931,"c","c","t","t",0.00152632917832613,0.00152632917832613,0.000254388196387688,0.000254388196387688,0.000254388196387688,0,0.000254388196387688,0,0.00178071737471381,0.00178071737471381,0.00178071737471381,0.00178071737471381,"nonsyn","nonsyn","nonsyn",4.58e-06,8.37e-07,4.33e-07,4.33e-07,"0.00300066333333333","0.001702123","0.00329024699999999","1","S","S","F","Y","C",1,1,1,0,0,0,0
"5214",5477,3882,3883,"t","t","c","c",0.0435342606903658,0.0435342606903658,0.000257599175682638,0.000257599175682638,0.000257599175682638,0,0.000257599175682638,0,0.0437918598660484,0.0437918598660484,0.0437805820242081,0.0437805820242081,"syn","syn","syn",1.7e-05,1.07e-06,1.21e-06,1.21e-06,"0.000390497041420118","0.00469722","0.00415374","1","S","S","S","S","S",0,0,0,0,1,0,1
"5215",5478,3913,3913,"c","c","t","t",0.00102223358037312,0.00102223358037312,0.000766675185279836,0.000766675185279836,0.000766675185279836,0,0.000766675185279836,0,0.00178890876565295,0.00178890876565295,0.00178890876565295,0.00178890876565295,"stop","nonsyn","nonsyn",4.58e-06,8.37e-07,4.33e-07,4.33e-07,"0.00448038499999998","0.000564776333333334","0.001091727","1","Q","Q","*","K","E",1,1,1,0,0,0,0
"5216",5479,3906,3906,"a","a","g","g",0.00153609831029186,0.00153609831029186,0.00102406554019457,0.00102406554019457,0,0.00102406554019457,0,0.00102406554019457,0.00256016385048643,0.00256016385048643,0.00256016385048643,0.00256016385048643,"nonsyn","nonsyn","nonsyn",1.77e-05,1.76e-06,1.7e-06,1.7e-06,"0.0115227","0.00166005","1","0.00166005","Q","Q","R","P","L",1,1,1,1,1,1,0
"5217",5480,3967,3967,"g","g","a","a",0.00277287622888833,0.00277287622888833,0.000252079657171666,0.000252079657171666,0,0.000252079657171666,0,0.000252079657171666,0.00302495588606,0.00302495588606,0.00302495588606,0.00302495588606,"syn","nonsyn","nonsyn",4.2e-06,5.36e-07,1.17e-06,1.17e-06,"0.00151467272727273","0.00464139","1","0.00464139","Q","Q","Q","H","H",0,1,1,0,0,0,0
"5218",5481,3960,3960,"c","c","t","t",0.00277777777777778,0.00277777777777778,0.000252525252525253,0.000252525252525253,0.000252525252525253,0,0.000252525252525253,0,0.00303030303030303,0.00303030303030303,0.00303030303030303,0.00303030303030303,"nonsyn","nonsyn","nonsyn",4.58e-06,8.37e-07,4.33e-07,4.33e-07,"0.0016488","0.00171468","0.00331451999999999","1","H","H","Y","N","D",1,1,1,0,0,0,0
"5219",5482,3904,3904,"a","a","g","g",0.00409836065573771,0.00409836065573771,0.000512295081967213,0.000512295081967213,0,0.000512295081967213,0,0.000512295081967213,0.00461065573770492,0.00461065573770492,0.00461065573770492,0.00461065573770492,"nonsyn","nonsyn","nonsyn",1.77e-05,1.76e-06,1.7e-06,1.7e-06,"0.00431879999999999","0.0033184","1","0.0033184","H","H","R","P","L",0,1,1,1,0,0,0
"5220",5483,3596,3596,"c","c","t","t",0.00111234705228031,0.00111234705228031,0,0,0,0,0,0,0.00111234705228031,0.00111234705228031,0.00111234705228031,0.00111234705228031,"syn","nonsyn","nonsyn",4.58e-06,8.37e-07,4.33e-07,4.33e-07,"0.00411742000000001","1","1","1","H","H","H","Q","Q",0,1,1,0,0,0,0
"5221",5484,3586,3586,"c","t","t","c",0.00167317345231456,0.998047964305633,0.000278862242052426,0.000278862242052426,0.000278862242052426,0,0.000278862242052426,0,0.00195203569436698,0.998326826547685,0.00195203569436698,0.998326826547685,"syn","nonsyn","nonsyn",1.7e-05,1.07e-06,1.21e-06,1.21e-06,"1.70332495110366e-05","0.00433906","0.00383702","1","L","L","L","I","V",0,0,0,0,1,0,1
"5222",5485,3634,3634,"t","t","c","c",0.00220143093010457,0.00220143093010457,0.00165107319757843,0.00165107319757843,0.00137589433131536,0.000275178866263071,0.00137589433131536,0.000275178866263071,0.00385250412768299,0.00385250412768299,0.00385250412768299,0.00385250412768299,"nonsyn","stop","stop",1.7e-05,1.07e-06,1.21e-06,1.21e-06,"0.00772224999999999","0.000732856666666665","0.000777675999999997","0.00439714","L","L","S","*","*",1,1,1,0,0,0,0
"5223",5486,3645,3645,"a","a","g","g",0.00137174211248285,0.00137174211248285,0,0,0,0,0,0,0.00137174211248285,0.00137174211248285,0.00137174211248285,0.00137174211248285,"syn","nonsyn","nonsyn",1.77e-05,1.76e-06,1.7e-06,1.7e-06,"0.0129033","1","1","1","L","L","L","F","F",0,0,0,0,0,0,0
"5224",5487,3628,3628,"c","c","t","t",0.000275633958103638,0.000275633958103638,0.000275633958103638,0.000275633958103638,0,0.000275633958103638,0,0.000275633958103638,0.000551267916207277,0.000551267916207277,0.000551267916207277,0.000551267916207277,"nonsyn","nonsyn","nonsyn",4.58e-06,8.37e-07,4.33e-07,4.33e-07,"0.01661624","0.001570924","1","0.001570924","P","P","S","T","A",1,1,1,0,0,0,0
"5225",5488,3618,3618,"c","c","t","t",0.00276395798783858,0.00276395798783858,0.000276395798783858,0.000276395798783858,0.000276395798783858,0,0.000276395798783858,0,0.00304035378662244,0.00304035378662244,0.00304035378662244,0.00304035378662244,"nonsyn","nonsyn","nonsyn",4.58e-06,8.37e-07,4.33e-07,4.33e-07,"0.001657044","0.001566594","0.00302826600000001","1","P","P","L","Q","R",1,1,1,0,1,0,1
"5226",5489,3613,3613,"g","g","a","a",0.00415167450871852,0.00415167450871852,0.000276778300581234,0.000276778300581234,0.000276778300581234,0,0.000276778300581234,0,0.00442845280929975,0.00442845280929975,0.00442845280929975,0.00442845280929975,"syn","syn","syn",4.2e-06,5.36e-07,1.17e-06,1.17e-06,"0.00101164","0.00422721000000001","0.001936568","1","P","P","P","P","P",0,0,0,0,0,0,0
"5227",5490,3594,3594,"t","t","c","c",0.00250417362270451,0.00250417362270451,0.000556483027267668,0.000556483027267668,0.000556483027267668,0,0.000556483027267668,0,0.00306065664997218,0.00306065664997218,0.00306065664997218,0.00306065664997218,"nonsyn","nonsyn","nonsyn",1.7e-05,1.07e-06,1.21e-06,1.21e-06,"0.00678866666666666","0.00217437","0.00192279","1","Y","Y","H","N","D",1,1,1,0,0,0,0
"5228",5491,3593,3593,"a","a","g","g",0.00139159476760367,0.00139159476760367,0,0,0,0,0,0,0.00139159476760367,0.00139159476760367,0.00139159476760367,0.00139159476760367,"nonsyn","nonsyn","nonsyn",1.77e-05,1.76e-06,1.7e-06,1.7e-06,"0.01271922","1","1","1","Y","Y","C","S","F",1,1,0,0,0,0,0
"5229",5492,3612,3612,"c","c","t","t",0.000553709856035437,0.000553709856035437,0,0,0,0,0,0,0.000553709856035437,0.000553709856035437,0.000553709856035437,0.000553709856035437,"syn","stop","stop",4.58e-06,8.37e-07,4.33e-07,4.33e-07,"0.00827148000000001","1","1","1","Y","Y","Y","*","*",0,1,1,0,0,0,0
"5230",5493,3614,3614,"a","a","g","g",0.00138350857775318,0.00138350857775318,0,0,0,0,0,0,0.00138350857775318,0.00138350857775318,0.00138350857775318,0.00138350857775318,"nonsyn","nonsyn","nonsyn",1.77e-05,1.76e-06,1.7e-06,1.7e-06,"0.01279356","1","1","1","I","I","V","L","F",0,0,0,1,0,0,0
"5231",5494,3888,3888,"t","t","c","c",0.00205761316872428,0.00205761316872428,0.000257201646090535,0.000257201646090535,0.000257201646090535,0,0.000257201646090535,0,0.00231481481481481,0.00231481481481481,0.00231481481481481,0.00231481481481481,"nonsyn","nonsyn","nonsyn",1.7e-05,1.07e-06,1.21e-06,1.21e-06,"0.008262","0.00470448","0.00416016","1","I","I","T","N","S",1,1,1,0,0,0,0
"5232",5495,3893,3893,"c","c","t","t",0.00102748522989982,0.00102748522989982,0.00051374261494991,0.00051374261494991,0.00051374261494991,0,0.00051374261494991,0,0.00154122784484973,0.00154122784484973,0.00154122784484973,0.00154122784484973,"syn","syn","nonsyn",4.58e-06,8.37e-07,4.33e-07,4.33e-07,"0.004457485","0.0008428345","0.0016292205","1","I","I","I","I","M",0,0,0,0,0,0,0
"5233",5496,3882,3882,"g","g","a","a",0.00231839258114374,0.00231839258114374,0.000772797527047913,0.000772797527047913,0,0.000772797527047913,0,0.000772797527047913,0.00309119010819165,0.00309119010819165,0.00309119010819165,0.00309119010819165,"nonsyn","nonsyn","stop",4.2e-06,5.36e-07,1.17e-06,1.17e-06,"0.0018116","0.00151398","1","0.00151398","E","E","K","Q","*",1,1,1,0,0,0,0
"5234",5497,3916,3916,"a","a","g","g",0.00689479060265577,0.00689479060265577,0.000255362614913177,0.000255362614913177,0,0.000255362614913177,0,0.000255362614913177,0.00715015321756895,0.00715015321756895,0.00715015321756895,0.00715015321756895,"nonsyn","nonsyn","nonsyn",1.77e-05,1.76e-06,1.7e-06,1.7e-06,"0.00256715555555556","0.00665719999999999","1","0.00665719999999999","E","E","G","A","V",1,1,1,0,1,1,0
"5235",5498,3914,3914,"g","g","a","a",0.00127746550843127,0.00127746550843127,0.000255493101686254,0.000255493101686254,0,0.000255493101686254,0,0.000255493101686254,0.00153295861011753,0.00153295861011753,0.00153295861011753,0.00153295861011753,"syn","nonsyn","nonsyn",4.2e-06,5.36e-07,1.17e-06,1.17e-06,"0.00328776000000001","0.00457938000000001","1","0.00457938000000001","E","E","E","D","D",0,0,0,0,0,0,0
"5236",5499,3918,3918,"c","c","t","t",0.00178662582950485,0.00178662582950485,0,0,0,0,0,0,0.00178662582950485,0.00178662582950485,0.00178662582950485,0.00178662582950485,"stop","nonsyn","nonsyn",4.58e-06,8.37e-07,4.33e-07,4.33e-07,"0.00256349142857143","1","1","1","Q","Q","*","K","E",1,1,1,0,0,0,0
"5237",5500,3886,3886,"a","a","g","g",0.000514668039114771,0.000514668039114771,0.000257334019557386,0.000257334019557386,0,0.000257334019557386,0,0.000257334019557386,0.000772002058672156,0.000772002058672156,0.000772002058672156,0.000772002058672156,"nonsyn","nonsyn","nonsyn",1.77e-05,1.76e-06,1.7e-06,1.7e-06,"0.0343911","0.00660619999999999","1","0.00660619999999999","Q","Q","R","P","L",1,1,1,1,0,0,0
"5238",5501,3887,3887,"a","a","g","g",0.00514535631592488,0.00514535631592488,0.000514535631592488,0.000514535631592488,0,0.000514535631592488,0,0.000514535631592488,0.00565989194751737,0.00565989194751737,0.00565989194751737,0.00565989194751737,"syn","nonsyn","nonsyn",1.77e-05,1.76e-06,1.7e-06,1.7e-06,"0.003439995","0.00330395","1","0.00330395","Q","Q","Q","H","H",0,1,1,0,1,1,0
"5239",5502,3877,3878,"g","g","a","a",0.00103172556100077,0.00103172556100077,0.000257931390250193,0.000257931390250193,0,0.000257931390250193,0,0.000257931390250193,0.00128965695125097,0.00128965695125097,0.00128932439401753,0.00128932439401753,"nonsyn","nonsyn","nonsyn",4.2e-06,5.36e-07,1.17e-06,1.17e-06,"0.00407085000000001","0.00453609000000001","1","0.00453609000000001","G","G","R","R","W",1,1,1,0,1,1,0
"5240",5503,3871,3871,"g","g","a","a",0.00232498062516146,0.00232498062516146,0.000258331180573495,0.000258331180573495,0.000258331180573495,0,0.000258331180573495,0,0.00258331180573495,0.00258331180573495,0.00258331180573495,0.00258331180573495,"nonsyn","nonsyn","nonsyn",4.2e-06,5.36e-07,1.17e-06,1.17e-06,"0.00180646666666666","0.00452907","0.002074856","1","G","G","E","A","V",1,1,1,0,1,1,0
"5241",5504,3864,3864,"g","g","a","a",0.0025879917184265,0.0025879917184265,0.0005175983436853,0.0005175983436853,0,0.0005175983436853,0,0.0005175983436853,0.0031055900621118,0.0031055900621118,0.0031055900621118,0.0031055900621118,"syn","syn","syn",4.2e-06,5.36e-07,1.17e-06,1.17e-06,"0.00162288","0.00226044","1","0.00226044","G","G","G","G","G",0,0,0,0,0,0,0
"5242",5505,3819,3819,"a","a","g","g",0.00366588112071223,0.00366588112071223,0.00052369730295889,0.00052369730295889,0.000261848651479445,0.000261848651479445,0.000261848651479445,0.000261848651479445,0.00418957842367112,0.00418957842367112,0.00418957842367112,0.00418957842367112,"nonsyn","nonsyn","nonsyn",1.77e-05,1.76e-06,1.7e-06,1.7e-06,"0.00482830714285714","0.00324615","0.00672144","0.0064923","M","M","V","L","L",0,0,0,0,0,0,0
"5243",5506,3834,3834,"t","t","c","c",0.00625978090766823,0.00625978090766823,0.00182576943140323,0.00182576943140323,0.00104329681794471,0.000782472613458529,0.00104329681794471,0.000782472613458529,0.00808555033907147,0.00808555033907147,0.00808555033907147,0.00808555033907147,"nonsyn","nonsyn","nonsyn",1.7e-05,1.07e-06,1.21e-06,1.21e-06,"0.00271575","0.000662734285714287","0.001025595","0.00154638","M","M","T","K","R",1,1,1,1,0,0,0
"5244",5507,3832,3832,"g","g","a","a",0.00182672233820459,0.00182672233820459,0,0,0,0,0,0,0.00182672233820459,0.00182672233820459,0.00182672233820459,0.00182672233820459,"nonsyn","nonsyn","nonsyn",4.2e-06,5.36e-07,1.17e-06,1.17e-06,"0.0022992","1","1","1","M","M","I","I","I",0,0,0,0,0,0,0
"5245",5508,3845,3845,"g","a","a","g",0.00260078023407022,0.996879063719116,0.000520156046814044,0.000520156046814044,0,0.000520156046814044,0,0.000520156046814044,0.00312093628088427,0.99739921976593,0.00312093628088427,0.99739921976593,"nonsyn","nonsyn","nonsyn",1.77e-05,1.76e-06,1.7e-06,1.7e-06,"1.77554135142186e-05","0.00326825","1","0.00326825","A","M","V","L","L",0,0,0,0,0,0,0
"5246",5509,3813,3813,"c","t","t","c",0.001311303435615,0.998164175190139,0.000524521374246001,0.000524521374246001,0.000262260687123,0.000262260687123,0.000262260687123,0.000262260687123,0.001835824809861,0.998688696564385,0.001835824809861,0.998688696564385,"nonsyn","nonsyn","nonsyn",1.7e-05,1.07e-06,1.21e-06,1.21e-06,"1.70312664214398e-05","0.002306865","0.00407991","0.00461373000000001","A","M","T","K","R",1,1,1,1,0,0,0
"5247",5510,3796,3796,"g","g","a","a",0.00447839831401475,0.00447839831401475,0.000263435194942044,0.000263435194942044,0.000263435194942044,0,0.000263435194942044,0,0.0047418335089568,0.0047418335089568,0.0047418335089568,0.0047418335089568,"nonsyn","nonsyn","nonsyn",4.2e-06,5.36e-07,1.17e-06,1.17e-06,"0.000937835294117647","0.00444132","0.002034656","1","A","M","I","I","I",0,0,0,0,0,0,0
"5248",5511,3792,3793,"c","c","t","t",0.00158227848101266,0.00158227848101266,0.000527426160337553,0.000527426160337553,0.000527426160337553,0,0.000527426160337553,0,0.00210970464135021,0.00210970464135021,0.00210914843132085,0.00210914843132085,"nonsyn","nonsyn","nonsyn",4.58e-06,8.37e-07,4.33e-07,4.33e-07,"0.00289456","0.000820968","0.001586952","1","L","L","F","I","V",0,0,0,0,0,0,0
"5249",5512,3783,3784,"t","t","c","c",0.00317208564631245,0.00317208564631245,0.000528680941052075,0.000528680941052075,0.000528680941052075,0,0.000528680941052075,0,0.00370076658736453,0.00370076658736453,0.00369978858350951,0.00369978858350951,"nonsyn","nonsyn","nonsyn",1.7e-05,1.07e-06,1.21e-06,1.21e-06,"0.00535925","0.002288715","0.002023905","1","L","L","P","H","R",1,1,1,0,1,0,1
"5250",5513,3814,3814,"c","c","t","t",0.00183534347142108,0.00183534347142108,0,0,0,0,0,0,0.00183534347142108,0.00183534347142108,0.00183534347142108,0.00183534347142108,"syn","syn","syn",4.58e-06,8.37e-07,4.33e-07,4.33e-07,"0.00249544571428571","1","1","1","L","L","L","L","L",0,0,0,0,0,0,0
"5251",5514,3828,3828,"g","g","a","a",0.00156739811912226,0.00156739811912226,0.00026123301985371,0.00026123301985371,0,0.00026123301985371,0,0.00026123301985371,0.00182863113897597,0.00182863113897597,0.00182863113897597,0.00182863113897597,"nonsyn","nonsyn","nonsyn",4.2e-06,5.36e-07,1.17e-06,1.17e-06,"0.00267959999999999","0.00447875999999999","1","0.00447875999999999","A","A","T","P","S",1,1,1,0,0,0,0
"5252",5515,3852,3852,"c","c","t","t",0.00103842159916926,0.00103842159916926,0,0,0,0,0,0,0.00103842159916926,0.00103842159916926,0.00103842159916926,0.00103842159916926,"nonsyn","nonsyn","nonsyn",4.58e-06,8.37e-07,4.33e-07,4.33e-07,"0.00441054000000001","1","1","1","A","A","V","D","G",0,1,1,0,0,0,0
"5253",5516,3838,3838,"t","t","c","c",0.00338718082334549,0.00338718082334549,0.000521104742053153,0.000521104742053153,0,0.000521104742053153,0,0.000521104742053153,0.00390828556539865,0.00390828556539865,0.00390828556539865,0.00390828556539865,"syn","syn","syn",1.7e-05,1.07e-06,1.21e-06,1.21e-06,"0.00501892307692308","0.00232199","1","0.00232199","A","A","A","A","A",0,0,0,1,1,0,1
"5254",5517,3840,3840,"g","g","a","a",0.00130208333333333,0.00130208333333333,0,0,0,0,0,0,0.00130208333333333,0.00130208333333333,0.00130208333333333,0.00130208333333333,"nonsyn","nonsyn","stop",4.2e-06,5.36e-07,1.17e-06,1.17e-06,"0.00322560000000001","1","1","1","E","E","K","Q","*",1,1,1,0,0,0,0
"5255",5518,3830,3830,"a","a","g","g",0.00261096605744125,0.00261096605744125,0.000261096605744125,0.000261096605744125,0,0.000261096605744125,0,0.000261096605744125,0.00287206266318538,0.00287206266318538,0.00287206266318538,0.00287206266318538,"nonsyn","nonsyn","nonsyn",1.77e-05,1.76e-06,1.7e-06,1.7e-06,"0.00677910000000001","0.00651100000000001","1","0.00651100000000001","E","E","G","A","V",1,1,1,0,1,1,0
"5256",5519,3889,3889,"g","g","a","a",0.00411416816662381,0.00411416816662381,0,0,0,0,0,0,0.00411416816662381,0.00411416816662381,0.00411416816662381,0.00411416816662381,"syn","nonsyn","nonsyn",4.2e-06,5.36e-07,1.17e-06,1.17e-06,"0.0010208625","1","1","1","E","E","E","D","D",0,0,0,0,0,0,0
"5257",5520,3886,3886,"c","c","t","t",0.00334534225424601,0.00334534225424601,0,0,0,0,0,0,0.00334534225424601,0.00334534225424601,0.00334534225424601,0.00334534225424601,"stop","nonsyn","nonsyn",4.58e-06,8.37e-07,4.33e-07,4.33e-07,"0.00136906769230769","1","1","1","Q","Q","*","K","E",1,1,1,0,0,0,0
"5258",5521,3864,3864,"a","a","g","g",0.00491718426501035,0.00491718426501035,0.0015527950310559,0.0015527950310559,0,0.0015527950310559,0,0.0015527950310559,0.00646997929606625,0.00646997929606625,0.00646997929606625,0.00646997929606625,"nonsyn","nonsyn","nonsyn",1.77e-05,1.76e-06,1.7e-06,1.7e-06,"0.00359962105263158","0.0010948","1","0.0010948","Q","Q","R","P","L",1,1,1,1,1,1,0
"5259",5522,3899,3899,"g","g","a","a",0.0941266991536291,0.0941266991536291,0.000256476019492177,0.000256476019492177,0,0.000256476019492177,0,0.000256476019492177,0.0943831751731213,0.0943831751731213,0.0943831751731213,0.0943831751731213,"syn","nonsyn","nonsyn",4.2e-06,5.36e-07,1.17e-06,1.17e-06,"4.46207084468665e-05","0.00456183000000001","1","0.00456183000000001","Q","Q","Q","H","H",0,1,1,0,0,0,0
"5260",5523,3868,3868,"t","t","c","c",0.00103412616339193,0.00103412616339193,0.000258531540847983,0.000258531540847983,0.000258531540847983,0,0.000258531540847983,0,0.00129265770423992,0.00129265770423992,0.00129265770423992,0.00129265770423992,"nonsyn","nonsyn","nonsyn",1.7e-05,1.07e-06,1.21e-06,1.21e-06,"0.0164390000000001","0.00468028000000001","0.00413876000000001","1","F","F","L","I","V",0,0,0,0,0,0,0
"5261",5524,3864,3864,"t","t","c","c",0.00181159420289855,0.00181159420289855,0.00025879917184265,0.00025879917184265,0.00025879917184265,0,0.00025879917184265,0,0.0020703933747412,0.0020703933747412,0.0020703933747412,0.0020703933747412,"nonsyn","nonsyn","nonsyn",1.7e-05,1.07e-06,1.21e-06,1.21e-06,"0.009384","0.00467544","0.00413448","1","F","F","S","Y","C",1,0,1,0,0,0,0
"5262",5525,3819,3819,"c","c","t","t",0.00104739460591778,0.00104739460591778,0.00052369730295889,0.00052369730295889,0.00052369730295889,0,0.00052369730295889,0,0.00157109190887667,0.00157109190887667,0.00157109190887667,0.00157109190887667,"syn","nonsyn","nonsyn",4.58e-06,8.37e-07,4.33e-07,4.33e-07,"0.004372755","0.0008268135","0.0015982515","1","F","F","F","L","L",0,0,0,0,0,0,0
"5263",5526,3770,3771,"a","a","g","g",0.00397877984084881,0.00397877984084881,0.000795755968169761,0.000795755968169761,0.00026525198938992,0.000530503978779841,0.00026525198938992,0.000530503978779841,0.00477453580901857,0.00477453580901857,0.00477326968973747,0.00477326968973747,"nonsyn","nonsyn","stop",1.77e-05,1.76e-06,1.7e-06,1.7e-06,"0.0044486","0.00213633333333333","0.00663520000000001","0.0032045","K","K","E","Q","*",1,1,1,1,0,0,0
"5264",5527,3873,3873,"a","a","g","g",0.00413116447198554,0.00413116447198554,0.00129098889749548,0.00129098889749548,0.000516395558998193,0.000774593338497289,0.000516395558998193,0.000774593338497289,0.00542215336948102,0.00542215336948102,0.00542215336948102,0.00542215336948102,"nonsyn","nonsyn","nonsyn",1.77e-05,1.76e-06,1.7e-06,1.7e-06,"0.00428450625","0.00131682","0.00340824","0.0021947","K","K","R","T","M",0,1,1,0,1,1,0
"5265",5528,3884,3884,"g","g","a","a",0.00102986611740474,0.00102986611740474,0.000257466529351184,0.000257466529351184,0,0.000257466529351184,0,0.000257466529351184,0.00128733264675592,0.00128733264675592,0.00128733264675592,0.00128733264675592,"syn","nonsyn","nonsyn",4.2e-06,5.36e-07,1.17e-06,1.17e-06,"0.00407819999999999","0.00454428000000001","1","0.00454428000000001","K","K","K","N","N",0,1,1,0,0,0,0
"5266",5529,3882,3882,"c","c","t","t",0.00103039670273055,0.00103039670273055,0,0,0,0,0,0,0.00103039670273055,0.00103039670273055,0.00103039670273055,0.00103039670273055,"stop","nonsyn","nonsyn",4.58e-06,8.37e-07,4.33e-07,4.33e-07,"0.00444489000000001","1","1","1","Q","Q","*","K","E",1,1,1,0,0,0,0
"5267",5530,3879,3879,"a","a","g","g",0.00180458881154937,0.00180458881154937,0.00103119360659964,0.00103119360659964,0.00051559680329982,0.00051559680329982,0.00051559680329982,0.00051559680329982,0.00283578241814901,0.00283578241814901,0.00283578241814901,0.00283578241814901,"nonsyn","nonsyn","nonsyn",1.77e-05,1.76e-06,1.7e-06,1.7e-06,"0.00980832857142856","0.001648575","0.00341352","0.00329715","Q","Q","R","P","L",1,1,1,1,1,1,0
"5268",5531,3874,3874,"g","g","a","a",0,0,0.000516262261228704,0.000516262261228704,0,0.000516262261228704,0,0.000516262261228704,0.000516262261228704,0.000516262261228704,0.000516262261228704,0.000516262261228704,"syn","nonsyn","nonsyn",4.2e-06,5.36e-07,1.17e-06,1.17e-06,"1","0.00226629","1","0.00226629","Q","Q","Q","H","H",0,1,1,0,0,0,0
"5269",5532,3842,3847,"a","a","g","g",0.00416449765747007,0.00416449765747007,0.00104112441436752,0.00104112441436752,0.000260281103591879,0.000780843310775638,0.000260281103591879,0.000780843310775638,0.00520562207183758,0.00520562207183758,0.00519885625162464,0.00519885625162464,"nonsyn","nonsyn","stop",1.77e-05,1.76e-06,1.7e-06,1.7e-06,"0.0042502125","0.00163285","0.00676192000000001","0.00217713333333333","K","K","E","Q","*",1,1,1,0,0,0,0
"5270",5533,3766,3766,"a","a","g","g",0.00371747211895911,0.00371747211895911,0.00079660116834838,0.00079660116834838,0.000531067445565587,0.000265533722782793,0.000531067445565587,0.000265533722782793,0.00451407328730749,0.00451407328730749,0.00451407328730749,0.00451407328730749,"nonsyn","nonsyn","nonsyn",1.77e-05,1.76e-06,1.7e-06,1.7e-06,"0.0047613","0.00213406666666667","0.00331408","0.00640220000000001","K","K","R","T","M",0,1,1,0,1,1,0
"5271",5534,3727,3727,"g","g","a","a",0.00187818620874698,0.00187818620874698,0.000536624631070566,0.000536624631070566,0,0.000536624631070566,0,0.000536624631070566,0.00241481083981755,0.00241481083981755,0.00241481083981755,0.00241481083981755,"syn","nonsyn","nonsyn",4.2e-06,5.36e-07,1.17e-06,1.17e-06,"0.0022362","0.002180295","1","0.002180295","K","K","K","N","N",0,1,1,0,1,1,0
"5272",5535,3705,3705,"g","g","a","a",0.000809716599190283,0.000809716599190283,0.000269905533063428,0.000269905533063428,0,0.000269905533063428,0,0.000269905533063428,0.00107962213225371,0.00107962213225371,0.00107962213225371,0.00107962213225371,"nonsyn","nonsyn","nonsyn",4.2e-06,5.36e-07,1.17e-06,1.17e-06,"0.005187","0.00433485","1","0.00433485","A","A","T","P","S",1,1,1,0,0,0,0
"5273",5536,3707,3710,"c","c","t","t",0.00134879956838414,0.00134879956838414,0.000269759913676828,0.000269759913676828,0.000269759913676828,0,0.000269759913676828,0,0.00161855948206097,0.00161855948206097,0.00161725067385445,0.00161725067385445,"nonsyn","nonsyn","nonsyn",4.58e-06,8.37e-07,4.33e-07,4.33e-07,"0.003395612","0.001605131","0.003102759","1","A","A","V","D","G",0,1,1,0,0,0,0
"5274",5537,3695,3695,"c","c","t","t",0.00162381596752368,0.00162381596752368,0.00027063599458728,0.00027063599458728,0.00027063599458728,0,0.00027063599458728,0,0.00189445196211096,0.00189445196211096,0.00189445196211096,0.00189445196211096,"syn","syn","syn",4.58e-06,8.37e-07,4.33e-07,4.33e-07,"0.00282051666666667","0.001599935","0.003092715","1","A","A","A","A","A",0,0,0,0,1,0,1
"5275",5538,3681,3681,"c","c","t","t",0.0010866612333605,0.0010866612333605,0.0010866612333605,0.0010866612333605,0.00054333061668025,0.00054333061668025,0.00054333061668025,0.00054333061668025,0.002173322466721,0.002173322466721,0.002173322466721,0.002173322466721,"nonsyn","nonsyn","nonsyn",4.58e-06,8.37e-07,4.33e-07,4.33e-07,"0.004214745","0.00039846825","0.0015404985","0.0007969365","L","L","F","I","V",0,0,0,0,1,0,1
"5276",5539,3647,3648,"t","t","c","c",0.00301617768028517,0.00301617768028517,0.000274197970935015,0.000274197970935015,0.000274197970935015,0,0.000274197970935015,0,0.00329037565122018,0.00329037565122018,0.00328947368421053,0.00328947368421053,"nonsyn","nonsyn","nonsyn",1.7e-05,1.07e-06,1.21e-06,1.21e-06,"0.00563627272727272","0.00441287","0.00390229","1","L","L","P","H","R",1,1,1,0,1,0,1
"5277",5540,3667,3667,"c","c","t","t",0.00136351240796291,0.00136351240796291,0.000545404963185165,0.000545404963185165,0.000272702481592582,0.000272702481592582,0.000272702481592582,0.000272702481592582,0.00190891737114808,0.00190891737114808,0.00190891737114808,0.00190891737114808,"syn","syn","syn",4.58e-06,8.37e-07,4.33e-07,4.33e-07,"0.00335897200000001","0.0007939055","0.00306927900000001","0.001587811","L","L","L","L","L",0,0,0,0,0,0,0
"5278",5541,3620,3620,"g","g","a","a",0.00248618784530387,0.00248618784530387,0.000276243093922652,0.000276243093922652,0,0.000276243093922652,0,0.000276243093922652,0.00276243093922652,0.00276243093922652,0.00276243093922652,0.00276243093922652,"nonsyn","nonsyn","nonsyn",4.2e-06,5.36e-07,1.17e-06,1.17e-06,"0.00168933333333333","0.0042354","1","0.0042354","G","G","S","R","C",1,1,0,0,1,1,0
"5279",5542,3608,3608,"g","g","a","a",0.00360310421286031,0.00360310421286031,0.000554323725055432,0.000554323725055432,0,0.000554323725055432,0,0.000554323725055432,0.00415742793791574,0.00415742793791574,0.00415742793791574,0.00415742793791574,"nonsyn","nonsyn","nonsyn",4.2e-06,5.36e-07,1.17e-06,1.17e-06,"0.00116566153846154","0.00211068","1","0.00211068","G","G","D","A","V",1,1,1,0,0,0,0
"5280",5543,3592,3592,"c","c","t","t",0.000556792873051225,0.000556792873051225,0.000278396436525612,0.000278396436525612,0.000278396436525612,0,0.000278396436525612,0,0.000835189309576837,0.000835189309576837,0.000835189309576837,0.000835189309576837,"syn","syn","syn",4.58e-06,8.37e-07,4.33e-07,4.33e-07,"0.00822568","0.001555336","0.003006504","1","G","G","G","G","G",0,0,0,0,0,0,0
"5281",5544,3599,3599,"c","c","t","t",0.000555709919422062,0.000555709919422062,0,0,0,0,0,0,0.000555709919422062,0.000555709919422062,0.000555709919422062,0.000555709919422062,"nonsyn","nonsyn","nonsyn",4.58e-06,8.37e-07,4.33e-07,4.33e-07,"0.00824171","1","1","1","L","L","F","I","V",0,0,0,0,1,0,1
"5282",5545,3593,3594,"t","t","c","c",0.00139159476760367,0.00139159476760367,0.00055663790704147,0.00055663790704147,0.000278318953520735,0.000278318953520735,0.000278318953520735,0.000278318953520735,0.00194823267464514,0.00194823267464514,0.00194769059543684,0.00194769059543684,"nonsyn","nonsyn","nonsyn",1.7e-05,1.07e-06,1.21e-06,1.21e-06,"0.0122162","0.002173765","0.00384451","0.00434753","L","L","P","H","R",1,1,1,0,1,0,1
"5283",5546,3646,3647,"c","c","t","t",0.00164563905650027,0.00164563905650027,0.000274273176083379,0.000274273176083379,0.000274273176083379,0,0.000274273176083379,0,0.00191991223258365,0.00191991223258365,0.00191938579654511,0.00191938579654511,"syn","syn","syn",4.58e-06,8.37e-07,4.33e-07,4.33e-07,"0.00278311333333334","0.001578718","0.003051702","1","L","L","L","L","L",0,0,0,0,0,0,0
"5284",5547,3652,3652,"c","c","t","t",0.00164293537787514,0.00164293537787514,0.000547645125958379,0.000547645125958379,0.000547645125958379,0,0.000547645125958379,0,0.00219058050383352,0.00219058050383352,0.00219058050383352,0.00219058050383352,"syn","nonsyn","nonsyn",4.58e-06,8.37e-07,4.33e-07,4.33e-07,"0.00278769333333333","0.000790658","0.001528362","1","L","L","L","M","V",0,0,0,0,1,0,1
"5285",5548,3680,3680,"t","t","c","c",0.00326086956521739,0.00326086956521739,0.00108695652173913,0.00108695652173913,0.00108695652173913,0,0.00108695652173913,0,0.00434782608695652,0.00434782608695652,0.00434782608695652,0.00434782608695652,"nonsyn","nonsyn","nonsyn",1.7e-05,1.07e-06,1.21e-06,1.21e-06,"0.00521333333333334","0.0011132","0.0009844","1","L","L","P","Q","R",1,1,1,1,1,0,1
"5286",5549,3721,3721,"g","g","a","a",0.00322493953238377,0.00322493953238377,0.000268744961031981,0.000268744961031981,0.000268744961031981,0,0.000268744961031981,0,0.00349368449341575,0.00349368449341575,0.00349368449341575,0.00349368449341575,"syn","syn","syn",4.2e-06,5.36e-07,1.17e-06,1.17e-06,"0.00130235","0.00435356999999999","0.001994456","1","L","L","L","L","L",0,0,0,0,0,0,0
"5287",5550,3675,3675,"c","c","t","t",0.00108843537414966,0.00108843537414966,0,0,0,0,0,0,0.00108843537414966,0.00108843537414966,0.00108843537414966,0.00108843537414966,"stop","nonsyn","nonsyn",4.58e-06,8.37e-07,4.33e-07,4.33e-07,"0.004207875","1","1","1","Q","Q","*","K","E",1,1,1,0,0,0,0
"5288",5551,3661,3661,"a","a","g","g",0.00300464354001639,0.00300464354001639,0.000819448238186288,0.000819448238186288,0.000273149412728763,0.000546298825457525,0.000273149412728763,0.000546298825457525,0.00382409177820268,0.00382409177820268,0.00382409177820268,0.00382409177820268,"nonsyn","nonsyn","nonsyn",1.77e-05,1.76e-06,1.7e-06,1.7e-06,"0.00589088181818182","0.00207456666666667","0.00644335999999999","0.00311185","Q","Q","R","P","L",1,1,1,1,1,1,0
"5289",5552,3655,3655,"g","g","a","a",0.00027359781121751,0.00027359781121751,0,0,0,0,0,0,0.00027359781121751,0.00027359781121751,0.00027359781121751,0.00027359781121751,"syn","nonsyn","nonsyn",4.2e-06,5.36e-07,1.17e-06,1.17e-06,"0.015351","1","1","1","Q","Q","Q","H","H",0,1,1,0,0,0,0
"5290",5553,3652,3652,"a","a","g","g",0.00273822562979189,0.00273822562979189,0.000273822562979189,0.000273822562979189,0.000273822562979189,0,0.000273822562979189,0,0.00301204819277108,0.00301204819277108,0.00301204819277108,0.00301204819277108,"nonsyn","nonsyn","nonsyn",1.77e-05,1.76e-06,1.7e-06,1.7e-06,"0.00646404000000001","0.00620840000000001","0.00642752000000001","1","T","T","A","P","S",1,1,0,0,0,0,0
"5291",5554,3639,3640,"c","c","t","t",0,0,0,0,0,0,0,0,0,0,0,0,"nonsyn","nonsyn","nonsyn",4.58e-06,8.37e-07,4.33e-07,4.33e-07,"1","1","1","1","T","T","I","N","S",1,0,0,0,0,0,0
"5292",5555,3629,3629,"c","c","t","t",0.00385781206944062,0.00385781206944062,0,0,0,0,0,0,0.00385781206944062,0.00385781206944062,0.00385781206944062,0.00385781206944062,"syn","syn","syn",4.58e-06,8.37e-07,4.33e-07,4.33e-07,"0.00118720142857143","1","1","1","T","T","T","T","T",0,0,0,0,1,0,1
"5293",5556,3626,3626,"g","g","a","a",0.00193050193050193,0.00193050193050193,0.000275785990071704,0.000275785990071704,0.000275785990071704,0,0.000275785990071704,0,0.00220628792057364,0.00220628792057364,0.00220628792057364,0.00220628792057364,"nonsyn","nonsyn","nonsyn",4.2e-06,5.36e-07,1.17e-06,1.17e-06,"0.0021756","0.00424242000000001","0.001943536","1","A","A","T","P","S",1,1,1,0,0,0,0
"5294",5557,3608,3608,"c","c","t","t",0.000831485587583149,0.000831485587583149,0.000554323725055432,0.000554323725055432,0.000554323725055432,0,0.000554323725055432,0,0.00138580931263858,0.00138580931263858,0.00138580931263858,0.00138580931263858,"nonsyn","nonsyn","nonsyn",4.58e-06,8.37e-07,4.33e-07,4.33e-07,"0.00550821333333333","0.000781132","0.001509948","1","A","A","V","E","G",0,1,1,0,0,0,0
"5295",5558,3611,3611,"a","g","g","a",0.0213237330379396,0.97867626696206,0,0,0,0,0,0,0.0213237330379396,0.97867626696206,0.0213237330379396,0.97867626696206,"syn","syn","syn",4.2e-06,5.36e-07,1.17e-06,1.17e-06,"4.29151103565365e-06","1","1","1","A","A","A","A","A",0,0,0,0,0,0,0
"5296",5559,3614,3614,"t","t","c","c",0.00359712230215827,0.00359712230215827,0.000276701715550636,0.000276701715550636,0.000276701715550636,0,0.000276701715550636,0,0.00387382401770891,0.00387382401770891,0.00387382401770891,0.00387382401770891,"nonsyn","nonsyn","nonsyn",1.7e-05,1.07e-06,1.21e-06,1.21e-06,"0.004726","0.00437294000000001","0.00386698000000001","1","S","S","P","T","A",1,0,1,0,0,0,0
"5297",5560,3614,3614,"c","c","t","t",0.000276701715550636,0.000276701715550636,0,0,0,0,0,0,0.000276701715550636,0.000276701715550636,0.000276701715550636,0.000276701715550636,"nonsyn","nonsyn","nonsyn",4.58e-06,8.37e-07,4.33e-07,4.33e-07,"0.01655212","1","1","1","S","S","F","Y","C",1,1,1,0,0,0,0
"5298",5561,3624,3624,"c","c","t","t",0.000551876379690949,0.000551876379690949,0,0,0,0,0,0,0.000551876379690949,0.000551876379690949,0.000551876379690949,0.000551876379690949,"syn","syn","syn",4.58e-06,8.37e-07,4.33e-07,4.33e-07,"0.00829896","1","1","1","S","S","S","S","S",0,0,0,0,1,0,1
"5299",5562,3627,3627,"c","c","t","t",0.00137854976564654,0.00137854976564654,0.00110283981251723,0.00110283981251723,0.00110283981251723,0,0.00110283981251723,0,0.00248138957816377,0.00248138957816377,0.00248138957816377,0.00248138957816377,"nonsyn","nonsyn","nonsyn",4.58e-06,8.37e-07,4.33e-07,4.33e-07,"0.003322332","0.000392622750000001","0.000758949750000001","1","R","R","C","S","G",1,1,1,0,1,0,1
"5300",5563,3624,3624,"g","g","a","a",0.00248344370860927,0.00248344370860927,0.000275938189845475,0.000275938189845475,0,0.000275938189845475,0,0.000275938189845475,0.00275938189845475,0.00275938189845475,0.00275938189845475,0.00275938189845475,"nonsyn","nonsyn","nonsyn",4.2e-06,5.36e-07,1.17e-06,1.17e-06,"0.0016912","0.00424007999999999","1","0.00424007999999999","R","R","H","P","L",0,1,1,0,0,0,0
"5301",5564,3619,3619,"c","c","t","t",0.00110527770102238,0.00110527770102238,0.000552638850511191,0.000552638850511191,0.000552638850511191,0,0.000552638850511191,0,0.00165791655153357,0.00165791655153357,0.00165791655153357,0.00165791655153357,"syn","syn","syn",4.58e-06,8.37e-07,4.33e-07,4.33e-07,"0.00414375500000001","0.0007835135","0.0015145515","1","R","R","R","R","R",0,0,0,0,0,0,0
"5302",5565,3610,3610,"c","c","t","t",0.000831024930747922,0.000831024930747922,0,0,0,0,0,0,0.000831024930747922,0.000831024930747922,0.000831024930747922,0.000831024930747922,"nonsyn","nonsyn","nonsyn",4.58e-06,8.37e-07,4.33e-07,4.33e-07,"0.00551126666666667","1","1","1","Q","H","Y","N","D",1,1,1,0,1,0,1
"5303",5566,3618,3618,"a","a","g","g",0.00304035378662244,0.00304035378662244,0.00165837479270315,0.00165837479270315,0.000276395798783858,0.00138197899391929,0.000276395798783858,0.00138197899391929,0.00469872857932559,0.00469872857932559,0.00469872857932559,0.00469872857932559,"nonsyn","nonsyn","nonsyn",1.77e-05,1.76e-06,1.7e-06,1.7e-06,"0.00582169090909092","0.0010251","0.00636768000000001","0.00123012","Q","H","R","P","L",0,1,1,1,0,0,0
"5304",5567,3614,3614,"g","t","a","c",0.00221361372440509,0,0,1,0,0,0.00221361372440509,0.997786386275595,0.00221361372440509,1,0.00221361372440509,1,"syn","nonsyn","nonsyn",1.7e-05,1.07e-06,1.21e-06,1.21e-06,"1","1.21e-06","0.0004833725","1.21268441486412e-06","Q","H","H","Q","Q",0,1,1,1,0,0,0
"5305",5568,3607,3607,"g","g","a","a",0.00194067091766011,0.00194067091766011,0.000831716107568617,0.000831716107568617,0.000277238702522872,0.000554477405045744,0.000277238702522872,0.000554477405045744,0.00277238702522872,0.00277238702522872,0.00277238702522872,0.00277238702522872,"nonsyn","nonsyn","nonsyn",4.2e-06,5.36e-07,1.17e-06,1.17e-06,"0.00216419999999999","0.00140673","0.001933352","0.002110095","A","A","T","P","S",1,1,1,0,0,0,0
"5306",5569,3632,3632,"c","c","t","t",0.00137665198237885,0.00137665198237885,0,0,0,0,0,0,0.00137665198237885,0.00137665198237885,0.00137665198237885,0.00137665198237885,"nonsyn","nonsyn","nonsyn",4.58e-06,8.37e-07,4.33e-07,4.33e-07,"0.00332691200000001","1","1","1","A","A","V","E","G",0,1,1,0,0,0,0
"5307",5570,3591,3591,"a","a","g","g",0.00362016151489836,0.00362016151489836,0.000556947925368978,0.000556947925368978,0,0.000556947925368978,0,0.000556947925368978,0.00417710944026733,0.00417710944026733,0.00417710944026733,0.00417710944026733,"syn","syn","syn",1.77e-05,1.76e-06,1.7e-06,1.7e-06,"0.00488928461538461","0.00305235","1","0.00305235","A","A","A","A","A",0,0,0,1,1,1,0
"5308",5571,3575,3575,"g","g","a","a",0.00027972027972028,0.00027972027972028,0,0,0,0,0,0,0.00027972027972028,0.00027972027972028,0.00027972027972028,0.00027972027972028,"nonsyn","nonsyn","stop",4.2e-06,5.36e-07,1.17e-06,1.17e-06,"0.015015","1","1","1","E","E","K","Q","*",1,1,1,0,0,0,0
"5309",5572,3539,3540,"a","a","g","g",0.00593387962701328,0.00593387962701328,0.000847697089573326,0.000847697089573326,0,0.000847697089573326,0,0.000847697089573326,0.00678157671658661,0.00678157671658661,0.00677966101694915,0.00677966101694915,"nonsyn","nonsyn","nonsyn",1.77e-05,1.76e-06,1.7e-06,1.7e-06,"0.00298287142857143","0.00200543333333333","1","0.00200543333333333","E","E","G","A","V",1,1,1,0,1,1,0
"5310",5573,3595,3595,"a","g","g","a",0.00250347705146036,0.997218358831711,0.000278164116828929,0.000278164116828929,0,0.000278164116828929,0,0.000278164116828929,0.00278164116828929,0.99749652294854,0.00278164116828929,0.99749652294854,"syn","nonsyn","nonsyn",4.2e-06,5.36e-07,1.17e-06,1.17e-06,"4.21171548117155e-06","0.00420615","1","0.00420615","E","E","E","D","D",0,0,0,0,1,1,0
"5311",5574,3585,3585,"g","g","a","a",0.000557880055788006,0.000557880055788006,0.000278940027894003,0.000278940027894003,0,0.000278940027894003,0,0.000278940027894003,0.000836820083682008,0.000836820083682008,0.000836820083682008,0.000836820083682008,"nonsyn","nonsyn","nonsyn",4.2e-06,5.36e-07,1.17e-06,1.17e-06,"0.00752849999999999","0.00419445","1","0.00419445","V","V","I","L","F",0,0,0,0,0,0,0
"5312",5575,3546,3546,"t","t","c","c",0.00451212633953751,0.00451212633953751,0,0,0,0,0,0,0.00451212633953751,0.00451212633953751,0.00451212633953751,0.00451212633953751,"nonsyn","nonsyn","nonsyn",1.7e-05,1.07e-06,1.21e-06,1.21e-06,"0.003767625","1","1","1","V","V","A","D","G",0,1,1,0,0,0,0
"5313",5576,3430,3430,"c","t","t","c",0.00116618075801749,0.998250728862974,0.000583090379008746,0.000583090379008746,0.000583090379008746,0,0.000583090379008746,0,0.00174927113702624,0.998833819241983,0.00174927113702624,0.998833819241983,"syn","syn","syn",1.7e-05,1.07e-06,1.21e-06,1.21e-06,"1.70297897196262e-05","0.00207515","0.00183505","1","V","V","V","V","V",0,0,0,0,0,0,0
"5314",5577,3416,3416,"a","a","g","g",0.00322014051522248,0.00322014051522248,0.000292740046838407,0.000292740046838407,0,0.000292740046838407,0,0.000292740046838407,0.00351288056206089,0.00351288056206089,0.00351288056206089,0.00351288056206089,"nonsyn","nonsyn","nonsyn",1.77e-05,1.76e-06,1.7e-06,1.7e-06,"0.00549665454545455","0.00580720000000001","1","0.00580720000000001","I","I","V","L","F",0,0,0,0,0,0,0
"5315",5578,3333,3333,"t","t","c","c",0.0042004200420042,0.0042004200420042,0.0003000300030003,0.0003000300030003,0,0.0003000300030003,0,0.0003000300030003,0.0045004500450045,0.0045004500450045,0.0045004500450045,0.0045004500450045,"nonsyn","nonsyn","nonsyn",1.7e-05,1.07e-06,1.21e-06,1.21e-06,"0.00404721428571429","0.00403293","1","0.00403293","I","I","T","N","S",1,1,1,0,0,0,0
"5316",5579,3348,3348,"c","c","t","t",0.0017921146953405,0.0017921146953405,0,0,0,0,0,0,0.0017921146953405,0.0017921146953405,0.0017921146953405,0.0017921146953405,"syn","syn","nonsyn",4.58e-06,8.37e-07,4.33e-07,4.33e-07,"0.00255564","1","1","1","I","I","I","I","M",0,0,0,0,0,0,0
"5317",5580,3324,3324,"a","a","g","g",0.42870036101083,0.42870036101083,0.000902527075812274,0.000902527075812274,0.000601684717208183,0.000300842358604091,0.000601684717208183,0.000300842358604091,0.429602888086643,0.429602888086643,0.429602888086643,0.429602888086643,"nonsyn","nonsyn","nonsyn",1.77e-05,1.76e-06,1.7e-06,1.7e-06,"4.12875789473685e-05","0.0018836","0.00292512","0.00565080000000001","T","T","A","P","S",1,1,0,1,0,0,0
"5318",5581,3349,3350,"c","c","t","t",0.00238877276799045,0.00238877276799045,0.0212003583159152,0.0212003583159152,0,0.0212003583159152,0,0.0212003583159152,0.0235891310839056,0.0235891310839056,0.0235820895522388,0.0235820895522388,"nonsyn","nonsyn","nonsyn",4.58e-06,8.37e-07,4.33e-07,4.33e-07,"0.0019173025","2.04241830985915e-05","1","2.04241830985915e-05","T","T","I","N","S",1,0,0,0,0,0,0
"5319",5582,3345,3345,"c","c","t","t",0.000896860986547085,0.000896860986547085,0,0,0,0,0,0,0.000896860986547085,0.000896860986547085,0.000896860986547085,0.000896860986547085,"syn","syn","syn",4.58e-06,8.37e-07,4.33e-07,4.33e-07,"0.0051067","1","1","1","T","T","T","T","T",0,0,0,0,1,0,1
"5320",5583,3352,3352,"c","c","t","t",0.00208830548926014,0.00208830548926014,0,0,0,0,0,0,0.00208830548926014,0.00208830548926014,0.00208830548926014,0.00208830548926014,"nonsyn","nonsyn","nonsyn",4.58e-06,8.37e-07,4.33e-07,4.33e-07,"0.00219316571428572","1","1","1","P","P","S","T","A",1,1,1,0,1,0,1
"5321",5584,3350,3350,"c","c","t","t",0.000895522388059702,0.000895522388059702,0.000895522388059702,0.000895522388059702,0.000597014925373134,0.000298507462686567,0.000597014925373134,0.000298507462686567,0.0017910447761194,0.0017910447761194,0.0017910447761194,0.0017910447761194,"nonsyn","nonsyn","nonsyn",4.58e-06,8.37e-07,4.33e-07,4.33e-07,"0.00511433333333333","0.000483516666666666","0.001401975","0.00145055","P","P","L","H","R",1,1,1,0,1,0,1
"5322",5585,3345,3345,"t","t","c","c",0.00358744394618834,0.00358744394618834,0.000597907324364724,0.000597907324364724,0.000597907324364724,0,0.000597907324364724,0,0.00418535127055306,0.00418535127055306,0.00418535127055306,0.00418535127055306,"syn","syn","syn",1.7e-05,1.07e-06,1.21e-06,1.21e-06,"0.00473875","0.002023725","0.001789575","1","P","P","P","P","P",0,0,0,1,1,0,1
"5323",5586,3331,3331,"g","g","a","a",0.00330231161813269,0.00330231161813269,0.000300210147102972,0.000300210147102972,0,0.000300210147102972,0,0.000300210147102972,0.00360252176523566,0.00360252176523566,0.00360252176523566,0.00360252176523566,"nonsyn","nonsyn","nonsyn",4.2e-06,5.36e-07,1.17e-06,1.17e-06,"0.00127183636363636","0.00389727","1","0.00389727","A","A","T","P","S",1,1,1,0,0,0,0
"5324",5587,3346,3346,"c","c","t","t",0.000896592946802152,0.000896592946802152,0.000896592946802152,0.000896592946802152,0.000597728631201434,0.000298864315600717,0.000597728631201434,0.000298864315600717,0.0017931858936043,0.0017931858936043,0.0017931858936043,0.0017931858936043,"nonsyn","nonsyn","nonsyn",4.58e-06,8.37e-07,4.33e-07,4.33e-07,"0.00510822666666667","0.000482939333333333","0.001400301","0.001448818","A","A","V","D","G",0,1,1,0,0,0,0
"5325",5588,3447,3447,"t","t","c","c",0.0055120394545982,0.0055120394545982,0.00058021467943139,0.00058021467943139,0.00058021467943139,0,0.00058021467943139,0,0.00609225413402959,0.00609225413402959,0.00609225413402959,0.00609225413402959,"syn","syn","syn",1.7e-05,1.07e-06,1.21e-06,1.21e-06,"0.00308415789473684","0.002085435","0.001844145","1","A","A","A","A","A",0,0,0,1,1,0,1
"5326",5589,3483,3483,"g","g","a","a",0.00143554407120299,0.00143554407120299,0,0,0,0,0,0,0.00143554407120299,0.00143554407120299,0.00143554407120299,0.00143554407120299,"nonsyn","nonsyn","nonsyn",4.2e-06,5.36e-07,1.17e-06,1.17e-06,"0.00292571999999999","1","1","1","V","V","I","L","F",0,0,0,0,0,0,0
"5327",5590,3472,3472,"t","t","c","c",0.00288018433179724,0.00288018433179724,0.000288018433179724,0.000288018433179724,0.000288018433179724,0,0.000288018433179724,0,0.00316820276497696,0.00316820276497696,0.00316820276497696,0.00316820276497696,"nonsyn","nonsyn","nonsyn",1.7e-05,1.07e-06,1.21e-06,1.21e-06,"0.00590239999999999","0.00420111999999999","0.00371503999999999","1","V","V","A","D","G",0,1,1,0,0,0,0
"5328",5591,3481,3481,"c","c","t","t",0.0428037920137891,0.0428037920137891,0.00057454754380925,0.00057454754380925,0.000287273771904625,0.000287273771904625,0.000287273771904625,0.000287273771904625,0.0433783395575984,0.0433783395575984,0.0433783395575984,0.0433783395575984,"syn","syn","syn",4.58e-06,8.37e-07,4.33e-07,4.33e-07,"0.000106999865771812","0.0007536365","0.002913597","0.001507273","V","V","V","V","V",0,0,0,0,0,0,0
"5329",5592,3460,3460,"c","c","t","t",0.00173410404624277,0.00173410404624277,0.000289017341040462,0.000289017341040462,0.000289017341040462,0,0.000289017341040462,0,0.00202312138728324,0.00202312138728324,0.00202312138728324,0.00202312138728324,"stop","nonsyn","nonsyn",4.58e-06,8.37e-07,4.33e-07,4.33e-07,"0.00264113333333334","0.00149818","0.00289602","1","Q","Q","*","K","E",1,1,1,0,1,0,1
"5330",5593,3345,3345,"a","a","g","g",0.0038863976083707,0.0038863976083707,0.00119581464872945,0.00119581464872945,0.000298953662182362,0.000896860986547085,0.000298953662182362,0.000896860986547085,0.00508221225710015,0.00508221225710015,0.00508221225710015,0.00508221225710015,"nonsyn","nonsyn","nonsyn",1.77e-05,1.76e-06,1.7e-06,1.7e-06,"0.00455434615384616","0.001421625","0.00588719999999999","0.0018955","Q","Q","R","P","L",1,1,1,1,1,1,0
"5331",5594,3387,3387,"g","g","a","a",0.0023619722468261,0.0023619722468261,0.000590493061706525,0.000590493061706525,0,0.000590493061706525,0,0.000590493061706525,0.00295246530853262,0.00295246530853262,0.00295246530853262,0.00295246530853262,"syn","nonsyn","nonsyn",4.2e-06,5.36e-07,1.17e-06,1.17e-06,"0.001778175","0.001981395","1","0.001981395","Q","Q","Q","H","H",0,1,1,0,0,0,0
"5332",5595,3374,3374,"a","a","g","g",0.00474214582098399,0.00474214582098399,0.000592768227622999,0.000592768227622999,0,0.000592768227622999,0,0.000592768227622999,0.00533491404860699,0.00533491404860699,0.00533491404860699,0.00533491404860699,"nonsyn","nonsyn","nonsyn",1.77e-05,1.76e-06,1.7e-06,1.7e-06,"0.0037324875","0.0028679","1","0.0028679","T","T","A","P","S",1,1,0,0,0,0,0
"5333",5596,3368,3368,"c","c","t","t",0.000296912114014252,0.000296912114014252,0.000296912114014252,0.000296912114014252,0,0.000296912114014252,0,0.000296912114014252,0.000593824228028504,0.000593824228028504,0.000593824228028504,0.000593824228028504,"nonsyn","nonsyn","nonsyn",4.58e-06,8.37e-07,4.33e-07,4.33e-07,"0.01542544","0.001458344","1","0.001458344","T","T","I","N","S",1,0,0,0,0,0,0
"5334",5597,3360,3360,"c","c","t","t",0.00119047619047619,0.00119047619047619,0.000892857142857143,0.000892857142857143,0.000892857142857143,0,0.000892857142857143,0,0.00208333333333333,0.00208333333333333,0.00208333333333333,0.00208333333333333,"syn","syn","syn",4.58e-06,8.37e-07,4.33e-07,4.33e-07,"0.0038472","0.00048496","0.00093744","1","T","T","T","T","T",0,0,0,0,1,0,1
"5335",5598,3359,3359,"a","a","g","g",0.00148853825543316,0.00148853825543316,0.000297707651086633,0.000297707651086633,0,0.000297707651086633,0,0.000297707651086633,0.0017862459065198,0.0017862459065198,0.0017862459065198,0.0017862459065198,"nonsyn","nonsyn","nonsyn",1.77e-05,1.76e-06,1.7e-06,1.7e-06,"0.01189086","0.0057103","1","0.0057103","N","N","D","H","Y",1,1,1,1,0,0,0
"5336",5599,3340,3340,"a","a","g","g",0.00419161676646707,0.00419161676646707,0,0,0,0,0,0,0.00419161676646707,0.00419161676646707,0.00419161676646707,0.00419161676646707,"nonsyn","nonsyn","nonsyn",1.77e-05,1.76e-06,1.7e-06,1.7e-06,"0.00422271428571428","1","1","1","N","N","S","T","I",0,0,1,0,0,0,0
"5337",5600,3335,3335,"c","c","t","t",0.00179910044977511,0.00179910044977511,0.000299850074962519,0.000299850074962519,0.000299850074962519,0,0.000299850074962519,0,0.00209895052473763,0.00209895052473763,0.00209895052473763,0.00209895052473763,"syn","nonsyn","nonsyn",4.58e-06,8.37e-07,4.33e-07,4.33e-07,"0.00254571666666667","0.001444055","0.002791395","1","N","N","N","K","K",0,1,1,0,0,0,0
"5338",5601,3411,3411,"t","t","c","c",0.00381119906185869,0.00381119906185869,0.00146584579302257,0.00146584579302257,0.00117267663441806,0.000293169158604515,0.00117267663441806,0.000293169158604515,0.00527704485488127,0.00527704485488127,0.00527704485488127,0.00527704485488127,"nonsyn","nonsyn","nonsyn",1.7e-05,1.07e-06,1.21e-06,1.21e-06,"0.00446053846153846","0.000825462000000002","0.000912442499999999","0.00412731","W","W","R","R","G",1,1,1,1,1,0,1
"5339",5602,3399,3399,"g","g","a","a",0.00176522506619594,0.00176522506619594,0.000588408355398647,0.000588408355398647,0,0.000588408355398647,0,0.000588408355398647,0.00235363342159459,0.00235363342159459,0.00235363342159459,0.00235363342159459,"stop","nonsyn","nonsyn",4.2e-06,5.36e-07,1.17e-06,1.17e-06,"0.0023793","0.001988415","1","0.001988415","W","W","*","S","L",1,1,0,0,1,1,0
"5340",5603,3380,3380,"g","g","a","a",0.00325443786982249,0.00325443786982249,0.000887573964497041,0.000887573964497041,0.000887573964497041,0,0.000887573964497041,0,0.00414201183431953,0.00414201183431953,0.00414201183431953,0.00414201183431953,"stop","nonsyn","nonsyn",4.2e-06,5.36e-07,1.17e-06,1.17e-06,"0.00129054545454545","0.0013182","0.000603893333333334","1","W","W","*","C","C",1,1,1,0,0,0,0
"5341",5604,3366,3367,"c","c","t","t",0.0023767082590612,0.0023767082590612,0.0005941770647653,0.0005941770647653,0.0005941770647653,0,0.0005941770647653,0,0.0029708853238265,0.0029708853238265,0.00297000297000297,0.00297000297000297,"stop","nonsyn","nonsyn",4.58e-06,8.37e-07,4.33e-07,4.33e-07,"0.001927035","0.000728739","0.001408671","1","Q","Q","*","K","E",1,1,1,0,0,0,0
"5342",5605,3345,3362,"a","a","g","g",0.00597907324364723,0.00597907324364723,0.000298953662182362,0.000298953662182362,0.000298953662182362,0,0.000298953662182362,0,0.0062780269058296,0.0062780269058296,0.00624628197501487,0.00624628197501487,"nonsyn","nonsyn","nonsyn",1.77e-05,1.76e-06,1.7e-06,1.7e-06,"0.002960325","0.00568649999999999","0.00588719999999999","1","Q","Q","R","P","L",1,1,1,1,1,1,0
"5343",5606,3332,3332,"a","g","g","a",0.00120048019207683,0.998799519807923,0,0,0,0,0,0,0.00120048019207683,0.998799519807923,0.00120048019207683,0.998799519807923,"syn","nonsyn","nonsyn",4.2e-06,5.36e-07,1.17e-06,1.17e-06,"4.20504807692308e-06","1","1","1","Q","Q","Q","H","H",0,1,1,0,0,0,0
"5344",5607,3293,3293,"a","a","g","g",0.00182204676586699,0.00182204676586699,0.00121469784391133,0.00121469784391133,0.000911023382933495,0.000303674460977832,0.000911023382933495,0.000303674460977832,0.00303674460977832,0.00303674460977832,0.00303674460977832,0.00303674460977832,"nonsyn","nonsyn","stop",1.77e-05,1.76e-06,1.7e-06,1.7e-06,"0.00971435","0.001399525","0.00193189333333333","0.0055981","K","K","E","Q","*",1,1,1,0,0,0,0
"5345",5608,3248,3248,"a","a","g","g",0.00184729064039409,0.00184729064039409,0.000307881773399015,0.000307881773399015,0,0.000307881773399015,0,0.000307881773399015,0.0021551724137931,0.0021551724137931,0.0021551724137931,0.0021551724137931,"nonsyn","nonsyn","nonsyn",1.77e-05,1.76e-06,1.7e-06,1.7e-06,"0.00958159999999999","0.0055216","1","0.0055216","K","K","R","T","I",0,1,1,0,0,0,0
"5346",5609,3232,3232,"a","a","g","g",0.0015470297029703,0.0015470297029703,0.000309405940594059,0.000309405940594059,0.000309405940594059,0,0.000309405940594059,0,0.00185643564356436,0.00185643564356436,0.00185643564356436,0.00185643564356436,"syn","nonsyn","nonsyn",1.77e-05,1.76e-06,1.7e-06,1.7e-06,"0.01144128","0.00549440000000001","0.00568832000000001","1","K","K","K","N","N",0,1,1,0,0,0,0
"5347",5610,3217,3217,"c","c","t","t",0.000621697233447311,0.000621697233447311,0,0,0,0,0,0,0.000621697233447311,0.000621697233447311,0.000621697233447311,0.000621697233447311,"nonsyn","nonsyn","nonsyn",4.58e-06,8.37e-07,4.33e-07,4.33e-07,"0.00736693","1","1","1","L","L","F","I","V",0,0,0,0,0,0,0
"5348",5611,3192,3192,"t","t","c","c",0.0075187969924812,0.0075187969924812,0.0006265664160401,0.0006265664160401,0.0006265664160401,0,0.0006265664160401,0,0.0081453634085213,0.0081453634085213,0.0081453634085213,0.0081453634085213,"nonsyn","nonsyn","nonsyn",1.7e-05,1.07e-06,1.21e-06,1.21e-06,"0.002261","0.00193116","0.00170772","1","L","L","P","H","R",1,1,1,0,1,0,1
"5349",5612,3187,3187,"c","c","t","t",0.00125509883903357,0.00125509883903357,0.000313774709758393,0.000313774709758393,0.000313774709758393,0,0.000313774709758393,0,0.00156887354879197,0.00156887354879197,0.00156887354879197,0.00156887354879197,"syn","syn","syn",4.58e-06,8.37e-07,4.33e-07,4.33e-07,"0.00364911500000001","0.001379971","0.002667519","1","L","L","L","L","L",0,0,0,0,0,0,0
"5350",5613,3164,3164,"g","g","a","a",0.00126422250316056,0.00126422250316056,0.000948166877370417,0.000948166877370417,0,0.000948166877370417,0,0.000948166877370417,0.00221238938053097,0.00221238938053097,0.00221238938053097,0.00221238938053097,"nonsyn","nonsyn","stop",4.2e-06,5.36e-07,1.17e-06,1.17e-06,"0.00332219999999999","0.00123396","1","0.00123396","E","E","K","Q","*",1,1,1,0,0,0,0
"5351",5614,3140,3140,"a","a","g","g",0.00764331210191083,0.00764331210191083,0.000955414012738854,0.000955414012738854,0,0.000955414012738854,0,0.000955414012738854,0.00859872611464968,0.00859872611464968,0.00859872611464968,0.00859872611464968,"nonsyn","nonsyn","nonsyn",1.77e-05,1.76e-06,1.7e-06,1.7e-06,"0.00231575","0.00177933333333333","1","0.00177933333333333","E","E","G","A","V",1,1,1,0,1,1,0
"5352",5615,3061,3061,"g","g","a","a",0.00130676249591637,0.00130676249591637,0.000326690623979092,0.000326690623979092,0,0.000326690623979092,0,0.000326690623979092,0.00163345311989546,0.00163345311989546,0.00163345311989546,0.00163345311989546,"syn","nonsyn","nonsyn",4.2e-06,5.36e-07,1.17e-06,1.17e-06,"0.00321404999999999","0.00358137","1","0.00358137","E","E","E","D","D",0,0,0,0,1,1,0
"5353",5616,3014,3014,"g","g","a","a",0.0013271400132714,0.0013271400132714,0,0,0,0,0,0,0.0013271400132714,0.0013271400132714,0.0013271400132714,0.0013271400132714,"nonsyn","nonsyn","nonsyn",4.2e-06,5.36e-07,1.17e-06,1.17e-06,"0.0031647","1","1","1","A","V","I","L","F",0,0,0,0,0,0,0
"5354",5617,3026,3027,"c","t","t","c",0.0023132848645076,0.997356245869134,0.000330469266358229,0.000330469266358229,0.000330469266358229,0,0.000330469266358229,0,0.00264375413086583,0.997686715135492,0.00264288074000661,0.997357119259993,"nonsyn","nonsyn","nonsyn",1.7e-05,1.07e-06,1.21e-06,1.21e-06,"1.70450629555997e-05","0.00366146","0.00323782","1","A","V","A","D","G",0,1,1,0,0,0,0
"5355",5618,3045,3045,"c","c","t","t",0.000656814449917898,0.000656814449917898,0,0,0,0,0,0,0.000656814449917898,0.000656814449917898,0.000656814449917898,0.000656814449917898,"syn","syn","syn",4.58e-06,8.37e-07,4.33e-07,4.33e-07,"0.00697305","1","1","1","A","V","V","V","V",0,0,0,0,0,0,0
"5356",5619,3051,3051,"t","t","c","c",0.0042608980662078,0.0042608980662078,0.000655522779416585,0.000655522779416585,0.000327761389708292,0.000327761389708292,0.000327761389708292,0.000327761389708292,0.00491642084562439,0.00491642084562439,0.00491642084562439,0.00491642084562439,"nonsyn","nonsyn","nonsyn",1.7e-05,1.07e-06,1.21e-06,1.21e-06,"0.00398976923076923","0.001845855","0.00326457","0.00369171","F","F","L","I","V",0,0,0,0,1,0,1
"5357",5620,2973,2973,"t","t","c","c",0.00336360578540195,0.00336360578540195,0.00067272115708039,0.00067272115708039,0.000336360578540195,0.000336360578540195,0.000336360578540195,0.000336360578540195,0.00403632694248234,0.00403632694248234,0.00403632694248234,0.00403632694248234,"nonsyn","nonsyn","nonsyn",1.7e-05,1.07e-06,1.21e-06,1.21e-06,"0.0050541","0.001798665","0.00318111","0.00359733","F","F","S","Y","C",1,0,1,0,0,0,0
"5358",5621,2954,2954,"c","t","t","c",0.000677048070412999,0.999322951929587,0,0,0,0,0,0,0.000677048070412999,0.999322951929587,0.000677048070412999,0.999322951929587,"syn","nonsyn","nonsyn",1.7e-05,1.07e-06,1.21e-06,1.21e-06,"1.70115176151762e-05","1","1","1","F","F","F","L","L",0,0,0,0,0,0,0
"5359",5622,2948,2948,"t","t","c","c",0.00135685210312076,0.00135685210312076,0.00101763907734057,0.00101763907734057,0.00067842605156038,0.00033921302578019,0.00067842605156038,0.00033921302578019,0.00237449118046133,0.00237449118046133,0.00237449118046133,0.00237449118046133,"nonsyn","nonsyn","nonsyn",1.7e-05,1.07e-06,1.21e-06,1.21e-06,"0.012529","0.00118902666666667","0.00157718","0.00356708","W","W","R","R","G",1,1,1,1,0,0,0
"5360",5623,2969,2969,"g","g","a","a",0.00202088245200404,0.00202088245200404,0.00134725496800269,0.00134725496800269,0,0.00134725496800269,0,0.00134725496800269,0.00336813742000674,0.00336813742000674,0.00336813742000674,0.00336813742000674,"stop","nonsyn","nonsyn",4.2e-06,5.36e-07,1.17e-06,1.17e-06,"0.0020783","0.000868432500000003","1","0.000868432500000003","W","W","*","S","L",1,1,0,0,1,1,0
"5361",5624,2938,2938,"g","g","a","a",0.00170183798502383,0.00170183798502383,0.00068073519400953,0.00068073519400953,0.000340367597004765,0.000340367597004765,0.000340367597004765,0.000340367597004765,0.00238257317903336,0.00238257317903336,0.00238257317903336,0.00238257317903336,"stop","nonsyn","nonsyn",4.2e-06,5.36e-07,1.17e-06,1.17e-06,"0.00246791999999999","0.00171873","0.001574768","0.00343746","W","W","*","C","C",1,1,1,0,1,1,0
"5362",5625,2911,2911,"g","g","a","a",0.00240467193404328,0.00240467193404328,0.000343524562006183,0.000343524562006183,0.000343524562006183,0,0.000343524562006183,0,0.00274819649604947,0.00274819649604947,0.00274819649604947,0.00274819649604947,"nonsyn","nonsyn","nonsyn",4.2e-06,5.36e-07,1.17e-06,1.17e-06,"0.0017466","0.00340587","0.001560296","1","A","A","T","P","S",1,1,1,0,0,0,0
"5363",5626,2904,2904,"c","c","t","t",0.00103305785123967,0.00103305785123967,0,0,0,0,0,0,0.00103305785123967,0.00103305785123967,0.00103305785123967,0.00103305785123967,"nonsyn","nonsyn","nonsyn",4.58e-06,8.37e-07,4.33e-07,4.33e-07,"0.00443344","1","1","1","A","A","V","E","G",0,1,1,0,0,0,0
"5364",5627,2891,2891,"g","g","a","a",0.0013836042891733,0.0013836042891733,0.000345901072293324,0.000345901072293324,0,0.000345901072293324,0,0.000345901072293324,0.00172950536146662,0.00172950536146662,0.00172950536146662,0.00172950536146662,"syn","syn","syn",4.2e-06,5.36e-07,1.17e-06,1.17e-06,"0.00303554999999999","0.00338247","1","0.00338247","A","A","A","A","A",0,0,0,0,0,0,0
"5365",5628,2870,2870,"a","a","g","g",0.00592334494773519,0.00592334494773519,0.000348432055749129,0.000348432055749129,0,0.000348432055749129,0,0.000348432055749129,0.00627177700348432,0.00627177700348432,0.00627177700348432,0.00627177700348432,"nonsyn","nonsyn","stop",1.77e-05,1.76e-06,1.7e-06,1.7e-06,"0.00298817647058824","0.004879","1","0.004879","K","K","E","Q","*",1,1,1,0,0,0,0
"5366",5629,2855,2855,"a","a","g","g",0.00525394045534151,0.00525394045534151,0,0,0,0,0,0,0.00525394045534151,0.00525394045534151,0.00525394045534151,0.00525394045534151,"nonsyn","nonsyn","nonsyn",1.77e-05,1.76e-06,1.7e-06,1.7e-06,"0.0033689","1","1","1","K","K","R","T","M",0,1,1,0,1,1,0
"5367",5630,2907,2907,"g","g","a","a",0.00137598899208806,0.00137598899208806,0,0,0,0,0,0,0.00137598899208806,0.00137598899208806,0.00137598899208806,0.00137598899208806,"syn","nonsyn","nonsyn",4.2e-06,5.36e-07,1.17e-06,1.17e-06,"0.00305235000000001","1","1","1","K","K","K","N","N",0,1,1,0,0,0,0
"5368",5631,2920,2920,"c","c","t","t",0.00308219178082192,0.00308219178082192,0,0,0,0,0,0,0.00308219178082192,0.00308219178082192,0.00308219178082192,0.00308219178082192,"nonsyn","nonsyn","nonsyn",4.58e-06,8.37e-07,4.33e-07,4.33e-07,"0.00148595555555555","1","1","1","H","H","Y","N","D",1,1,1,0,0,0,0
"5369",5632,2913,2913,"a","a","g","g",0.00446275317542053,0.00446275317542053,0,0,0,0,0,0,0.00446275317542053,0.00446275317542053,0.00446275317542053,0.00446275317542053,"nonsyn","nonsyn","nonsyn",1.77e-05,1.76e-06,1.7e-06,1.7e-06,"0.00396616153846154","1","1","1","H","H","R","P","L",0,1,1,1,0,0,0
"5370",5633,2927,2928,"t","c","c","t",0.00307482063546293,0.99624188588999,0.000683293474547318,0.000683293474547318,0.000683293474547318,0,0.000683293474547318,0,0.00375811411001025,0.996925179364537,0.0037568306010929,0.996584699453552,"syn","nonsyn","nonsyn",4.58e-06,8.37e-07,4.33e-07,4.33e-07,"4.59727709190672e-06","0.0006336955","0.0012249495","1","H","H","H","Q","Q",0,1,1,0,0,0,0
"5371",5634,2897,2897,"a","a","g","g",0.00276147739040387,0.00276147739040387,0,0,0,0,0,0,0.00276147739040387,0.00276147739040387,0.00276147739040387,0.00276147739040387,"nonsyn","nonsyn","nonsyn",1.77e-05,1.76e-06,1.7e-06,1.7e-06,"0.00640961249999999","1","1","1","M","M","V","L","L",0,0,0,1,0,0,0
"5372",5635,2909,2909,"t","t","c","c",0.00412512891027845,0.00412512891027845,0.000343760742523204,0.000343760742523204,0.000343760742523204,0,0.000343760742523204,0,0.00446888965280165,0.00446888965280165,0.00446888965280165,0.00446888965280165,"nonsyn","nonsyn","nonsyn",1.7e-05,1.07e-06,1.21e-06,1.21e-06,"0.00412108333333333","0.00351989","0.00311263","1","M","M","T","K","R",1,1,1,1,0,0,0
"5373",5636,2916,2916,"g","g","a","a",0.00240054869684499,0.00240054869684499,0,0,0,0,0,0,0.00240054869684499,0.00240054869684499,0.00240054869684499,0.00240054869684499,"nonsyn","nonsyn","nonsyn",4.2e-06,5.36e-07,1.17e-06,1.17e-06,"0.0017496","1","1","1","M","M","I","I","I",0,0,0,0,0,0,0
"5374",5637,2900,2900,"t","t","c","c",0.00448275862068965,0.00448275862068965,0.000689655172413793,0.000689655172413793,0.000689655172413793,0,0.000689655172413793,0,0.00517241379310345,0.00517241379310345,0.00517241379310345,0.00517241379310345,"nonsyn","nonsyn","nonsyn",1.7e-05,1.07e-06,1.21e-06,1.21e-06,"0.0037923076923077","0.0017545","0.0015515","1","W","W","R","R","G",1,1,1,1,0,0,0
"5375",5638,2892,2892,"g","g","a","a",0.000691562932226833,0.000691562932226833,0.000345781466113416,0.000345781466113416,0,0.000345781466113416,0,0.000345781466113416,0.00103734439834025,0.00103734439834025,0.00103734439834025,0.00103734439834025,"stop","nonsyn","nonsyn",4.2e-06,5.36e-07,1.17e-06,1.17e-06,"0.0060732","0.00338364","1","0.00338364","W","W","*","S","L",1,1,0,0,1,1,0
"5376",5639,2902,2902,"g","g","a","a",0.00137835975189524,0.00137835975189524,0.000344589937973811,0.000344589937973811,0,0.000344589937973811,0,0.000344589937973811,0.00172294968986906,0.00172294968986906,0.00172294968986906,0.00172294968986906,"stop","nonsyn","nonsyn",4.2e-06,5.36e-07,1.17e-06,1.17e-06,"0.00304710000000001","0.00339534","1","0.00339534","W","W","*","C","C",1,1,1,0,0,0,0
"5377",5640,2873,2873,"a","a","g","g",0.00452488687782805,0.00452488687782805,0.000696136442742778,0.000696136442742778,0,0.000696136442742778,0,0.000696136442742778,0.00522102332057083,0.00522102332057083,0.00522102332057083,0.00522102332057083,"nonsyn","nonsyn","nonsyn",1.77e-05,1.76e-06,1.7e-06,1.7e-06,"0.0039117","0.00244205","1","0.00244205","N","N","D","H","Y",1,1,1,0,0,0,0
"5378",5641,2872,2872,"a","a","g","g",0.00383008356545961,0.00383008356545961,0.000348189415041783,0.000348189415041783,0.000348189415041783,0,0.000348189415041783,0,0.00417827298050139,0.00417827298050139,0.00417827298050139,0.00417827298050139,"nonsyn","nonsyn","nonsyn",1.77e-05,1.76e-06,1.7e-06,1.7e-06,"0.00462130909090909","0.0048824","0.00505472","1","N","N","S","T","I",0,0,1,0,0,0,0
"5379",5642,2879,2879,"c","t","t","c",0.00173671413685307,0.998263285863147,0,0,0,0,0,0,0.00173671413685307,0.998263285863147,0.00173671413685307,0.998263285863147,"syn","nonsyn","nonsyn",1.7e-05,1.07e-06,1.21e-06,1.21e-06,"1.70295755045233e-05","1","1","1","N","N","N","K","K",0,1,1,0,0,0,0
"5380",5643,2865,2865,"t","t","c","c",0.00593368237347295,0.00593368237347295,0.000698080279232112,0.000698080279232112,0.000698080279232112,0,0.000698080279232112,0,0.00663176265270506,0.00663176265270506,0.00663176265270506,0.00663176265270506,"nonsyn","nonsyn","nonsyn",1.7e-05,1.07e-06,1.21e-06,1.21e-06,"0.002865","0.001733325","0.001532775","1","F","F","L","I","V",0,0,0,0,0,0,0
"5381",5644,2869,2869,"t","t","c","c",0.00487974904147787,0.00487974904147787,0.000348553502962705,0.000348553502962705,0.000348553502962705,0,0.000348553502962705,0,0.00522830254444057,0.00522830254444057,0.00522830254444057,0.00522830254444057,"nonsyn","nonsyn","nonsyn",1.7e-05,1.07e-06,1.21e-06,1.21e-06,"0.00348378571428571","0.00347149","0.00306983","1","F","F","S","Y","C",1,0,1,0,0,0,0
"5382",5645,2865,2865,"c","c","t","t",0.000698080279232112,0.000698080279232112,0.000349040139616056,0.000349040139616056,0.000349040139616056,0,0.000349040139616056,0,0.00104712041884817,0.00104712041884817,0.00104712041884817,0.00104712041884817,"syn","nonsyn","nonsyn",4.58e-06,8.37e-07,4.33e-07,4.33e-07,"0.00656085","0.001240545","0.002398005","1","F","F","F","L","L",0,0,0,0,0,0,0
"5383",5646,2820,2820,"a","a","g","g",0.00319148936170213,0.00319148936170213,0.000709219858156028,0.000709219858156028,0.000354609929078014,0.000354609929078014,0.000354609929078014,0.000354609929078014,0.00390070921985816,0.00390070921985816,0.00390070921985816,0.00390070921985816,"nonsyn","nonsyn","nonsyn",1.77e-05,1.76e-06,1.7e-06,1.7e-06,"0.005546","0.002397","0.0049632","0.004794","I","I","V","L","F",0,0,0,1,0,0,0
"5384",5647,2843,2843,"t","t","c","c",0.00140696447414703,0.00140696447414703,0,0,0,0,0,0,0.00140696447414703,0.00140696447414703,0.00140696447414703,0.00140696447414703,"nonsyn","nonsyn","nonsyn",1.7e-05,1.07e-06,1.21e-06,1.21e-06,"0.01208275","1","1","1","I","I","T","N","S",1,1,1,0,0,0,0
"5385",5648,2810,2810,"t","c","c","t",0.00213523131672598,0.997864768683274,0,0,0,0,0,0,0.00213523131672598,0.997864768683274,0.00213523131672598,0.997864768683274,"syn","syn","nonsyn",4.58e-06,8.37e-07,4.33e-07,4.33e-07,"4.58980028530671e-06","1","1","1","I","I","I","I","M",0,0,0,0,0,0,0
"5386",5649,2812,2812,"a","a","g","g",0.000355618776671408,0.000355618776671408,0,0,0,0,0,0,0.000355618776671408,0.000355618776671408,0.000355618776671408,0.000355618776671408,"nonsyn","nonsyn","nonsyn",1.77e-05,1.76e-06,1.7e-06,1.7e-06,"0.0497724","1","1","1","S","S","G","R","C",1,1,1,1,1,1,0
"5387",5650,2818,2818,"g","g","a","a",0.00035486160397445,0.00035486160397445,0.00035486160397445,0.00035486160397445,0.00035486160397445,0,0.00035486160397445,0,0.0007097232079489,0.0007097232079489,0.0007097232079489,0.0007097232079489,"nonsyn","nonsyn","nonsyn",4.2e-06,5.36e-07,1.17e-06,1.17e-06,"0.0118356","0.00329706","0.001510448","1","S","S","N","T","I",0,0,1,0,0,0,0
"5388",5651,2775,2775,"t","t","c","c",0.00144144144144144,0.00144144144144144,0.00504504504504504,0.00504504504504504,0.00468468468468468,0.00036036036036036,0.00468468468468468,0.00036036036036036,0.00648648648648649,0.00648648648648649,0.00648648648648649,0.00648648648648649,"syn","nonsyn","nonsyn",1.7e-05,1.07e-06,1.21e-06,1.21e-06,"0.01179375","0.000239839285714286","0.000228403846153846","0.00335775","S","S","S","R","R",0,1,1,1,0,0,0
"5389",5652,2777,2778,"g","g","a","a",0.00144040331292762,0.00144040331292762,0.00180050414115952,0.00180050414115952,0.000360100828231905,0.00144040331292762,0.000360100828231905,0.00144040331292762,0.00324090745408714,0.00324090745408714,0.00323974082073434,0.00323974082073434,"nonsyn","nonsyn","nonsyn",4.2e-06,5.36e-07,1.17e-06,1.17e-06,"0.00291585","0.000649818000000002","0.001488472","0.0008122725","G","G","R","R","W",1,1,1,0,1,1,0
"5390",5653,2778,2778,"g","g","a","a",0.00143988480921526,0.00143988480921526,0.000359971202303816,0.000359971202303816,0,0.000359971202303816,0,0.000359971202303816,0.00179985601151908,0.00179985601151908,0.00179985601151908,0.00179985601151908,"nonsyn","nonsyn","nonsyn",4.2e-06,5.36e-07,1.17e-06,1.17e-06,"0.00291690000000001","0.00325026","1","0.00325026","G","G","E","A","V",1,1,1,0,1,1,0
"5391",5654,2732,2732,"g","g","a","a",0.00183016105417277,0.00183016105417277,0.000732064421669107,0.000732064421669107,0,0.000732064421669107,0,0.000732064421669107,0.00256222547584187,0.00256222547584187,0.00256222547584187,0.00256222547584187,"syn","syn","syn",4.2e-06,5.36e-07,1.17e-06,1.17e-06,"0.00229488","0.00159822","1","0.00159822","G","G","G","G","G",0,0,0,0,0,0,0
"5392",5655,2729,2729,"a","a","g","g",0.00439721509710517,0.00439721509710517,0.000366434591425431,0.000366434591425431,0,0.000366434591425431,0,0.000366434591425431,0.0047636496885306,0.0047636496885306,0.0047636496885306,0.0047636496885306,"nonsyn","nonsyn","nonsyn",1.77e-05,1.76e-06,1.7e-06,1.7e-06,"0.004025275","0.00463929999999999","1","0.00463929999999999","I","I","V","L","L",0,0,0,0,0,0,0
"5393",5656,2776,2776,"t","t","c","c",0.00216138328530259,0.00216138328530259,0.0010806916426513,0.0010806916426513,0.0010806916426513,0,0.0010806916426513,0,0.00324207492795389,0.00324207492795389,0.00324207492795389,0.00324207492795389,"nonsyn","nonsyn","nonsyn",1.7e-05,1.07e-06,1.21e-06,1.21e-06,"0.00786533333333335","0.00111965333333333","0.000990106666666664","1","I","I","T","K","R",1,1,1,0,0,0,0
"5394",5657,2737,2737,"a","a","g","g",0.00474972597734746,0.00474972597734746,0.000730727073438071,0.000730727073438071,0,0.000730727073438071,0,0.000730727073438071,0.00548045305078553,0.00548045305078553,0.00548045305078553,0.00548045305078553,"nonsyn","syn","syn",1.77e-05,1.76e-06,1.7e-06,1.7e-06,"0.00372653076923077","0.00232645","1","0.00232645","I","I","M","I","I",0,0,0,0,0,0,0
"5395",5658,2758,2758,"c","c","t","t",0.00253807106598985,0.00253807106598985,0,0,0,0,0,0,0.00253807106598985,0.00253807106598985,0.00253807106598985,0.00253807106598985,"stop","nonsyn","nonsyn",4.58e-06,8.37e-07,4.33e-07,4.33e-07,"0.00180452","1","1","1","Q","Q","*","K","E",1,1,1,0,0,0,0
"5396",5659,2638,2638,"a","a","g","g",0.0045489006823351,0.0045489006823351,0.00189537528430629,0.00189537528430629,0.000379075056861259,0.00151630022744503,0.000379075056861259,0.00151630022744503,0.00644427596664139,0.00644427596664139,0.00644427596664139,0.00644427596664139,"nonsyn","nonsyn","nonsyn",1.77e-05,1.76e-06,1.7e-06,1.7e-06,"0.00389105","0.000896920000000001","0.00464287999999999","0.00112115","Q","Q","R","P","L",1,1,1,1,0,0,0
"5397",5660,2755,2755,"a","a","g","g",0.00544464609800363,0.00544464609800363,0.000725952813067151,0.000725952813067151,0.000725952813067151,0,0.000725952813067151,0,0.00617059891107078,0.00617059891107078,0.00617059891107078,0.00617059891107078,"syn","nonsyn","nonsyn",1.77e-05,1.76e-06,1.7e-06,1.7e-06,"0.0032509","0.00234175","0.0024244","1","Q","Q","Q","H","H",0,1,1,0,0,0,0
"5398",5661,2684,2684,"t","t","c","c",0.0022354694485842,0.0022354694485842,0.0011177347242921,0.0011177347242921,0.0011177347242921,0,0.0011177347242921,0,0.0033532041728763,0.0033532041728763,0.0033532041728763,0.0033532041728763,"nonsyn","nonsyn","nonsyn",1.7e-05,1.07e-06,1.21e-06,1.21e-06,"0.00760466666666668","0.00108254666666667","0.000957293333333334","1","Y","Y","H","N","D",1,1,1,0,0,0,0
"5399",5662,2708,2708,"a","a","g","g",0.00184638109305761,0.00184638109305761,0,0,0,0,0,0,0.00184638109305761,0.00184638109305761,0.00184638109305761,0.00184638109305761,"nonsyn","nonsyn","nonsyn",1.77e-05,1.76e-06,1.7e-06,1.7e-06,"0.00958631999999998","1","1","1","Y","Y","C","S","F",1,1,0,0,0,0,0
"5400",5663,2646,2646,"c","c","t","t",0.00151171579743008,0.00151171579743008,0,0,0,0,0,0,0.00151171579743008,0.00151171579743008,0.00151171579743008,0.00151171579743008,"syn","stop","stop",4.58e-06,8.37e-07,4.33e-07,4.33e-07,"0.00302967000000001","1","1","1","Y","Y","Y","*","*",0,1,1,0,0,0,0
"5401",5664,2512,2512,"t","t","c","c",0.00398089171974522,0.00398089171974522,0.000398089171974522,0.000398089171974522,0.000398089171974522,0,0.000398089171974522,0,0.00437898089171975,0.00437898089171975,0.00437898089171975,0.00437898089171975,"syn","nonsyn","nonsyn",1.7e-05,1.07e-06,1.21e-06,1.21e-06,"0.0042704","0.00303952","0.00268784","1","L","L","L","M","V",0,0,0,0,1,0,1
"5402",5665,2569,2569,"t","t","c","c",0.0035033086804204,0.0035033086804204,0.000389256520046711,0.000389256520046711,0.000389256520046711,0,0.000389256520046711,0,0.00389256520046711,0.00389256520046711,0.00389256520046711,0.00389256520046711,"nonsyn","stop","nonsyn",1.7e-05,1.07e-06,1.21e-06,1.21e-06,"0.00485255555555555","0.00310849","0.00274883","1","L","L","S","*","W",1,1,0,1,0,0,0
"5403",5666,2561,2561,"a","g","g","a",0.0808278016399844,0.919172198360016,0,0,0,0,0,0,0.0808278016399844,0.919172198360016,0.0808278016399844,0.919172198360016,"syn","nonsyn","nonsyn",4.2e-06,5.36e-07,1.17e-06,1.17e-06,"4.56932880203908e-06","1","1","1","L","L","L","F","F",0,0,0,0,1,1,0
"5404",5667,2511,2511,"g","g","a","a",0.000398247710075667,0.000398247710075667,0,0,0,0,0,0,0.000398247710075667,0.000398247710075667,0.000398247710075667,0.000398247710075667,"nonsyn","nonsyn","nonsyn",4.2e-06,5.36e-07,1.17e-06,1.17e-06,"0.0105462","1","1","1","A","A","T","P","S",1,1,1,0,0,0,0
"5405",5668,2502,2502,"c","c","t","t",0.00279776179056755,0.00279776179056755,0.000399680255795364,0.000399680255795364,0.000399680255795364,0,0.000399680255795364,0,0.00319744204636291,0.00319744204636291,0.00319744204636291,0.00319744204636291,"nonsyn","nonsyn","nonsyn",4.58e-06,8.37e-07,4.33e-07,4.33e-07,"0.00163702285714285","0.001083366","0.002094174","1","A","A","V","E","G",0,1,1,0,0,0,0
"5406",5669,2438,2438,"g","g","a","a",0.0036915504511895,0.0036915504511895,0.000410172272354389,0.000410172272354389,0,0.000410172272354389,0,0.000410172272354389,0.00410172272354389,0.00410172272354389,0.00410172272354389,0.00410172272354389,"syn","syn","syn",4.2e-06,5.36e-07,1.17e-06,1.17e-06,"0.00113773333333333","0.00285246","1","0.00285246","A","A","A","A","A",0,0,0,0,1,1,0
"5407",5670,2396,2396,"g","g","a","a",0.00125208681135225,0.00125208681135225,0.00125208681135225,0.00125208681135225,0,0.00125208681135225,0,0.00125208681135225,0.00250417362270451,0.00250417362270451,0.00250417362270451,0.00250417362270451,"nonsyn","nonsyn","nonsyn",4.2e-06,5.36e-07,1.17e-06,1.17e-06,"0.00335440000000001","0.000934440000000003","1","0.000934440000000003","G","G","S","R","C",1,1,0,0,1,1,0
"5408",5671,2359,2359,"g","g","a","a",0.00127172530733362,0.00127172530733362,0.000847816871555744,0.000847816871555744,0.000423908435777872,0.000423908435777872,0.000423908435777872,0.000423908435777872,0.00211954217888936,0.00211954217888936,0.00211954217888936,0.00211954217888936,"nonsyn","nonsyn","nonsyn",4.2e-06,5.36e-07,1.17e-06,1.17e-06,"0.00330259999999999","0.001380015","0.001264424","0.00276003","G","G","D","A","V",1,1,1,0,0,0,0
"5409",5672,2403,2403,"c","c","t","t",0.00124843945068664,0.00124843945068664,0,0,0,0,0,0,0.00124843945068664,0.00124843945068664,0.00124843945068664,0.00124843945068664,"syn","syn","syn",4.58e-06,8.37e-07,4.33e-07,4.33e-07,"0.00366858000000001","1","1","1","G","G","G","G","G",0,0,0,0,0,0,0
"5410",5673,2415,2415,"c","c","t","t",0.00165631469979296,0.00165631469979296,0.00124223602484472,0.00124223602484472,0.00124223602484472,0,0.00124223602484472,0,0.00289855072463768,0.00289855072463768,0.00289855072463768,0.00289855072463768,"syn","nonsyn","nonsyn",4.58e-06,8.37e-07,4.33e-07,4.33e-07,"0.002765175","0.000348565","0.000673785","1","L","L","L","M","V",0,0,0,0,1,0,1
"5411",5674,2536,2536,"t","t","c","c",0.0082807570977918,0.0082807570977918,0.00157728706624606,0.00157728706624606,0.00118296529968454,0.000394321766561514,0.00118296529968454,0.000394321766561514,0.00985804416403785,0.00985804416403785,0.00985804416403785,0.00985804416403785,"nonsyn","nonsyn","nonsyn",1.7e-05,1.07e-06,1.21e-06,1.21e-06,"0.00205295238095238","0.000767139999999999","0.000904506666666669","0.00306856","L","L","P","Q","R",1,1,1,1,1,0,1
"5412",5675,2552,2552,"g","g","a","a",0.00156739811912226,0.00156739811912226,0,0,0,0,0,0,0.00156739811912226,0.00156739811912226,0.00156739811912226,0.00156739811912226,"syn","syn","syn",4.2e-06,5.36e-07,1.17e-06,1.17e-06,"0.00267959999999999","1","1","1","L","L","L","L","L",0,0,0,0,0,0,0
"5413",5676,2537,2537,"t","t","c","c",0.00670082774931021,0.00670082774931021,0.000394166338194718,0.000394166338194718,0.000394166338194718,0,0.000394166338194718,0,0.00709499408750493,0.00709499408750493,0.00709499408750493,0.00709499408750493,"nonsyn","nonsyn","nonsyn",1.7e-05,1.07e-06,1.21e-06,1.21e-06,"0.002537","0.00306977","0.00271459","1","S","S","P","T","A",1,0,1,0,0,0,0
"5414",5677,2560,2560,"c","c","t","t",0.001953125,0.001953125,0.00078125,0.00078125,0.00078125,0,0.00078125,0,0.002734375,0.002734375,0.002734375,0.002734375,"nonsyn","stop","stop",4.58e-06,8.37e-07,4.33e-07,4.33e-07,"0.00234496","0.00055424","0.00107136","1","S","S","L","*","*",1,1,1,0,0,0,0
"5415",5678,2565,2565,"a","a","g","g",0.0050682261208577,0.0050682261208577,0.000779727095516569,0.000779727095516569,0,0.000779727095516569,0,0.000779727095516569,0.00584795321637427,0.00584795321637427,0.00584795321637427,0.00584795321637427,"syn","syn","syn",1.77e-05,1.76e-06,1.7e-06,1.7e-06,"0.00349234615384615","0.00218025","1","0.00218025","S","S","S","S","S",0,0,0,1,0,0,0
"5416",5679,2557,2557,"a","a","g","g",0.00312866640594447,0.00312866640594447,0.000391083300743058,0.000391083300743058,0,0.000391083300743058,0,0.000391083300743058,0.00351974970668752,0.00351974970668752,0.00351974970668752,0.00351974970668752,"nonsyn","nonsyn","nonsyn",1.77e-05,1.76e-06,1.7e-06,1.7e-06,"0.00565736249999999","0.0043469","1","0.0043469","T","T","A","P","S",1,1,0,0,0,0,0
"5417",5680,2551,2551,"c","c","t","t",0.000784006272050176,0.000784006272050176,0,0,0,0,0,0,0.000784006272050176,0.000784006272050176,0.000784006272050176,0.000784006272050176,"nonsyn","nonsyn","nonsyn",4.58e-06,8.37e-07,4.33e-07,4.33e-07,"0.00584179","1","1","1","T","T","M","K","R",1,1,1,0,0,0,0
"5418",5681,2545,2545,"g","g","a","a",0.00157170923379175,0.00157170923379175,0.000392927308447937,0.000392927308447937,0,0.000392927308447937,0,0.000392927308447937,0.00196463654223969,0.00196463654223969,0.00196463654223969,0.00196463654223969,"syn","syn","syn",4.2e-06,5.36e-07,1.17e-06,1.17e-06,"0.00267225","0.00297765","1","0.00297765","T","T","T","T","T",0,0,0,0,0,0,0
"5419",5682,2541,2541,"t","c","c","t",0.00472255017709563,0.993703266430539,0.00157418339236521,0.00157418339236521,0,0.00157418339236521,0,0.00157418339236521,0.00629673356946084,0.995277449822904,0.00629673356946084,0.995277449822904,"syn","nonsyn","nonsyn",4.58e-06,8.37e-07,4.33e-07,4.33e-07,"4.60902178217822e-06","0.00027506325","1","0.00027506325","L","L","L","M","V",0,0,0,0,0,0,0
"5420",5683,2547,2547,"t","t","c","c",0.00314095013741657,0.00314095013741657,0,0,0,0,0,0,0.00314095013741657,0.00314095013741657,0.00314095013741657,0.00314095013741657,"nonsyn","nonsyn","nonsyn",1.7e-05,1.07e-06,1.21e-06,1.21e-06,"0.005412375","1","1","1","L","L","P","Q","R",1,1,1,1,1,0,1
"5421",5684,2546,2546,"g","g","a","a",0.0443833464257659,0.0443833464257659,0.000392772977219167,0.000392772977219167,0,0.000392772977219167,0,0.000392772977219167,0.0447761194029851,0.0447761194029851,0.0447761194029851,0.0447761194029851,"syn","syn","syn",4.2e-06,5.36e-07,1.17e-06,1.17e-06,"9.46300884955752e-05","0.00297882","1","0.00297882","L","L","L","L","L",0,0,0,0,0,0,0
"5422",5685,2548,2548,"c","c","t","t",0.00353218210361068,0.00353218210361068,0,0,0,0,0,0,0.00353218210361068,0.00353218210361068,0.00353218210361068,0.00353218210361068,"nonsyn","nonsyn","nonsyn",4.58e-06,8.37e-07,4.33e-07,4.33e-07,"0.00129664888888889","1","1","1","P","P","S","T","A",1,1,1,0,0,0,0
"5423",5686,2633,2633,"c","c","t","t",0.00113938473224459,0.00113938473224459,0.000379794910748196,0.000379794910748196,0.000379794910748196,0,0.000379794910748196,0,0.00151917964299278,0.00151917964299278,0.00151917964299278,0.00151917964299278,"nonsyn","nonsyn","nonsyn",4.58e-06,8.37e-07,4.33e-07,4.33e-07,"0.00401971333333333","0.001140089","0.002203821","1","P","P","L","H","R",1,1,1,0,1,0,1
"5424",5687,2639,2639,"t","t","c","c",0.00530503978779841,0.00530503978779841,0.00378931413414172,0.00378931413414172,0.00303145130731338,0.000757862826828344,0.00303145130731338,0.000757862826828344,0.00909435392194013,0.00909435392194013,0.00909435392194013,0.00909435392194013,"syn","syn","syn",1.7e-05,1.07e-06,1.21e-06,1.21e-06,"0.0032045","0.000319319","0.00035296625","0.001596595","P","P","P","P","P",0,0,0,1,1,0,1
"5425",5688,2635,2635,"g","g","a","a",0.00303605313092979,0.00303605313092979,0.00113851992409867,0.00113851992409867,0,0.00113851992409867,0,0.00113851992409867,0.00417457305502846,0.00417457305502846,0.00417457305502846,0.00417457305502846,"nonsyn","nonsyn","nonsyn",4.2e-06,5.36e-07,1.17e-06,1.17e-06,"0.001383375","0.00102765","1","0.00102765","G","G","S","R","C",1,1,0,0,1,1,0
"5426",5689,2613,2613,"g","g","a","a",0.00382701875239189,0.00382701875239189,0.000382701875239189,0.000382701875239189,0,0.000382701875239189,0,0.000382701875239189,0.00420972062763108,0.00420972062763108,0.00420972062763108,0.00420972062763108,"nonsyn","nonsyn","nonsyn",4.2e-06,5.36e-07,1.17e-06,1.17e-06,"0.00109746","0.00305721","1","0.00305721","G","G","D","A","V",1,1,1,0,0,0,0
"5427",5690,2615,2615,"c","t","t","c",0.00229445506692161,0.997323135755258,0.000382409177820268,0.000382409177820268,0.000382409177820268,0,0.000382409177820268,0,0.00267686424474187,0.997705544933078,0.00267686424474187,0.997705544933078,"syn","syn","syn",1.7e-05,1.07e-06,1.21e-06,1.21e-06,"1.70456288343558e-05","0.00316415","0.00279805","1","G","G","G","G","G",0,0,0,0,0,0,0
"5428",5691,2630,2631,"a","a","g","g",0.00494296577946768,0.00494296577946768,0.00114068441064639,0.00114068441064639,0.000380228136882129,0.000760456273764259,0.000380228136882129,0.000760456273764259,0.00608365019011407,0.00608365019011407,0.00608133789433675,0.00608133789433675,"nonsyn","nonsyn","nonsyn",1.77e-05,1.76e-06,1.7e-06,1.7e-06,"0.00358084615384615","0.00149033333333333","0.0046288","0.0022355","N","N","D","H","Y",1,1,1,0,0,0,0
"5429",5692,2620,2620,"a","a","g","g",0.00572519083969466,0.00572519083969466,0.00305343511450382,0.00305343511450382,0.00305343511450382,0,0.00305343511450382,0,0.00877862595419847,0.00877862595419847,0.00877862595419847,0.00877862595419847,"nonsyn","nonsyn","nonsyn",1.77e-05,1.76e-06,1.7e-06,1.7e-06,"0.0030916","0.000556749999999999","0.000576399999999999","1","N","N","S","T","I",0,0,1,0,0,0,0
"5430",5693,3085,3086,"c","c","t","t",0.000972447325769854,0.000972447325769854,0,0,0,0,0,0,0.000972447325769854,0.000972447325769854,0.000972132209980557,0.000972132209980557,"syn","nonsyn","nonsyn",4.58e-06,8.37e-07,4.33e-07,4.33e-07,"0.00470976666666667","1","1","1","N","N","N","K","K",0,1,1,0,0,0,0
"5431",5694,3131,3131,"c","c","t","t",0.000319386777387416,0.000319386777387416,0.000319386777387416,0.000319386777387416,0,0.000319386777387416,0,0.000319386777387416,0.000638773554774832,0.000638773554774832,0.000638773554774832,0.000638773554774832,"nonsyn","nonsyn","nonsyn",4.58e-06,8.37e-07,4.33e-07,4.33e-07,"0.01433998","0.001355723","1","0.001355723","P","P","S","T","A",1,1,1,0,1,0,1
"5432",5695,3288,3288,"c","c","t","t",0.000912408759124088,0.000912408759124088,0.000608272506082725,0.000608272506082725,0.000608272506082725,0,0.000608272506082725,0,0.00152068126520681,0.00152068126520681,0.00152068126520681,0.00152068126520681,"nonsyn","nonsyn","nonsyn",4.58e-06,8.37e-07,4.33e-07,4.33e-07,"0.00501968","0.000711852","0.001376028","1","P","P","L","H","R",1,1,1,0,1,0,1
"5433",5696,3339,3339,"c","c","t","t",0.00329439952081462,0.00329439952081462,0.000299490865528601,0.000299490865528601,0.000299490865528601,0,0.000299490865528601,0,0.00359389038634322,0.00359389038634322,0.00359389038634322,0.00359389038634322,"syn","syn","syn",4.58e-06,8.37e-07,4.33e-07,4.33e-07,"0.00139023818181818","0.001445787","0.002794743","1","P","P","P","P","P",0,0,0,0,1,0,1
"5434",5697,3374,3374,"g","g","a","a",0.0026674570243035,0.0026674570243035,0.0002963841138115,0.0002963841138115,0.0002963841138115,0,0.0002963841138115,0,0.002963841138115,0.002963841138115,0.002963841138115,0.002963841138115,"nonsyn","nonsyn","nonsyn",4.2e-06,5.36e-07,1.17e-06,1.17e-06,"0.00157453333333333","0.00394758","0.001808464","1","A","A","T","P","S",1,1,1,0,0,0,0
"5435",5698,3397,3397,"c","c","t","t",0.00117750956726523,0.00117750956726523,0,0,0,0,0,0,0.00117750956726523,0.00117750956726523,0.00117750956726523,0.00117750956726523,"nonsyn","nonsyn","nonsyn",4.58e-06,8.37e-07,4.33e-07,4.33e-07,"0.00388956500000001","1","1","1","A","A","V","D","G",0,1,1,0,0,0,0
"5436",5699,3413,3413,"c","c","t","t",0.000878992089071198,0.000878992089071198,0.000292997363023733,0.000292997363023733,0.000292997363023733,0,0.000292997363023733,0,0.00117198945209493,0.00117198945209493,0.00117198945209493,0.00117198945209493,"syn","syn","syn",4.58e-06,8.37e-07,4.33e-07,4.33e-07,"0.00521051333333334","0.001477829","0.002856681","1","A","A","A","A","A",0,0,0,0,1,0,1
"5437",5700,3416,3416,"a","a","g","g",0.00117096018735363,0.00117096018735363,0.000585480093676815,0.000585480093676815,0.000292740046838407,0.000292740046838407,0.000292740046838407,0.000292740046838407,0.00175644028103044,0.00175644028103044,0.00175644028103044,0.00175644028103044,"nonsyn","nonsyn","nonsyn",1.77e-05,1.76e-06,1.7e-06,1.7e-06,"0.0151158","0.0029036","0.00601216000000001","0.00580720000000001","I","I","V","L","F",0,0,0,1,0,0,0
"5438",5701,3430,3432,"t","t","c","c",0.00174927113702624,0.00174927113702624,0.000291545189504373,0.000291545189504373,0,0.000291545189504373,0,0.000291545189504373,0.00204081632653061,0.00204081632653061,0.00203962703962704,0.00203962703962704,"nonsyn","nonsyn","nonsyn",1.7e-05,1.07e-06,1.21e-06,1.21e-06,"0.00971833333333333","0.0041503","1","0.0041503","I","I","T","N","S",1,1,1,0,0,0,0
"5439",5702,3467,3467,"t","t","c","c",0.00230747043553504,0.00230747043553504,0.000288433804441881,0.000288433804441881,0,0.000288433804441881,0,0.000288433804441881,0.00259590423997693,0.00259590423997693,0.00259590423997693,0.00259590423997693,"syn","syn","nonsyn",1.7e-05,1.07e-06,1.21e-06,1.21e-06,"0.00736737500000001","0.00419506999999999","1","0.00419506999999999","I","I","I","I","M",0,0,0,1,0,0,0
"5440",5703,3482,3482,"g","g","a","a",0.000861573808156232,0.000861573808156232,0.000574382538770821,0.000574382538770821,0.000287191269385411,0.000287191269385411,0.000287191269385411,0.000287191269385411,0.00143595634692705,0.00143595634692705,0.00143595634692705,0.00143595634692705,"nonsyn","nonsyn","nonsyn",4.2e-06,5.36e-07,1.17e-06,1.17e-06,"0.0048748","0.00203697","0.001866352","0.00407394","A","A","T","P","S",1,1,1,0,0,0,0
"5441",5704,3494,3494,"c","c","t","t",0.0020034344590727,0.0020034344590727,0,0,0,0,0,0,0.0020034344590727,0.0020034344590727,0.0020034344590727,0.0020034344590727,"nonsyn","nonsyn","nonsyn",4.58e-06,8.37e-07,4.33e-07,4.33e-07,"0.00228607428571428","1","1","1","A","A","V","D","G",0,1,1,0,0,0,0
"5442",5705,3493,3493,"t","t","c","c",0.0103063269395935,0.0103063269395935,0.00171772115659891,0.00171772115659891,0.00143143429716576,0.000286286859433152,0.00143143429716576,0.000286286859433152,0.0120240480961924,0.0120240480961924,0.0120240480961924,0.0120240480961924,"syn","syn","syn",1.7e-05,1.07e-06,1.21e-06,1.21e-06,"0.00164947222222222","0.000704421666666668","0.000747502","0.00422653","A","A","A","A","A",0,0,0,0,1,0,1
"5443",5706,3537,3537,"t","t","c","c",0.00339270568278202,0.00339270568278202,0.00113090189426067,0.00113090189426067,0.00113090189426067,0,0.00113090189426067,0,0.00452360757704269,0.00452360757704269,0.00452360757704269,0.00452360757704269,"nonsyn","nonsyn","nonsyn",1.7e-05,1.07e-06,1.21e-06,1.21e-06,"0.00501075","0.0010699425","0.000946147500000002","1","S","S","P","T","A",1,0,1,0,0,0,0
"5444",5707,3534,3534,"c","c","t","t",0.000565930956423316,0.000565930956423316,0,0,0,0,0,0,0.000565930956423316,0.000565930956423316,0.000565930956423316,0.000565930956423316,"nonsyn","stop","stop",4.58e-06,8.37e-07,4.33e-07,4.33e-07,"0.00809286000000001","1","1","1","S","S","L","*","*",1,1,1,0,0,0,0
"5445",5708,3568,3568,"a","a","g","g",0.00168161434977578,0.00168161434977578,0.000280269058295964,0.000280269058295964,0,0.000280269058295964,0,0.000280269058295964,0.00196188340807175,0.00196188340807175,0.00196188340807175,0.00196188340807175,"syn","syn","syn",1.77e-05,1.76e-06,1.7e-06,1.7e-06,"0.0105256","0.0060656","1","0.0060656","S","S","S","S","S",0,0,0,1,0,0,0
"5446",5709,3564,3564,"t","t","c","c",0.00196408529741863,0.00196408529741863,0.000280583613916947,0.000280583613916947,0.000280583613916947,0,0.000280583613916947,0,0.00224466891133558,0.00224466891133558,0.00224466891133558,0.00224466891133558,"syn","nonsyn","nonsyn",1.7e-05,1.07e-06,1.21e-06,1.21e-06,"0.00865542857142857","0.00431244","0.00381348","1","L","L","L","M","V",0,0,0,0,0,0,0
"5447",5710,3560,3560,"t","t","c","c",0.00252808988764045,0.00252808988764045,0.000280898876404494,0.000280898876404494,0,0.000280898876404494,0,0.000280898876404494,0.00280898876404494,0.00280898876404494,0.00280898876404494,0.00280898876404494,"nonsyn","stop","nonsyn",1.7e-05,1.07e-06,1.21e-06,1.21e-06,"0.00672444444444444","0.00430760000000001","1","0.00430760000000001","L","L","S","*","W",1,1,0,1,0,0,0
"5448",5711,3559,3559,"g","g","a","a",0.00112391121101433,0.00112391121101433,0.000280977802753582,0.000280977802753582,0,0.000280977802753582,0,0.000280977802753582,0.00140488901376791,0.00140488901376791,0.00140488901376791,0.00140488901376791,"syn","nonsyn","nonsyn",4.2e-06,5.36e-07,1.17e-06,1.17e-06,"0.00373695","0.00416403000000001","1","0.00416403000000001","L","L","L","F","F",0,0,0,0,0,0,0
"5449",5712,3536,3536,"a","a","g","g",0.00593891402714932,0.00593891402714932,0.000282805429864253,0.000282805429864253,0,0.000282805429864253,0,0.000282805429864253,0.00622171945701357,0.00622171945701357,0.00622171945701357,0.00622171945701357,"nonsyn","nonsyn","nonsyn",1.77e-05,1.76e-06,1.7e-06,1.7e-06,"0.00298034285714286","0.00601120000000001","1","0.00601120000000001","M","M","V","L","L",0,0,0,0,0,0,0
"5450",5713,3552,3552,"t","t","c","c",0.00422297297297297,0.00422297297297297,0.000563063063063063,0.000563063063063063,0.000563063063063063,0,0.000563063063063063,0,0.00478603603603604,0.00478603603603604,0.00478603603603604,0.00478603603603604,"nonsyn","nonsyn","nonsyn",1.7e-05,1.07e-06,1.21e-06,1.21e-06,"0.0040256","0.00214896","0.00190032","1","M","M","T","K","R",1,1,1,1,0,0,0
"5451",5714,3551,3551,"g","g","a","a",0.00140805406927626,0.00140805406927626,0.000563221627710504,0.000563221627710504,0,0.000563221627710504,0,0.000563221627710504,0.00197127569698676,0.00197127569698676,0.00197127569698676,0.00197127569698676,"nonsyn","nonsyn","nonsyn",4.2e-06,5.36e-07,1.17e-06,1.17e-06,"0.00298284","0.002077335","1","0.002077335","M","M","I","I","I",0,0,0,0,1,1,0
"5452",5715,3542,3542,"g","g","a","a",0.00112930547713156,0.00112930547713156,0.000846979107848673,0.000846979107848673,0.000282326369282891,0.000564652738565782,0.000282326369282891,0.000564652738565782,0.00197628458498024,0.00197628458498024,0.00197628458498024,0.00197628458498024,"nonsyn","nonsyn","nonsyn",4.2e-06,5.36e-07,1.17e-06,1.17e-06,"0.00371910000000001","0.00138138","0.001898512","0.00207207","A","A","T","P","S",1,1,1,0,0,0,0
"5453",5716,3551,3551,"c","c","t","t",0.00197127569698676,0.00197127569698676,0.000563221627710504,0.000563221627710504,0,0.000563221627710504,0,0.000563221627710504,0.00253449732469727,0.00253449732469727,0.00253449732469727,0.00253449732469727,"nonsyn","nonsyn","nonsyn",4.58e-06,8.37e-07,4.33e-07,4.33e-07,"0.00232336857142858","0.0007687915","1","0.0007687915","A","A","V","D","G",0,1,1,0,0,0,0
"5454",5717,3560,3561,"t","t","c","c",0.00449438202247191,0.00449438202247191,0.000561797752808989,0.000561797752808989,0.000280898876404494,0.000280898876404494,0.000280898876404494,0.000280898876404494,0.0050561797752809,0.0050561797752809,0.0050547598989048,0.0050547598989048,"syn","syn","syn",1.7e-05,1.07e-06,1.21e-06,1.21e-06,"0.0037825","0.0021538","0.00380920000000001","0.00430760000000001","A","A","A","A","A",0,0,0,0,1,0,1
"5455",5718,3543,3543,"t","t","c","c",0.00225797346881174,0.00225797346881174,0.000564493367202935,0.000564493367202935,0.000282246683601468,0.000282246683601468,0.000282246683601468,0.000282246683601468,0.00282246683601468,0.00282246683601468,0.00282246683601468,0.00282246683601468,"nonsyn","nonsyn","nonsyn",1.7e-05,1.07e-06,1.21e-06,1.21e-06,"0.00752887500000001","0.002143515","0.00379101","0.00428703","F","F","L","I","V",0,0,0,0,0,0,0
"5456",5719,3576,3576,"t","t","c","c",0.00223713646532438,0.00223713646532438,0.000838926174496644,0.000838926174496644,0.000279642058165548,0.000559284116331096,0.000279642058165548,0.000559284116331096,0.00307606263982103,0.00307606263982103,0.00307606263982103,0.00307606263982103,"nonsyn","nonsyn","nonsyn",1.7e-05,1.07e-06,1.21e-06,1.21e-06,"0.00759900000000002","0.00144232","0.00382632","0.00216348","F","F","S","Y","C",1,0,1,0,0,0,0
"5457",5720,3575,3575,"t","t","c","c",0.00223776223776224,0.00223776223776224,0.000559440559440559,0.000559440559440559,0.000559440559440559,0,0.000559440559440559,0,0.0027972027972028,0.0027972027972028,0.0027972027972028,0.0027972027972028,"syn","nonsyn","nonsyn",1.7e-05,1.07e-06,1.21e-06,1.21e-06,"0.00759687499999999","0.002162875","0.001912625","1","F","F","F","L","L",0,0,0,0,0,0,0
"5458",5721,3577,3577,"a","a","g","g",0.00279563880346659,0.00279563880346659,0,0,0,0,0,0,0.00279563880346659,0.00279563880346659,0.00279563880346659,0.00279563880346659,"nonsyn","nonsyn","nonsyn",1.77e-05,1.76e-06,1.7e-06,1.7e-06,"0.00633129","1","1","1","T","T","A","P","S",1,1,0,0,0,0,0
"5459",5722,3584,3584,"c","c","t","t",0.000837053571428571,0.000837053571428571,0,0,0,0,0,0,0.000837053571428571,0.000837053571428571,0.000837053571428571,0.000837053571428571,"nonsyn","nonsyn","nonsyn",4.58e-06,8.37e-07,4.33e-07,4.33e-07,"0.00547157333333334","1","1","1","T","T","I","K","R",1,1,1,0,0,0,0
"5460",5723,3575,3575,"a","a","g","g",0.00335664335664336,0.00335664335664336,0.00027972027972028,0.00027972027972028,0,0.00027972027972028,0,0.00027972027972028,0.00363636363636364,0.00363636363636364,0.00363636363636364,0.00363636363636364,"syn","syn","syn",1.77e-05,1.76e-06,1.7e-06,1.7e-06,"0.00527312499999999","0.00607749999999999","1","0.00607749999999999","T","T","T","T","T",0,0,0,1,1,1,0
"5461",5724,3553,3553,"g","g","a","a",0.00281452293836195,0.00281452293836195,0.000281452293836195,0.000281452293836195,0,0.000281452293836195,0,0.000281452293836195,0.00309597523219814,0.00309597523219814,0.00309597523219814,0.00309597523219814,"nonsyn","nonsyn","nonsyn",4.2e-06,5.36e-07,1.17e-06,1.17e-06,"0.00149226","0.00415701","1","0.00415701","A","A","T","P","S",1,1,1,0,0,0,0
"5462",5725,3540,3540,"c","c","t","t",0.00141242937853107,0.00141242937853107,0.000282485875706215,0.000282485875706215,0.000282485875706215,0,0.000282485875706215,0,0.00169491525423729,0.00169491525423729,0.00169491525423729,0.00169491525423729,"nonsyn","nonsyn","nonsyn",4.58e-06,8.37e-07,4.33e-07,4.33e-07,"0.00324264000000001","0.00153282","0.00296298","1","A","A","V","D","G",0,1,1,0,0,0,0
"5463",5726,3522,3522,"t","t","c","c",0.00255536626916525,0.00255536626916525,0.000851788756388416,0.000851788756388416,0.000851788756388416,0,0.000851788756388416,0,0.00340715502555366,0.00340715502555366,0.00340715502555366,0.00340715502555366,"syn","syn","syn",1.7e-05,1.07e-06,1.21e-06,1.21e-06,"0.00665266666666666","0.00142054","0.00125618","1","A","A","A","A","A",0,0,0,1,1,0,1
"5464",5727,3509,3509,"g","g","a","a",0.00256483328583642,0.00256483328583642,0.000284981476204047,0.000284981476204047,0,0.000284981476204047,0,0.000284981476204047,0.00284981476204047,0.00284981476204047,0.00284981476204047,0.00284981476204047,"nonsyn","nonsyn","nonsyn",4.2e-06,5.36e-07,1.17e-06,1.17e-06,"0.00163753333333333","0.00410553","1","0.00410553","A","A","T","P","S",1,1,1,0,0,0,0
"5465",5728,3495,3495,"c","c","t","t",0.00143061516452074,0.00143061516452074,0.000572246065808298,0.000572246065808298,0.000572246065808298,0,0.000572246065808298,0,0.00200286123032904,0.00200286123032904,0.00200286123032904,0.00200286123032904,"nonsyn","nonsyn","nonsyn",4.58e-06,8.37e-07,4.33e-07,4.33e-07,"0.00320142000000001","0.000756667499999999","0.0014626575","1","A","A","V","D","G",0,1,1,0,0,0,0
"5466",5729,3494,3494,"t","c","c","t",0.00314825414997138,0.995993131081855,0.000858614768174013,0.000858614768174013,0.000572409845449342,0.000286204922724671,0.000572409845449342,0.000286204922724671,0.00400686891814539,0.996851745850029,0.00400686891814539,0.996851745850029,"syn","syn","syn",4.58e-06,8.37e-07,4.33e-07,4.33e-07,"4.59842528735632e-06","0.000504300666666666","0.001462239","0.001512902","A","A","A","A","A",0,0,0,0,1,0,1
"5467",5730,3482,3482,"g","g","a","a",0.000861573808156232,0.000861573808156232,0.000287191269385411,0.000287191269385411,0.000287191269385411,0,0.000287191269385411,0,0.00114876507754164,0.00114876507754164,0.00114876507754164,0.00114876507754164,"nonsyn","nonsyn","nonsyn",4.2e-06,5.36e-07,1.17e-06,1.17e-06,"0.0048748","0.00407394","0.001866352","1","V","V","I","L","F",0,0,0,0,0,0,0
"5468",5731,3404,3404,"t","t","c","c",0.00499412455934195,0.00499412455934195,0.000293772032902468,0.000293772032902468,0.000293772032902468,0,0.000293772032902468,0,0.00528789659224442,0.00528789659224442,0.00528789659224442,0.00528789659224442,"nonsyn","nonsyn","nonsyn",1.7e-05,1.07e-06,1.21e-06,1.21e-06,"0.003404","0.00411884","0.00364228","1","V","V","A","D","G",0,1,1,0,0,0,0
"5469",5732,3382,3382,"c","c","t","t",0.00177409816676523,0.00177409816676523,0.000295683027794205,0.000295683027794205,0.000295683027794205,0,0.000295683027794205,0,0.00206978119455943,0.00206978119455943,0.00206978119455943,0.00206978119455943,"syn","syn","syn",4.58e-06,8.37e-07,4.33e-07,4.33e-07,"0.00258159333333333","0.001464406","0.002830734","1","V","V","V","V","V",0,0,0,0,0,0,0
"5470",5733,3332,3332,"a","a","g","g",0.00420168067226891,0.00420168067226891,0.000300120048019208,0.000300120048019208,0,0.000300120048019208,0,0.000300120048019208,0.00450180072028811,0.00450180072028811,0.00450180072028811,0.00450180072028811,"nonsyn","nonsyn","nonsyn",1.77e-05,1.76e-06,1.7e-06,1.7e-06,"0.0042126","0.00566439999999999","1","0.00566439999999999","T","T","A","P","S",1,1,0,1,0,0,0
"5471",5734,3281,3281,"c","c","t","t",0.00182871075891497,0.00182871075891497,0.000609570252971655,0.000609570252971655,0.000609570252971655,0,0.000609570252971655,0,0.00243828101188662,0.00243828101188662,0.00243828101188662,0.00243828101188662,"nonsyn","nonsyn","nonsyn",4.58e-06,8.37e-07,4.33e-07,4.33e-07,"0.00250449666666666","0.0007103365","0.0013730985","1","T","T","I","N","S",1,0,0,0,0,0,0
"5472",5735,3261,3261,"c","c","t","t",0.00122661760196259,0.00122661760196259,0.000613308800981294,0.000613308800981294,0.000613308800981294,0,0.000613308800981294,0,0.00183992640294388,0.00183992640294388,0.00183992640294388,0.00183992640294388,"syn","syn","syn",4.58e-06,8.37e-07,4.33e-07,4.33e-07,"0.00373384499999999","0.0007060065","0.0013647285","1","T","T","T","T","T",0,0,0,0,1,0,1
"5473",5736,3241,3241,"a","a","g","g",0.00185128046899105,0.00185128046899105,0.000925640234495526,0.000925640234495526,0.000308546744831842,0.000617093489663684,0.000308546744831842,0.000617093489663684,0.00277692070348658,0.00277692070348658,0.00277692070348658,0.00277692070348658,"nonsyn","nonsyn","nonsyn",1.77e-05,1.76e-06,1.7e-06,1.7e-06,"0.00956095000000001","0.00183656666666667","0.00570416","0.00275485","S","S","G","R","C",1,1,1,1,1,1,0
"5474",5737,3180,3180,"g","g","a","a",0.00125786163522013,0.00125786163522013,0.000628930817610063,0.000628930817610063,0.000628930817610063,0,0.000628930817610063,0,0.00188679245283019,0.00188679245283019,0.00188679245283019,0.00188679245283019,"nonsyn","nonsyn","nonsyn",4.2e-06,5.36e-07,1.17e-06,1.17e-06,"0.00333899999999999","0.0018603","0.00085224","1","S","S","N","T","I",0,0,1,0,0,0,0
"5475",5738,3159,3160,"c","c","t","t",0.00601456157011713,0.00601456157011713,0,0,0,0,0,0,0.00601456157011713,0.00601456157011713,0.0060126582278481,0.0060126582278481,"syn","nonsyn","nonsyn",4.58e-06,8.37e-07,4.33e-07,4.33e-07,"0.000761485263157894","1","1","1","S","S","S","R","R",0,1,1,0,0,0,0
"5476",5739,3154,3154,"c","c","t","t",0.0015852885225111,0.0015852885225111,0.000634115409004439,0.000634115409004439,0.000634115409004439,0,0.000634115409004439,0,0.00221940393151554,0.00221940393151554,0.00221940393151554,0.00221940393151554,"nonsyn","nonsyn","nonsyn",4.58e-06,8.37e-07,4.33e-07,4.33e-07,"0.00288906399999999","0.000682841","0.001319949","1","P","P","S","T","A",1,1,1,0,1,0,1
"5477",5740,3141,3141,"c","c","t","t",0.000636739891754218,0.000636739891754218,0.000636739891754218,0.000636739891754218,0.000636739891754218,0,0.000636739891754218,0,0.00127347978350844,0.00127347978350844,0.00127347978350844,0.00127347978350844,"nonsyn","nonsyn","nonsyn",4.58e-06,8.37e-07,4.33e-07,4.33e-07,"0.00719289","0.000680026500000001","0.0013145085","1","P","P","L","Q","R",1,1,1,0,1,0,1
"5478",5741,3098,3098,"a","a","g","g",0.00193673337637185,0.00193673337637185,0.000645577792123951,0.000645577792123951,0,0.000645577792123951,0,0.000645577792123951,0.0025823111684958,0.0025823111684958,0.0025823111684958,0.0025823111684958,"syn","syn","syn",1.77e-05,1.76e-06,1.7e-06,1.7e-06,"0.00913910000000001","0.0026333","1","0.0026333","P","P","P","P","P",0,0,0,1,0,0,0
"5479",5742,3094,3094,"c","c","t","t",0,0,0.000323206205559147,0.000323206205559147,0,0.000323206205559147,0,0.000323206205559147,0.000323206205559147,0.000323206205559147,0.000323206205559147,0.000323206205559147,"syn","nonsyn","nonsyn",4.58e-06,8.37e-07,4.33e-07,4.33e-07,"1","0.001339702","1","0.001339702","L","L","L","I","V",0,0,0,0,0,0,0
"5480",5743,3107,3107,"t","t","c","c",0.0019311232700354,0.0019311232700354,0.000321853878339234,0.000321853878339234,0.000321853878339234,0,0.000321853878339234,0,0.00225297714837464,0.00225297714837464,0.00225297714837464,0.00225297714837464,"nonsyn","nonsyn","nonsyn",1.7e-05,1.07e-06,1.21e-06,1.21e-06,"0.00880316666666668","0.00375947","0.00332449","1","L","L","P","Q","R",1,1,1,0,1,0,1
"5481",5744,3036,3036,"a","a","g","g",0.0398550724637681,0.0398550724637681,0.000329380764163373,0.000329380764163373,0,0.000329380764163373,0,0.000329380764163373,0.0401844532279315,0.0401844532279315,0.0401844532279315,0.0401844532279315,"syn","syn","syn",1.77e-05,1.76e-06,1.7e-06,1.7e-06,"0.000444109090909091","0.0051612","1","0.0051612","L","L","L","L","L",0,0,0,0,0,0,0
"5482",5745,2977,2977,"a","a","g","g",0.00201545179711119,0.00201545179711119,0.000335908632851864,0.000335908632851864,0.000335908632851864,0,0.000335908632851864,0,0.00235136042996305,0.00235136042996305,0.00235136042996305,0.00235136042996305,"nonsyn","nonsyn","nonsyn",1.77e-05,1.76e-06,1.7e-06,1.7e-06,"0.00878214999999998","0.0050609","0.00523952","1","T","T","A","P","S",1,1,0,0,0,0,0
"5483",5746,3027,3028,"c","c","t","t",0,0,0,0,0,0,0,0,0,0,0,0,"nonsyn","nonsyn","nonsyn",4.58e-06,8.37e-07,4.33e-07,4.33e-07,"1","1","1","1","T","T","I","N","S",1,0,0,0,0,0,0
"5484",5747,3024,3024,"c","c","t","t",0.00132275132275132,0.00132275132275132,0.000992063492063492,0.000992063492063492,0.000992063492063492,0,0.000992063492063492,0,0.00231481481481481,0.00231481481481481,0.00231481481481481,0.00231481481481481,"syn","syn","syn",4.58e-06,8.37e-07,4.33e-07,4.33e-07,"0.00346248000000001","0.000436464","0.000843696","1","T","T","T","T","T",0,0,0,0,1,0,1
"5485",5748,2975,2975,"a","a","g","g",0.00100840336134454,0.00100840336134454,0.000336134453781513,0.000336134453781513,0,0.000336134453781513,0,0.000336134453781513,0.00134453781512605,0.00134453781512605,0.00134453781512605,0.00134453781512605,"nonsyn","nonsyn","nonsyn",1.77e-05,1.76e-06,1.7e-06,1.7e-06,"0.0175525","0.00505749999999999","1","0.00505749999999999","T","T","A","P","S",1,1,0,1,0,0,0
"5486",5749,2991,2991,"c","c","t","t",0.00200601805416249,0.00200601805416249,0,0,0,0,0,0,0.00200601805416249,0.00200601805416249,0.00200601805416249,0.00200601805416249,"nonsyn","nonsyn","nonsyn",4.58e-06,8.37e-07,4.33e-07,4.33e-07,"0.00228313","1","1","1","T","T","I","N","S",1,0,0,0,0,0,0
"5487",5750,2946,2946,"t","t","c","c",0.000678886625933469,0.000678886625933469,0,0,0,0,0,0,0.000678886625933469,0.000678886625933469,0.000678886625933469,0.000678886625933469,"syn","syn","syn",1.7e-05,1.07e-06,1.21e-06,1.21e-06,"0.025041","1","1","1","T","T","T","T","T",0,0,0,1,1,0,1
"5488",5751,2977,2977,"a","g","g","a",0.00906953308700034,0.990594558280148,0.000335908632851864,0.000335908632851864,0.000335908632851864,0,0.000335908632851864,0,0.0094054417198522,0.990930466913,0.0094054417198522,0.990930466913,"nonsyn","nonsyn","nonsyn",4.2e-06,5.36e-07,1.17e-06,1.17e-06,"4.23987792472024e-06","0.00348309","0.001595672","1","S","G","S","R","C",1,1,0,0,1,1,0
"5489",5752,2944,2944,"g","g","a","a",0.0577445652173913,0.0577445652173913,0.000339673913043478,0.000339673913043478,0,0.000339673913043478,0,0.000339673913043478,0.0580842391304348,0.0580842391304348,0.0580842391304348,0.0580842391304348,"nonsyn","nonsyn","nonsyn",4.2e-06,5.36e-07,1.17e-06,1.17e-06,"7.27341176470588e-05","0.00344448","1","0.00344448","S","G","D","A","V",1,1,1,0,0,0,0
"5490",5753,2830,2830,"c","c","t","t",0.00247349823321555,0.00247349823321555,0,0,0,0,0,0,0.00247349823321555,0.00247349823321555,0.00247349823321555,0.00247349823321555,"syn","syn","syn",4.58e-06,8.37e-07,4.33e-07,4.33e-07,"0.00185162857142857","1","1","1","S","G","G","G","G",0,0,0,0,0,0,0
"5491",5754,2799,2799,"c","c","t","t",0.000714540907466952,0.000714540907466952,0.000357270453733476,0.000357270453733476,0.000357270453733476,0,0.000357270453733476,0,0.00107181136120043,0.00107181136120043,0.00107181136120043,0.00107181136120043,"stop","nonsyn","nonsyn",4.58e-06,8.37e-07,4.33e-07,4.33e-07,"0.00640971","0.001211967","0.002342763","1","Q","Q","*","K","E",1,1,1,0,1,0,1
"5492",5755,2777,2781,"a","a","g","g",0.00252070579762333,0.00252070579762333,0,0,0,0,0,0,0.00252070579762333,0.00252070579762333,0.0025170801869831,0.0025170801869831,"nonsyn","nonsyn","nonsyn",1.77e-05,1.76e-06,1.7e-06,1.7e-06,"0.00702184285714287","1","1","1","Q","Q","R","P","L",1,1,1,1,0,0,0
"5493",5756,2766,2766,"a","a","g","g",0.00253073029645698,0.00253073029645698,0,0,0,0,0,0,0.00253073029645698,0.00253073029645698,0.00253073029645698,0.00253073029645698,"syn","nonsyn","nonsyn",1.77e-05,1.76e-06,1.7e-06,1.7e-06,"0.00699402857142856","1","1","1","Q","Q","Q","H","H",0,1,1,0,0,0,0
"5494",5757,2693,2693,"a","a","g","g",0.00482733011511326,0.00482733011511326,0,0,0,0,0,0,0.00482733011511326,0.00482733011511326,0.00482733011511326,0.00482733011511326,"nonsyn","nonsyn","nonsyn",1.77e-05,1.76e-06,1.7e-06,1.7e-06,"0.00366662307692307","1","1","1","T","T","A","P","S",1,1,0,0,0,0,0
"5495",5758,2791,2791,"c","c","t","t",0.00143317807237549,0.00143317807237549,0,0,0,0,0,0,0.00143317807237549,0.00143317807237549,0.00143317807237549,0.00143317807237549,"nonsyn","nonsyn","nonsyn",4.58e-06,8.37e-07,4.33e-07,4.33e-07,"0.00319569500000001","1","1","1","T","T","I","N","S",1,0,0,0,0,0,0
"5496",5759,2789,2789,"c","c","t","t",0.00107565435640014,0.00107565435640014,0,0,0,0,0,0,0.00107565435640014,0.00107565435640014,0.00107565435640014,0.00107565435640014,"syn","syn","syn",4.58e-06,8.37e-07,4.33e-07,4.33e-07,"0.00425787333333335","1","1","1","T","T","T","T","T",0,0,0,0,1,0,1
"5497",5760,2774,2774,"c","c","t","t",0.00144196106705119,0.00144196106705119,0.000360490266762797,0.000360490266762797,0.000360490266762797,0,0.000360490266762797,0,0.00180245133381399,0.00180245133381399,0.00180245133381399,0.00180245133381399,"nonsyn","nonsyn","nonsyn",4.58e-06,8.37e-07,4.33e-07,4.33e-07,"0.00317623","0.001201142","0.002321838","1","L","L","F","I","V",0,0,0,0,1,0,1
"5498",5761,2804,2805,"t","t","c","c",0.00534950071326676,0.00534950071326676,0.00178316690442225,0.00178316690442225,0.00178316690442225,0,0.00178316690442225,0,0.00713266761768902,0.00713266761768902,0.0071301247771836,0.0071301247771836,"nonsyn","nonsyn","nonsyn",1.7e-05,1.07e-06,1.21e-06,1.21e-06,"0.00317786666666667","0.000678568000000001","0.000600056000000001","1","L","L","P","H","R",1,1,1,0,1,0,1
"5499",5762,2826,2826,"c","c","t","t",0,0,0.00141542816702052,0.00141542816702052,0.00141542816702052,0,0.00141542816702052,0,0.00141542816702052,0.00141542816702052,0.00141542816702052,0.00141542816702052,"syn","syn","syn",4.58e-06,8.37e-07,4.33e-07,4.33e-07,"1","0.000305914500000001","0.000591340500000002","1","L","L","L","L","L",0,0,0,0,0,0,0
"5500",5763,2840,2840,"c","c","t","t",0,0,0,0,0,0,0,0,0,0,0,0,"nonsyn","nonsyn","nonsyn",4.58e-06,8.37e-07,4.33e-07,4.33e-07,"1","1","1","1","L","L","F","I","V",0,0,0,0,1,0,1
"5501",5764,2848,2848,"t","t","c","c",0.00737359550561798,0.00737359550561798,0,0,0,0,0,0,0.00737359550561798,0.00737359550561798,0.00737359550561798,0.00737359550561798,"nonsyn","nonsyn","nonsyn",1.7e-05,1.07e-06,1.21e-06,1.21e-06,"0.00230552380952381","1","1","1","L","L","P","H","R",1,1,1,0,1,0,1
"5502",5765,2874,2874,"c","c","t","t",0,0,0.00034794711203897,0.00034794711203897,0.00034794711203897,0,0.00034794711203897,0,0.00034794711203897,0.00034794711203897,0.00034794711203897,0.00034794711203897,"syn","syn","syn",4.58e-06,8.37e-07,4.33e-07,4.33e-07,"1","0.001244442","0.002405538","1","L","L","L","L","L",0,0,0,0,0,0,0
"5503",5766,2868,2868,"t","t","c","c",0.00313807531380753,0.00313807531380753,0,0,0,0,0,0,0.00313807531380753,0.00313807531380753,0.00313807531380753,0.00313807531380753,"nonsyn","nonsyn","nonsyn",1.7e-05,1.07e-06,1.21e-06,1.21e-06,"0.00541733333333334","1","1","1","F","F","L","I","V",0,0,0,0,1,0,1
"5504",5767,2864,2864,"t","t","c","c",0.00488826815642458,0.00488826815642458,0,0,0,0,0,0,0.00488826815642458,0.00488826815642458,0.00488826815642458,0.00488826815642458,"nonsyn","nonsyn","nonsyn",1.7e-05,1.07e-06,1.21e-06,1.21e-06,"0.00347771428571429","1","1","1","F","F","S","Y","C",1,0,1,0,0,0,0
"5505",5768,2881,2881,"c","c","t","t",0.000347101700798334,0.000347101700798334,0,0,0,0,0,0,0.000347101700798334,0.000347101700798334,0.000347101700798334,0.000347101700798334,"syn","nonsyn","nonsyn",4.58e-06,8.37e-07,4.33e-07,4.33e-07,"0.01319498","1","1","1","F","F","F","L","L",0,0,0,0,0,0,0
"5506",5769,2812,2812,"a","a","g","g",0.00462304409672831,0.00462304409672831,0,0,0,0,0,0,0.00462304409672831,0.00462304409672831,0.00462304409672831,0.00462304409672831,"nonsyn","nonsyn","nonsyn",1.77e-05,1.76e-06,1.7e-06,1.7e-06,"0.00382864615384615","1","1","1","N","N","D","H","Y",1,1,1,1,0,0,0
"5507",5770,2835,2835,"a","a","g","g",0.00493827160493827,0.00493827160493827,0.000352733686067019,0.000352733686067019,0,0.000352733686067019,0,0.000352733686067019,0.00529100529100529,0.00529100529100529,0.00529100529100529,0.00529100529100529,"nonsyn","nonsyn","nonsyn",1.77e-05,1.76e-06,1.7e-06,1.7e-06,"0.00358425","0.00481950000000001","1","0.00481950000000001","N","N","S","T","I",0,0,1,0,0,0,0
"5508",5771,2838,2838,"c","c","t","t",0.000704721634954193,0.000704721634954193,0,0,0,0,0,0,0.000704721634954193,0.000704721634954193,0.000704721634954193,0.000704721634954193,"syn","nonsyn","nonsyn",4.58e-06,8.37e-07,4.33e-07,4.33e-07,"0.00649902","1","1","1","N","N","N","K","K",0,1,1,0,0,0,0
"5509",5772,2816,2816,"a","a","g","g",0.00177556818181818,0.00177556818181818,0.000355113636363636,0.000355113636363636,0.000355113636363636,0,0.000355113636363636,0,0.00213068181818182,0.00213068181818182,0.00213068181818182,0.00213068181818182,"nonsyn","nonsyn","nonsyn",1.77e-05,1.76e-06,1.7e-06,1.7e-06,"0.00996864000000001","0.00478720000000001","0.00495616000000001","1","I","I","V","L","L",0,0,0,1,0,0,0
"5510",5773,2803,2803,"t","t","c","c",0.00142704245451302,0.00142704245451302,0.000356760613628255,0.000356760613628255,0.000356760613628255,0,0.000356760613628255,0,0.00178380306814128,0.00178380306814128,0.00178380306814128,0.00178380306814128,"nonsyn","nonsyn","nonsyn",1.7e-05,1.07e-06,1.21e-06,1.21e-06,"0.01191275","0.00339163","0.00299921","1","I","I","T","K","R",1,1,1,0,0,0,0
"5511",5774,2760,2761,"a","a","g","g",0.00108695652173913,0.00108695652173913,0.00036231884057971,0.00036231884057971,0.00036231884057971,0,0.00036231884057971,0,0.00144927536231884,0.00144927536231884,0.00144875045273452,0.00144875045273452,"nonsyn","syn","syn",1.77e-05,1.76e-06,1.7e-06,1.7e-06,"0.016284","0.004692","0.0048576","1","I","I","M","I","I",0,0,0,0,0,0,0
"5512",5775,2483,2483,"t","t","c","c",0.00201369311316955,0.00201369311316955,0,0,0,0,0,0,0.00201369311316955,0.00201369311316955,0.00201369311316955,0.00201369311316955,"syn","nonsyn","nonsyn",1.7e-05,1.07e-06,1.21e-06,1.21e-06,"0.00844220000000001","1","1","1","L","L","L","M","V",0,0,0,0,0,0,0
"5513",5776,2421,2435,"t","t","c","c",0.000826104915324246,0.000826104915324246,0.000413052457662123,0.000413052457662123,0.000413052457662123,0,0.000413052457662123,0,0.00123915737298637,0.00123915737298637,0.00123203285420945,0.00123203285420945,"nonsyn","stop","nonsyn",1.7e-05,1.07e-06,1.21e-06,1.21e-06,"0.0205785","0.00292941","0.00259047","1","L","L","S","*","W",1,1,0,1,0,0,0
"5514",5777,2414,2456,"g","g","a","a",0.0753935376967688,0.0753935376967688,0.000828500414250207,0.000828500414250207,0,0.000828500414250207,0,0.000828500414250207,0.0762220381110191,0.0762220381110191,0.0749185667752443,0.0749185667752443,"syn","nonsyn","nonsyn",4.2e-06,5.36e-07,1.17e-06,1.17e-06,"5.57076923076923e-05","0.00141219","1","0.00141219","L","L","L","F","F",0,0,0,0,1,1,0
"5515",5778,2539,2539,"g","g","a","a",0.000787711697518708,0.000787711697518708,0.000787711697518708,0.000787711697518708,0,0.000787711697518708,0,0.000787711697518708,0.00157542339503742,0.00157542339503742,0.00157542339503742,0.00157542339503742,"nonsyn","nonsyn","nonsyn",4.2e-06,5.36e-07,1.17e-06,1.17e-06,"0.0053319","0.001485315","1","0.001485315","G","G","R","R","W",1,1,1,0,1,1,0
"5516",5779,2526,2526,"g","g","a","a",0.00197941409342835,0.00197941409342835,0.00118764845605701,0.00118764845605701,0,0.00118764845605701,0,0.00118764845605701,0.00316706254948535,0.00316706254948535,0.00316706254948535,0.00316706254948535,"nonsyn","nonsyn","nonsyn",4.2e-06,5.36e-07,1.17e-06,1.17e-06,"0.00212183999999999","0.000985139999999998","1","0.000985139999999998","G","G","E","A","V",1,1,1,0,1,1,0
"5517",5780,2463,2463,"g","g","a","a",0.000406008932196508,0.000406008932196508,0.000406008932196508,0.000406008932196508,0,0.000406008932196508,0,0.000406008932196508,0.000812017864393017,0.000812017864393017,0.000812017864393017,0.000812017864393017,"syn","syn","syn",4.2e-06,5.36e-07,1.17e-06,1.17e-06,"0.0103446","0.00288171","1","0.00288171","G","G","G","G","G",0,0,0,0,1,1,0
"5518",5781,2455,2457,"g","g","a","a",0.00122199592668024,0.00122199592668024,0.000407331975560081,0.000407331975560081,0,0.000407331975560081,0,0.000407331975560081,0.00162932790224033,0.00162932790224033,0.00162800162800163,0.00162800162800163,"nonsyn","nonsyn","nonsyn",4.2e-06,5.36e-07,1.17e-06,1.17e-06,"0.00343700000000001","0.00287235","1","0.00287235","G","G","R","R","W",1,1,1,0,1,1,0
"5519",5782,2430,2432,"g","g","a","a",0.00288065843621399,0.00288065843621399,0.000823045267489712,0.000823045267489712,0,0.000823045267489712,0,0.000823045267489712,0.0037037037037037,0.0037037037037037,0.00370065789473684,0.00370065789473684,"nonsyn","nonsyn","nonsyn",4.2e-06,5.36e-07,1.17e-06,1.17e-06,"0.001458","0.00142155","1","0.00142155","G","G","E","A","V",1,1,1,0,1,1,0
"5520",5783,2391,2393,"g","g","a","a",0.000836470096194061,0.000836470096194061,0.000836470096194061,0.000836470096194061,0,0.000836470096194061,0,0.000836470096194061,0.00167294019238812,0.00167294019238812,0.00167154199749269,0.00167154199749269,"syn","syn","syn",4.2e-06,5.36e-07,1.17e-06,1.17e-06,"0.0050211","0.001398735","1","0.001398735","G","G","G","G","G",0,0,0,0,0,0,0
"5521",5784,2350,2352,"t","t","c","c",0.00297872340425532,0.00297872340425532,0.000851063829787234,0.000851063829787234,0.000425531914893617,0.000425531914893617,0.000425531914893617,0.000425531914893617,0.00382978723404255,0.00382978723404255,0.0038265306122449,0.0038265306122449,"nonsyn","nonsyn","nonsyn",1.7e-05,1.07e-06,1.21e-06,1.21e-06,"0.00570714285714286","0.00142175","0.0025145","0.0028435","W","W","R","R","G",1,1,1,1,0,0,0
"5522",5785,2495,2496,"g","g","a","a",0.00120240480961924,0.00120240480961924,0.00160320641282565,0.00160320641282565,0,0.00160320641282565,0,0.00160320641282565,0.00280561122244489,0.00280561122244489,0.00280448717948718,0.00280448717948718,"stop","nonsyn","nonsyn",4.2e-06,5.36e-07,1.17e-06,1.17e-06,"0.003493","0.000729787500000001","1","0.000729787500000001","W","W","*","S","L",1,1,0,0,1,1,0
"5523",5786,2549,2549,"g","g","a","a",0.0027461749705767,0.0027461749705767,0.00156924284032954,0.00156924284032954,0,0.00156924284032954,0,0.00156924284032954,0.00431541781090624,0.00431541781090624,0.00431541781090624,0.00431541781090624,"stop","nonsyn","nonsyn",4.2e-06,5.36e-07,1.17e-06,1.17e-06,"0.0015294","0.0007455825","1","0.0007455825","W","W","*","C","C",1,1,1,0,1,1,0
"5524",5787,2565,2565,"g","g","a","a",0.00116959064327485,0.00116959064327485,0.000389863547758285,0.000389863547758285,0,0.000389863547758285,0,0.000389863547758285,0.00155945419103314,0.00155945419103314,0.00155945419103314,0.00155945419103314,"nonsyn","nonsyn","nonsyn",4.2e-06,5.36e-07,1.17e-06,1.17e-06,"0.00359100000000001","0.00300105","1","0.00300105","V","V","M","L","L",0,0,0,0,0,0,0
"5525",5788,2563,2563,"t","t","c","c",0.00429184549356223,0.00429184549356223,0,0,0,0,0,0,0.00429184549356223,0.00429184549356223,0.00429184549356223,0.00429184549356223,"nonsyn","nonsyn","nonsyn",1.7e-05,1.07e-06,1.21e-06,1.21e-06,"0.003961","1","1","1","V","V","A","E","G",0,1,1,1,0,0,0
"5526",5789,2582,2582,"g","g","a","a",0.00116189000774593,0.00116189000774593,0,0,0,0,0,0,0.00116189000774593,0.00116189000774593,0.00116189000774593,0.00116189000774593,"syn","syn","syn",4.2e-06,5.36e-07,1.17e-06,1.17e-06,"0.00361480000000001","1","1","1","V","V","V","V","V",0,0,0,0,1,1,0
"5527",5790,2605,2605,"g","g","a","a",0.00268714011516315,0.00268714011516315,0.000383877159309021,0.000383877159309021,0,0.000383877159309021,0,0.000383877159309021,0.00307101727447217,0.00307101727447217,0.00307101727447217,0.00307101727447217,"nonsyn","nonsyn","nonsyn",4.2e-06,5.36e-07,1.17e-06,1.17e-06,"0.001563","0.00304785","1","0.00304785","A","A","T","P","S",1,1,1,0,0,0,0
"5528",5791,2689,2689,"c","c","t","t",0.00148754183711417,0.00148754183711417,0,0,0,0,0,0,0.00148754183711417,0.00148754183711417,0.00148754183711417,0.00148754183711417,"nonsyn","nonsyn","nonsyn",4.58e-06,8.37e-07,4.33e-07,4.33e-07,"0.003078905","1","1","1","A","A","V","D","G",0,1,1,0,0,0,0
"5529",5792,2668,2668,"t","t","c","c",0.00974512743628186,0.00974512743628186,0.000374812593703148,0.000374812593703148,0.000374812593703148,0,0.000374812593703148,0,0.010119940029985,0.010119940029985,0.010119940029985,0.010119940029985,"syn","syn","syn",1.7e-05,1.07e-06,1.21e-06,1.21e-06,"0.00174446153846154","0.00322828","0.00285476","1","A","A","A","A","A",0,0,0,1,1,0,1
"5530",5793,2666,2666,"g","g","a","a",0.00262565641410353,0.00262565641410353,0,0,0,0,0,0,0.00262565641410353,0.00262565641410353,0.00262565641410353,0.00262565641410353,"nonsyn","nonsyn","nonsyn",4.2e-06,5.36e-07,1.17e-06,1.17e-06,"0.0015996","1","1","1","A","A","T","P","S",1,1,1,0,0,0,0
"5531",5794,2661,2661,"c","c","t","t",0.00338218714768884,0.00338218714768884,0,0,0,0,0,0,0.00338218714768884,0.00338218714768884,0.00338218714768884,0.00338218714768884,"nonsyn","nonsyn","nonsyn",4.58e-06,8.37e-07,4.33e-07,4.33e-07,"0.00135415333333333","1","1","1","A","A","V","D","G",0,1,1,0,0,0,0
"5532",5795,2694,2694,"t","c","c","t",0.00259836674090572,0.997030438010393,0.000371195248700817,0.000371195248700817,0.000371195248700817,0,0.000371195248700817,0,0.00296956198960653,0.997401633259094,0.00296956198960653,0.997401633259094,"syn","syn","syn",4.58e-06,8.37e-07,4.33e-07,4.33e-07,"4.59364110201043e-06","0.001166502","0.002254878","1","A","A","A","A","A",0,0,0,0,1,0,1
"5533",5796,2704,2704,"c","c","t","t",0.000369822485207101,0.000369822485207101,0,0,0,0,0,0,0.000369822485207101,0.000369822485207101,0.000369822485207101,0.000369822485207101,"stop","nonsyn","nonsyn",4.58e-06,8.37e-07,4.33e-07,4.33e-07,"0.01238432","1","1","1","Q","Q","*","K","E",1,1,1,0,1,0,1
"5534",5797,2643,2643,"a","a","g","g",0.00340522133938706,0.00340522133938706,0,0,0,0,0,0,0.00340522133938706,0.00340522133938706,0.00340522133938706,0.00340522133938706,"nonsyn","nonsyn","nonsyn",1.77e-05,1.76e-06,1.7e-06,1.7e-06,"0.0051979","1","1","1","Q","Q","R","P","L",1,1,1,1,1,1,0
"5535",5798,2638,2638,"g","g","a","a",0.00151630022744503,0.00151630022744503,0,0,0,0,0,0,0.00151630022744503,0.00151630022744503,0.00151630022744503,0.00151630022744503,"syn","nonsyn","nonsyn",4.2e-06,5.36e-07,1.17e-06,1.17e-06,"0.00276990000000001","1","1","1","Q","Q","Q","H","H",0,1,1,0,0,0,0
"5536",5799,2636,2636,"c","c","t","t",0.00113808801213961,0.00113808801213961,0.00113808801213961,0.00113808801213961,0.00113808801213961,0,0.00113808801213961,0,0.00227617602427921,0.00227617602427921,0.00227617602427921,0.00227617602427921,"nonsyn","nonsyn","nonsyn",4.58e-06,8.37e-07,4.33e-07,4.33e-07,"0.00402429333333332","0.000380462666666665","0.000735443999999997","1","L","L","F","I","V",0,0,0,0,0,0,0
"5537",5800,2635,2635,"t","t","c","c",0.00455407969639469,0.00455407969639469,0.000379506641366224,0.000379506641366224,0,0.000379506641366224,0,0.000379506641366224,0.00493358633776091,0.00493358633776091,0.00493358633776091,0.00493358633776091,"nonsyn","nonsyn","nonsyn",1.7e-05,1.07e-06,1.21e-06,1.21e-06,"0.00373291666666666","0.00318835","1","0.00318835","L","L","P","H","R",1,1,1,0,1,0,1
"5538",5801,2636,2636,"c","c","t","t",0.00189681335356601,0.00189681335356601,0,0,0,0,0,0,0.00189681335356601,0.00189681335356601,0.00189681335356601,0.00189681335356601,"syn","syn","syn",4.58e-06,8.37e-07,4.33e-07,4.33e-07,"0.002414576","1","1","1","L","L","L","L","L",0,0,0,0,0,0,0
"5539",5802,2612,2612,"g","g","a","a",0.00191424196018377,0.00191424196018377,0,0,0,0,0,0,0.00191424196018377,0.00191424196018377,0.00191424196018377,0.00191424196018377,"nonsyn","nonsyn","nonsyn",4.2e-06,5.36e-07,1.17e-06,1.17e-06,"0.00219408","1","1","1","A","A","T","P","S",1,1,1,0,0,0,0
"5540",5803,2525,2525,"c","c","t","t",0.00277227722772277,0.00277227722772277,0.000396039603960396,0.000396039603960396,0,0.000396039603960396,0,0.000396039603960396,0.00316831683168317,0.00316831683168317,0.00316831683168317,0.00316831683168317,"nonsyn","nonsyn","nonsyn",4.58e-06,8.37e-07,4.33e-07,4.33e-07,"0.00165207142857143","0.001093325","1","0.001093325","A","A","V","D","G",0,1,1,0,0,0,0
"5541",5804,2469,2469,"c","c","t","t",0.397731875253139,0.397731875253139,0.00162008910490077,0.00162008910490077,0.00121506682867558,0.000405022276225192,0.00121506682867558,0.000405022276225192,0.39935196435804,0.39935196435804,0.39935196435804,0.39935196435804,"syn","syn","syn",4.58e-06,8.37e-07,4.33e-07,4.33e-07,"1.15152953156823e-05","0.00026726925","0.000688850999999998","0.001069077","A","A","A","A","A",0,0,0,0,1,0,1
"5542",5805,2475,2476,"g","g","a","a",0.00323232323232323,0.00323232323232323,0,0,0,0,0,0,0.00323232323232323,0.00323232323232323,0.00323101777059774,0.00323101777059774,"nonsyn","nonsyn","nonsyn",4.2e-06,5.36e-07,1.17e-06,1.17e-06,"0.001299375","1","1","1","A","A","T","P","S",1,1,1,0,0,0,0
"5543",5806,2461,2471,"c","c","t","t",0.000406338886631451,0.000406338886631451,0.000406338886631451,0.000406338886631451,0,0.000406338886631451,0,0.000406338886631451,0.000812677773262901,0.000812677773262901,0.000809388911371914,0.000809388911371914,"nonsyn","nonsyn","nonsyn",4.58e-06,8.37e-07,4.33e-07,4.33e-07,"0.01127138","0.001065613","1","0.001065613","A","A","V","D","G",0,1,1,0,0,0,0
"5544",5807,2473,2473,"c","c","t","t",0.000404367165386171,0.000404367165386171,0,0,0,0,0,0,0.000404367165386171,0.000404367165386171,0.000404367165386171,0.000404367165386171,"syn","syn","syn",4.58e-06,8.37e-07,4.33e-07,4.33e-07,"0.01132634","1","1","1","A","A","A","A","A",0,0,0,0,1,0,1
"5545",5808,2484,2484,"c","c","t","t",0.00120772946859903,0.00120772946859903,0.000402576489533011,0.000402576489533011,0.000402576489533011,0,0.000402576489533011,0,0.00161030595813205,0.00161030595813205,0.00161030595813205,0.00161030595813205,"nonsyn","nonsyn","nonsyn",4.58e-06,8.37e-07,4.33e-07,4.33e-07,"0.00379224000000001","0.001075572","0.002079108","1","P","P","S","T","A",1,1,1,0,1,0,1
"5546",5809,2485,2485,"c","c","t","t",0.000804828973843058,0.000804828973843058,0,0,0,0,0,0,0.000804828973843058,0.000804828973843058,0.000804828973843058,0.000804828973843058,"nonsyn","nonsyn","nonsyn",4.58e-06,8.37e-07,4.33e-07,4.33e-07,"0.00569065","1","1","1","P","P","L","H","R",1,1,1,0,1,0,1
"5547",5810,2486,2486,"c","c","t","t",0.439259855189059,0.439259855189059,0.00281576830249397,0.00281576830249397,0.00201126307320998,0.00080450522928399,0.00201126307320998,0.00080450522928399,0.442075623491553,0.442075623491553,0.442075623491553,0.442075623491553,"syn","syn","syn",4.58e-06,8.37e-07,4.33e-07,4.33e-07,"1.042663003663e-05","0.000153776857142857","0.000416156399999999","0.000538219","P","P","P","P","P",0,0,0,0,1,0,1
"5548",5811,2482,2483,"g","g","a","a",0.0016116035455278,0.0016116035455278,0.00120870265914585,0.00120870265914585,0,0.00120870265914585,0,0.00120870265914585,0.00282030620467365,0.00282030620467365,0.00281917035843737,0.00281917035843737,"nonsyn","nonsyn","nonsyn",4.2e-06,5.36e-07,1.17e-06,1.17e-06,"0.0026061","0.00096798","1","0.00096798","G","G","S","R","C",1,1,0,0,1,1,0
"5549",5812,2489,2489,"g","g","a","a",0.00120530333467256,0.00120530333467256,0,0,0,0,0,0,0.00120530333467256,0.00120530333467256,0.00120530333467256,0.00120530333467256,"nonsyn","nonsyn","nonsyn",4.2e-06,5.36e-07,1.17e-06,1.17e-06,"0.0034846","1","1","1","G","G","D","A","V",1,1,1,0,0,0,0
"5550",5813,2545,2545,"t","t","c","c",0.00275049115913556,0.00275049115913556,0.000392927308447937,0.000392927308447937,0.000392927308447937,0,0.000392927308447937,0,0.0031434184675835,0.0031434184675835,0.0031434184675835,0.0031434184675835,"syn","syn","syn",1.7e-05,1.07e-06,1.21e-06,1.21e-06,"0.00618071428571429","0.00307945","0.00272315","1","G","G","G","G","G",0,0,0,1,0,0,0
"5551",5814,2554,2554,"g","g","a","a",0.00352388410336727,0.00352388410336727,0.000391542678151919,0.000391542678151919,0,0.000391542678151919,0,0.000391542678151919,0.00391542678151919,0.00391542678151919,0.00391542678151919,0.00391542678151919,"nonsyn","nonsyn","nonsyn",4.2e-06,5.36e-07,1.17e-06,1.17e-06,"0.00119186666666667","0.00298818","1","0.00298818","A","A","T","P","S",1,1,1,0,0,0,0
"5552",5815,2563,2563,"c","c","t","t",0.00312134217713617,0.00312134217713617,0.000390167772142021,0.000390167772142021,0,0.000390167772142021,0,0.000390167772142021,0.00351150994927819,0.00351150994927819,0.00351150994927819,0.00351150994927819,"nonsyn","nonsyn","nonsyn",4.58e-06,8.37e-07,4.33e-07,4.33e-07,"0.0014673175","0.001109779","1","0.001109779","A","A","V","D","G",0,1,1,0,0,0,0
"5553",5816,2657,2657,"c","c","t","t",0.00225818592397441,0.00225818592397441,0.00188182160331201,0.00188182160331201,0.0015054572826496,0.000376364320662401,0.0015054572826496,0.000376364320662401,0.00414000752728641,0.00414000752728641,0.00414000752728641,0.00414000752728641,"syn","syn","syn",4.58e-06,8.37e-07,4.33e-07,4.33e-07,"0.00202817666666666","0.0002300962","0.000555977250000002","0.001150481","A","A","A","A","A",0,0,0,0,1,0,1
"5554",5817,2658,2658,"g","g","a","a",0.00564334085778781,0.00564334085778781,0.000752445447705041,0.000752445447705041,0.000376222723852521,0.000376222723852521,0.000376222723852521,0.000376222723852521,0.00639578630549285,0.00639578630549285,0.00639578630549285,0.00639578630549285,"nonsyn","nonsyn","nonsyn",4.2e-06,5.36e-07,1.17e-06,1.17e-06,"0.00074424","0.00155493","0.001424688","0.00310986","A","A","T","P","S",1,1,1,0,0,0,0
"5555",5818,2685,2685,"c","c","t","t",0.00111731843575419,0.00111731843575419,0,0,0,0,0,0,0.00111731843575419,0.00111731843575419,0.00111731843575419,0.00111731843575419,"nonsyn","nonsyn","nonsyn",4.58e-06,8.37e-07,4.33e-07,4.33e-07,"0.0040991","1","1","1","A","A","V","D","G",0,1,1,0,0,0,0
"5556",5819,2723,2723,"t","t","c","c",0.0025706940874036,0.0025706940874036,0.000734484024972457,0.000734484024972457,0.000734484024972457,0,0.000734484024972457,0,0.00330517811237606,0.00330517811237606,0.00330517811237606,0.00330517811237606,"syn","syn","syn",1.7e-05,1.07e-06,1.21e-06,1.21e-06,"0.006613","0.001647415","0.001456805","1","A","A","A","A","A",0,0,0,0,1,0,1
"5557",5820,2721,2721,"a","a","g","g",0.000735023888276369,0.000735023888276369,0,0,0,0,0,0,0.000735023888276369,0.000735023888276369,0.000735023888276369,0.000735023888276369,"nonsyn","nonsyn","nonsyn",1.77e-05,1.76e-06,1.7e-06,1.7e-06,"0.02408085","1","1","1","T","T","A","P","S",1,1,0,0,0,0,0
"5558",5821,2763,2763,"c","c","t","t",0,0,0,0,0,0,0,0,0,0,0,0,"nonsyn","nonsyn","nonsyn",4.58e-06,8.37e-07,4.33e-07,4.33e-07,"1","1","1","1","T","T","I","N","S",1,0,0,0,0,0,0
"5559",5822,2792,2792,"c","t","t","c",0.00179083094555874,0.998209169054441,0,0,0,0,0,0,0.00179083094555874,0.998209169054441,0.00179083094555874,0.998209169054441,"syn","syn","syn",1.7e-05,1.07e-06,1.21e-06,1.21e-06,"1.70304987441694e-05","1","1","1","T","T","T","T","T",0,0,0,1,1,0,1
"5560",5823,2798,2798,"g","g","a","a",0.00214438884917798,0.00214438884917798,0.000714796283059328,0.000714796283059328,0,0.000714796283059328,0,0.000714796283059328,0.00285918513223731,0.00285918513223731,0.00285918513223731,0.00285918513223731,"nonsyn","nonsyn","nonsyn",4.2e-06,5.36e-07,1.17e-06,1.17e-06,"0.0019586","0.00163683","1","0.00163683","A","A","T","P","S",1,1,1,0,0,0,0
"5561",5824,2802,2802,"c","c","t","t",0,0,0.000356887937187723,0.000356887937187723,0.000356887937187723,0,0.000356887937187723,0,0.000356887937187723,0.000356887937187723,0.000356887937187723,0.000356887937187723,"nonsyn","nonsyn","nonsyn",4.58e-06,8.37e-07,4.33e-07,4.33e-07,"1","0.001213266","0.002345274","1","A","A","V","D","G",0,1,1,0,0,0,0
"5562",5825,2809,2809,"c","c","t","t",0,0,0.000711997152011392,0.000711997152011392,0.000711997152011392,0,0.000711997152011392,0,0.000711997152011392,0.000711997152011392,0.000711997152011392,0.000711997152011392,"syn","syn","syn",4.58e-06,8.37e-07,4.33e-07,4.33e-07,"1","0.0006081485","0.0011755665","1","A","A","A","A","A",0,0,0,0,1,0,1
"5563",5826,2820,2822,"t","t","c","c",0.00319148936170213,0.00319148936170213,0.00283687943262411,0.00283687943262411,0.00283687943262411,0,0.00283687943262411,0,0.00602836879432624,0.00602836879432624,0.00602409638554217,0.00602409638554217,"nonsyn","nonsyn","nonsyn",1.7e-05,1.07e-06,1.21e-06,1.21e-06,"0.00532666666666666","0.000426525000000001","0.000377175","1","F","F","L","I","V",0,0,0,0,1,0,1
"5564",5827,2834,2834,"t","t","c","c",0.00176429075511644,0.00176429075511644,0.000705716302046577,0.000705716302046577,0.000352858151023289,0.000352858151023289,0.000352858151023289,0.000352858151023289,0.00247000705716302,0.00247000705716302,0.00247000705716302,0.00247000705716302,"nonsyn","nonsyn","nonsyn",1.7e-05,1.07e-06,1.21e-06,1.21e-06,"0.00963560000000002","0.00171457","0.00303238","0.00342914","F","F","S","Y","C",1,0,1,0,0,0,0
"5565",5828,2894,2894,"t","t","c","c",0.000691085003455425,0.000691085003455425,0,0,0,0,0,0,0.000691085003455425,0.000691085003455425,0.000691085003455425,0.000691085003455425,"syn","nonsyn","nonsyn",1.7e-05,1.07e-06,1.21e-06,1.21e-06,"0.024599","1","1","1","F","F","F","L","L",0,0,0,1,0,0,0
"5566",5829,2906,2906,"g","g","a","a",0,0,0,0,0,0,0,0,0,0,0,0,"nonsyn","nonsyn","nonsyn",4.2e-06,5.36e-07,1.17e-06,1.17e-06,"1","1","1","1","V","V","M","L","L",0,0,0,0,0,0,0
"5567",5830,2874,2875,"t","t","c","c",0.00139178844815588,0.00139178844815588,0,0,0,0,0,0,0.00139178844815588,0.00139178844815588,0.00139130434782609,0.00139130434782609,"nonsyn","nonsyn","nonsyn",1.7e-05,1.07e-06,1.21e-06,1.21e-06,"0.0122145","1","1","1","V","V","A","E","G",0,1,1,1,0,0,0
"5568",5831,2869,2869,"g","g","a","a",0.000348553502962705,0.000348553502962705,0.00069710700592541,0.00069710700592541,0,0.00069710700592541,0,0.00069710700592541,0.00104566050888811,0.00104566050888811,0.00104566050888811,0.00104566050888811,"syn","syn","syn",4.2e-06,5.36e-07,1.17e-06,1.17e-06,"0.0120498","0.001678365","1","0.001678365","V","V","V","V","V",0,0,0,0,1,1,0
"5569",5832,2862,2862,"g","g","a","a",0.000349406009783368,0.000349406009783368,0,0,0,0,0,0,0.000349406009783368,0.000349406009783368,0.000349406009783368,0.000349406009783368,"nonsyn","nonsyn","nonsyn",4.2e-06,5.36e-07,1.17e-06,1.17e-06,"0.0120204","1","1","1","G","G","S","R","C",1,1,0,0,1,1,0
"5570",5833,2863,2863,"g","g","a","a",0.00104785190359762,0.00104785190359762,0,0,0,0,0,0,0.00104785190359762,0.00104785190359762,0.00104785190359762,0.00104785190359762,"nonsyn","nonsyn","nonsyn",4.2e-06,5.36e-07,1.17e-06,1.17e-06,"0.00400820000000002","1","1","1","G","G","D","A","V",1,1,1,0,0,0,0
"5571",5834,2863,2863,"c","c","t","t",0.00174641983932937,0.00174641983932937,0.000349283967865875,0.000349283967865875,0.000349283967865875,0,0.000349283967865875,0,0.00209570380719525,0.00209570380719525,0.00209570380719525,0.00209570380719525,"syn","syn","syn",4.58e-06,8.37e-07,4.33e-07,4.33e-07,"0.00262250800000001","0.001239679","0.002396331","1","G","G","G","G","G",0,0,0,0,0,0,0
"5572",5835,2847,2847,"g","g","a","a",0.00280997541271514,0.00280997541271514,0,0,0,0,0,0,0.00280997541271514,0.00280997541271514,0.00280997541271514,0.00280997541271514,"nonsyn","nonsyn","nonsyn",4.2e-06,5.36e-07,1.17e-06,1.17e-06,"0.001494675","1","1","1","A","A","T","P","S",1,1,1,0,0,0,0
"5573",5836,2859,2859,"c","c","t","t",0.00279818118223155,0.00279818118223155,0.00104931794333683,0.00104931794333683,0.00104931794333683,0,0.00104931794333683,0,0.00384749912556838,0.00384749912556838,0.00384749912556838,0.00384749912556838,"nonsyn","nonsyn","nonsyn",4.58e-06,8.37e-07,4.33e-07,4.33e-07,"0.0016367775","0.000412649","0.000797661000000001","1","A","A","V","D","G",0,1,1,0,0,0,0
"5574",5837,2856,2856,"t","t","c","c",0.00315126050420168,0.00315126050420168,0.00280112044817927,0.00280112044817927,0.00140056022408964,0.00140056022408964,0.00140056022408964,0.00140056022408964,0.00595238095238095,0.00595238095238095,0.00595238095238095,0.00595238095238095,"syn","syn","syn",1.7e-05,1.07e-06,1.21e-06,1.21e-06,"0.00539466666666667","0.00043197","0.000763979999999998","0.000863939999999998","A","A","A","A","A",0,0,0,1,1,0,1
"5575",5838,2780,2780,"g","g","a","a",0.00179856115107914,0.00179856115107914,0.000719424460431655,0.000719424460431655,0,0.000719424460431655,0,0.000719424460431655,0.00251798561151079,0.00251798561151079,0.00251798561151079,0.00251798561151079,"nonsyn","nonsyn","nonsyn",4.2e-06,5.36e-07,1.17e-06,1.17e-06,"0.0023352","0.0016263","1","0.0016263","G","G","S","R","C",1,1,0,0,1,1,0
"5576",5839,2776,2776,"g","g","a","a",0.0262968299711816,0.0262968299711816,0.000360230547550432,0.000360230547550432,0,0.000360230547550432,0,0.000360230547550432,0.026657060518732,0.026657060518732,0.026657060518732,0.026657060518732,"nonsyn","nonsyn","nonsyn",4.2e-06,5.36e-07,1.17e-06,1.17e-06,"0.00015971506849315","0.00324792","1","0.00324792","G","G","D","A","V",1,1,1,0,0,0,0
"5577",5840,2773,2773,"c","c","t","t",0.00108186080057699,0.00108186080057699,0,0,0,0,0,0,0.00108186080057699,0.00108186080057699,0.00108186080057699,0.00108186080057699,"syn","syn","syn",4.58e-06,8.37e-07,4.33e-07,4.33e-07,"0.00423344666666668","1","1","1","G","G","G","G","G",0,0,0,0,0,0,0
"5578",5841,2788,2788,"t","c","c","t",0.0419655667144907,0.956599713055954,0.00143472022955524,0.00143472022955524,0.00143472022955524,0,0.00143472022955524,0,0.0434002869440459,0.958034433285509,0.0434002869440459,0.958034433285509,"syn","nonsyn","nonsyn",4.58e-06,8.37e-07,4.33e-07,4.33e-07,"4.78779152605924e-06","0.000301800999999999","0.000583388999999999","1","L","L","L","I","V",0,0,0,0,1,0,1
"5579",5842,2786,2786,"t","t","c","c",0.00143575017946877,0.00143575017946877,0.00143575017946877,0.00143575017946877,0.00143575017946877,0,0.00143575017946877,0,0.00287150035893754,0.00287150035893754,0.00287150035893754,0.00287150035893754,"nonsyn","nonsyn","nonsyn",1.7e-05,1.07e-06,1.21e-06,1.21e-06,"0.0118405","0.000842765000000001","0.000745255000000001","1","L","L","P","Q","R",1,1,1,0,1,0,1
"5580",5843,2795,2795,"g","a","a","g",0.00286225402504472,0.997137745974955,0,0,0,0,0,0,0.00286225402504472,0.997137745974955,0.00286225402504472,0.997137745974955,"syn","syn","syn",1.77e-05,1.76e-06,1.7e-06,1.7e-06,"1.77508073196986e-05","1","1","1","L","L","L","L","L",0,0,0,0,1,1,0
"5581",5844,2789,2789,"g","g","a","a",0.00250986016493367,0.00250986016493367,0.000717102904266762,0.000717102904266762,0,0.000717102904266762,0,0.000717102904266762,0.00322696306920043,0.00322696306920043,0.00322696306920043,0.00322696306920043,"nonsyn","nonsyn","nonsyn",4.2e-06,5.36e-07,1.17e-06,1.17e-06,"0.0016734","0.001631565","1","0.001631565","A","A","T","P","S",1,1,1,0,0,0,0
"5582",5845,2741,2741,"c","c","t","t",0.0025538124771981,0.0025538124771981,0.000729660707770887,0.000729660707770887,0.000364830353885443,0.000364830353885443,0.000364830353885443,0.000364830353885443,0.00328347318496899,0.00328347318496899,0.00328347318496899,0.00328347318496899,"nonsyn","nonsyn","nonsyn",4.58e-06,8.37e-07,4.33e-07,4.33e-07,"0.00179339714285714","0.0005934265","0.002294217","0.001186853","A","A","V","D","G",0,1,1,0,0,0,0
"5583",5846,2737,2737,"c","t","t","c",0.00219218122031421,0.997442455242967,0.000365363536719035,0.000365363536719035,0.000365363536719035,0,0.000365363536719035,0,0.00255754475703325,0.997807818779686,0.00255754475703325,0.997807818779686,"syn","syn","syn",1.7e-05,1.07e-06,1.21e-06,1.21e-06,"1.70435897435897e-05","0.00331177","0.00292859","1","A","A","A","A","A",0,0,0,1,1,0,1
"5584",5847,2727,2727,"g","g","a","a",0.00146681334800147,0.00146681334800147,0,0,0,0,0,0,0.00146681334800147,0.00146681334800147,0.00146681334800147,0.00146681334800147,"nonsyn","nonsyn","nonsyn",4.2e-06,5.36e-07,1.17e-06,1.17e-06,"0.00286334999999999","1","1","1","G","G","S","R","C",1,1,0,0,1,1,0
"5585",5848,2708,2708,"g","g","a","a",0.000738552437223043,0.000738552437223043,0,0,0,0,0,0,0.000738552437223043,0.000738552437223043,0.000738552437223043,0.000738552437223043,"nonsyn","nonsyn","nonsyn",4.2e-06,5.36e-07,1.17e-06,1.17e-06,"0.0056868","1","1","1","G","G","D","A","V",1,1,1,0,0,0,0
"5586",5849,2689,2689,"c","c","t","t",0.00223131275567125,0.00223131275567125,0,0,0,0,0,0,0.00223131275567125,0.00223131275567125,0.00223131275567125,0.00223131275567125,"syn","syn","syn",4.58e-06,8.37e-07,4.33e-07,4.33e-07,"0.00205260333333334","1","1","1","G","G","G","G","G",0,0,0,0,0,0,0
"5587",5850,2731,2731,"g","g","a","a",0.00366166239472721,0.00366166239472721,0.000366166239472721,0.000366166239472721,0,0.000366166239472721,0,0.000366166239472721,0.00402782863419993,0.00402782863419993,0.00402782863419993,0.00402782863419993,"nonsyn","nonsyn","nonsyn",4.2e-06,5.36e-07,1.17e-06,1.17e-06,"0.00114702","0.00319527","1","0.00319527","A","A","T","P","S",1,1,1,0,0,0,0
"5588",5851,2730,2730,"c","c","t","t",0.00146520146520147,0.00146520146520147,0,0,0,0,0,0,0.00146520146520147,0.00146520146520147,0.00146520146520147,0.00146520146520147,"nonsyn","nonsyn","nonsyn",4.58e-06,8.37e-07,4.33e-07,4.33e-07,"0.00312584999999999","1","1","1","A","A","V","D","G",0,1,1,0,0,0,0
"5589",5852,2719,2719,"c","c","t","t",0.0864288341301949,0.0864288341301949,0.000735564545788893,0.000735564545788893,0.000735564545788893,0,0.000735564545788893,0,0.0871643986759838,0.0871643986759838,0.0871643986759838,0.0871643986759838,"syn","syn","syn",4.58e-06,8.37e-07,4.33e-07,4.33e-07,"5.29915744680851e-05","0.0005886635","0.0011379015","1","A","A","A","A","A",0,0,0,0,1,0,1
"5590",5853,2708,2708,"g","g","a","a",0.00221565731166913,0.00221565731166913,0.000369276218611521,0.000369276218611521,0,0.000369276218611521,0,0.000369276218611521,0.00258493353028065,0.00258493353028065,0.00258493353028065,0.00258493353028065,"nonsyn","nonsyn","nonsyn",4.2e-06,5.36e-07,1.17e-06,1.17e-06,"0.0018956","0.00316836","1","0.00316836","A","A","T","P","S",1,1,1,0,0,0,0
"5591",5854,2691,2691,"c","c","t","t",0.00111482720178372,0.00111482720178372,0.000743218134522482,0.000743218134522482,0.000743218134522482,0,0.000743218134522482,0,0.00185804533630621,0.00185804533630621,0.00185804533630621,0.00185804533630621,"nonsyn","nonsyn","nonsyn",4.58e-06,8.37e-07,4.33e-07,4.33e-07,"0.00410826000000001","0.0005826015","0.0011261835","1","A","A","V","D","G",0,1,1,0,0,0,0
"5592",5855,2723,2723,"c","c","t","t",0.000734484024972457,0.000734484024972457,0.000367242012486228,0.000367242012486228,0.000367242012486228,0,0.000367242012486228,0,0.00110172603745869,0.00110172603745869,0.00110172603745869,0.00110172603745869,"syn","syn","syn",4.58e-06,8.37e-07,4.33e-07,4.33e-07,"0.00623567","0.001179059","0.002279151","1","A","A","A","A","A",0,0,0,0,1,0,1
"5593",5856,2715,2715,"a","a","g","g",0.00184162062615101,0.00184162062615101,0.00110497237569061,0.00110497237569061,0.00110497237569061,0,0.00110497237569061,0,0.00294659300184162,0.00294659300184162,0.00294659300184162,0.00294659300184162,"nonsyn","nonsyn","nonsyn",1.77e-05,1.76e-06,1.7e-06,1.7e-06,"0.00961110000000001","0.0015385","0.0015928","1","I","I","V","L","F",0,0,0,1,0,0,0
"5594",5857,2737,2737,"t","t","c","c",0.00694190719766167,0.00694190719766167,0,0,0,0,0,0,0.00694190719766167,0.00694190719766167,0.00694190719766167,0.00694190719766167,"nonsyn","nonsyn","nonsyn",1.7e-05,1.07e-06,1.21e-06,1.21e-06,"0.00244889473684211","1","1","1","I","I","T","N","S",1,1,1,0,0,0,0
"5595",5858,2807,2807,"c","c","t","t",0.00142500890630566,0.00142500890630566,0.000356252226576416,0.000356252226576416,0.000356252226576416,0,0.000356252226576416,0,0.00178126113288208,0.00178126113288208,0.00178126113288208,0.00178126113288208,"syn","syn","nonsyn",4.58e-06,8.37e-07,4.33e-07,4.33e-07,"0.00321401500000001","0.001215431","0.002349459","1","I","I","I","I","M",0,0,0,0,0,0,0
"5596",5859,2805,2805,"g","g","a","a",0.0035650623885918,0.0035650623885918,0.00035650623885918,0.00035650623885918,0.00035650623885918,0,0.00035650623885918,0,0.00392156862745098,0.00392156862745098,0.00392156862745098,0.00392156862745098,"nonsyn","nonsyn","nonsyn",4.2e-06,5.36e-07,1.17e-06,1.17e-06,"0.0011781","0.00328185","0.00150348","1","G","G","S","R","C",1,1,0,0,1,1,0
"5597",5860,2825,2825,"g","g","a","a",0.00353982300884956,0.00353982300884956,0.000353982300884956,0.000353982300884956,0,0.000353982300884956,0,0.000353982300884956,0.00389380530973451,0.00389380530973451,0.00389380530973451,0.00389380530973451,"nonsyn","nonsyn","nonsyn",4.2e-06,5.36e-07,1.17e-06,1.17e-06,"0.0011865","0.00330525","1","0.00330525","G","G","D","A","V",1,1,1,0,0,0,0
"5598",5861,2808,2808,"c","c","t","t",0.00213675213675214,0.00213675213675214,0.000356125356125356,0.000356125356125356,0.000356125356125356,0,0.000356125356125356,0,0.00249287749287749,0.00249287749287749,0.00249287749287749,0.00249287749287749,"syn","syn","syn",4.58e-06,8.37e-07,4.33e-07,4.33e-07,"0.00214344","0.001215864","0.002350296","1","G","G","G","G","G",0,0,0,0,0,0,0
"5599",5862,2776,2776,"a","a","g","g",0.00288184438040346,0.00288184438040346,0.000720461095100865,0.000720461095100865,0,0.000720461095100865,0,0.000720461095100865,0.00360230547550432,0.00360230547550432,0.00360230547550432,0.00360230547550432,"nonsyn","nonsyn","nonsyn",1.77e-05,1.76e-06,1.7e-06,1.7e-06,"0.0061419","0.0023596","1","0.0023596","S","S","G","R","C",1,1,1,1,1,1,0
"5600",5863,2706,2706,"g","g","a","a",0,0,0,0,0,0,0,0,0,0,0,0,"nonsyn","nonsyn","nonsyn",4.2e-06,5.36e-07,1.17e-06,1.17e-06,"1","1","1","1","S","S","N","T","I",0,0,1,0,0,0,0
"5601",5864,2705,2705,"t","c","c","t",0.00184842883548983,0.997781885397412,0.000369685767097967,0.000369685767097967,0.000369685767097967,0,0.000369685767097967,0,0.0022181146025878,0.99815157116451,0.0022181146025878,0.99815157116451,"syn","nonsyn","nonsyn",4.58e-06,8.37e-07,4.33e-07,4.33e-07,"4.59018154872175e-06","0.001171265","0.002264085","1","S","S","S","R","R",0,1,1,0,0,0,0
"5602",5865,2717,2717,"g","g","a","a",0.00257637099742363,0.00257637099742363,0,0,0,0,0,0,0.00257637099742363,0.00257637099742363,0.00257637099742363,0.00257637099742363,"nonsyn","nonsyn","nonsyn",4.2e-06,5.36e-07,1.17e-06,1.17e-06,"0.0016302","1","1","1","V","V","I","L","F",0,0,0,0,0,0,0
"5603",5866,2703,2703,"t","t","c","c",0.00406955234924158,0.00406955234924158,0.000369959304476508,0.000369959304476508,0.000369959304476508,0,0.000369959304476508,0,0.00443951165371809,0.00443951165371809,0.00443951165371809,0.00443951165371809,"nonsyn","nonsyn","nonsyn",1.7e-05,1.07e-06,1.21e-06,1.21e-06,"0.00417736363636364","0.00327063","0.00289221","1","V","V","A","D","G",0,1,1,0,0,0,0
"5604",5867,2718,2718,"c","t","t","c",0.0125091979396615,0.986387049300957,0.0011037527593819,0.0011037527593819,0.0011037527593819,0,0.0011037527593819,0,0.0136129506990434,0.987490802060338,0.0136129506990434,0.987490802060338,"syn","syn","syn",1.7e-05,1.07e-06,1.21e-06,1.21e-06,"1.72346139500186e-05","0.00109626","0.000969419999999999","1","V","V","V","V","V",0,0,0,1,0,0,0
"5605",5868,2728,2728,"g","g","a","a",0.00366568914956012,0.00366568914956012,0.00109970674486804,0.00109970674486804,0,0.00109970674486804,0,0.00109970674486804,0.00476539589442815,0.00476539589442815,0.00476539589442815,0.00476539589442815,"nonsyn","nonsyn","stop",4.2e-06,5.36e-07,1.17e-06,1.17e-06,"0.00114576","0.00106392","1","0.00106392","G","G","R","R","*",1,1,1,0,1,1,0
"5606",5869,2716,2716,"g","g","a","a",0.00147275405007364,0.00147275405007364,0,0,0,0,0,0,0.00147275405007364,0.00147275405007364,0.00147275405007364,0.00147275405007364,"nonsyn","nonsyn","nonsyn",4.2e-06,5.36e-07,1.17e-06,1.17e-06,"0.0028518","1","1","1","G","G","E","A","V",1,1,1,0,0,0,0
"5607",5870,2667,2667,"a","a","g","g",0.00299962504686914,0.00299962504686914,0,0,0,0,0,0,0.00299962504686914,0.00299962504686914,0.00299962504686914,0.00299962504686914,"syn","syn","syn",1.77e-05,1.76e-06,1.7e-06,1.7e-06,"0.0059007375","1","1","1","G","G","G","G","G",0,0,0,0,0,0,0
"5608",5871,2675,2675,"t","c","c","t",0,1,0,0,0,0,0,0,0,1,0,1,"syn","nonsyn","nonsyn",4.58e-06,8.37e-07,4.33e-07,4.33e-07,"4.58e-06","1","1","1","L","L","L","M","V",0,0,0,0,0,0,0
"5609",5872,2707,2707,"t","t","c","c",0.00036941263391208,0.00036941263391208,0.00036941263391208,0.00036941263391208,0.00036941263391208,0,0.00036941263391208,0,0.00073882526782416,0.00073882526782416,0.00073882526782416,0.00073882526782416,"nonsyn","nonsyn","nonsyn",1.7e-05,1.07e-06,1.21e-06,1.21e-06,"0.046019","0.00327547","0.00289649","1","L","L","P","Q","R",1,1,1,1,1,0,1
"5610",5873,2772,2772,"g","g","a","a",0,0,0.000360750360750361,0.000360750360750361,0,0.000360750360750361,0,0.000360750360750361,0.000360750360750361,0.000360750360750361,0.000360750360750361,0.000360750360750361,"syn","syn","syn",4.2e-06,5.36e-07,1.17e-06,1.17e-06,"1","0.00324324","1","0.00324324","L","L","L","L","L",0,0,0,0,1,1,0
"5611",5874,2780,2780,"g","g","a","a",0.00107913669064748,0.00107913669064748,0.000359712230215827,0.000359712230215827,0,0.000359712230215827,0,0.000359712230215827,0.00143884892086331,0.00143884892086331,0.00143884892086331,0.00143884892086331,"nonsyn","nonsyn","nonsyn",4.2e-06,5.36e-07,1.17e-06,1.17e-06,"0.00389200000000001","0.0032526","1","0.0032526","G","G","R","R","W",1,1,1,0,1,1,0
"5612",5875,2776,2776,"g","g","a","a",0.000720461095100865,0.000720461095100865,0.000720461095100865,0.000720461095100865,0,0.000720461095100865,0,0.000720461095100865,0.00144092219020173,0.00144092219020173,0.00144092219020173,0.00144092219020173,"nonsyn","nonsyn","nonsyn",4.2e-06,5.36e-07,1.17e-06,1.17e-06,"0.0058296","0.00162396","1","0.00162396","G","G","E","A","V",1,1,1,0,1,1,0
"5613",5876,2763,2763,"g","g","a","a",0.001085776330076,0.001085776330076,0.000723850886717336,0.000723850886717336,0.000361925443358668,0.000361925443358668,0.000361925443358668,0.000361925443358668,0.00180962721679334,0.00180962721679334,0.00180962721679334,0.00180962721679334,"syn","syn","syn",4.2e-06,5.36e-07,1.17e-06,1.17e-06,"0.00386820000000001","0.001616355","0.001480968","0.00323271","G","G","G","G","G",0,0,0,0,0,0,0
"5614",5877,2752,2754,"a","a","g","g",0.00363372093023256,0.00363372093023256,0,0,0,0,0,0,0.00363372093023256,0.00363372093023256,0.00363108206245461,0.00363108206245461,"nonsyn","nonsyn","stop",1.77e-05,1.76e-06,1.7e-06,1.7e-06,"0.00487104","1","1","1","K","K","E","Q","*",1,1,1,0,0,0,0
"5615",5878,2732,2732,"a","a","g","g",0.00622254758418741,0.00622254758418741,0.00146412884333821,0.00146412884333821,0,0.00146412884333821,0,0.00146412884333821,0.00768667642752562,0.00768667642752562,0.00768667642752562,0.00768667642752562,"nonsyn","nonsyn","nonsyn",1.77e-05,1.76e-06,1.7e-06,1.7e-06,"0.00284449411764706","0.0011611","1","0.0011611","K","K","R","T","M",0,1,1,0,1,1,0
"5616",5879,2693,2693,"g","g","a","a",0.000742666171555886,0.000742666171555886,0.00111399925733383,0.00111399925733383,0,0.00111399925733383,0,0.00111399925733383,0.00185666542888971,0.00185666542888971,0.00185666542888971,0.00185666542888971,"syn","nonsyn","nonsyn",4.2e-06,5.36e-07,1.17e-06,1.17e-06,"0.0056553","0.00105027","1","0.00105027","K","K","K","N","N",0,1,1,0,1,1,0
"5617",5880,2691,2691,"g","g","a","a",0.00148643626904496,0.00148643626904496,0,0,0,0,0,0,0.00148643626904496,0.00148643626904496,0.00148643626904496,0.00148643626904496,"nonsyn","nonsyn","nonsyn",4.2e-06,5.36e-07,1.17e-06,1.17e-06,"0.00282555000000001","1","1","1","V","V","I","L","F",0,0,0,0,0,0,0
"5618",5881,2736,2736,"t","t","c","c",0.00292397660818713,0.00292397660818713,0.000730994152046784,0.000730994152046784,0.000365497076023392,0.000365497076023392,0.000365497076023392,0.000365497076023392,0.00365497076023392,0.00365497076023392,0.00365497076023392,0.00365497076023392,"nonsyn","nonsyn","nonsyn",1.7e-05,1.07e-06,1.21e-06,1.21e-06,"0.00581400000000001","0.00165528","0.00292752","0.00331056","V","V","A","D","G",0,1,1,0,0,0,0
"5619",5882,2760,2760,"c","c","t","t",0,0,0,0,0,0,0,0,0,0,0,0,"syn","syn","syn",4.58e-06,8.37e-07,4.33e-07,4.33e-07,"1","1","1","1","V","V","V","V","V",0,0,0,0,0,0,0
"5620",5883,2770,2770,"c","c","t","t",0.00180505415162455,0.00180505415162455,0.00036101083032491,0.00036101083032491,0.00036101083032491,0,0.00036101083032491,0,0.00216606498194946,0.00216606498194946,0.00216606498194946,0.00216606498194946,"nonsyn","nonsyn","nonsyn",4.58e-06,8.37e-07,4.33e-07,4.33e-07,"0.00253732","0.00119941","0.00231849","1","L","L","F","I","V",0,0,0,0,1,0,1
"5621",5884,2782,2782,"t","t","c","c",0.00395398993529835,0.00395398993529835,0.000359453630481668,0.000359453630481668,0.000359453630481668,0,0.000359453630481668,0,0.00431344356578001,0.00431344356578001,0.00431344356578001,0.00431344356578001,"nonsyn","nonsyn","nonsyn",1.7e-05,1.07e-06,1.21e-06,1.21e-06,"0.00429945454545454","0.00336622","0.00297674","1","L","L","P","H","R",1,1,1,0,1,0,1
"5622",5885,2806,2806,"c","c","t","t",0.00178189593727726,0.00178189593727726,0,0,0,0,0,0,0.00178189593727726,0.00178189593727726,0.00178189593727726,0.00178189593727726,"syn","syn","syn",4.58e-06,8.37e-07,4.33e-07,4.33e-07,"0.002570296","1","1","1","L","L","L","L","L",0,0,0,0,0,0,0
"5623",5886,2814,2814,"g","g","a","a",0.00319829424307036,0.00319829424307036,0,0,0,0,0,0,0.00319829424307036,0.00319829424307036,0.00319829424307036,0.00319829424307036,"nonsyn","nonsyn","nonsyn",4.2e-06,5.36e-07,1.17e-06,1.17e-06,"0.0013132","1","1","1","V","V","M","L","L",0,0,0,0,0,0,0
"5624",5887,2813,2813,"t","t","c","c",0.00319943121222894,0.00319943121222894,0.000355492356914326,0.000355492356914326,0.000355492356914326,0,0.000355492356914326,0,0.00355492356914326,0.00355492356914326,0.00355492356914326,0.00355492356914326,"nonsyn","nonsyn","nonsyn",1.7e-05,1.07e-06,1.21e-06,1.21e-06,"0.00531344444444444","0.00340373","0.00300991","1","V","V","A","E","G",0,1,1,1,0,0,0
"5625",5888,2817,2817,"g","g","a","a",0.00248491302804402,0.00248491302804402,0.00035498757543486,0.00035498757543486,0,0.00035498757543486,0,0.00035498757543486,0.00283990060347888,0.00283990060347888,0.00283990060347888,0.00283990060347888,"syn","syn","syn",4.2e-06,5.36e-07,1.17e-06,1.17e-06,"0.0016902","0.00329589","1","0.00329589","V","V","V","V","V",0,0,0,0,1,1,0
"5626",5889,2818,2818,"g","g","a","a",0.00106458481192335,0.00106458481192335,0.00035486160397445,0.00035486160397445,0,0.00035486160397445,0,0.00035486160397445,0.0014194464158978,0.0014194464158978,0.0014194464158978,0.0014194464158978,"nonsyn","nonsyn","nonsyn",4.2e-06,5.36e-07,1.17e-06,1.17e-06,"0.0039452","0.00329706","1","0.00329706","D","D","N","H","Y",1,1,1,0,0,0,0
"5627",5890,2789,2789,"a","a","g","g",0.00394406597346719,0.00394406597346719,0.00179275726066691,0.00179275726066691,0.000358551452133381,0.00143420580853352,0.000358551452133381,0.00143420580853352,0.0057368232341341,0.0057368232341341,0.0057368232341341,0.0057368232341341,"nonsyn","nonsyn","nonsyn",1.77e-05,1.76e-06,1.7e-06,1.7e-06,"0.00448775454545455","0.000948259999999998","0.00490864","0.001185325","D","D","G","A","V",1,1,1,0,0,0,0
"5628",5891,2911,2911,"c","c","t","t",0.0061834421161113,0.0061834421161113,0,0,0,0,0,0,0.0061834421161113,0.0061834421161113,0.0061834421161113,0.0061834421161113,"syn","nonsyn","nonsyn",4.58e-06,8.37e-07,4.33e-07,4.33e-07,"0.000740687777777778","1","1","1","D","D","D","E","E",0,0,0,0,0,0,0
"5629",5892,2916,2916,"a","a","g","g",0.00308641975308642,0.00308641975308642,0.00102880658436214,0.00102880658436214,0.000342935528120713,0.000685871056241427,0.000342935528120713,0.000685871056241427,0.00411522633744856,0.00411522633744856,0.00411522633744856,0.00411522633744856,"nonsyn","nonsyn","nonsyn",1.77e-05,1.76e-06,1.7e-06,1.7e-06,"0.0057348","0.0016524","0.00513216","0.0024786","I","I","V","L","F",0,0,0,1,0,0,0
"5630",5893,2915,2915,"t","t","c","c",0.00102915951972556,0.00102915951972556,0,0,0,0,0,0,0.00102915951972556,0.00102915951972556,0.00102915951972556,0.00102915951972556,"nonsyn","nonsyn","nonsyn",1.7e-05,1.07e-06,1.21e-06,1.21e-06,"0.0165183333333333","1","1","1","I","I","T","N","S",1,1,1,0,0,0,0
"5631",5894,2887,2889,"c","t","t","c",0.00103914097679252,0.998268098372012,0.000692760651195012,0.000692760651195012,0.000692760651195012,0,0.000692760651195012,0,0.00173190162798753,0.998960859023208,0.0017307026652821,0.998269297334718,"syn","syn","nonsyn",1.7e-05,1.07e-06,1.21e-06,1.21e-06,"1.7029493407356e-05","0.001746635","0.001544545","1","I","I","I","I","M",0,0,0,0,0,0,0
"5632",5895,2887,2887,"c","c","t","t",0.000346380325597506,0.000346380325597506,0.000346380325597506,0.000346380325597506,0.000346380325597506,0,0.000346380325597506,0,0.000692760651195012,0.000692760651195012,0.000692760651195012,0.000692760651195012,"nonsyn","nonsyn","nonsyn",4.58e-06,8.37e-07,4.33e-07,4.33e-07,"0.01322246","0.001250071","0.002416419","1","L","L","F","I","V",0,0,0,0,0,0,0
"5633",5896,2905,2905,"t","t","c","c",0.0044750430292599,0.0044750430292599,0.000344234079173838,0.000344234079173838,0,0.000344234079173838,0,0.000344234079173838,0.00481927710843374,0.00481927710843374,0.00481927710843374,0.00481927710843374,"nonsyn","nonsyn","nonsyn",1.7e-05,1.07e-06,1.21e-06,1.21e-06,"0.00379884615384615","0.00351505","1","0.00351505","L","L","P","H","R",1,1,1,0,1,0,1
"5634",5897,2835,2835,"t","t","c","c",0.00246913580246914,0.00246913580246914,0,0,0,0,0,0,0.00246913580246914,0.00246913580246914,0.00246913580246914,0.00246913580246914,"syn","syn","syn",1.7e-05,1.07e-06,1.21e-06,1.21e-06,"0.00688499999999999","1","1","1","L","L","L","L","L",0,0,0,1,0,0,0
"5635",5898,2926,2926,"g","g","a","a",0.00273410799726589,0.00273410799726589,0,0,0,0,0,0,0.00273410799726589,0.00273410799726589,0.00273410799726589,0.00273410799726589,"nonsyn","nonsyn","nonsyn",4.2e-06,5.36e-07,1.17e-06,1.17e-06,"0.00153615","1","1","1","A","A","T","P","S",1,1,1,0,0,0,0
"5636",5899,2932,2932,"c","c","t","t",0.00272851296043656,0.00272851296043656,0,0,0,0,0,0,0.00272851296043656,0.00272851296043656,0.00272851296043656,0.00272851296043656,"nonsyn","nonsyn","nonsyn",4.58e-06,8.37e-07,4.33e-07,4.33e-07,"0.00167857","1","1","1","A","A","V","E","G",0,1,1,0,0,0,0
"5637",5900,2925,2927,"a","a","g","g",0.00273504273504274,0.00273504273504274,0.00341880341880342,0.00341880341880342,0,0.00341880341880342,0,0.00341880341880342,0.00615384615384615,0.00615384615384615,0.00614964127092586,0.00614964127092586,"syn","syn","syn",1.77e-05,1.76e-06,1.7e-06,1.7e-06,"0.00647156249999999","0.00049725","1","0.00049725","A","A","A","A","A",0,0,0,1,1,1,0
"5638",5901,2973,2973,"g","g","a","a",0.00100908173562059,0.00100908173562059,0.00134544231416078,0.00134544231416078,0,0.00134544231416078,0,0.00134544231416078,0.00235452404978137,0.00235452404978137,0.00235452404978137,0.00235452404978137,"nonsyn","nonsyn","nonsyn",4.2e-06,5.36e-07,1.17e-06,1.17e-06,"0.00416219999999998","0.0008696025","1","0.0008696025","G","G","R","R","W",1,1,1,0,1,1,0
"5639",5902,2948,2948,"g","g","a","a",0.00101763907734057,0.00101763907734057,0.00033921302578019,0.00033921302578019,0.00033921302578019,0,0.00033921302578019,0,0.00135685210312076,0.00135685210312076,0.00135685210312076,0.00135685210312076,"nonsyn","nonsyn","nonsyn",4.2e-06,5.36e-07,1.17e-06,1.17e-06,"0.0041272","0.00344916","0.001580128","1","G","G","E","A","V",1,1,1,0,1,1,0
"5640",5903,2943,2943,"g","g","a","a",0.00169894665307509,0.00169894665307509,0.000339789330615019,0.000339789330615019,0,0.000339789330615019,0,0.000339789330615019,0.00203873598369011,0.00203873598369011,0.00203873598369011,0.00203873598369011,"syn","syn","syn",4.2e-06,5.36e-07,1.17e-06,1.17e-06,"0.00247212","0.00344331","1","0.00344331","G","G","G","G","G",0,0,0,0,0,0,0
"5641",5904,2897,2897,"t","t","c","c",0.00241629271660338,0.00241629271660338,0.000690369347600966,0.000690369347600966,0.000345184673800483,0.000345184673800483,0.000345184673800483,0.000345184673800483,0.00310666206420435,0.00310666206420435,0.00310666206420435,0.00310666206420435,"nonsyn","nonsyn","nonsyn",1.7e-05,1.07e-06,1.21e-06,1.21e-06,"0.00703557142857144","0.001752685","0.00309979","0.00350537","Y","Y","H","N","D",1,1,1,0,0,0,0
"5642",5905,2818,2818,"a","a","g","g",0.00248403122782115,0.00248403122782115,0,0,0,0,0,0,0.00248403122782115,0.00248403122782115,0.00248403122782115,0.00248403122782115,"nonsyn","nonsyn","nonsyn",1.77e-05,1.76e-06,1.7e-06,1.7e-06,"0.00712551428571429","1","1","1","Y","Y","C","S","F",1,1,0,0,0,0,0
"5643",5906,2858,2858,"t","t","c","c",0.00244926522043387,0.00244926522043387,0.00104968509447166,0.00104968509447166,0.000699790062981106,0.000349895031490553,0.000699790062981106,0.000349895031490553,0.00349895031490553,0.00349895031490553,0.00349895031490553,0.00349895031490553,"syn","stop","stop",1.7e-05,1.07e-06,1.21e-06,1.21e-06,"0.00694085714285714","0.00115272666666667","0.00152903","0.00345818","Y","Y","Y","*","*",0,1,1,1,0,0,0
"5644",5907,2866,2866,"g","g","a","a",0.00209351011863224,0.00209351011863224,0.000697836706210747,0.000697836706210747,0,0.000697836706210747,0,0.000697836706210747,0.00279134682484299,0.00279134682484299,0.00279134682484299,0.00279134682484299,"nonsyn","nonsyn","nonsyn",4.2e-06,5.36e-07,1.17e-06,1.17e-06,"0.0020062","0.00167661","1","0.00167661","G","G","S","R","C",1,1,0,0,1,1,0
"5645",5908,2861,2861,"g","g","a","a",0.00524292205522545,0.00524292205522545,0,0,0,0,0,0,0.00524292205522545,0.00524292205522545,0.00524292205522545,0.00524292205522545,"nonsyn","nonsyn","nonsyn",4.2e-06,5.36e-07,1.17e-06,1.17e-06,"0.000801079999999999","1","1","1","G","G","D","A","V",1,1,1,0,0,0,0
"5646",5909,2852,2852,"c","c","t","t",0.00841514726507714,0.00841514726507714,0,0,0,0,0,0,0.00841514726507714,0.00841514726507714,0.00841514726507714,0.00841514726507714,"syn","syn","syn",4.58e-06,8.37e-07,4.33e-07,4.33e-07,"0.000544256666666667","1","1","1","G","G","G","G","G",0,0,0,0,0,0,0
"5647",5910,2795,2795,"g","g","a","a",0.00286225402504472,0.00286225402504472,0,0,0,0,0,0,0.00286225402504472,0.00286225402504472,0.00286225402504472,0.00286225402504472,"nonsyn","nonsyn","nonsyn",4.2e-06,5.36e-07,1.17e-06,1.17e-06,"0.001467375","1","1","1","A","A","T","P","S",1,1,1,0,0,0,0
"5648",5911,2784,2784,"c","c","t","t",0.000359195402298851,0.000359195402298851,0,0,0,0,0,0,0.000359195402298851,0.000359195402298851,0.000359195402298851,0.000359195402298851,"nonsyn","nonsyn","nonsyn",4.58e-06,8.37e-07,4.33e-07,4.33e-07,"0.01275072","1","1","1","A","A","V","E","G",0,1,1,0,0,0,0
"5649",5912,2780,2781,"g","g","a","a",0.00431654676258993,0.00431654676258993,0.000719424460431655,0.000719424460431655,0,0.000719424460431655,0,0.000719424460431655,0.00503597122302158,0.00503597122302158,0.0050341603739662,0.0050341603739662,"syn","syn","syn",4.2e-06,5.36e-07,1.17e-06,1.17e-06,"0.000973","0.0016263","1","0.0016263","A","A","A","A","A",0,0,0,0,1,1,0
"5650",5913,2811,2811,"g","g","a","a",0.00284596229099964,0.00284596229099964,0.000355745286374956,0.000355745286374956,0,0.000355745286374956,0,0.000355745286374956,0.0032017075773746,0.0032017075773746,0.0032017075773746,0.0032017075773746,"nonsyn","nonsyn","nonsyn",4.2e-06,5.36e-07,1.17e-06,1.17e-06,"0.001475775","0.00328887","1","0.00328887","G","G","S","R","C",1,1,0,0,1,1,0
"5651",5914,2819,2819,"g","g","a","a",0.00177367860943597,0.00177367860943597,0,0,0,0,0,0,0.00177367860943597,0.00177367860943597,0.00177367860943597,0.00177367860943597,"nonsyn","nonsyn","nonsyn",4.2e-06,5.36e-07,1.17e-06,1.17e-06,"0.00236796","1","1","1","G","G","D","A","V",1,1,1,0,0,0,0
"5652",5915,2918,2918,"c","c","t","t",0.0047978067169294,0.0047978067169294,0.000685400959561343,0.000685400959561343,0.000685400959561343,0,0.000685400959561343,0,0.00548320767649075,0.00548320767649075,0.00548320767649075,0.00548320767649075,"syn","syn","syn",4.58e-06,8.37e-07,4.33e-07,4.33e-07,"0.000954602857142858","0.000631747","0.001221183","1","G","G","G","G","G",0,0,0,0,0,0,0
"5653",5916,2915,2915,"g","g","a","a",0.000686106346483705,0.000686106346483705,0.000343053173241852,0.000343053173241852,0,0.000343053173241852,0,0.000343053173241852,0.00102915951972556,0.00102915951972556,0.00102915951972556,0.00102915951972556,"nonsyn","nonsyn","nonsyn",4.2e-06,5.36e-07,1.17e-06,1.17e-06,"0.0061215","0.00341055","1","0.00341055","V","V","M","L","L",0,0,0,0,0,0,0
"5654",5917,2900,2900,"t","t","c","c",0.00206896551724138,0.00206896551724138,0.000344827586206897,0.000344827586206897,0.000344827586206897,0,0.000344827586206897,0,0.00241379310344828,0.00241379310344828,0.00241379310344828,0.00241379310344828,"nonsyn","nonsyn","nonsyn",1.7e-05,1.07e-06,1.21e-06,1.21e-06,"0.00821666666666666","0.003509","0.003103","1","V","V","A","E","G",0,1,1,1,0,0,0
"5655",5918,2908,2908,"a","g","g","a",0.00240715268225585,0.996905089408528,0.000687757909215956,0.000687757909215956,0,0.000687757909215956,0,0.000687757909215956,0.0030949105914718,0.997592847317744,0.0030949105914718,0.997592847317744,"syn","syn","syn",4.2e-06,5.36e-07,1.17e-06,1.17e-06,"4.21303897895826e-06","0.00170118","1","0.00170118","V","V","V","V","V",0,0,0,0,1,1,0
"5656",5919,2932,2932,"g","g","a","a",0.00102319236016371,0.00102319236016371,0.00034106412005457,0.00034106412005457,0.00034106412005457,0,0.00034106412005457,0,0.00136425648021828,0.00136425648021828,0.00136425648021828,0.00136425648021828,"nonsyn","nonsyn","nonsyn",4.2e-06,5.36e-07,1.17e-06,1.17e-06,"0.0041048","0.00343044","0.001571552","1","A","A","T","P","S",1,1,1,0,0,0,0
"5657",5920,2956,2957,"c","c","t","t",0.0016914749661705,0.0016914749661705,0.0003382949932341,0.0003382949932341,0,0.0003382949932341,0,0.0003382949932341,0.0020297699594046,0.0020297699594046,0.00202908353060534,0.00202908353060534,"nonsyn","nonsyn","nonsyn",4.58e-06,8.37e-07,4.33e-07,4.33e-07,"0.002707696","0.001279948","1","0.001279948","A","A","V","E","G",0,1,1,0,0,0,0
"5658",5921,2929,2948,"g","g","a","a",0.00238989416182998,0.00238989416182998,0.000682826903379993,0.000682826903379993,0.000341413451689997,0.000341413451689997,0.000341413451689997,0.000341413451689997,0.00307272106520997,0.00307272106520997,0.00305291723202171,0.00305291723202171,"syn","syn","syn",4.2e-06,5.36e-07,1.17e-06,1.17e-06,"0.0017574","0.001713465","0.001569944","0.00342693","A","A","A","A","A",0,0,0,0,1,1,0
"5659",5922,2952,2952,"g","g","a","a",0.00237127371273713,0.00237127371273713,0,0,0,0,0,0,0.00237127371273713,0.00237127371273713,0.00237127371273713,0.00237127371273713,"nonsyn","nonsyn","stop",4.2e-06,5.36e-07,1.17e-06,1.17e-06,"0.0017712","1","1","1","G","G","R","R","*",1,1,1,0,1,1,0
"5660",5923,2951,2951,"g","g","a","a",0.000677736360555744,0.000677736360555744,0.00101660454083362,0.00101660454083362,0.000338868180277872,0.000677736360555744,0.000338868180277872,0.000677736360555744,0.00169434090138936,0.00169434090138936,0.00169434090138936,0.00169434090138936,"nonsyn","nonsyn","nonsyn",4.2e-06,5.36e-07,1.17e-06,1.17e-06,"0.0061971","0.00115089","0.001581736","0.001726335","G","G","E","A","V",1,1,1,0,0,0,0
"5661",5924,2962,2962,"g","a","a","g",0.00135043889264011,0.99864956110736,0,0,0,0,0,0,0.00135043889264011,0.99864956110736,0.00135043889264011,0.99864956110736,"syn","syn","syn",1.77e-05,1.76e-06,1.7e-06,1.7e-06,"1.77239350912779e-05","1","1","1","G","G","G","G","G",0,0,0,0,1,1,0
"5662",5925,3055,3055,"g","g","a","a",0.00196399345335516,0.00196399345335516,0,0,0,0,0,0,0.00196399345335516,0.00196399345335516,0.00196399345335516,0.00196399345335516,"nonsyn","nonsyn","nonsyn",4.2e-06,5.36e-07,1.17e-06,1.17e-06,"0.00213849999999999","1","1","1","A","A","T","P","S",1,1,1,0,0,0,0
"5663",5926,3059,3059,"c","c","t","t",0.0009807126511932,0.0009807126511932,0,0,0,0,0,0,0.0009807126511932,0.0009807126511932,0.0009807126511932,0.0009807126511932,"nonsyn","nonsyn","nonsyn",4.58e-06,8.37e-07,4.33e-07,4.33e-07,"0.00467007333333334","1","1","1","A","A","V","D","G",0,1,1,0,0,0,0
"5664",5927,3084,3084,"t","t","c","c",0.00291828793774319,0.00291828793774319,0.00194552529182879,0.00194552529182879,0.00194552529182879,0,0.00194552529182879,0,0.00486381322957198,0.00486381322957198,0.00486381322957198,0.00486381322957198,"syn","syn","syn",1.7e-05,1.07e-06,1.21e-06,1.21e-06,"0.00582533333333334","0.000621940000000001","0.000549980000000001","1","A","A","A","A","A",0,0,0,0,1,0,1
"5665",5928,3075,3075,"c","c","t","t",0.00130081300813008,0.00130081300813008,0.00032520325203252,0.00032520325203252,0.00032520325203252,0,0.00032520325203252,0,0.0016260162601626,0.0016260162601626,0.0016260162601626,0.0016260162601626,"nonsyn","nonsyn","nonsyn",4.58e-06,8.37e-07,4.33e-07,4.33e-07,"0.003520875","0.001331475","0.002573775","1","L","L","F","I","V",0,0,0,0,0,0,0
"5666",5929,3143,3144,"t","t","c","c",0.00190900413617563,0.00190900413617563,0.000318167356029271,0.000318167356029271,0.000318167356029271,0,0.000318167356029271,0,0.0022271714922049,0.0022271714922049,0.0022264631043257,0.0022264631043257,"nonsyn","nonsyn","nonsyn",1.7e-05,1.07e-06,1.21e-06,1.21e-06,"0.00890516666666666","0.00380303","0.00336301","1","L","L","P","H","R",1,1,1,0,1,0,1
"5667",5930,3070,3071,"t","t","c","c",0.0104234527687296,0.0104234527687296,0.000651465798045603,0.000651465798045603,0.000325732899022801,0.000325732899022801,0.000325732899022801,0.000325732899022801,0.0110749185667752,0.0110749185667752,0.0110713122761316,0.0110713122761316,"syn","syn","syn",1.7e-05,1.07e-06,1.21e-06,1.21e-06,"0.00163093750000001","0.00185735","0.0032849","0.0037147","L","L","L","L","L",0,0,0,1,0,0,0
"5668",5931,3214,3215,"g","g","a","a",0.000622277535780958,0.000622277535780958,0,0,0,0,0,0,0.000622277535780958,0.000622277535780958,0.000622083981337481,0.000622083981337481,"nonsyn","nonsyn","nonsyn",4.2e-06,5.36e-07,1.17e-06,1.17e-06,"0.0067494","1","1","1","V","V","I","L","L",0,0,0,0,0,0,0
"5669",5932,3180,3180,"t","t","c","c",0.00723270440251572,0.00723270440251572,0.000943396226415094,0.000943396226415094,0.000943396226415094,0,0.000943396226415094,0,0.00817610062893082,0.00817610062893082,0.00817610062893082,0.00817610062893082,"nonsyn","nonsyn","nonsyn",1.7e-05,1.07e-06,1.21e-06,1.21e-06,"0.0023504347826087","0.0012826","0.0011342","1","V","V","A","E","G",0,1,1,0,0,0,0
"5670",5933,3253,3253,"a","a","g","g",0.0027666769136182,0.0027666769136182,0.000614817091915155,0.000614817091915155,0,0.000614817091915155,0,0.000614817091915155,0.00338149400553335,0.00338149400553335,0.00338149400553335,0.00338149400553335,"syn","syn","syn",1.77e-05,1.76e-06,1.7e-06,1.7e-06,"0.00639756666666666","0.00276505","1","0.00276505","V","V","V","V","V",0,0,0,0,1,1,0
"5671",5934,3257,3257,"g","g","a","a",0.00153515505066012,0.00153515505066012,0,0,0,0,0,0,0.00153515505066012,0.00153515505066012,0.00153515505066012,0.00153515505066012,"nonsyn","nonsyn","nonsyn",4.2e-06,5.36e-07,1.17e-06,1.17e-06,"0.00273587999999999","1","1","1","A","A","T","P","S",1,1,1,0,0,0,0
"5672",5935,3249,3249,"c","c","t","t",0.00215450907971684,0.00215450907971684,0.000615574022776239,0.000615574022776239,0.000615574022776239,0,0.000615574022776239,0,0.00277008310249307,0.00277008310249307,0.00277008310249307,0.00277008310249307,"nonsyn","nonsyn","nonsyn",4.58e-06,8.37e-07,4.33e-07,4.33e-07,"0.00212577428571428","0.0007034085","0.0013597065","1","A","A","V","E","G",0,1,1,0,0,0,0
"5673",5936,3290,3290,"a","a","g","g",0.00182370820668693,0.00182370820668693,0,0,0,0,0,0,0.00182370820668693,0.00182370820668693,0.00182370820668693,0.00182370820668693,"syn","syn","syn",1.77e-05,1.76e-06,1.7e-06,1.7e-06,"0.0097055","1","1","1","A","A","A","A","A",0,0,0,1,0,0,0
"5674",5937,3296,3296,"t","t","c","c",0.00303398058252427,0.00303398058252427,0,0,0,0,0,0,0.00303398058252427,0.00303398058252427,0.00303398058252427,0.00303398058252427,"nonsyn","nonsyn","nonsyn",1.7e-05,1.07e-06,1.21e-06,1.21e-06,"0.0056032","1","1","1","F","F","L","I","V",0,0,0,0,0,0,0
"5675",5938,3281,3281,"t","t","c","c",0.00365742151782993,0.00365742151782993,0.000304785126485827,0.000304785126485827,0.000304785126485827,0,0.000304785126485827,0,0.00396220664431576,0.00396220664431576,0.00396220664431576,0.00396220664431576,"nonsyn","nonsyn","nonsyn",1.7e-05,1.07e-06,1.21e-06,1.21e-06,"0.00464808333333333","0.00397001000000001","0.00351067000000001","1","F","F","S","Y","C",1,0,1,0,0,0,0
"5676",5939,3300,3300,"c","c","t","t",0.000909090909090909,0.000909090909090909,0,0,0,0,0,0,0.000909090909090909,0.000909090909090909,0.000909090909090909,0.000909090909090909,"syn","nonsyn","nonsyn",4.58e-06,8.37e-07,4.33e-07,4.33e-07,"0.005038","1","1","1","F","F","F","L","L",0,0,0,0,0,0,0
"5677",5940,3252,3252,"a","a","g","g",0.00399753997539975,0.00399753997539975,0.001230012300123,0.001230012300123,0.00030750307503075,0.000922509225092251,0.00030750307503075,0.000922509225092251,0.00522755227552276,0.00522755227552276,0.00522755227552276,0.00522755227552276,"nonsyn","nonsyn","stop",1.77e-05,1.76e-06,1.7e-06,1.7e-06,"0.00442772307692308","0.0013821","0.00572352000000001","0.0018428","K","K","E","Q","*",1,1,1,1,0,0,0
"5678",5941,3292,3292,"a","a","g","g",0.00243013365735115,0.00243013365735115,0.000607533414337789,0.000607533414337789,0.000303766707168894,0.000303766707168894,0.000303766707168894,0.000303766707168894,0.00303766707168894,0.00303766707168894,0.00303766707168894,0.00303766707168894,"nonsyn","nonsyn","nonsyn",1.77e-05,1.76e-06,1.7e-06,1.7e-06,"0.00728355000000001","0.0027982","0.00579392000000001","0.00559640000000001","K","K","R","T","M",0,1,1,0,1,1,0
"5679",5942,3299,3299,"g","g","a","a",0.00121248863291907,0.00121248863291907,0,0,0,0,0,0,0.00121248863291907,0.00121248863291907,0.00121248863291907,0.00121248863291907,"syn","nonsyn","nonsyn",4.2e-06,5.36e-07,1.17e-06,1.17e-06,"0.00346394999999999","1","1","1","K","K","K","N","N",0,1,1,0,0,0,0
"5680",5943,3295,3295,"a","a","g","g",0.00333839150227618,0.00333839150227618,0,0,0,0,0,0,0.00333839150227618,0.00333839150227618,0.00333839150227618,0.00333839150227618,"nonsyn","nonsyn","nonsyn",1.77e-05,1.76e-06,1.7e-06,1.7e-06,"0.00530195454545454","1","1","1","I","I","V","L","F",0,0,0,0,0,0,0
"5681",5944,3302,3302,"t","t","c","c",0.00454270139309509,0.00454270139309509,0.000302846759539673,0.000302846759539673,0,0.000302846759539673,0,0.000302846759539673,0.00484554815263477,0.00484554815263477,0.00484554815263477,0.00484554815263477,"nonsyn","nonsyn","nonsyn",1.7e-05,1.07e-06,1.21e-06,1.21e-06,"0.00374226666666667","0.00399542","1","0.00399542","I","I","T","N","S",1,1,1,0,0,0,0
"5682",5945,3310,3310,"c","c","t","t",0.000906344410876133,0.000906344410876133,0,0,0,0,0,0,0.000906344410876133,0.000906344410876133,0.000906344410876133,0.000906344410876133,"syn","syn","nonsyn",4.58e-06,8.37e-07,4.33e-07,4.33e-07,"0.00505326666666667","1","1","1","I","I","I","I","M",0,0,0,0,0,0,0
"5683",5946,3294,3294,"a","a","g","g",0.00151791135397693,0.00151791135397693,0,0,0,0,0,0,0.00151791135397693,0.00151791135397693,0.00151791135397693,0.00151791135397693,"nonsyn","nonsyn","nonsyn",1.77e-05,1.76e-06,1.7e-06,1.7e-06,"0.01166076","1","1","1","M","M","V","L","L",0,0,0,1,0,0,0
"5684",5947,3267,3267,"t","t","c","c",0.00367309458218549,0.00367309458218549,0.000306091215182124,0.000306091215182124,0,0.000306091215182124,0,0.000306091215182124,0.00397918579736762,0.00397918579736762,0.00397918579736762,0.00397918579736762,"nonsyn","nonsyn","nonsyn",1.7e-05,1.07e-06,1.21e-06,1.21e-06,"0.00462825","0.00395307","1","0.00395307","M","M","T","K","R",1,1,1,1,0,0,0
"5685",5948,3281,3281,"g","g","a","a",0.000304785126485827,0.000304785126485827,0.000609570252971655,0.000609570252971655,0,0.000609570252971655,0,0.000609570252971655,0.000914355379457483,0.000914355379457483,0.000914355379457483,0.000914355379457483,"nonsyn","nonsyn","nonsyn",4.2e-06,5.36e-07,1.17e-06,1.17e-06,"0.0137802","0.001919385","1","0.001919385","M","M","I","I","I",0,0,0,0,0,0,0
"5686",5949,3268,3268,"a","a","g","g",0.00244798041615667,0.00244798041615667,0.00122399020807834,0.00122399020807834,0.000611995104039168,0.000611995104039168,0.000611995104039168,0.000611995104039168,0.00367197062423501,0.00367197062423501,0.00367197062423501,0.00367197062423501,"nonsyn","nonsyn","nonsyn",1.77e-05,1.76e-06,1.7e-06,1.7e-06,"0.00723045","0.00138889999999999","0.00287584","0.0027778","S","S","G","R","C",1,1,1,0,1,1,0
"5687",5950,3258,3258,"g","g","a","a",0.000613873542050338,0.000613873542050338,0,0,0,0,0,0,0.000613873542050338,0.000613873542050338,0.000613873542050338,0.000613873542050338,"nonsyn","nonsyn","nonsyn",4.2e-06,5.36e-07,1.17e-06,1.17e-06,"0.0068418","1","1","1","S","S","N","T","I",0,0,1,0,0,0,0
"5688",5951,3257,3257,"c","c","t","t",0.00491249616211237,0.00491249616211237,0,0,0,0,0,0,0.00491249616211237,0.00491249616211237,0.00491249616211237,0.00491249616211237,"syn","nonsyn","nonsyn",4.58e-06,8.37e-07,4.33e-07,4.33e-07,"0.000932316250000001","1","1","1","S","S","S","R","R",0,1,1,0,0,0,0
"5689",5952,3250,3250,"g","g","a","a",0.00184615384615385,0.00184615384615385,0,0,0,0,0,0,0.00184615384615385,0.00184615384615385,0.00184615384615385,0.00184615384615385,"nonsyn","nonsyn","nonsyn",4.2e-06,5.36e-07,1.17e-06,1.17e-06,"0.00227499999999999","1","1","1","G","G","S","R","C",1,1,0,0,1,1,0
"5690",5953,3247,3247,"g","g","a","a",0.00246381275023098,0.00246381275023098,0,0,0,0,0,0,0.00246381275023098,0.00246381275023098,0.00246381275023098,0.00246381275023098,"nonsyn","nonsyn","nonsyn",4.2e-06,5.36e-07,1.17e-06,1.17e-06,"0.001704675","1","1","1","G","G","D","A","V",1,1,1,0,0,0,0
"5691",5954,3239,3239,"t","t","c","c",0.0043223217042297,0.0043223217042297,0.000308737264587836,0.000308737264587836,0.000308737264587836,0,0.000308737264587836,0,0.00463105896881754,0.00463105896881754,0.00463105896881754,0.00463105896881754,"syn","syn","syn",1.7e-05,1.07e-06,1.21e-06,1.21e-06,"0.00393307142857143","0.00391919","0.00346573","1","G","G","G","G","G",0,0,0,1,0,0,0
"5692",5955,3266,3266,"g","g","a","a",0.000918554807103491,0.000918554807103491,0.000918554807103491,0.000918554807103491,0,0.000918554807103491,0,0.000918554807103491,0.00183710961420698,0.00183710961420698,0.00183710961420698,0.00183710961420698,"nonsyn","nonsyn","stop",4.2e-06,5.36e-07,1.17e-06,1.17e-06,"0.0045724","0.00127374","1","0.00127374","E","E","K","Q","*",1,1,1,0,0,0,0
"5693",5956,3281,3281,"a","a","g","g",0.00579091740323072,0.00579091740323072,0.000609570252971655,0.000609570252971655,0.000304785126485827,0.000304785126485827,0.000304785126485827,0.000304785126485827,0.00640048765620238,0.00640048765620238,0.00640048765620238,0.00640048765620238,"nonsyn","nonsyn","nonsyn",1.77e-05,1.76e-06,1.7e-06,1.7e-06,"0.00305651052631579","0.00278885","0.00577456000000001","0.00557770000000001","E","E","G","A","V",1,1,1,0,1,1,0
"5694",5957,3197,3197,"g","g","a","a",0.000625586487331874,0.000625586487331874,0.000625586487331874,0.000625586487331874,0,0.000625586487331874,0,0.000625586487331874,0.00125117297466375,0.00125117297466375,0.00125117297466375,0.00125117297466375,"syn","nonsyn","nonsyn",4.2e-06,5.36e-07,1.17e-06,1.17e-06,"0.0067137","0.001870245","1","0.001870245","E","E","E","D","D",0,0,0,0,1,1,0
"5695",5958,3241,3241,"g","g","a","a",0.00339401419315026,0.00339401419315026,0.000308546744831842,0.000308546744831842,0,0.000308546744831842,0,0.000308546744831842,0.0037025609379821,0.0037025609379821,0.0037025609379821,0.0037025609379821,"nonsyn","nonsyn","nonsyn",4.2e-06,5.36e-07,1.17e-06,1.17e-06,"0.00123747272727273","0.00379197","1","0.00379197","V","V","I","L","F",0,0,0,0,0,0,0
"5696",5959,3215,3215,"t","t","c","c",0.00528771384136858,0.00528771384136858,0.00031104199066874,0.00031104199066874,0,0.00031104199066874,0,0.00031104199066874,0.00559875583203732,0.00559875583203732,0.00559875583203732,0.00559875583203732,"nonsyn","nonsyn","nonsyn",1.7e-05,1.07e-06,1.21e-06,1.21e-06,"0.003215","0.00389015","1","0.00389015","V","V","A","D","G",0,1,1,0,0,0,0
"5697",5960,3222,3226,"c","c","t","t",0.00124146492861577,0.00124146492861577,0.000310366232153942,0.000310366232153942,0.000310366232153942,0,0.000310366232153942,0,0.00155183116076971,0.00155183116076971,0.00154990700557967,0.00154990700557967,"syn","syn","syn",4.58e-06,8.37e-07,4.33e-07,4.33e-07,"0.00368918999999999","0.001395126","0.002696814","1","V","V","V","V","V",0,0,0,0,0,0,0
"5698",5961,3236,3236,"c","c","t","t",0.0015451174289246,0.0015451174289246,0.00030902348578492,0.00030902348578492,0.00030902348578492,0,0.00030902348578492,0,0.00185414091470952,0.00185414091470952,0.00185414091470952,0.00185414091470952,"nonsyn","nonsyn","nonsyn",4.58e-06,8.37e-07,4.33e-07,4.33e-07,"0.002964176","0.001401188","0.002708532","1","P","P","S","T","A",1,1,1,0,1,0,1
"5699",5962,3239,3239,"c","c","t","t",0.00216116085211485,0.00216116085211485,0.000617474529175672,0.000617474529175672,0.000617474529175672,0,0.000617474529175672,0,0.00277863538129052,0.00277863538129052,0.00277863538129052,0.00277863538129052,"nonsyn","nonsyn","nonsyn",4.58e-06,8.37e-07,4.33e-07,4.33e-07,"0.00211923142857143","0.000701243499999999","0.0013555215","1","P","P","L","H","R",1,1,1,0,1,0,1
"5700",5963,3247,3247,"c","c","t","t",0.000307976593778873,0.000307976593778873,0,0,0,0,0,0,0.000307976593778873,0.000307976593778873,0.000307976593778873,0.000307976593778873,"syn","syn","syn",4.58e-06,8.37e-07,4.33e-07,4.33e-07,"0.01487126","1","1","1","P","P","P","P","P",0,0,0,0,1,0,1
"5701",5964,3178,3178,"t","t","c","c",0.00283196979232222,0.00283196979232222,0.00440528634361234,0.00440528634361234,0.00409062303335431,0.000314663310258024,0.00409062303335431,0.000314663310258024,0.00723725613593455,0.00723725613593455,0.00723725613593455,0.00723725613593455,"nonsyn","nonsyn","nonsyn",1.7e-05,1.07e-06,1.21e-06,1.21e-06,"0.00600288888888888","0.00027467","0.000261573846153846","0.00384538","S","S","P","T","A",1,0,1,0,1,0,1
"5702",5965,3163,3163,"c","c","t","t",0.00094846664558963,0.00094846664558963,0,0,0,0,0,0,0.00094846664558963,0.00094846664558963,0.00094846664558963,0.00094846664558963,"nonsyn","nonsyn","nonsyn",4.58e-06,8.37e-07,4.33e-07,4.33e-07,"0.00482884666666667","1","1","1","S","S","F","Y","C",1,1,1,0,0,0,0
"5703",5966,3160,3160,"c","c","t","t",0.000949367088607595,0.000949367088607595,0,0,0,0,0,0,0.000949367088607595,0.000949367088607595,0.000949367088607595,0.000949367088607595,"syn","syn","syn",4.58e-06,8.37e-07,4.33e-07,4.33e-07,"0.00482426666666667","1","1","1","S","S","S","S","S",0,0,0,0,1,0,1
"5704",5967,3245,3245,"a","a","g","g",0.00154083204930663,0.00154083204930663,0.000308166409861325,0.000308166409861325,0,0.000308166409861325,0,0.000308166409861325,0.00184899845916795,0.00184899845916795,0.00184899845916795,0.00184899845916795,"nonsyn","nonsyn","nonsyn",1.77e-05,1.76e-06,1.7e-06,1.7e-06,"0.0114873","0.0055165","1","0.0055165","T","T","A","P","S",1,1,0,1,0,0,0
"5705",5968,3274,3274,"c","c","t","t",0.00183262064752596,0.00183262064752596,0,0,0,0,0,0,0.00183262064752596,0.00183262064752596,0.00183262064752596,0.00183262064752596,"nonsyn","nonsyn","nonsyn",4.58e-06,8.37e-07,4.33e-07,4.33e-07,"0.00249915333333334","1","1","1","T","T","M","K","R",1,1,1,0,0,0,0
"5706",5969,3266,3266,"c","g","t","a",0.000612369871402327,0.000306184935701164,0.000306184935701164,0.999693815064299,0.000306184935701164,0,0.999081445192897,0.000612369871402327,0.000918554807103491,1,0.000918554807103491,1,"syn","syn","syn",4.2e-06,5.36e-07,1.17e-06,1.17e-06,"0.0137172","1.17035834609495e-06","5.36492798038615e-07","0.00191061","T","T","T","T","T",0,0,0,0,1,1,0
"5707",5970,3271,3271,"g","g","a","a",0.000917150718434729,0.000917150718434729,0.00030571690614491,0.00030571690614491,0,0.00030571690614491,0,0.00030571690614491,0.00122286762457964,0.00122286762457964,0.00122286762457964,0.00122286762457964,"nonsyn","nonsyn","stop",4.2e-06,5.36e-07,1.17e-06,1.17e-06,"0.0045794","0.00382707","1","0.00382707","E","E","K","Q","*",1,1,1,0,0,0,0
"5708",5971,3249,3249,"a","a","g","g",0.0126192674669129,0.0126192674669129,0.00184672206832872,0.00184672206832872,0.000307787011388119,0.0015389350569406,0.000307787011388119,0.0015389350569406,0.0144659895352416,0.0144659895352416,0.0144659895352416,0.0144659895352416,"nonsyn","nonsyn","nonsyn",1.77e-05,1.76e-06,1.7e-06,1.7e-06,"0.00140261707317073","0.000920549999999998","0.00571824000000001","0.00110466","E","E","G","A","V",1,1,1,0,1,1,0
"5709",5972,3292,3292,"g","g","a","a",0.00182260024301337,0.00182260024301337,0,0,0,0,0,0,0.00182260024301337,0.00182260024301337,0.00182260024301337,0.00182260024301337,"syn","nonsyn","nonsyn",4.2e-06,5.36e-07,1.17e-06,1.17e-06,"0.00230439999999999","1","1","1","E","E","E","D","D",0,0,0,0,1,1,0
"5710",5973,3297,3297,"g","g","a","a",0.000909918107370337,0.000909918107370337,0.000303306035790112,0.000303306035790112,0,0.000303306035790112,0,0.000303306035790112,0.00121322414316045,0.00121322414316045,0.00121322414316045,0.00121322414316045,"nonsyn","nonsyn","nonsyn",4.2e-06,5.36e-07,1.17e-06,1.17e-06,"0.0046158","0.00385749","1","0.00385749","D","D","N","H","Y",1,1,1,0,0,0,0
"5711",5974,3290,3290,"a","a","g","g",0.00212765957446809,0.00212765957446809,0,0,0,0,0,0,0.00212765957446809,0.00212765957446809,0.00212765957446809,0.00212765957446809,"nonsyn","nonsyn","nonsyn",1.77e-05,1.76e-06,1.7e-06,1.7e-06,"0.00831899999999998","1","1","1","D","D","G","A","V",1,1,1,0,0,0,0
"5712",5975,3360,3360,"c","c","t","t",0.000892857142857143,0.000892857142857143,0.000297619047619048,0.000297619047619048,0.000297619047619048,0,0.000297619047619048,0,0.00119047619047619,0.00119047619047619,0.00119047619047619,0.00119047619047619,"syn","nonsyn","nonsyn",4.58e-06,8.37e-07,4.33e-07,4.33e-07,"0.0051296","0.00145488","0.00281232","1","D","D","D","E","E",0,0,0,0,0,0,0
"5713",5976,3357,3357,"c","c","t","t",0.00238308013106941,0.00238308013106941,0,0,0,0,0,0,0.00238308013106941,0.00238308013106941,0.00238308013106941,0.00238308013106941,"syn","nonsyn","nonsyn",4.58e-06,8.37e-07,4.33e-07,4.33e-07,"0.0019218825","1","1","1","L","L","L","M","V",0,0,0,0,1,0,1
"5714",5977,3487,3487,"t","t","c","c",0.00315457413249211,0.00315457413249211,0.000286779466590192,0.000286779466590192,0.000286779466590192,0,0.000286779466590192,0,0.00344135359908231,0.00344135359908231,0.00344135359908231,0.00344135359908231,"nonsyn","nonsyn","nonsyn",1.7e-05,1.07e-06,1.21e-06,1.21e-06,"0.00538900000000001","0.00421927","0.00373109","1","L","L","P","Q","R",1,1,1,1,1,0,1
"5715",5978,3538,3538,"a","g","g","a",0.00593555681175806,0.994064443188242,0,0,0,0,0,0,0.00593555681175806,0.994064443188242,0.00593555681175806,0.994064443188242,"syn","syn","syn",4.2e-06,5.36e-07,1.17e-06,1.17e-06,"4.2250781916406e-06","1","1","1","L","L","L","L","L",0,0,0,0,1,1,0
"5716",5979,3543,3543,"g","g","a","a",0.00197572678521027,0.00197572678521027,0.000282246683601468,0.000282246683601468,0,0.000282246683601468,0,0.000282246683601468,0.00225797346881174,0.00225797346881174,0.00225797346881174,0.00225797346881174,"nonsyn","nonsyn","nonsyn",4.2e-06,5.36e-07,1.17e-06,1.17e-06,"0.0021258","0.00414530999999999","1","0.00414530999999999","V","V","I","L","F",0,0,0,0,0,0,0
"5717",5980,3567,3567,"t","t","c","c",0.0064479955144379,0.0064479955144379,0.000280347631062518,0.000280347631062518,0,0.000280347631062518,0,0.000280347631062518,0.00672834314550042,0.00672834314550042,0.00672834314550042,0.00672834314550042,"nonsyn","nonsyn","nonsyn",1.7e-05,1.07e-06,1.21e-06,1.21e-06,"0.00263647826086957","0.00431606999999999","1","0.00431606999999999","V","V","A","D","G",0,1,1,0,0,0,0
"5718",5981,3569,3569,"c","c","t","t",0.000560381059120202,0.000560381059120202,0,0,0,0,0,0,0.000560381059120202,0.000560381059120202,0.000560381059120202,0.000560381059120202,"syn","syn","syn",4.58e-06,8.37e-07,4.33e-07,4.33e-07,"0.00817301","1","1","1","V","V","V","V","V",0,0,0,0,0,0,0
"5719",5982,3569,3569,"a","a","g","g",0.0011207621182404,0.0011207621182404,0.000280190529560101,0.000280190529560101,0.000280190529560101,0,0.000280190529560101,0,0.0014009526478005,0.0014009526478005,0.0014009526478005,0.0014009526478005,"nonsyn","nonsyn","nonsyn",1.77e-05,1.76e-06,1.7e-06,1.7e-06,"0.015792825","0.0060673","0.00628144","1","N","N","D","H","Y",1,1,1,1,0,0,0
"5720",5983,3584,3584,"a","a","g","g",0.000837053571428571,0.000837053571428571,0,0,0,0,0,0,0.000837053571428571,0.000837053571428571,0.000837053571428571,0.000837053571428571,"nonsyn","nonsyn","nonsyn",1.77e-05,1.76e-06,1.7e-06,1.7e-06,"0.0211456","1","1","1","N","N","S","T","I",0,0,1,0,0,0,0
"5721",5984,3592,3592,"t","t","c","c",0.00306236080178174,0.00306236080178174,0.000556792873051225,0.000556792873051225,0.000278396436525612,0.000278396436525612,0.000278396436525612,0.000278396436525612,0.00361915367483296,0.00361915367483296,0.00361915367483296,0.00361915367483296,"syn","nonsyn","nonsyn",1.7e-05,1.07e-06,1.21e-06,1.21e-06,"0.00555127272727272","0.00217316","0.00384344000000001","0.00434632000000001","N","N","N","K","K",0,1,1,0,0,0,0
"5722",5985,3600,3600,"c","c","t","t",0.000277777777777778,0.000277777777777778,0.000277777777777778,0.000277777777777778,0,0.000277777777777778,0,0.000277777777777778,0.000555555555555556,0.000555555555555556,0.000555555555555556,0.000555555555555556,"syn","nonsyn","nonsyn",4.58e-06,8.37e-07,4.33e-07,4.33e-07,"0.016488","0.0015588","1","0.0015588","L","L","L","M","V",0,0,0,0,0,0,0
"5723",5986,3605,3605,"t","t","c","c",0.00471567267683773,0.00471567267683773,0.000277392510402219,0.000277392510402219,0.000277392510402219,0,0.000277392510402219,0,0.00499306518723994,0.00499306518723994,0.00499306518723994,0.00499306518723994,"nonsyn","nonsyn","nonsyn",1.7e-05,1.07e-06,1.21e-06,1.21e-06,"0.003605","0.00436205","0.00385735","1","L","L","P","Q","R",1,1,1,1,1,0,1
"5724",5987,3585,3585,"g","g","a","a",0.00223152022315202,0.00223152022315202,0,0,0,0,0,0,0.00223152022315202,0.00223152022315202,0.00223152022315202,0.00223152022315202,"syn","syn","syn",4.2e-06,5.36e-07,1.17e-06,1.17e-06,"0.001882125","1","1","1","L","L","L","L","L",0,0,0,0,0,0,0
"5725",5988,3582,3582,"c","c","t","t",0.00307091010608599,0.00307091010608599,0,0,0,0,0,0,0.00307091010608599,0.00307091010608599,0.00307091010608599,0.00307091010608599,"syn","nonsyn","nonsyn",4.58e-06,8.37e-07,4.33e-07,4.33e-07,"0.00149141454545454","1","1","1","L","L","L","M","V",0,0,0,0,0,0,0
"5726",5989,3566,3567,"t","t","c","c",0.00140213123948402,0.00140213123948402,0.000280426247896803,0.000280426247896803,0.000280426247896803,0,0.000280426247896803,0,0.00168255748738082,0.00168255748738082,0.00168208578637511,0.00168208578637511,"nonsyn","nonsyn","nonsyn",1.7e-05,1.07e-06,1.21e-06,1.21e-06,"0.0121244","0.00431486","0.00381562","1","L","L","P","Q","R",1,1,1,1,1,0,1
"5727",5990,3546,3546,"a","g","g","a",0.00394811054709532,0.995769881556684,0.000282007896221094,0.000282007896221094,0,0.000282007896221094,0,0.000282007896221094,0.00423011844331641,0.996051889452905,0.00423011844331641,0.996051889452905,"syn","syn","syn",4.2e-06,5.36e-07,1.17e-06,1.17e-06,"4.217841971113e-06","0.00414882","1","0.00414882","L","L","L","L","L",0,0,0,0,0,0,0
"5728",5991,3620,3621,"c","c","t","t",0.000828729281767956,0.000828729281767956,0.000276243093922652,0.000276243093922652,0.000276243093922652,0,0.000276243093922652,0,0.00110497237569061,0.00110497237569061,0.00110466721900028,0.00110466721900028,"nonsyn","nonsyn","nonsyn",4.58e-06,8.37e-07,4.33e-07,4.33e-07,"0.00552653333333333","0.00156746","0.00302994","1","P","P","S","T","A",1,1,1,0,0,0,0
"5729",5992,3641,3641,"c","c","t","t",0.0016478989288657,0.0016478989288657,0.000274649821477616,0.000274649821477616,0,0.000274649821477616,0,0.000274649821477616,0.00192254875034331,0.00192254875034331,0.00192254875034331,0.00192254875034331,"nonsyn","nonsyn","nonsyn",4.58e-06,8.37e-07,4.33e-07,4.33e-07,"0.00277929666666666","0.001576553","1","0.001576553","P","P","L","H","R",1,1,1,0,1,0,1
"5730",5993,3661,3661,"c","c","t","t",0.00191204588910134,0.00191204588910134,0.000819448238186288,0.000819448238186288,0.000819448238186288,0,0.000819448238186288,0,0.00273149412728763,0.00273149412728763,0.00273149412728763,0.00273149412728763,"syn","syn","syn",4.58e-06,8.37e-07,4.33e-07,4.33e-07,"0.00239534","0.000528404333333333","0.001021419","1","P","P","P","P","P",0,0,0,0,1,0,1
"5731",5994,3672,3673,"g","g","a","a",0.0155228758169935,0.0155228758169935,0.000816993464052288,0.000816993464052288,0.000272331154684096,0.000544662309368192,0.000272331154684096,0.000544662309368192,0.0163398692810458,0.0163398692810458,0.0163354206370814,0.0163354206370814,"nonsyn","nonsyn","nonsyn",4.2e-06,5.36e-07,1.17e-06,1.17e-06,"0.000270568421052631","0.00143208","0.001968192","0.00214812","A","A","T","P","S",1,1,1,0,0,0,0
"5732",5995,3669,3669,"c","c","t","t",0.00109021531752521,0.00109021531752521,0.000817661488143908,0.000817661488143908,0.000545107658762606,0.000272553829381303,0.000545107658762606,0.000272553829381303,0.00190787680566912,0.00190787680566912,0.00190787680566912,0.00190787680566912,"nonsyn","nonsyn","nonsyn",4.58e-06,8.37e-07,4.33e-07,4.33e-07,"0.00420100500000001","0.000529559","0.0015354765","0.001588677","A","A","V","D","G",0,1,1,0,0,0,0
"5733",5996,3666,3666,"c","c","t","t",0.000818330605564648,0.000818330605564648,0,0,0,0,0,0,0.000818330605564648,0.000818330605564648,0.000818330605564648,0.000818330605564648,"syn","syn","syn",4.58e-06,8.37e-07,4.33e-07,4.33e-07,"0.00559676","1","1","1","A","A","A","A","A",0,0,0,0,1,0,1
"5734",5997,3667,3667,"a","a","g","g",0.00381783474229616,0.00381783474229616,0,0,0,0,0,0,0.00381783474229616,0.00381783474229616,0.00381783474229616,0.00381783474229616,"nonsyn","nonsyn","nonsyn",1.77e-05,1.76e-06,1.7e-06,1.7e-06,"0.00463613571428571","1","1","1","I","I","V","L","F",0,0,0,1,0,0,0
"5735",5998,3684,3684,"t","t","c","c",0.00298588490770901,0.00298588490770901,0.000271444082519001,0.000271444082519001,0,0.000271444082519001,0,0.000271444082519001,0.00325732899022801,0.00325732899022801,0.00325732899022801,0.00325732899022801,"nonsyn","nonsyn","nonsyn",1.7e-05,1.07e-06,1.21e-06,1.21e-06,"0.00569345454545455","0.00445764","1","0.00445764","I","I","T","N","S",1,1,1,0,0,0,0
"5736",5999,3705,3705,"c","c","t","t",0.00134952766531714,0.00134952766531714,0.000269905533063428,0.000269905533063428,0.000269905533063428,0,0.000269905533063428,0,0.00161943319838057,0.00161943319838057,0.00161943319838057,0.00161943319838057,"syn","syn","nonsyn",4.58e-06,8.37e-07,4.33e-07,4.33e-07,"0.00339378","0.001604265","0.003101085","1","I","I","I","I","M",0,0,0,0,0,0,0
"5737",6000,3705,3705,"c","c","t","t",0.000809716599190283,0.000809716599190283,0,0,0,0,0,0,0.000809716599190283,0.000809716599190283,0.000809716599190283,0.000809716599190283,"nonsyn","nonsyn","nonsyn",4.58e-06,8.37e-07,4.33e-07,4.33e-07,"0.0056563","1","1","1","L","L","F","I","V",0,0,0,0,1,0,1
"5738",6001,3692,3692,"t","t","c","c",0.0208559046587216,0.0208559046587216,0.000812567713976165,0.000812567713976165,0.000541711809317443,0.000270855904658722,0.000541711809317443,0.000270855904658722,0.0216684723726977,0.0216684723726977,0.0216684723726977,0.0216684723726977,"nonsyn","nonsyn","nonsyn",1.7e-05,1.07e-06,1.21e-06,1.21e-06,"0.000815116883116882","0.00148910666666667","0.00197522","0.00446731999999999","L","L","P","H","R",1,1,1,0,1,0,1
"5739",6002,3708,3708,"c","c","t","t",0.00107874865156419,0.00107874865156419,0,0,0,0,0,0,0.00107874865156419,0.00107874865156419,0.00107874865156419,0.00107874865156419,"syn","syn","syn",4.58e-06,8.37e-07,4.33e-07,4.33e-07,"0.00424565999999998","1","1","1","L","L","L","L","L",0,0,0,0,0,0,0
"5740",6003,3706,3706,"t","t","c","c",0.0029681597409606,0.0029681597409606,0.000269832703723691,0.000269832703723691,0.000269832703723691,0,0.000269832703723691,0,0.0032379924446843,0.0032379924446843,0.0032379924446843,0.0032379924446843,"nonsyn","nonsyn","nonsyn",1.7e-05,1.07e-06,1.21e-06,1.21e-06,"0.00572745454545455","0.00448426000000001","0.00396542","1","S","S","P","T","A",1,0,1,0,1,0,1
"5741",6004,3742,3742,"c","c","t","t",0.00160342063067878,0.00160342063067878,0.000534473543559594,0.000534473543559594,0.000534473543559594,0,0.000534473543559594,0,0.00213789417423838,0.00213789417423838,0.00213789417423838,0.00213789417423838,"nonsyn","stop","nonsyn",4.58e-06,8.37e-07,4.33e-07,4.33e-07,"0.00285639333333334","0.000810143","0.001566027","1","S","S","L","*","W",1,1,1,0,0,0,0
"5742",6005,3747,3747,"g","g","a","a",0.00213504136642647,0.00213504136642647,0.000533760341606619,0.000533760341606619,0.000266880170803309,0.000266880170803309,0.000266880170803309,0.000266880170803309,0.00266880170803309,0.00266880170803309,0.00266880170803309,0.00266880170803309,"syn","syn","syn",4.2e-06,5.36e-07,1.17e-06,1.17e-06,"0.001967175","0.002191995","0.002008392","0.00438399000000001","S","S","S","S","S",0,0,0,0,0,0,0
"5743",6006,3749,3749,"c","c","t","t",0.00293411576420379,0.00293411576420379,0,0,0,0,0,0,0.00293411576420379,0.00293411576420379,0.00293411576420379,0.00293411576420379,"nonsyn","nonsyn","nonsyn",4.58e-06,8.37e-07,4.33e-07,4.33e-07,"0.00156094727272727","1","1","1","P","P","S","T","A",1,1,1,0,0,0,0
"5744",6007,3755,3755,"c","c","t","t",0.00106524633821571,0.00106524633821571,0.000266311584553928,0.000266311584553928,0.000266311584553928,0,0.000266311584553928,0,0.00133155792276964,0.00133155792276964,0.00133155792276964,0.00133155792276964,"nonsyn","nonsyn","nonsyn",4.58e-06,8.37e-07,4.33e-07,4.33e-07,"0.00429947500000001","0.001625915","0.003142935","1","P","P","L","H","R",1,1,1,0,1,0,1
"5745",6008,3752,3752,"t","t","c","c",0.00133262260127932,0.00133262260127932,0.00186567164179104,0.00186567164179104,0.00159914712153518,0.000266524520255864,0.00159914712153518,0.000266524520255864,0.00319829424307036,0.00319829424307036,0.00319829424307036,0.00319829424307036,"syn","syn","syn",1.7e-05,1.07e-06,1.21e-06,1.21e-06,"0.0127568","0.000648560000000002","0.000669106666666667","0.00453991999999999","P","P","P","P","P",0,0,0,1,1,0,1
"5746",6009,3784,3785,"g","g","a","a",0.000528541226215645,0.000528541226215645,0.000264270613107822,0.000264270613107822,0,0.000264270613107822,0,0.000264270613107822,0.000792811839323467,0.000792811839323467,0.000792602377807133,0.000792602377807133,"nonsyn","nonsyn","stop",4.2e-06,5.36e-07,1.17e-06,1.17e-06,"0.0079464","0.00442728000000001","1","0.00442728000000001","G","G","R","R","*",1,1,1,0,1,1,0
"5747",6010,3761,3761,"g","g","a","a",0.000797660196756182,0.000797660196756182,0.000797660196756182,0.000797660196756182,0,0.000797660196756182,0,0.000797660196756182,0.00159532039351236,0.00159532039351236,0.00159532039351236,0.00159532039351236,"nonsyn","nonsyn","nonsyn",4.2e-06,5.36e-07,1.17e-06,1.17e-06,"0.0052654","0.00146679","1","0.00146679","G","G","E","A","V",1,1,1,0,0,0,0
"5748",6011,3794,3794,"a","a","g","g",0.0376910911966263,0.0376910911966263,0.00105429625724829,0.00105429625724829,0,0.00105429625724829,0,0.00105429625724829,0.0387453874538745,0.0387453874538745,0.0387453874538745,0.0387453874538745,"syn","syn","syn",1.77e-05,1.76e-06,1.7e-06,1.7e-06,"0.000469606993006992","0.00161244999999999","1","0.00161244999999999","G","G","G","G","G",0,0,0,0,1,1,0
"5749",6012,3812,3812,"g","g","a","a",0.0034102833158447,0.0034102833158447,0.000786988457502623,0.000786988457502623,0,0.000786988457502623,0,0.000786988457502623,0.00419727177334732,0.00419727177334732,0.00419727177334732,0.00419727177334732,"nonsyn","nonsyn","nonsyn",4.2e-06,5.36e-07,1.17e-06,1.17e-06,"0.00123156923076923","0.00148668","1","0.00148668","A","A","T","P","S",1,1,1,0,0,0,0
"5750",6013,3817,3817,"c","c","t","t",0.00366780193869531,0.00366780193869531,0.000261985852763951,0.000261985852763951,0.000261985852763951,0,0.000261985852763951,0,0.00392978779145926,0.00392978779145926,0.00392978779145926,0.00392978779145926,"nonsyn","nonsyn","nonsyn",4.58e-06,8.37e-07,4.33e-07,4.33e-07,"0.00124870428571429","0.001652761","0.003194829","1","A","A","V","D","G",0,1,1,0,0,0,0
"5751",6014,3801,3801,"t","c","c","t",0.00263088660878716,0.996842936069455,0.000526177321757432,0.000526177321757432,0.000263088660878716,0.000263088660878716,0.000263088660878716,0.000263088660878716,0.00315706393054459,0.997369113391213,0.00315706393054459,0.997369113391213,"syn","syn","syn",4.58e-06,8.37e-07,4.33e-07,4.33e-07,"4.59450514647665e-06","0.000822916500000001","0.003181437","0.001645833","A","A","A","A","A",0,0,0,0,1,0,1
"5752",6015,3817,3817,"c","c","t","t",0.0015719151165837,0.0015719151165837,0.000261985852763951,0.000261985852763951,0.000261985852763951,0,0.000261985852763951,0,0.00183390096934766,0.00183390096934766,0.00183390096934766,0.00183390096934766,"nonsyn","nonsyn","nonsyn",4.58e-06,8.37e-07,4.33e-07,4.33e-07,"0.00291364333333334","0.001652761","0.003194829","1","L","L","F","I","V",0,0,0,0,1,0,1
"5753",6016,3792,3792,"t","t","c","c",0.00527426160337553,0.00527426160337553,0.000791139240506329,0.000791139240506329,0.000527426160337553,0.000263713080168776,0.000527426160337553,0.000263713080168776,0.00606540084388186,0.00606540084388186,0.00606540084388186,0.00606540084388186,"nonsyn","nonsyn","nonsyn",1.7e-05,1.07e-06,1.21e-06,1.21e-06,"0.0032232","0.00152944","0.00202872","0.00458832000000001","L","L","P","H","R",1,1,1,0,1,0,1
"5754",6017,3775,3775,"t","t","c","c",0.00264900662251656,0.00264900662251656,0.000529801324503311,0.000529801324503311,0.000264900662251656,0.000264900662251656,0.000264900662251656,0.000264900662251656,0.00317880794701987,0.00317880794701987,0.00317880794701987,0.00317880794701987,"syn","syn","syn",1.7e-05,1.07e-06,1.21e-06,1.21e-06,"0.00641749999999999","0.002283875","0.00403924999999999","0.00456774999999999","L","L","L","L","L",0,0,0,1,0,0,0
"5755",6018,3790,3790,"g","g","a","a",0.00105540897097625,0.00105540897097625,0,0,0,0,0,0,0.00105540897097625,0.00105540897097625,0.00105540897097625,0.00105540897097625,"nonsyn","nonsyn","nonsyn",4.2e-06,5.36e-07,1.17e-06,1.17e-06,"0.00397950000000001","1","1","1","V","V","I","L","L",0,0,0,0,0,0,0
"5756",6019,3564,3564,"t","t","c","c",0.00392817059483726,0.00392817059483726,0,0,0,0,0,0,0.00392817059483726,0.00392817059483726,0.00392817059483726,0.00392817059483726,"nonsyn","nonsyn","nonsyn",1.7e-05,1.07e-06,1.21e-06,1.21e-06,"0.00432771428571429","1","1","1","V","V","A","E","G",0,1,1,0,0,0,0
"5757",6020,3702,3702,"a","a","g","g",0.0661804430037817,0.0661804430037817,0.00108049702863317,0.00108049702863317,0,0.00108049702863317,0,0.00108049702863317,0.0672609400324149,0.0672609400324149,0.0672609400324149,0.0672609400324149,"syn","syn","syn",1.77e-05,1.76e-06,1.7e-06,1.7e-06,"0.000267450612244898","0.00157335","1","0.00157335","V","V","V","V","V",0,0,0,0,1,1,0
"5758",6021,3638,3638,"g","g","a","a",0.000824628916987356,0.000824628916987356,0.000274876305662452,0.000274876305662452,0,0.000274876305662452,0,0.000274876305662452,0.00109950522264981,0.00109950522264981,0.00109950522264981,0.00109950522264981,"nonsyn","nonsyn","nonsyn",4.2e-06,5.36e-07,1.17e-06,1.17e-06,"0.0050932","0.00425646","1","0.00425646","V","V","I","L","F",0,0,0,0,0,0,0
"5759",6022,3616,3616,"t","t","c","c",0.00165929203539823,0.00165929203539823,0.000553097345132743,0.000553097345132743,0.000276548672566372,0.000276548672566372,0.000276548672566372,0.000276548672566372,0.00221238938053097,0.00221238938053097,0.00221238938053097,0.00221238938053097,"nonsyn","nonsyn","nonsyn",1.7e-05,1.07e-06,1.21e-06,1.21e-06,"0.0102453333333333","0.00218768","0.00386912","0.00437535999999999","V","V","A","D","G",0,1,1,0,0,0,0
"5760",6023,3621,3621,"c","c","t","t",0.00276166804750069,0.00276166804750069,0.000276166804750069,0.000276166804750069,0.000276166804750069,0,0.000276166804750069,0,0.00303783485225076,0.00303783485225076,0.00303783485225076,0.00303783485225076,"syn","syn","syn",4.58e-06,8.37e-07,4.33e-07,4.33e-07,"0.001658418","0.001567893","0.003030777","1","V","V","V","V","V",0,0,0,0,0,0,0
"5761",6024,3638,3638,"g","g","a","a",0.000824628916987356,0.000824628916987356,0,0,0,0,0,0,0.000824628916987356,0.000824628916987356,0.000824628916987356,0.000824628916987356,"nonsyn","nonsyn","nonsyn",4.2e-06,5.36e-07,1.17e-06,1.17e-06,"0.0050932","1","1","1","G","G","S","R","C",1,1,0,0,1,1,0
"5762",6025,3630,3630,"g","g","a","a",0.00192837465564738,0.00192837465564738,0.000550964187327824,0.000550964187327824,0,0.000550964187327824,0,0.000550964187327824,0.00247933884297521,0.00247933884297521,0.00247933884297521,0.00247933884297521,"nonsyn","nonsyn","nonsyn",4.2e-06,5.36e-07,1.17e-06,1.17e-06,"0.002178","0.00212355","1","0.00212355","G","G","D","A","V",1,1,1,0,0,0,0
"5763",6026,3572,3572,"t","t","c","c",0.308510638297872,0.308510638297872,0,0,0,0,0,0,0.308510638297872,0.308510638297872,0.308510638297872,0.308510638297872,"syn","syn","syn",1.7e-05,1.07e-06,1.21e-06,1.21e-06,"5.51034482758621e-05","1","1","1","G","G","G","G","G",0,0,0,1,0,0,0
"5764",6027,3671,3671,"g","g","a","a",0.00217924271315718,0.00217924271315718,0.000272405339144647,0.000272405339144647,0.000272405339144647,0,0.000272405339144647,0,0.00245164805230183,0.00245164805230183,0.00245164805230183,0.00245164805230183,"nonsyn","nonsyn","nonsyn",4.2e-06,5.36e-07,1.17e-06,1.17e-06,"0.001927275","0.00429507","0.001967656","1","V","V","M","L","L",0,0,0,0,0,0,0
"5765",6028,3663,3663,"t","t","c","c",0.00436800436800437,0.00436800436800437,0.000819000819000819,0.000819000819000819,0.000546000546000546,0.000273000273000273,0.000546000546000546,0.000273000273000273,0.00518700518700519,0.00518700518700519,0.00518700518700519,0.00518700518700519,"nonsyn","nonsyn","nonsyn",1.7e-05,1.07e-06,1.21e-06,1.21e-06,"0.0038919375","0.00147741","0.001959705","0.00443223","V","V","A","E","G",0,1,1,1,0,0,0
"5766",6029,3689,3690,"g","g","a","a",0.00135538086202223,0.00135538086202223,0.000271076172404446,0.000271076172404446,0,0.000271076172404446,0,0.000271076172404446,0.00162645703442667,0.00162645703442667,0.0016260162601626,0.0016260162601626,"syn","syn","syn",4.2e-06,5.36e-07,1.17e-06,1.17e-06,"0.00309876","0.00431612999999999","1","0.00431612999999999","V","V","V","V","V",0,0,0,0,1,1,0
"5767",6030,3706,3706,"g","g","a","a",0.00188882892606584,0.00188882892606584,0,0,0,0,0,0,0.00188882892606584,0.00188882892606584,0.00188882892606584,0.00188882892606584,"nonsyn","nonsyn","nonsyn",4.2e-06,5.36e-07,1.17e-06,1.17e-06,"0.0022236","1","1","1","V","V","I","L","F",0,0,0,0,0,0,0
"5768",6031,3744,3744,"t","t","c","c",0.00347222222222222,0.00347222222222222,0.000267094017094017,0.000267094017094017,0.000267094017094017,0,0.000267094017094017,0,0.00373931623931624,0.00373931623931624,0.00373931623931624,0.00373931623931624,"nonsyn","nonsyn","nonsyn",1.7e-05,1.07e-06,1.21e-06,1.21e-06,"0.004896","0.00453024","0.00400608","1","V","V","A","D","G",0,1,1,0,0,0,0
"5769",6032,3877,3877,"c","c","t","t",0.00283724529275213,0.00283724529275213,0.000257931390250193,0.000257931390250193,0.000257931390250193,0,0.000257931390250193,0,0.00309517668300232,0.00309517668300232,0.00309517668300232,0.00309517668300232,"syn","syn","syn",4.58e-06,8.37e-07,4.33e-07,4.33e-07,"0.00161424181818182","0.001678741","0.00324504900000001","1","V","V","V","V","V",0,0,0,0,0,0,0
"5770",6033,3884,3884,"t","t","c","c",0.00283213182286303,0.00283213182286303,0.000772399588053553,0.000772399588053553,0.000772399588053553,0,0.000772399588053553,0,0.00360453141091658,0.00360453141091658,0.00360453141091658,0.00360453141091658,"nonsyn","nonsyn","nonsyn",1.7e-05,1.07e-06,1.21e-06,1.21e-06,"0.00600254545454545","0.00156654666666667","0.00138529333333333","1","C","C","R","S","G",1,1,0,1,1,0,1
"5771",6034,3885,3885,"g","g","a","a",0.000772200772200772,0.000772200772200772,0.000772200772200772,0.000772200772200772,0.000257400257400257,0.000514800514800515,0.000257400257400257,0.000514800514800515,0.00154440154440154,0.00154440154440154,0.00154440154440154,0.00154440154440154,"nonsyn","nonsyn","nonsyn",4.2e-06,5.36e-07,1.17e-06,1.17e-06,"0.005439","0.00151515","0.00208236","0.002272725","C","C","Y","S","F",1,1,1,0,0,0,0
"5772",6035,3896,3896,"c","c","t","t",0.00102669404517454,0.00102669404517454,0,0,0,0,0,0,0.00102669404517454,0.00102669404517454,0.00102669404517454,0.00102669404517454,"syn","stop","nonsyn",4.58e-06,8.37e-07,4.33e-07,4.33e-07,"0.00446091999999999","1","1","1","C","C","C","*","W",0,1,1,0,0,0,0
"5773",6036,3902,3902,"g","g","a","a",0.00153767298821117,0.00153767298821117,0,0,0,0,0,0,0.00153767298821117,0.00153767298821117,0.00153767298821117,0.00153767298821117,"nonsyn","nonsyn","nonsyn",4.2e-06,5.36e-07,1.17e-06,1.17e-06,"0.00273140000000001","1","1","1","A","A","T","P","S",1,1,1,0,0,0,0
"5774",6037,3914,3914,"c","c","t","t",0.00178845171180378,0.00178845171180378,0,0,0,0,0,0,0.00178845171180378,0.00178845171180378,0.00178845171180378,0.00178845171180378,"nonsyn","nonsyn","nonsyn",4.58e-06,8.37e-07,4.33e-07,4.33e-07,"0.00256087428571429","1","1","1","A","A","V","E","G",0,1,1,0,0,0,0
"5775",6038,3903,3903,"a","a","g","g",0.0286958749679734,0.0286958749679734,0.00102485267742762,0.00102485267742762,0.000256213169356905,0.000768639508070715,0.000256213169356905,0.000768639508070715,0.029720727645401,0.029720727645401,0.029720727645401,0.029720727645401,"syn","syn","syn",1.77e-05,1.76e-06,1.7e-06,1.7e-06,"0.000616813392857142","0.001658775","0.00686928","0.0022117","A","A","A","A","A",0,0,0,1,1,1,0
"5776",6039,3892,3892,"g","g","a","a",0.00282631038026721,0.00282631038026721,0,0,0,0,0,0,0.00282631038026721,0.00282631038026721,0.00282631038026721,0.00282631038026721,"nonsyn","nonsyn","nonsyn",4.2e-06,5.36e-07,1.17e-06,1.17e-06,"0.00148603636363637","1","1","1","A","A","T","P","S",1,1,1,0,0,0,0
"5777",6040,3899,3899,"c","c","t","t",0.00282123621441395,0.00282123621441395,0,0,0,0,0,0,0.00282123621441395,0.00282123621441395,0.00282123621441395,0.00282123621441395,"nonsyn","nonsyn","nonsyn",4.58e-06,8.37e-07,4.33e-07,4.33e-07,"0.00162340181818182","1","1","1","A","A","V","E","G",0,1,1,0,0,0,0
"5778",6041,3911,3911,"a","a","g","g",0.00409102531321913,0.00409102531321913,0.000511378164152391,0.000511378164152391,0,0.000511378164152391,0,0.000511378164152391,0.00460240347737152,0.00460240347737152,0.00460240347737152,0.00460240347737152,"syn","syn","syn",1.77e-05,1.76e-06,1.7e-06,1.7e-06,"0.00432654374999999","0.00332435","1","0.00332435","A","A","A","A","A",0,0,0,1,0,0,0
"5779",6042,4019,4019,"a","a","g","g",0.00174172679771087,0.00174172679771087,0.000248818113958696,0.000248818113958696,0.000248818113958696,0,0.000248818113958696,0,0.00199054491166957,0.00199054491166957,0.00199054491166957,0.00199054491166957,"nonsyn","nonsyn","nonsyn",1.77e-05,1.76e-06,1.7e-06,1.7e-06,"0.0101623285714286","0.00683230000000001","0.00707344000000001","1","I","I","V","L","L",0,0,0,0,0,0,0
"5780",6043,3984,3984,"t","t","c","c",0.0035140562248996,0.0035140562248996,0,0,0,0,0,0,0.0035140562248996,0.0035140562248996,0.0035140562248996,0.0035140562248996,"nonsyn","nonsyn","nonsyn",1.7e-05,1.07e-06,1.21e-06,1.21e-06,"0.00483771428571428","1","1","1","I","I","T","K","R",1,1,1,0,0,0,0
"5781",6044,3974,3974,"a","a","g","g",0.00251635631605435,0.00251635631605435,0,0,0,0,0,0,0.00251635631605435,0.00251635631605435,0.00251635631605435,0.00251635631605435,"nonsyn","syn","syn",1.77e-05,1.76e-06,1.7e-06,1.7e-06,"0.00703398000000001","1","1","1","I","I","M","I","I",0,0,0,0,0,0,0
"5782",6045,3979,3979,"c","c","t","t",0.00100527770796683,0.00100527770796683,0.000251319426991706,0.000251319426991706,0.000251319426991706,0,0.000251319426991706,0,0.00125659713495853,0.00125659713495853,0.00125659713495853,0.00125659713495853,"syn","nonsyn","nonsyn",4.58e-06,8.37e-07,4.33e-07,4.33e-07,"0.00455595499999998","0.001722907","0.00333042300000001","1","L","L","L","M","V",0,0,0,0,0,0,0
"5783",6046,3976,3976,"t","t","c","c",0.00326961770623742,0.00326961770623742,0.00150905432595573,0.00150905432595573,0.00125754527162978,0.000251509054325956,0.00125754527162978,0.000251509054325956,0.00477867203219316,0.00477867203219316,0.00477867203219316,0.00477867203219316,"nonsyn","nonsyn","nonsyn",1.7e-05,1.07e-06,1.21e-06,1.21e-06,"0.00519938461538462","0.000801826666666669","0.000850863999999999","0.00481095999999999","L","L","P","Q","R",1,1,1,1,1,0,1
"5784",6047,3976,3976,"g","g","a","a",0.0022635814889336,0.0022635814889336,0.000503018108651912,0.000503018108651912,0,0.000503018108651912,0,0.000503018108651912,0.00276659959758551,0.00276659959758551,0.00276659959758551,0.00276659959758551,"syn","syn","syn",4.2e-06,5.36e-07,1.17e-06,1.17e-06,"0.00185546666666667","0.00232596","1","0.00232596","L","L","L","L","L",0,0,0,0,0,0,0
"5785",6048,3985,3985,"c","c","t","t",0.00150564617314931,0.00150564617314931,0.000250941028858218,0.000250941028858218,0,0.000250941028858218,0,0.000250941028858218,0.00175658720200753,0.00175658720200753,0.00175658720200753,0.00175658720200753,"nonsyn","nonsyn","nonsyn",4.58e-06,8.37e-07,4.33e-07,4.33e-07,"0.00304188333333333","0.001725505","1","0.001725505","R","R","C","S","G",1,1,1,0,0,0,0
"5786",6049,3965,3965,"g","g","a","a",0.00201765447667087,0.00201765447667087,0.000504413619167718,0.000504413619167718,0,0.000504413619167718,0,0.000504413619167718,0.00252206809583859,0.00252206809583859,0.00252206809583859,0.00252206809583859,"nonsyn","nonsyn","nonsyn",4.2e-06,5.36e-07,1.17e-06,1.17e-06,"0.002081625","0.002319525","1","0.002319525","R","R","H","P","L",0,1,1,0,0,0,0
"5787",6050,3946,3946,"c","c","t","t",0.0015205271160669,0.0015205271160669,0,0,0,0,0,0,0.0015205271160669,0.0015205271160669,0.0015205271160669,0.0015205271160669,"syn","syn","syn",4.58e-06,8.37e-07,4.33e-07,4.33e-07,"0.00301211333333334","1","1","1","R","R","R","R","R",0,0,0,0,0,0,0
"5788",6051,3959,3959,"c","c","t","t",0.00126294518817883,0.00126294518817883,0.000252589037635767,0.000252589037635767,0,0.000252589037635767,0,0.000252589037635767,0.0015155342258146,0.0015155342258146,0.0015155342258146,0.0015155342258146,"nonsyn","syn","nonsyn",4.58e-06,8.37e-07,4.33e-07,4.33e-07,"0.00362644400000001","0.001714247","1","0.001714247","R","R","W","R","G",1,0,1,0,1,0,1
"5789",6052,3960,3960,"g","g","a","a",0.00303030303030303,0.00303030303030303,0.000505050505050505,0.000505050505050505,0.000252525252525253,0.000252525252525253,0.000252525252525253,0.000252525252525253,0.00353535353535354,0.00353535353535354,0.00353535353535354,0.00353535353535354,"nonsyn","nonsyn","nonsyn",4.2e-06,5.36e-07,1.17e-06,1.17e-06,"0.001386","0.0023166","0.00212256","0.00463319999999999","R","R","Q","P","L",1,1,1,0,1,1,0
"5790",6053,3948,3948,"g","g","a","a",0.00354609929078014,0.00354609929078014,0.000253292806484296,0.000253292806484296,0.000253292806484296,0,0.000253292806484296,0,0.00379939209726444,0.00379939209726444,0.00379939209726444,0.00379939209726444,"syn","syn","syn",4.2e-06,5.36e-07,1.17e-06,1.17e-06,"0.0011844","0.00461916","0.002116128","1","R","R","R","R","R",0,0,0,0,0,0,0
"5791",6054,4008,4008,"c","c","t","t",0.0029940119760479,0.0029940119760479,0.000748502994011976,0.000748502994011976,0.000748502994011976,0,0.000748502994011976,0,0.00374251497005988,0.00374251497005988,0.00374251497005988,0.00374251497005988,"nonsyn","nonsyn","nonsyn",4.58e-06,8.37e-07,4.33e-07,4.33e-07,"0.00152972","0.000578488","0.001118232","1","H","H","Y","N","D",1,1,1,0,0,0,0
"5792",6055,4003,4003,"a","a","g","g",0.00399700224831376,0.00399700224831376,0.00149887584311766,0.00149887584311766,0.00024981264051961,0.00124906320259805,0.00024981264051961,0.00124906320259805,0.00549587809143143,0.00549587809143143,0.00549587809143143,0.00549587809143143,"nonsyn","nonsyn","nonsyn",1.77e-05,1.76e-06,1.7e-06,1.7e-06,"0.00442831875000001","0.00113418333333333","0.00704528000000001","0.00136102","H","H","R","P","L",0,1,1,1,0,0,0
"5793",6056,4037,4037,"c","c","t","t",0.00198166955660144,0.00198166955660144,0.00024770869457518,0.00024770869457518,0.00024770869457518,0,0.00024770869457518,0,0.00222937825117662,0.00222937825117662,0.00222937825117662,0.00222937825117662,"syn","nonsyn","nonsyn",4.58e-06,8.37e-07,4.33e-07,4.33e-07,"0.0023111825","0.001748021","0.00337896899999999","1","H","H","H","Q","Q",0,1,1,0,0,0,0
"5794",6057,4028,4028,"g","g","a","a",0.00297914597815293,0.00297914597815293,0.000744786494538232,0.000744786494538232,0.000248262164846077,0.000496524329692155,0.000248262164846077,0.000496524329692155,0.00372393247269116,0.00372393247269116,0.00372393247269116,0.00372393247269116,"nonsyn","nonsyn","nonsyn",4.2e-06,5.36e-07,1.17e-06,1.17e-06,"0.0014098","0.00157092","0.002159008","0.00235638","V","V","I","L","F",0,0,0,0,0,0,0
"5795",6058,4035,4035,"t","t","c","c",0.00371747211895911,0.00371747211895911,0.000743494423791822,0.000743494423791822,0.000247831474597274,0.000495662949194548,0.000247831474597274,0.000495662949194548,0.00446096654275093,0.00446096654275093,0.00446096654275093,0.00446096654275093,"nonsyn","nonsyn","nonsyn",1.7e-05,1.07e-06,1.21e-06,1.21e-06,"0.004573","0.00162745","0.00431745","0.002441175","V","V","A","D","G",0,1,1,0,0,0,0
"5796",6059,4039,4039,"t","t","c","c",0.00272344639762317,0.00272344639762317,0.000990344144590245,0.000990344144590245,0.000495172072295123,0.000495172072295123,0.000495172072295123,0.000495172072295123,0.00371379054221342,0.00371379054221342,0.00371379054221342,0.00371379054221342,"syn","syn","syn",1.7e-05,1.07e-06,1.21e-06,1.21e-06,"0.00624209090909092","0.0012217975","0.002160865","0.002443595","V","V","V","V","V",0,0,0,1,0,0,0
"5797",6060,4017,4018,"g","g","a","a",0.00149365197908887,0.00149365197908887,0,0,0,0,0,0,0.00149365197908887,0.00149365197908887,0.00149328023892484,0.00149328023892484,"nonsyn","nonsyn","nonsyn",4.2e-06,5.36e-07,1.17e-06,1.17e-06,"0.0028119","1","1","1","G","G","S","R","C",1,1,0,0,1,1,0
"5798",6061,4047,4047,"g","g","a","a",0.00148257968865827,0.00148257968865827,0.000247096614776378,0.000247096614776378,0,0.000247096614776378,0,0.000247096614776378,0.00172967630343464,0.00172967630343464,0.00172967630343464,0.00172967630343464,"nonsyn","nonsyn","nonsyn",4.2e-06,5.36e-07,1.17e-06,1.17e-06,"0.00283289999999999","0.00473498999999999","1","0.00473498999999999","G","G","D","A","V",1,1,1,0,0,0,0
"5799",6062,4052,4052,"c","c","t","t",0.00172754195459033,0.00172754195459033,0.000246791707798618,0.000246791707798618,0.000246791707798618,0,0.000246791707798618,0,0.00197433366238894,0.00197433366238894,0.00197433366238894,0.00197433366238894,"syn","syn","syn",4.58e-06,8.37e-07,4.33e-07,4.33e-07,"0.00265116571428571","0.001754516","0.003391524","1","G","G","G","G","G",0,0,0,0,0,0,0
"5800",6063,4045,4045,"c","c","t","t",0.00197775030902349,0.00197775030902349,0.000741656365883807,0.000741656365883807,0.000494437577255871,0.000247218788627936,0.000494437577255871,0.000247218788627936,0.00271940667490729,0.00271940667490729,0.00271940667490729,0.00271940667490729,"nonsyn","nonsyn","nonsyn",4.58e-06,8.37e-07,4.33e-07,4.33e-07,"0.0023157625","0.000583828333333333","0.0016928325","0.001751485","P","P","S","T","A",1,1,1,0,1,0,1
"5801",6064,4062,4062,"c","c","t","t",0.0017232890201871,0.0017232890201871,0,0,0,0,0,0,0.0017232890201871,0.0017232890201871,0.0017232890201871,0.0017232890201871,"nonsyn","nonsyn","nonsyn",4.58e-06,8.37e-07,4.33e-07,4.33e-07,"0.00265770857142857","1","1","1","P","P","L","Q","R",1,1,1,0,1,0,1
"5802",6065,4037,4038,"g","g","a","a",0.00297250433490215,0.00297250433490215,0,0,0,0,0,0,0.00297250433490215,0.00297250433490215,0.00297176820208024,0.00297176820208024,"syn","syn","syn",4.2e-06,5.36e-07,1.17e-06,1.17e-06,"0.00141295","1","1","1","P","P","P","P","P",0,0,0,0,1,1,0
"5803",6066,4038,4038,"g","g","a","a",0.00222882615156018,0.00222882615156018,0.000247647350173353,0.000247647350173353,0,0.000247647350173353,0,0.000247647350173353,0.00247647350173353,0.00247647350173353,0.00247647350173353,0.00247647350173353,"nonsyn","nonsyn","nonsyn",4.2e-06,5.36e-07,1.17e-06,1.17e-06,"0.0018844","0.00472446","1","0.00472446","G","G","S","R","C",1,1,0,0,1,1,0
"5804",6067,4054,4054,"g","g","a","a",0.00148001973359645,0.00148001973359645,0,0,0,0,0,0,0.00148001973359645,0.00148001973359645,0.00148001973359645,0.00148001973359645,"nonsyn","nonsyn","nonsyn",4.2e-06,5.36e-07,1.17e-06,1.17e-06,"0.0028378","1","1","1","G","G","D","A","V",1,1,1,0,0,0,0
"5805",6068,4057,4057,"c","c","t","t",0.00197190041902884,0.00197190041902884,0.000739462657135815,0.000739462657135815,0.000246487552378605,0.00049297510475721,0.000246487552378605,0.00049297510475721,0.00271136307616465,0.00271136307616465,0.00271136307616465,0.00271136307616465,"syn","syn","syn",4.58e-06,8.37e-07,4.33e-07,4.33e-07,"0.0023226325","0.000585560333333333","0.003395709","0.0008783405","G","G","G","G","G",0,0,0,0,0,0,0
"5806",6069,4077,4077,"g","g","a","a",0.000981113563895021,0.000981113563895021,0.000735835172921266,0.000735835172921266,0,0.000735835172921266,0,0.000735835172921266,0.00171694873681629,0.00171694873681629,0.00171694873681629,0.00171694873681629,"nonsyn","nonsyn","stop",4.2e-06,5.36e-07,1.17e-06,1.17e-06,"0.00428085","0.00159003","1","0.00159003","E","E","K","Q","*",1,1,1,0,0,0,0
"5807",6070,4042,4048,"a","a","g","g",0.00272142503711034,0.00272142503711034,0.00049480455220188,0.00049480455220188,0,0.00049480455220188,0,0.00049480455220188,0.00321622958931222,0.00321622958931222,0.00321146245059289,0.00321146245059289,"nonsyn","nonsyn","nonsyn",1.77e-05,1.76e-06,1.7e-06,1.7e-06,"0.00650394545454546","0.0034357","1","0.0034357","E","E","G","A","V",1,1,1,0,1,1,0
"5808",6071,4047,4055,"g","g","a","a",0.00123548307388189,0.00123548307388189,0,0,0,0,0,0,0.00123548307388189,0.00123548307388189,0.00123304562268804,0.00123304562268804,"syn","nonsyn","nonsyn",4.2e-06,5.36e-07,1.17e-06,1.17e-06,"0.00339947999999999","1","1","1","E","E","E","D","D",0,0,0,0,1,1,0
"5809",6072,4079,4079,"g","g","a","a",0.000735474380975729,0.000735474380975729,0.00147094876195146,0.00147094876195146,0,0.00147094876195146,0,0.00147094876195146,0.00220642314292719,0.00220642314292719,0.00220642314292719,0.00220642314292719,"nonsyn","nonsyn","nonsyn",4.2e-06,5.36e-07,1.17e-06,1.17e-06,"0.0057106","0.000795404999999999","1","0.000795404999999999","G","G","R","R","W",1,1,1,0,1,1,0
"5810",6073,4097,4097,"g","g","a","a",0.0019526482792287,0.0019526482792287,0.000976324139614352,0.000976324139614352,0.000244081034903588,0.000732243104710764,0.000244081034903588,0.000732243104710764,0.00292897241884306,0.00292897241884306,0.00292897241884306,0.00292897241884306,"nonsyn","nonsyn","nonsyn",4.2e-06,5.36e-07,1.17e-06,1.17e-06,"0.002150925","0.0011983725","0.002195992","0.00159783","G","G","E","A","V",1,1,1,0,1,1,0
"5811",6074,4108,4108,"g","g","a","a",0.000730282375851996,0.000730282375851996,0,0,0,0,0,0,0.000730282375851996,0.000730282375851996,0.000730282375851996,0.000730282375851996,"syn","syn","syn",4.2e-06,5.36e-07,1.17e-06,1.17e-06,"0.0057512","1","1","1","G","G","G","G","G",0,0,0,0,1,1,0
"5812",6075,4126,4126,"g","g","a","a",0.00290838584585555,0.00290838584585555,0.000242365487154629,0.000242365487154629,0,0.000242365487154629,0,0.000242365487154629,0.00315075133301018,0.00315075133301018,0.00315075133301018,0.00315075133301018,"nonsyn","nonsyn","nonsyn",4.2e-06,5.36e-07,1.17e-06,1.17e-06,"0.0014441","0.00482742","1","0.00482742","A","A","T","P","S",1,1,1,0,0,0,0
"5813",6076,4137,4137,"c","c","t","t",0.00241721053903795,0.00241721053903795,0.00048344210780759,0.00048344210780759,0.000241721053903795,0.000241721053903795,0.000241721053903795,0.000241721053903795,0.00290065264684554,0.00290065264684554,0.00290065264684554,0.00290065264684554,"nonsyn","nonsyn","nonsyn",4.58e-06,8.37e-07,4.33e-07,4.33e-07,"0.001894746","0.0008956605","0.003462669","0.001791321","A","A","V","E","G",0,1,1,0,0,0,0
"5814",6077,4129,4129,"a","a","g","g",0.00242189392104626,0.00242189392104626,0.000726568176313877,0.000726568176313877,0.000242189392104626,0.000484378784209252,0.000242189392104626,0.000484378784209252,0.00314846209736014,0.00314846209736014,0.00314846209736014,0.00314846209736014,"syn","syn","syn",1.77e-05,1.76e-06,1.7e-06,1.7e-06,"0.00730832999999999","0.00233976666666667","0.00726703999999999","0.00350965","A","A","A","A","A",0,0,0,1,1,1,0
"5815",6078,4184,4184,"g","g","a","a",0.00119502868068834,0.00119502868068834,0.000239005736137667,0.000239005736137667,0,0.000239005736137667,0,0.000239005736137667,0.001434034416826,0.001434034416826,0.001434034416826,0.001434034416826,"nonsyn","nonsyn","nonsyn",4.2e-06,5.36e-07,1.17e-06,1.17e-06,"0.00351455999999999","0.00489528000000001","1","0.00489528000000001","V","V","M","L","L",0,0,0,0,0,0,0
"5816",6079,4253,4253,"t","t","c","c",0.003762050317423,0.003762050317423,0.00611333176581237,0.00611333176581237,0.00564307547613449,0.000470256289677874,0.00564307547613449,0.000470256289677874,0.00987538208323536,0.00987538208323536,0.00987538208323536,0.00987538208323536,"nonsyn","nonsyn","nonsyn",1.7e-05,1.07e-06,1.21e-06,1.21e-06,"0.00451881249999999","0.000197928076923077","0.000189612916666667","0.002573065","V","V","A","E","G",0,1,1,1,0,0,0
"5817",6080,4271,4271,"g","g","a","a",0.00351205806602669,0.00351205806602669,0,0,0,0,0,0,0.00351205806602669,0.00351205806602669,0.00351205806602669,0.00351205806602669,"syn","syn","syn",4.2e-06,5.36e-07,1.17e-06,1.17e-06,"0.00119588","1","1","1","V","V","V","V","V",0,0,0,0,0,0,0
"5818",6081,4289,4289,"c","c","t","t",0.00233154581487526,0.00233154581487526,0.000699463744462579,0.000699463744462579,0.000699463744462579,0,0.000699463744462579,0,0.00303100955933784,0.00303100955933784,0.00303100955933784,0.00303100955933784,"stop","nonsyn","nonsyn",4.58e-06,8.37e-07,4.33e-07,4.33e-07,"0.001964362","0.000619045666666666","0.001196631","1","Q","Q","*","K","E",1,1,1,0,0,0,0
"5819",6082,4218,4218,"a","a","g","g",0.0045045045045045,0.0045045045045045,0.000237079184447606,0.000237079184447606,0,0.000237079184447606,0,0.000237079184447606,0.00474158368895211,0.00474158368895211,0.00474158368895211,0.00474158368895211,"nonsyn","nonsyn","nonsyn",1.77e-05,1.76e-06,1.7e-06,1.7e-06,"0.0039294","0.00717059999999999","1","0.00717059999999999","Q","Q","R","P","L",1,1,1,1,0,0,0
"5820",6083,4283,4283,"a","a","g","g",0.00490310530002335,0.00490310530002335,0.000933924819052066,0.000933924819052066,0.00070044361428905,0.000233481204763017,0.00070044361428905,0.000233481204763017,0.00583703011907541,0.00583703011907541,0.00583703011907541,0.00583703011907541,"syn","nonsyn","nonsyn",1.77e-05,1.76e-06,1.7e-06,1.7e-06,"0.00360995714285714","0.001820275","0.00251269333333333","0.00728109999999999","Q","Q","Q","H","H",0,1,1,0,0,0,0
"5821",6084,4259,4259,"t","t","c","c",0.000939187602723644,0.000939187602723644,0,0,0,0,0,0,0.000939187602723644,0.000939187602723644,0.000939187602723644,0.000939187602723644,"nonsyn","nonsyn","nonsyn",1.7e-05,1.07e-06,1.21e-06,1.21e-06,"0.01810075","1","1","1","W","W","R","R","G",1,1,1,1,0,0,0
"5822",6085,4287,4287,"g","g","a","a",0.00186610683461628,0.00186610683461628,0,0,0,0,0,0,0.00186610683461628,0.00186610683461628,0.00186610683461628,0.00186610683461628,"stop","nonsyn","nonsyn",4.2e-06,5.36e-07,1.17e-06,1.17e-06,"0.002250675","1","1","1","W","W","*","S","L",1,1,0,0,1,1,0
"5823",6086,4291,4291,"g","g","a","a",0.00186436728035423,0.00186436728035423,0.000233045910044279,0.000233045910044279,0,0.000233045910044279,0,0.000233045910044279,0.00209741319039851,0.00209741319039851,0.00209741319039851,0.00209741319039851,"stop","nonsyn","nonsyn",4.2e-06,5.36e-07,1.17e-06,1.17e-06,"0.002252775","0.00502046999999999","1","0.00502046999999999","W","W","*","C","C",1,1,1,0,0,0,0
"5824",6087,4280,4280,"a","a","g","g",0.00654205607476636,0.00654205607476636,0.000233644859813084,0.000233644859813084,0.000233644859813084,0,0.000233644859813084,0,0.00677570093457944,0.00677570093457944,0.00677570093457944,0.00677570093457944,"nonsyn","nonsyn","nonsyn",1.77e-05,1.76e-06,1.7e-06,1.7e-06,"0.00270557142857143","0.007276","0.0075328","1","M","M","V","L","L",0,0,0,0,0,0,0
"5825",6088,4263,4263,"t","t","c","c",0.00398780201735867,0.00398780201735867,0.000234576589256392,0.000234576589256392,0,0.000234576589256392,0,0.000234576589256392,0.00422237860661506,0.00422237860661506,0.00422237860661506,0.00422237860661506,"nonsyn","nonsyn","nonsyn",1.7e-05,1.07e-06,1.21e-06,1.21e-06,"0.004263","0.00515823","1","0.00515823","M","M","T","K","R",1,1,1,1,0,0,0
"5826",6089,4177,4177,"g","g","a","a",0,0,0.000478812544888676,0.000478812544888676,0,0.000478812544888676,0,0.000478812544888676,0.000478812544888676,0.000478812544888676,0.000478812544888676,0.000478812544888676,"nonsyn","nonsyn","nonsyn",4.2e-06,5.36e-07,1.17e-06,1.17e-06,"1","0.002443545","1","0.002443545","M","M","I","I","I",0,0,0,0,0,0,0
"5827",6090,4194,4194,"a","a","g","g",0.00691463996185026,0.00691463996185026,0.000953743443013829,0.000953743443013829,0.000476871721506915,0.000476871721506915,0.000476871721506915,0.000476871721506915,0.00786838340486409,0.00786838340486409,0.00786838340486409,0.00786838340486409,"nonsyn","nonsyn","nonsyn",1.77e-05,1.76e-06,1.7e-06,1.7e-06,"0.00255978620689655","0.00178245","0.00369072","0.0035649","N","N","D","H","Y",1,1,1,0,0,0,0
"5828",6091,4181,4181,"a","a","g","g",0.00454436737622578,0.00454436737622578,0,0,0,0,0,0,0.00454436737622578,0.00454436737622578,0.00454436737622578,0.00454436737622578,"nonsyn","nonsyn","nonsyn",1.77e-05,1.76e-06,1.7e-06,1.7e-06,"0.00389493157894737","1","1","1","N","N","S","T","I",0,0,1,0,0,0,0
"5829",6092,4193,4193,"c","c","t","t",0.00643930360124016,0.00643930360124016,0,0,0,0,0,0,0.00643930360124016,0.00643930360124016,0.00643930360124016,0.00643930360124016,"syn","nonsyn","nonsyn",4.58e-06,8.37e-07,4.33e-07,4.33e-07,"0.000711257037037037","1","1","1","N","N","N","K","K",0,1,1,0,0,0,0
"5830",6093,4189,4189,"c","c","t","t",0.0023872045834328,0.0023872045834328,0.00095488183337312,0.00095488183337312,0.00071616137502984,0.00023872045834328,0.00071616137502984,0.00023872045834328,0.00334208641680592,0.00334208641680592,0.00334208641680592,0.00334208641680592,"nonsyn","syn","nonsyn",4.58e-06,8.37e-07,4.33e-07,4.33e-07,"0.001918562","0.00045345925","0.001168731","0.001813837","R","R","W","R","G",1,0,1,0,1,0,1
"5831",6094,4192,4192,"g","g","a","a",0.000477099236641221,0.000477099236641221,0,0,0,0,0,0,0.000477099236641221,0.000477099236641221,0.000477099236641221,0.000477099236641221,"nonsyn","nonsyn","nonsyn",4.2e-06,5.36e-07,1.17e-06,1.17e-06,"0.00880320000000001","1","1","1","R","R","Q","P","L",1,1,1,0,1,1,0
"5832",6095,4204,4204,"g","g","a","a",0.000951474785918173,0.000951474785918173,0.00142721217887726,0.00142721217887726,0.00118934348239772,0.000237868696479543,0.00118934348239772,0.000237868696479543,0.00237868696479543,0.00237868696479543,0.00237868696479543,0.00237868696479543,"syn","syn","syn",4.2e-06,5.36e-07,1.17e-06,1.17e-06,"0.0044142","0.00081978","0.000450668799999999","0.00491868000000001","R","R","R","R","R",0,0,0,0,0,0,0
"5833",6096,4185,4185,"t","c","c","t",0.0031063321385902,0.99689366786141,0,0,0,0,0,0,0.0031063321385902,0.99689366786141,0.0031063321385902,0.99689366786141,"syn","nonsyn","nonsyn",4.58e-06,8.37e-07,4.33e-07,4.33e-07,"4.59427133269415e-06","1","1","1","L","L","L","I","V",0,0,0,0,0,0,0
"5834",6097,4234,4234,"t","t","c","c",0.00425129900803023,0.00425129900803023,0,0,0,0,0,0,0.00425129900803023,0.00425129900803023,0.00425129900803023,0.00425129900803023,"nonsyn","nonsyn","nonsyn",1.7e-05,1.07e-06,1.21e-06,1.21e-06,"0.00399877777777778","1","1","1","L","L","P","Q","R",1,1,1,0,1,0,1
"5835",6098,4223,4223,"g","a","a","g",0.000473596968979399,0.999289604546531,0.000236798484489699,0.000236798484489699,0,0.000236798484489699,0,0.000236798484489699,0.000710395453469098,0.999526403031021,0.000710395453469098,0.999526403031021,"syn","syn","syn",1.77e-05,1.76e-06,1.7e-06,1.7e-06,"1.77125829383886e-05","0.00717910000000001","1","0.00717910000000001","L","L","L","L","L",0,0,0,0,0,0,0
"5836",6099,4265,4265,"a","a","g","g",0.0063305978898007,0.0063305978898007,0,0,0,0,0,0,0.0063305978898007,0.0063305978898007,0.0063305978898007,0.0063305978898007,"nonsyn","nonsyn","nonsyn",1.77e-05,1.76e-06,1.7e-06,1.7e-06,"0.00279594444444445","1","1","1","I","I","V","L","L",0,0,0,0,0,0,0
"5837",6100,4268,4268,"t","t","c","c",0.00398313027179007,0.00398313027179007,0.000468603561387067,0.000468603561387067,0.000234301780693533,0.000234301780693533,0.000234301780693533,0.000234301780693533,0.00445173383317713,0.00445173383317713,0.00445173383317713,0.00445173383317713,"nonsyn","nonsyn","nonsyn",1.7e-05,1.07e-06,1.21e-06,1.21e-06,"0.00426799999999999","0.00258214","0.00456676","0.00516428000000001","I","I","T","K","R",1,1,1,0,0,0,0
"5838",6101,4267,4267,"a","a","g","g",0.00234356690883525,0.00234356690883525,0.00117178345441762,0.00117178345441762,0.000234356690883525,0.000937426763534099,0.000234356690883525,0.000937426763534099,0.00351535036325287,0.00351535036325287,0.00351535036325287,0.00351535036325287,"nonsyn","syn","syn",1.77e-05,1.76e-06,1.7e-06,1.7e-06,"0.00755258999999999","0.00145078","0.00750991999999999","0.001813475","I","I","M","I","I",0,0,0,0,1,1,0
"5839",6102,4214,4214,"g","g","a","a",0.000474608448030375,0.000474608448030375,0,0,0,0,0,0,0.000474608448030375,0.000474608448030375,0.000474608448030375,0.000474608448030375,"nonsyn","nonsyn","nonsyn",4.2e-06,5.36e-07,1.17e-06,1.17e-06,"0.0088494","1","1","1","A","A","T","P","S",1,1,1,0,0,0,0
"5840",6103,4191,4191,"c","c","t","t",0.00167024576473395,0.00167024576473395,0,0,0,0,0,0,0.00167024576473395,0.00167024576473395,0.00167024576473395,0.00167024576473395,"nonsyn","nonsyn","nonsyn",4.58e-06,8.37e-07,4.33e-07,4.33e-07,"0.00274211142857143","1","1","1","A","A","V","D","G",0,1,1,0,0,0,0
"5841",6104,4180,4180,"c","c","t","t",0.000478468899521531,0.000478468899521531,0.000717703349282297,0.000717703349282297,0.000717703349282297,0,0.000717703349282297,0,0.00119617224880383,0.00119617224880383,0.00119617224880383,0.00119617224880383,"syn","syn","syn",4.58e-06,8.37e-07,4.33e-07,4.33e-07,"0.0095722","0.000603313333333333","0.00116622","1","A","A","A","A","A",0,0,0,0,1,0,1
"5842",6105,4156,4158,"t","t","c","c",0.00529355149181906,0.00529355149181906,0.000481231953801732,0.000481231953801732,0.000240615976900866,0.000240615976900866,0.000240615976900866,0.000240615976900866,0.00577478344562079,0.00577478344562079,0.00577200577200577,0.00577200577200577,"nonsyn","nonsyn","nonsyn",1.7e-05,1.07e-06,1.21e-06,1.21e-06,"0.00321145454545454","0.00251438","0.00444692","0.00502876000000001","F","F","L","I","V",0,0,0,0,1,0,1
"5843",6106,4148,4148,"t","t","c","c",0.038572806171649,0.038572806171649,0,0,0,0,0,0,0.038572806171649,0.038572806171649,0.038572806171649,0.038572806171649,"nonsyn","nonsyn","nonsyn",1.7e-05,1.07e-06,1.21e-06,1.21e-06,"0.000440725","1","1","1","F","F","S","Y","C",1,0,1,0,0,0,0
"5844",6107,4144,4144,"c","c","t","t",0.00313706563706564,0.00313706563706564,0,0,0,0,0,0,0.00313706563706564,0.00313706563706564,0.00313706563706564,0.00313706563706564,"syn","nonsyn","nonsyn",4.58e-06,8.37e-07,4.33e-07,4.33e-07,"0.00145996307692308","1","1","1","F","F","F","L","L",0,0,0,0,0,0,0
"5845",6108,4119,4119,"g","g","a","a",0.00242777373148823,0.00242777373148823,0.000242777373148823,0.000242777373148823,0,0.000242777373148823,0,0.000242777373148823,0.00267055110463705,0.00267055110463705,0.00267055110463705,0.00267055110463705,"nonsyn","nonsyn","nonsyn",4.2e-06,5.36e-07,1.17e-06,1.17e-06,"0.00172998","0.00481922999999999","1","0.00481922999999999","A","A","T","P","S",1,1,1,0,0,0,0
"5846",6109,4102,4102,"c","c","t","t",0.00170648464163823,0.00170648464163823,0.000243783520234032,0.000243783520234032,0.000243783520234032,0,0.000243783520234032,0,0.00195026816187226,0.00195026816187226,0.00195026816187226,0.00195026816187226,"nonsyn","nonsyn","nonsyn",4.58e-06,8.37e-07,4.33e-07,4.33e-07,"0.00268387999999999","0.001776166","0.003433374","1","A","A","V","D","G",0,1,1,0,0,0,0
"5847",6110,4097,4098,"c","c","t","t",0.00122040517451794,0.00122040517451794,0,0,0,0,0,0,0.00122040517451794,0.00122040517451794,0.00122010736944851,0.00122010736944851,"syn","syn","syn",4.58e-06,8.37e-07,4.33e-07,4.33e-07,"0.003752852","1","1","1","A","A","A","A","A",0,0,0,0,1,0,1
"5848",6111,4067,4068,"t","t","c","c",0.00270469633636587,0.00270469633636587,0,0,0,0,0,0,0.00270469633636587,0.00270469633636587,0.00270403146509341,0.00270403146509341,"nonsyn","nonsyn","nonsyn",1.7e-05,1.07e-06,1.21e-06,1.21e-06,"0.00628536363636364","1","1","1","S","S","P","T","A",1,0,1,0,1,0,1
"5849",6112,4084,4086,"c","c","t","t",0.000489715964740451,0.000489715964740451,0.00146914789422135,0.00146914789422135,0.00146914789422135,0,0.00146914789422135,0,0.0019588638589618,0.0019588638589618,0.00195790504160548,0.00195790504160548,"nonsyn","nonsyn","nonsyn",4.58e-06,8.37e-07,4.33e-07,4.33e-07,"0.00935235999999999","0.000294728666666667","0.000569718000000001","1","S","S","F","Y","C",1,1,1,0,0,0,0
"5850",6113,4083,4083,"c","c","t","t",0.00122458976242959,0.00122458976242959,0.000489835904971834,0.000489835904971834,0.000489835904971834,0,0.000489835904971834,0,0.00171442566740142,0.00171442566740142,0.00171442566740142,0.00171442566740142,"syn","syn","syn",4.58e-06,8.37e-07,4.33e-07,4.33e-07,"0.00374002799999999","0.000883969500000001","0.0017087355","1","S","S","S","S","S",0,0,0,0,1,0,1
"5851",6114,4158,4159,"c","c","t","t",0.00168350168350168,0.00168350168350168,0.000481000481000481,0.000481000481000481,0.000481000481000481,0,0.000481000481000481,0,0.00216450216450216,0.00216450216450216,0.00216398172637653,0.00216398172637653,"nonsyn","syn","nonsyn",4.58e-06,8.37e-07,4.33e-07,4.33e-07,"0.00272052000000001","0.000900207","0.001740123","1","R","R","W","R","G",1,0,1,0,1,0,1
"5852",6115,4140,4163,"g","g","a","a",0.00217391304347826,0.00217391304347826,0.00289855072463768,0.00289855072463768,0.00144927536231884,0.00144927536231884,0.00144927536231884,0.00144927536231884,0.00507246376811594,0.00507246376811594,0.00504443910641364,0.00504443910641364,"nonsyn","nonsyn","nonsyn",4.2e-06,5.36e-07,1.17e-06,1.17e-06,"0.001932","0.00040365","0.00036984","0.0008073","R","R","Q","P","L",1,1,1,0,1,1,0
"5853",6116,4136,4136,"g","g","a","a",0.00241779497098646,0.00241779497098646,0.000483558994197292,0.000483558994197292,0,0.000483558994197292,0,0.000483558994197292,0.00290135396518375,0.00290135396518375,0.00290135396518375,0.00290135396518375,"syn","syn","syn",4.2e-06,5.36e-07,1.17e-06,1.17e-06,"0.00173712","0.00241956","1","0.00241956","R","R","R","R","R",0,0,0,0,1,1,0
"5854",6117,4133,4133,"g","g","a","a",0.0009678199854827,0.0009678199854827,0.000725864989112025,0.000725864989112025,0,0.000725864989112025,0,0.000725864989112025,0.00169368497459473,0.00169368497459473,0.00169368497459473,0.00169368497459473,"nonsyn","nonsyn","nonsyn",4.2e-06,5.36e-07,1.17e-06,1.17e-06,"0.00433965","0.00161187","1","0.00161187","G","G","R","R","W",1,1,1,0,1,1,0
"5855",6118,4130,4130,"g","g","a","a",0.000726392251815981,0.000726392251815981,0.000968523002421308,0.000968523002421308,0.000242130750605327,0.000726392251815981,0.000242130750605327,0.000726392251815981,0.00169491525423729,0.00169491525423729,0.00169491525423729,0.00169491525423729,"nonsyn","nonsyn","nonsyn",4.2e-06,5.36e-07,1.17e-06,1.17e-06,"0.005782","0.001208025","0.00221368","0.0016107","G","G","E","A","V",1,1,1,0,1,1,0
"5856",6119,4130,4130,"g","g","a","a",0.098547215496368,0.098547215496368,0.000242130750605327,0.000242130750605327,0,0.000242130750605327,0,0.000242130750605327,0.0987893462469734,0.0987893462469734,0.0987893462469734,0.0987893462469734,"syn","syn","syn",4.2e-06,5.36e-07,1.17e-06,1.17e-06,"4.26191646191646e-05","0.0048321","1","0.0048321","G","G","G","G","G",0,0,0,0,0,0,0
"5857",6120,4108,4110,"a","a","g","g",0.0068159688412853,0.0068159688412853,0.000243427458617332,0.000243427458617332,0,0.000243427458617332,0,0.000243427458617332,0.00705939629990263,0.00705939629990263,0.00705596107055961,0.00705596107055961,"nonsyn","nonsyn","nonsyn",1.77e-05,1.76e-06,1.7e-06,1.7e-06,"0.00259684285714286","0.0069836","1","0.0069836","N","N","D","H","Y",1,1,1,0,0,0,0
"5858",6121,4139,4139,"a","a","g","g",0.0113553998550374,0.0113553998550374,0.000724812756704518,0.000724812756704518,0.000241604252234839,0.000483208504469679,0.000241604252234839,0.000483208504469679,0.012080212611742,0.012080212611742,0.012080212611742,0.012080212611742,"nonsyn","nonsyn","nonsyn",1.77e-05,1.76e-06,1.7e-06,1.7e-06,"0.00155872978723405","0.00234543333333333","0.00728464000000001","0.00351815","N","N","S","T","I",0,0,1,0,0,0,0
"5859",6122,4199,4199,"c","c","t","t",0.000714455822814956,0.000714455822814956,0.00142891164562991,0.00142891164562991,0.00142891164562991,0,0.00142891164562991,0,0.00214336746844487,0.00214336746844487,0.00214336746844487,0.00214336746844487,"syn","nonsyn","nonsyn",4.58e-06,8.37e-07,4.33e-07,4.33e-07,"0.00641047333333333","0.000303027833333334","0.000585760500000001","1","N","N","N","K","K",0,1,1,0,0,0,0
"5860",6123,4202,4202,"c","c","t","t",0.00309376487386959,0.00309376487386959,0.000713945740123751,0.000713945740123751,0.000713945740123751,0,0.000713945740123751,0,0.00380771061399334,0.00380771061399334,0.00380771061399334,0.00380771061399334,"nonsyn","nonsyn","nonsyn",4.58e-06,8.37e-07,4.33e-07,4.33e-07,"0.00148039692307692","0.000606488666666666","0.001172358","1","H","H","Y","N","D",1,1,1,0,1,0,1
"5861",6124,4249,4249,"a","a","g","g",0.00329489291598023,0.00329489291598023,0.000706048481995764,0.000706048481995764,0,0.000706048481995764,0,0.000706048481995764,0.00400094139797599,0.00400094139797599,0.00400094139797599,0.00400094139797599,"nonsyn","nonsyn","nonsyn",1.77e-05,1.76e-06,1.7e-06,1.7e-06,"0.00537195","0.00240776666666667","1","0.00240776666666667","H","H","R","P","L",0,1,1,1,0,0,0
"5862",6125,4251,4251,"t","t","c","c",0.00446953657962832,0.00446953657962832,0.000705716302046577,0.000705716302046577,0.000470477534697718,0.000235238767348859,0.000470477534697718,0.000235238767348859,0.0051752528816749,0.0051752528816749,0.0051752528816749,0.0051752528816749,"syn","nonsyn","nonsyn",1.7e-05,1.07e-06,1.21e-06,1.21e-06,"0.00380352631578948","0.00171457","0.002274285","0.00514371","H","H","H","Q","Q",0,1,1,1,0,0,0
"5863",6126,4260,4260,"g","g","a","a",0.00140845070422535,0.00140845070422535,0.000234741784037559,0.000234741784037559,0,0.000234741784037559,0,0.000234741784037559,0.00164319248826291,0.00164319248826291,0.00164319248826291,0.00164319248826291,"nonsyn","nonsyn","nonsyn",4.2e-06,5.36e-07,1.17e-06,1.17e-06,"0.002982","0.00498419999999999","1","0.00498419999999999","V","V","I","L","F",0,0,0,0,0,0,0
"5864",6127,4171,4171,"t","t","c","c",0.00479501318628626,0.00479501318628626,0.00263725725245744,0.00263725725245744,0.000479501318628626,0.00215775593382882,0.000479501318628626,0.00215775593382882,0.00743227043874371,0.00743227043874371,0.00743227043874371,0.00743227043874371,"nonsyn","nonsyn","nonsyn",1.7e-05,1.07e-06,1.21e-06,1.21e-06,"0.00354535","0.000458810000000001","0.002231485","0.000560767777777777","V","V","A","D","G",0,1,1,0,0,0,0
"5865",6128,4172,4172,"t","t","c","c",0.00143815915627996,0.00143815915627996,0.000239693192713327,0.000239693192713327,0.000239693192713327,0,0.000239693192713327,0,0.00167785234899329,0.00167785234899329,0.00167785234899329,0.00167785234899329,"syn","syn","syn",1.7e-05,1.07e-06,1.21e-06,1.21e-06,"0.0118206666666667","0.00504812","0.00446404","1","V","V","V","V","V",0,0,0,0,0,0,0
"5866",6129,4112,4135,"t","t","c","c",0.00364785992217899,0.00364785992217899,0.000486381322957198,0.000486381322957198,0.000486381322957198,0,0.000486381322957198,0,0.00413424124513619,0.00413424124513619,0.00411124546553809,0.00411124546553809,"nonsyn","nonsyn","nonsyn",1.7e-05,1.07e-06,1.21e-06,1.21e-06,"0.00466026666666666","0.00248776","0.00219992","1","S","S","P","T","A",1,0,1,0,0,0,0
"5867",6130,4057,4083,"c","c","t","t",0.00197190041902884,0.00197190041902884,0.000246487552378605,0.000246487552378605,0.000246487552378605,0,0.000246487552378605,0,0.00221838797140744,0.00221838797140744,0.00220426157237326,0.00220426157237326,"nonsyn","nonsyn","nonsyn",4.58e-06,8.37e-07,4.33e-07,4.33e-07,"0.0023226325","0.001756681","0.003395709","1","S","S","F","Y","C",1,1,1,0,0,0,0
"5868",6131,4018,4018,"c","c","t","t",0.00124440019910403,0.00124440019910403,0.000995520159283225,0.000995520159283225,0.000995520159283225,0,0.000995520159283225,0,0.00223992035838726,0.00223992035838726,0.00223992035838726,0.00223992035838726,"syn","syn","syn",4.58e-06,8.37e-07,4.33e-07,4.33e-07,"0.00368048800000001","0.0004349485","0.0008407665","1","S","S","S","S","S",0,0,0,0,1,0,1
"5869",6132,3983,3983,"c","c","t","t",0.00125533517449159,0.00125533517449159,0.00100426813959327,0.00100426813959327,0.00100426813959327,0,0.00100426813959327,0,0.00225960331408486,0.00225960331408486,0.00225960331408486,0.00225960331408486,"nonsyn","nonsyn","nonsyn",4.58e-06,8.37e-07,4.33e-07,4.33e-07,"0.003648428","0.000431159750000001","0.000833442750000001","1","P","P","S","T","A",1,1,1,0,1,0,1
"5870",6133,3964,3966,"c","c","t","t",0.00151362260343088,0.00151362260343088,0.00100908173562059,0.00100908173562059,0.00100908173562059,0,0.00100908173562059,0,0.00252270433905146,0.00252270433905146,0.00252143217347453,0.00252143217347453,"nonsyn","nonsyn","nonsyn",4.58e-06,8.37e-07,4.33e-07,4.33e-07,"0.00302585333333333","0.000429102999999998","0.000829466999999996","1","P","P","L","H","R",1,1,1,0,1,0,1
"5871",6134,3959,3959,"c","c","t","t",0.00176812326345037,0.00176812326345037,0.000505178075271533,0.000505178075271533,0.000505178075271533,0,0.000505178075271533,0,0.0022733013387219,0.0022733013387219,0.0022733013387219,0.0022733013387219,"syn","syn","syn",4.58e-06,8.37e-07,4.33e-07,4.33e-07,"0.00259031714285714","0.0008571235","0.0016568415","1","P","P","P","P","P",0,0,0,0,1,0,1
"5872",6135,3944,3944,"a","a","g","g",0.00253549695740365,0.00253549695740365,0.000760649087221095,0.000760649087221095,0.000760649087221095,0,0.000760649087221095,0,0.00329614604462475,0.00329614604462475,0.00329614604462475,0.00329614604462475,"nonsyn","nonsyn","nonsyn",1.77e-05,1.76e-06,1.7e-06,1.7e-06,"0.00698088","0.00223493333333333","0.00231381333333333","1","T","T","A","P","S",1,1,0,1,0,0,0
"5873",6136,3953,3953,"c","c","t","t",0.00101188970402226,0.00101188970402226,0,0,0,0,0,0,0.00101188970402226,0.00101188970402226,0.00101188970402226,0.00101188970402226,"nonsyn","nonsyn","nonsyn",4.58e-06,8.37e-07,4.33e-07,4.33e-07,"0.00452618500000001","1","1","1","T","T","M","K","R",1,1,1,0,0,0,0
"5874",6137,3949,3949,"g","g","a","a",0.403899721448468,0.403899721448468,0,0,0,0,0,0,0.403899721448468,0.403899721448468,0.403899721448468,0.403899721448468,"syn","syn","syn",4.2e-06,5.36e-07,1.17e-06,1.17e-06,"1.03986206896552e-05","1","1","1","T","T","T","T","T",0,0,0,0,0,0,0
"5875",6138,3932,3932,"c","c","t","t",0.00203458799593082,0.00203458799593082,0,0,0,0,0,0,0.00203458799593082,0.00203458799593082,0.00203458799593082,0.00203458799593082,"nonsyn","nonsyn","nonsyn",4.58e-06,8.37e-07,4.33e-07,4.33e-07,"0.00225107","1","1","1","H","H","Y","N","D",1,1,1,0,0,0,0
"5876",6139,3872,3872,"a","a","g","g",0.00413223140495868,0.00413223140495868,0,0,0,0,0,0,0.00413223140495868,0.00413223140495868,0.00413223140495868,0.00413223140495868,"nonsyn","nonsyn","nonsyn",1.77e-05,1.76e-06,1.7e-06,1.7e-06,"0.0042834","1","1","1","H","H","R","P","L",0,1,1,1,0,0,0
"5877",6140,3900,3900,"c","c","t","t",0.00128205128205128,0.00128205128205128,0,0,0,0,0,0,0.00128205128205128,0.00128205128205128,0.00128205128205128,0.00128205128205128,"syn","nonsyn","nonsyn",4.58e-06,8.37e-07,4.33e-07,4.33e-07,"0.00357240000000001","1","1","1","H","H","H","Q","Q",0,1,1,0,0,0,0
"5878",6141,4064,4064,"t","t","c","c",0.00123031496062992,0.00123031496062992,0.000984251968503937,0.000984251968503937,0.000738188976377953,0.000246062992125984,0.000738188976377953,0.000246062992125984,0.00221456692913386,0.00221456692913386,0.00221456692913386,0.00221456692913386,"nonsyn","nonsyn","nonsyn",1.7e-05,1.07e-06,1.21e-06,1.21e-06,"0.0138176","0.00122936","0.00144949333333333","0.00491744000000001","Y","Y","H","N","D",1,1,1,0,1,0,1
"5879",6142,4170,4170,"a","a","g","g",0.00167865707434053,0.00167865707434053,0.000479616306954436,0.000479616306954436,0,0.000479616306954436,0,0.000479616306954436,0.00215827338129496,0.00215827338129496,0.00215827338129496,0.00215827338129496,"nonsyn","nonsyn","nonsyn",1.77e-05,1.76e-06,1.7e-06,1.7e-06,"0.0105441428571428","0.0035445","1","0.0035445","Y","Y","C","S","F",1,1,0,0,0,0,0
"5880",6143,4059,4059,"c","c","t","t",0.002710027100271,0.002710027100271,0.000246366100024637,0.000246366100024637,0.000246366100024637,0,0.000246366100024637,0,0.00295639320029564,0.00295639320029564,0.00295639320029564,0.00295639320029564,"syn","stop","stop",4.58e-06,8.37e-07,4.33e-07,4.33e-07,"0.00169002","0.001757547","0.00339738299999999","1","Y","Y","Y","*","*",0,1,1,0,0,0,0
"5881",6144,4019,4019,"g","g","a","a",0.00149290868375218,0.00149290868375218,0.000248818113958696,0.000248818113958696,0,0.000248818113958696,0,0.000248818113958696,0.00174172679771087,0.00174172679771087,0.00174172679771087,0.00174172679771087,"nonsyn","nonsyn","nonsyn",4.2e-06,5.36e-07,1.17e-06,1.17e-06,"0.00281329999999999","0.00470223","1","0.00470223","V","V","M","L","L",0,0,0,0,0,0,0
"5882",6145,4015,4015,"t","t","c","c",0.00323785803237858,0.00323785803237858,0.00024906600249066,0.00024906600249066,0.00024906600249066,0,0.00024906600249066,0,0.00348692403486924,0.00348692403486924,0.00348692403486924,0.00348692403486924,"nonsyn","nonsyn","nonsyn",1.7e-05,1.07e-06,1.21e-06,1.21e-06,"0.00525038461538462","0.00485815","0.00429605","1","V","V","A","E","G",0,1,1,1,0,0,0
"5883",6146,3997,3997,"g","g","a","a",0.00175131348511384,0.00175131348511384,0.000500375281461096,0.000500375281461096,0,0.000500375281461096,0,0.000500375281461096,0.00225168876657493,0.00225168876657493,0.00225168876657493,0.00225168876657493,"syn","syn","syn",4.2e-06,5.36e-07,1.17e-06,1.17e-06,"0.00239819999999999","0.002338245","1","0.002338245","V","V","V","V","V",0,0,0,0,0,0,0
"5884",6147,3996,3996,"c","c","t","t",0.00225225225225225,0.00225225225225225,0.0005005005005005,0.0005005005005005,0.0005005005005005,0,0.0005005005005005,0,0.00275275275275275,0.00275275275275275,0.00275275275275275,0.00275275275275275,"nonsyn","nonsyn","nonsyn",4.58e-06,8.37e-07,4.33e-07,4.33e-07,"0.00203352","0.000865134000000001","0.001672326","1","P","P","S","T","A",1,1,1,0,0,0,0
"5885",6148,3987,3987,"c","c","t","t",0.00978179082016554,0.00978179082016554,0.000501630298470028,0.000501630298470028,0.000501630298470028,0,0.000501630298470028,0,0.0102834211186356,0.0102834211186356,0.0102834211186356,0.0102834211186356,"nonsyn","nonsyn","nonsyn",4.58e-06,8.37e-07,4.33e-07,4.33e-07,"0.000468216923076923","0.000863185499999999","0.0016685595","1","P","P","L","Q","R",1,1,1,0,1,0,1
"5886",6149,3999,3999,"g","g","a","a",0.00275068767191798,0.00275068767191798,0.00125031257814454,0.00125031257814454,0,0.00125031257814454,0,0.00125031257814454,0.00400100025006252,0.00400100025006252,0.00400100025006252,0.00400100025006252,"syn","syn","syn",4.2e-06,5.36e-07,1.17e-06,1.17e-06,"0.00152689090909091","0.000935765999999997","1","0.000935765999999997","P","P","P","P","P",0,0,0,0,1,1,0
"5887",6150,3989,3989,"g","g","a","a",0,0,0.000250689395838556,0.000250689395838556,0,0.000250689395838556,0,0.000250689395838556,0.000250689395838556,0.000250689395838556,0.000250689395838556,0.000250689395838556,"nonsyn","nonsyn","stop",4.2e-06,5.36e-07,1.17e-06,1.17e-06,"1","0.00466713","1","0.00466713","E","E","K","Q","*",1,1,1,0,0,0,0
"5888",6151,3943,3943,"a","a","g","g",0.00405782399188435,0.00405782399188435,0,0,0,0,0,0,0.00405782399188435,0.00405782399188435,0.00405782399188435,0.00405782399188435,"nonsyn","nonsyn","nonsyn",1.77e-05,1.76e-06,1.7e-06,1.7e-06,"0.00436194375","1","1","1","E","E","G","A","V",1,1,1,0,1,1,0
"5889",6152,3985,3985,"g","g","a","a",0.000501882057716437,0.000501882057716437,0,0,0,0,0,0,0.000501882057716437,0.000501882057716437,0.000501882057716437,0.000501882057716437,"syn","nonsyn","nonsyn",4.2e-06,5.36e-07,1.17e-06,1.17e-06,"0.00836849999999999","1","1","1","E","E","E","D","D",0,0,0,0,0,0,0
"5890",6153,3988,3988,"a","a","g","g",0.00576730190571715,0.00576730190571715,0.000250752256770311,0.000250752256770311,0.000250752256770311,0,0.000250752256770311,0,0.00601805416248746,0.00601805416248746,0.00601805416248746,0.00601805416248746,"nonsyn","nonsyn","nonsyn",1.77e-05,1.76e-06,1.7e-06,1.7e-06,"0.00306902608695652","0.0067796","0.00701888","1","S","S","G","R","C",1,1,1,0,1,1,0
"5891",6154,4021,4021,"g","g","a","a",0.000994777418552599,0.000994777418552599,0,0,0,0,0,0,0.000994777418552599,0.000994777418552599,0.000994777418552599,0.000994777418552599,"nonsyn","nonsyn","nonsyn",4.2e-06,5.36e-07,1.17e-06,1.17e-06,"0.00422205","1","1","1","S","S","N","T","I",0,0,1,0,0,0,0
"5892",6155,4034,4034,"c","c","t","t",0.00347050074367873,0.00347050074367873,0.000743678730788299,0.000743678730788299,0.000743678730788299,0,0.000743678730788299,0,0.00421417947446703,0.00421417947446703,0.00421417947446703,0.00421417947446703,"syn","nonsyn","nonsyn",4.58e-06,8.37e-07,4.33e-07,4.33e-07,"0.00131969428571429","0.000582240666666667","0.001125486","1","S","S","S","R","R",0,1,1,0,0,0,0
"5893",6156,4115,4115,"g","g","a","a",0.00218712029161604,0.00218712029161604,0,0,0,0,0,0,0.00218712029161604,0.00218712029161604,0.00218712029161604,0.00218712029161604,"nonsyn","nonsyn","nonsyn",4.2e-06,5.36e-07,1.17e-06,1.17e-06,"0.00192033333333333","1","1","1","D","D","N","H","Y",1,1,1,0,0,0,0
"5894",6157,4115,4115,"a","a","g","g",0.00340218712029162,0.00340218712029162,0.000486026731470231,0.000486026731470231,0,0.000486026731470231,0,0.000486026731470231,0.00388821385176185,0.00388821385176185,0.00388821385176185,0.00388821385176185,"nonsyn","nonsyn","nonsyn",1.77e-05,1.76e-06,1.7e-06,1.7e-06,"0.00520253571428571","0.00349775","1","0.00349775","D","D","G","A","V",1,1,1,0,0,0,0
"5895",6158,4142,4142,"t","t","c","c",0.000965717044905843,0.000965717044905843,0.000482858522452921,0.000482858522452921,0.000482858522452921,0,0.000482858522452921,0,0.00144857556735876,0.00144857556735876,0.00144857556735876,0.00144857556735876,"syn","nonsyn","nonsyn",1.7e-05,1.07e-06,1.21e-06,1.21e-06,"0.0176035","0.00250591","0.00221597","1","D","D","D","E","E",0,0,0,1,0,0,0
"5896",6159,4170,4170,"g","g","a","a",0.00191846522781775,0.00191846522781775,0.000239808153477218,0.000239808153477218,0,0.000239808153477218,0,0.000239808153477218,0.00215827338129496,0.00215827338129496,0.00215827338129496,0.00215827338129496,"nonsyn","nonsyn","nonsyn",4.2e-06,5.36e-07,1.17e-06,1.17e-06,"0.00218925","0.0048789","1","0.0048789","A","A","T","P","S",1,1,1,0,0,0,0
"5897",6160,4177,4177,"c","c","t","t",0.00215465645199904,0.00215465645199904,0.000957625089777352,0.000957625089777352,0.000957625089777352,0,0.000957625089777352,0,0.00311228154177639,0.00311228154177639,0.00311228154177639,0.00311228154177639,"nonsyn","nonsyn","nonsyn",4.58e-06,8.37e-07,4.33e-07,4.33e-07,"0.00212562888888889","0.00045216025","0.00087403725","1","A","A","V","E","G",0,1,1,0,0,0,0
"5898",6161,4223,4223,"a","a","g","g",0.00591996211224248,0.00591996211224248,0.00189438787591759,0.00189438787591759,0,0.00189438787591759,0,0.00189438787591759,0.00781434998816008,0.00781434998816008,0.00781434998816008,0.00781434998816008,"syn","syn","syn",1.77e-05,1.76e-06,1.7e-06,1.7e-06,"0.002989884","0.000897387500000002","1","0.000897387500000002","A","A","A","A","A",0,0,0,1,1,1,0
"5899",6162,4240,4240,"g","g","a","a",0.00188679245283019,0.00188679245283019,0.00141509433962264,0.00141509433962264,0.000943396226415094,0.000471698113207547,0.000943396226415094,0.000471698113207547,0.00330188679245283,0.00330188679245283,0.00330188679245283,0.00330188679245283,"nonsyn","nonsyn","nonsyn",4.2e-06,5.36e-07,1.17e-06,1.17e-06,"0.002226","0.000826800000000001","0.00056816","0.0024804","A","A","T","P","S",1,1,1,0,0,0,0
"5900",6163,4247,4247,"c","c","t","t",0.000941841299740994,0.000941841299740994,0,0,0,0,0,0,0.000941841299740994,0.000941841299740994,0.000941841299740994,0.000941841299740994,"nonsyn","nonsyn","nonsyn",4.58e-06,8.37e-07,4.33e-07,4.33e-07,"0.004862815","1","1","1","A","A","V","D","G",0,1,1,0,0,0,0
"5901",6164,4255,4255,"t","c","c","t",0.00540540540540541,0.992009400705053,0.00258519388954172,0.00258519388954172,0.00258519388954172,0,0.00258519388954172,0,0.00799059929494712,0.994594594594595,0.00799059929494712,0.994594594594595,"syn","syn","syn",4.58e-06,8.37e-07,4.33e-07,4.33e-07,"4.61689173181711e-06","0.000167492272727272","0.000323766818181818","1","A","A","A","A","A",0,0,0,0,1,0,1
"5902",6165,4245,4245,"g","g","a","a",0.00306242638398115,0.00306242638398115,0.000235571260306243,0.000235571260306243,0,0.000235571260306243,0,0.000235571260306243,0.0032979976442874,0.0032979976442874,0.0032979976442874,0.0032979976442874,"nonsyn","nonsyn","nonsyn",4.2e-06,5.36e-07,1.17e-06,1.17e-06,"0.00137146153846154","0.00496664999999999","1","0.00496664999999999","A","A","T","P","S",1,1,1,0,0,0,0
"5903",6166,4235,4235,"c","c","t","t",0.000944510035419126,0.000944510035419126,0,0,0,0,0,0,0.000944510035419126,0.000944510035419126,0.000944510035419126,0.000944510035419126,"nonsyn","nonsyn","nonsyn",4.58e-06,8.37e-07,4.33e-07,4.33e-07,"0.004849075","1","1","1","A","A","V","D","G",0,1,1,0,0,0,0
"5904",6167,4160,4160,"c","c","t","t",0.00240384615384615,0.00240384615384615,0.00168269230769231,0.00168269230769231,0.00120192307692308,0.000480769230769231,0.00120192307692308,0.000480769230769231,0.00408653846153846,0.00408653846153846,0.00408653846153846,0.00408653846153846,"syn","syn","syn",4.58e-06,8.37e-07,4.33e-07,4.33e-07,"0.00190528","0.000257325714285714","0.000696383999999998","0.00090064","A","A","A","A","A",0,0,0,0,1,0,1
"5905",6168,4160,4160,"c","c","t","t",0.003125,0.003125,0.000240384615384615,0.000240384615384615,0.000240384615384615,0,0.000240384615384615,0,0.00336538461538462,0.00336538461538462,0.00336538461538462,0.00336538461538462,"nonsyn","nonsyn","nonsyn",4.58e-06,8.37e-07,4.33e-07,4.33e-07,"0.0014656","0.00180128","0.00348192000000001","1","R","R","C","S","G",1,1,1,0,1,0,1
"5906",6169,4162,4162,"g","g","a","a",0.00216242191254205,0.00216242191254205,0.000720807304180682,0.000720807304180682,0.000240269101393561,0.000480538202787122,0.000240269101393561,0.000480538202787122,0.00288322921672273,0.00288322921672273,0.00288322921672273,0.00288322921672273,"nonsyn","nonsyn","nonsyn",4.2e-06,5.36e-07,1.17e-06,1.17e-06,"0.00194226666666666","0.00162318","0.002230832","0.00243477","R","R","H","P","L",0,1,1,0,0,0,0
"5907",6170,4146,4146,"c","c","t","t",0.00313555233960444,0.00313555233960444,0.000723589001447178,0.000723589001447178,0.000482392667631452,0.000241196333815726,0.000482392667631452,0.000241196333815726,0.00385914134105162,0.00385914134105162,0.00385914134105162,0.00385914134105162,"syn","syn","syn",4.58e-06,8.37e-07,4.33e-07,4.33e-07,"0.00146066769230769","0.000598406","0.001735101","0.001795218","R","R","R","R","R",0,0,0,0,0,0,0
"5908",6171,4163,4163,"g","g","a","a",0.000960845544078789,0.000960845544078789,0,0,0,0,0,0,0.000960845544078789,0.000960845544078789,0.000960845544078789,0.000960845544078789,"nonsyn","nonsyn","nonsyn",4.2e-06,5.36e-07,1.17e-06,1.17e-06,"0.00437115","1","1","1","V","V","I","L","F",0,0,0,0,0,0,0
"5909",6172,4163,4163,"t","t","c","c",0.00552486187845304,0.00552486187845304,0.000480422772039395,0.000480422772039395,0.000240211386019697,0.000240211386019697,0.000240211386019697,0.000240211386019697,0.00600528465049243,0.00600528465049243,0.00600528465049243,0.00600528465049243,"nonsyn","nonsyn","nonsyn",1.7e-05,1.07e-06,1.21e-06,1.21e-06,"0.003077","0.002518615","0.00445441000000001","0.00503723000000001","V","V","A","D","G",0,1,1,0,0,0,0
"5910",6173,4082,4082,"c","c","t","t",0.00146986771190593,0.00146986771190593,0,0,0,0,0,0,0.00146986771190593,0.00146986771190593,0.00146986771190593,0.00146986771190593,"syn","syn","syn",4.58e-06,8.37e-07,4.33e-07,4.33e-07,"0.00311592666666666","1","1","1","V","V","V","V","V",0,0,0,0,0,0,0
"5911",6174,4039,4039,"a","a","g","g",0.00371379054221342,0.00371379054221342,0.000495172072295123,0.000495172072295123,0.000247586036147561,0.000247586036147561,0.000247586036147561,0.000247586036147561,0.00420896261450854,0.00420896261450854,0.00420896261450854,0.00420896261450854,"nonsyn","nonsyn","nonsyn",1.77e-05,1.76e-06,1.7e-06,1.7e-06,"0.00476602","0.00343315","0.00710864000000001","0.00686630000000001","T","T","A","P","S",1,1,0,1,0,0,0
"5912",6175,4078,4079,"c","c","t","t",0.000980872976949485,0.000980872976949485,0,0,0,0,0,0,0.000980872976949485,0.000980872976949485,0.000980632507967639,0.000980632507967639,"nonsyn","nonsyn","nonsyn",4.58e-06,8.37e-07,4.33e-07,4.33e-07,"0.00466931","1","1","1","T","T","I","N","S",1,0,0,0,0,0,0
"5913",6176,4133,4133,"c","t","t","c",0.00241954996370675,0.996854585047181,0.000725864989112025,0.000725864989112025,0.000241954996370675,0.00048390999274135,0.000241954996370675,0.00048390999274135,0.00314541495281878,0.997580450036293,0.00314541495281878,0.997580450036293,"syn","syn","syn",1.7e-05,1.07e-06,1.21e-06,1.21e-06,"1.7053640776699e-05","0.00166697666666667","0.00442231","0.002500465","T","T","T","T","T",0,0,0,1,1,0,1
"5914",6177,4123,4123,"a","g","g","a",0.00315304390007276,0.995634246907592,0.00121270919233568,0.00121270919233568,0.000242541838467136,0.000970167353868542,0.000242541838467136,0.000970167353868542,0.00436575309240844,0.996846956099927,0.00436575309240844,0.996846956099927,"nonsyn","nonsyn","nonsyn",4.2e-06,5.36e-07,1.17e-06,1.17e-06,"4.21841656516443e-06","0.000964781999999998","0.002209928","0.0012059775","T","A","T","P","S",1,1,1,0,0,0,0
"5915",6178,4168,4168,"c","c","t","t",0.00215930902111324,0.00215930902111324,0.000239923224568138,0.000239923224568138,0.000239923224568138,0,0.000239923224568138,0,0.00239923224568138,0.00239923224568138,0.00239923224568138,0.00239923224568138,"nonsyn","nonsyn","nonsyn",4.58e-06,8.37e-07,4.33e-07,4.33e-07,"0.00212104888888889","0.001804744","0.003488616","1","T","A","V","D","G",0,1,1,0,0,0,0
"5916",6179,4158,4158,"c","c","t","t",0.00216450216450216,0.00216450216450216,0.000240500240500241,0.000240500240500241,0.000240500240500241,0,0.000240500240500241,0,0.00240500240500241,0.00240500240500241,0.00240500240500241,0.00240500240500241,"syn","syn","syn",4.58e-06,8.37e-07,4.33e-07,4.33e-07,"0.00211596","0.001800414","0.00348024599999999","1","T","A","A","A","A",0,0,0,0,1,0,1
"5917",6180,4162,4162,"a","a","g","g",0.00240269101393561,0.00240269101393561,0.000240269101393561,0.000240269101393561,0,0.000240269101393561,0,0.000240269101393561,0.00264296011532917,0.00264296011532917,0.00264296011532917,0.00264296011532917,"nonsyn","nonsyn","nonsyn",1.77e-05,1.76e-06,1.7e-06,1.7e-06,"0.00736673999999999","0.00707539999999999","1","0.00707539999999999","I","I","V","L","L",0,0,0,1,0,0,0
"5918",6181,4277,4277,"t","t","c","c",0.00280570493336451,0.00280570493336451,0.000233808744447042,0.000233808744447042,0.000233808744447042,0,0.000233808744447042,0,0.00303951367781155,0.00303951367781155,0.00303951367781155,0.00303951367781155,"nonsyn","nonsyn","nonsyn",1.7e-05,1.07e-06,1.21e-06,1.21e-06,"0.00605908333333333","0.00517517000000001","0.00457639000000001","1","I","I","T","K","R",1,1,1,0,0,0,0
"5919",6182,4361,4361,"a","a","g","g",0.00206374684705343,0.00206374684705343,0.000229305205228159,0.000229305205228159,0,0.000229305205228159,0,0.000229305205228159,0.00229305205228159,0.00229305205228159,0.00229305205228159,0.00229305205228159,"nonsyn","syn","syn",1.77e-05,1.76e-06,1.7e-06,1.7e-06,"0.00857663333333332","0.00741369999999999","1","0.00741369999999999","I","I","M","I","I",0,0,0,0,0,0,0
"5920",6183,4399,4399,"c","c","t","t",0.000681973175721755,0.000681973175721755,0.000227324391907252,0.000227324391907252,0.000227324391907252,0,0.000227324391907252,0,0.000909297567629007,0.000909297567629007,0.000909297567629007,0.000909297567629007,"nonsyn","nonsyn","nonsyn",4.58e-06,8.37e-07,4.33e-07,4.33e-07,"0.00671580666666667","0.001904767","0.00368196299999999","1","L","L","F","I","V",0,0,0,0,0,0,0
"5921",6184,4360,4360,"t","t","c","c",0.00389908256880734,0.00389908256880734,0,0,0,0,0,0,0.00389908256880734,0.00389908256880734,0.00389908256880734,0.00389908256880734,"nonsyn","nonsyn","nonsyn",1.7e-05,1.07e-06,1.21e-06,1.21e-06,"0.00436","1","1","1","L","L","P","H","R",1,1,1,0,1,0,1
"5922",6185,4451,4451,"c","c","t","t",0.00112334306897326,0.00112334306897326,0.000898674455178612,0.000898674455178612,0.000898674455178612,0,0.000898674455178612,0,0.00202201752415188,0.00202201752415188,0.00202201752415188,0.00202201752415188,"syn","syn","syn",4.58e-06,8.37e-07,4.33e-07,4.33e-07,"0.00407711600000002","0.00048182075","0.00093137175","1","L","L","L","L","L",0,0,0,0,0,0,0
"5923",6186,4438,4438,"a","a","g","g",0.00270392068499324,0.00270392068499324,0,0,0,0,0,0,0.00270392068499324,0.00270392068499324,0.00270392068499324,0.00270392068499324,"nonsyn","nonsyn","nonsyn",1.77e-05,1.76e-06,1.7e-06,1.7e-06,"0.00654605","1","1","1","S","S","G","R","C",1,1,1,1,1,1,0
"5924",6187,4423,4423,"g","g","a","a",0.00203481799683473,0.00203481799683473,0.000452181777074384,0.000452181777074384,0,0.000452181777074384,0,0.000452181777074384,0.00248699977390911,0.00248699977390911,0.00248699977390911,0.00248699977390911,"nonsyn","nonsyn","nonsyn",4.2e-06,5.36e-07,1.17e-06,1.17e-06,"0.00206406666666666","0.002587455","1","0.002587455","S","S","N","T","I",0,0,1,0,0,0,0
"5925",6188,4447,4447,"c","c","t","t",0.00404767258826175,0.00404767258826175,0.00044974139869575,0.00044974139869575,0.000224870699347875,0.000224870699347875,0.000224870699347875,0.000224870699347875,0.0044974139869575,0.0044974139869575,0.0044974139869575,0.0044974139869575,"syn","nonsyn","nonsyn",4.58e-06,8.37e-07,4.33e-07,4.33e-07,"0.00113151444444444","0.0009627755","0.003722139","0.001925551","S","S","S","R","R",0,1,1,0,0,0,0
"5926",6189,4430,4430,"a","a","g","g",0.00428893905191874,0.00428893905191874,0.00090293453724605,0.00090293453724605,0,0.00090293453724605,0,0.00090293453724605,0.00519187358916479,0.00519187358916479,0.00519187358916479,0.00519187358916479,"nonsyn","nonsyn","nonsyn",1.77e-05,1.76e-06,1.7e-06,1.7e-06,"0.0041268947368421","0.00188275","1","0.00188275","S","S","G","R","C",1,1,1,1,1,1,0
"5927",6190,4427,4427,"g","g","a","a",0.00203297944431895,0.00203297944431895,0.000225886604924328,0.000225886604924328,0,0.000225886604924328,0,0.000225886604924328,0.00225886604924328,0.00225886604924328,0.00225886604924328,0.00225886604924328,"nonsyn","nonsyn","nonsyn",4.2e-06,5.36e-07,1.17e-06,1.17e-06,"0.00206593333333334","0.00517959","1","0.00517959","S","S","N","T","I",0,0,1,0,0,0,0
"5928",6191,4431,4431,"c","c","t","t",0.00315955766192733,0.00315955766192733,0,0,0,0,0,0,0.00315955766192733,0.00315955766192733,0.00315955766192733,0.00315955766192733,"syn","nonsyn","nonsyn",4.58e-06,8.37e-07,4.33e-07,4.33e-07,"0.00144957","1","1","1","S","S","S","R","R",0,1,1,0,0,0,0
"5929",6192,4436,4436,"c","c","t","t",0.00135256988277728,0.00135256988277728,0,0,0,0,0,0,0.00135256988277728,0.00135256988277728,0.00135256988277728,0.00135256988277728,"nonsyn","nonsyn","nonsyn",4.58e-06,8.37e-07,4.33e-07,4.33e-07,"0.00338614666666666","1","1","1","L","L","F","I","V",0,0,0,0,1,0,1
"5930",6193,4441,4441,"t","t","c","c",0.00562936275613601,0.00562936275613601,0.000675523530736321,0.000675523530736321,0.000675523530736321,0,0.000675523530736321,0,0.00630488628687233,0.00630488628687233,0.00630488628687233,0.00630488628687233,"nonsyn","nonsyn","nonsyn",1.7e-05,1.07e-06,1.21e-06,1.21e-06,"0.00301988","0.00179120333333333","0.00158395666666667","1","L","L","P","H","R",1,1,1,0,1,0,1
"5931",6194,4408,4408,"c","c","t","t",0.000907441016333938,0.000907441016333938,0,0,0,0,0,0,0.000907441016333938,0.000907441016333938,0.000907441016333938,0.000907441016333938,"syn","syn","syn",4.58e-06,8.37e-07,4.33e-07,4.33e-07,"0.00504716","1","1","1","L","L","L","L","L",0,0,0,0,0,0,0
"5932",6195,4405,4405,"a","a","g","g",0.00227014755959137,0.00227014755959137,0.000454029511918275,0.000454029511918275,0,0.000454029511918275,0,0.000454029511918275,0.00272417707150965,0.00272417707150965,0.00272417707150965,0.00272417707150965,"nonsyn","nonsyn","nonsyn",1.77e-05,1.76e-06,1.7e-06,1.7e-06,"0.00779685000000001","0.00374425","1","0.00374425","T","T","A","P","S",1,1,0,1,0,0,0
"5933",6196,4426,4426,"c","c","t","t",0.000903750564844103,0.000903750564844103,0.000225937641211026,0.000225937641211026,0.000225937641211026,0,0.000225937641211026,0,0.00112968820605513,0.00112968820605513,0.00112968820605513,0.00112968820605513,"nonsyn","nonsyn","nonsyn",4.58e-06,8.37e-07,4.33e-07,4.33e-07,"0.00506777","0.001916458","0.003704562","1","T","T","I","N","S",1,0,0,0,0,0,0
"5934",6197,4446,4446,"t","t","c","c",0.00337381916329285,0.00337381916329285,0.0780476833108412,0.0780476833108412,0.0778227620332883,0.000224921277552857,0.0778227620332883,0.000224921277552857,0.0814215024741341,0.0814215024741341,0.0814215024741341,0.0814215024741341,"syn","syn","syn",1.7e-05,1.07e-06,1.21e-06,1.21e-06,"0.0050388","1.55033429394813e-05","1.37491907514451e-05","0.00537965999999999","T","T","T","T","T",0,0,0,1,1,0,1
"5935",6198,4396,4396,"g","g","a","a",0.00318471337579618,0.00318471337579618,0.000227479526842584,0.000227479526842584,0,0.000227479526842584,0,0.000227479526842584,0.00341219290263876,0.00341219290263876,0.00341219290263876,0.00341219290263876,"nonsyn","nonsyn","nonsyn",4.2e-06,5.36e-07,1.17e-06,1.17e-06,"0.0013188","0.00514332","1","0.00514332","V","V","I","L","L",0,0,0,0,0,0,0
"5936",6199,4291,4291,"t","t","c","c",0.00233045910044279,0.00233045910044279,0.000233045910044279,0.000233045910044279,0,0.000233045910044279,0,0.000233045910044279,0.00256350501048707,0.00256350501048707,0.00256350501048707,0.00256350501048707,"nonsyn","nonsyn","nonsyn",1.7e-05,1.07e-06,1.21e-06,1.21e-06,"0.00729469999999999","0.00519210999999999","1","0.00519210999999999","V","V","A","E","G",0,1,1,0,0,0,0
"5937",6200,4288,4289,"a","a","g","g",0.00303171641791045,0.00303171641791045,0,0,0,0,0,0,0.00303171641791045,0.00303171641791045,0.00303100955933784,0.00303100955933784,"syn","syn","syn",1.77e-05,1.76e-06,1.7e-06,1.7e-06,"0.00583827692307692","1","1","1","V","V","V","V","V",0,0,0,0,0,0,0
"5938",6201,4379,4379,"a","a","g","g",0.00525234071705869,0.00525234071705869,0.000456725279744234,0.000456725279744234,0,0.000456725279744234,0,0.000456725279744234,0.00570906599680292,0.00570906599680292,0.00570906599680292,0.00570906599680292,"nonsyn","nonsyn","nonsyn",1.77e-05,1.76e-06,1.7e-06,1.7e-06,"0.00336992608695652","0.00372215","1","0.00372215","T","T","A","P","S",1,1,0,0,0,0,0
"5939",6202,4395,4395,"c","c","t","t",0,0,0,0,0,0,0,0,0,0,0,0,"nonsyn","nonsyn","nonsyn",4.58e-06,8.37e-07,4.33e-07,4.33e-07,"1","1","1","1","T","T","I","N","S",1,0,0,0,0,0,0
"5940",6203,4401,4401,"c","c","t","t",0.00204498977505112,0.00204498977505112,0.000454442172233583,0.000454442172233583,0.000454442172233583,0,0.000454442172233583,0,0.00249943194728471,0.00249943194728471,0.00249943194728471,0.00249943194728471,"syn","syn","syn",4.58e-06,8.37e-07,4.33e-07,4.33e-07,"0.00223962000000001","0.000952816500000001","0.0018418185","1","T","T","T","T","T",0,0,0,0,1,0,1
"5941",6204,4396,4396,"c","c","t","t",0.000454959053685168,0.000454959053685168,0.000682438580527753,0.000682438580527753,0.000682438580527753,0,0.000682438580527753,0,0.00113739763421292,0.00113739763421292,0.00113739763421292,0.00113739763421292,"stop","nonsyn","nonsyn",4.58e-06,8.37e-07,4.33e-07,4.33e-07,"0.01006684","0.000634489333333333","0.001226484","1","Q","Q","*","K","E",1,1,1,0,1,0,1
"5942",6205,4386,4386,"a","a","g","g",0.00524395804833561,0.00524395804833561,0.000455996352029184,0.000455996352029184,0,0.000455996352029184,0,0.000455996352029184,0.0056999544003648,0.0056999544003648,0.0056999544003648,0.0056999544003648,"nonsyn","nonsyn","nonsyn",1.77e-05,1.76e-06,1.7e-06,1.7e-06,"0.00337531304347826","0.0037281","1","0.0037281","Q","Q","R","P","L",1,1,1,1,1,1,0
"5943",6206,4356,4356,"g","g","a","a",0.0032139577594123,0.0032139577594123,0,0,0,0,0,0,0.0032139577594123,0.0032139577594123,0.0032139577594123,0.0032139577594123,"syn","nonsyn","nonsyn",4.2e-06,5.36e-07,1.17e-06,1.17e-06,"0.0013068","1","1","1","Q","Q","Q","H","H",0,1,1,0,0,0,0
"5944",6207,4482,4482,"c","c","t","t",0.00290049085229808,0.00290049085229808,0.000223114680946006,0.000223114680946006,0.000223114680946006,0,0.000223114680946006,0,0.00312360553324409,0.00312360553324409,0.00312360553324409,0.00312360553324409,"nonsyn","nonsyn","nonsyn",4.58e-06,8.37e-07,4.33e-07,4.33e-07,"0.00157904307692308","0.001940706","0.003751434","1","L","L","F","I","V",0,0,0,0,0,0,0
"5945",6208,4469,4470,"t","t","c","c",0.00514656522712016,0.00514656522712016,0.000223763705526964,0.000223763705526964,0.000223763705526964,0,0.000223763705526964,0,0.00537032893264713,0.00537032893264713,0.00536912751677852,0.00536912751677852,"nonsyn","nonsyn","nonsyn",1.7e-05,1.07e-06,1.21e-06,1.21e-06,"0.00330317391304348","0.00540748999999999","0.00478182999999999","1","L","L","P","H","R",1,1,1,0,1,0,1
"5946",6209,4498,4498,"c","c","t","t",0.00111160515784793,0.00111160515784793,0.000444642063139173,0.000444642063139173,0.000444642063139173,0,0.000444642063139173,0,0.00155624722098711,0.00155624722098711,0.00155624722098711,0.00155624722098711,"syn","syn","syn",4.58e-06,8.37e-07,4.33e-07,4.33e-07,"0.00412016800000001","0.000973817","0.001882413","1","L","L","L","L","L",0,0,0,0,0,0,0
"5947",6210,4496,4496,"c","c","t","t",0.000444839857651246,0.000444839857651246,0,0,0,0,0,0,0.000444839857651246,0.000444839857651246,0.000444839857651246,0.000444839857651246,"syn","nonsyn","nonsyn",4.58e-06,8.37e-07,4.33e-07,4.33e-07,"0.01029584","1","1","1","L","L","L","M","V",0,0,0,0,1,0,1
"5948",6211,4464,4464,"t","t","c","c",0.00268817204301075,0.00268817204301075,0.00156810035842294,0.00156810035842294,0.000224014336917563,0.00134408602150538,0.000224014336917563,0.00134408602150538,0.00425627240143369,0.00425627240143369,0.00425627240143369,0.00425627240143369,"nonsyn","nonsyn","nonsyn",1.7e-05,1.07e-06,1.21e-06,1.21e-06,"0.00632400000000001","0.000771634285714285","0.00477647999999999","0.000900239999999998","L","L","P","Q","R",1,1,1,1,1,0,1
"5949",6212,4465,4465,"g","g","a","a",0.000895856662933931,0.000895856662933931,0,0,0,0,0,0,0.000895856662933931,0.000895856662933931,0.000895856662933931,0.000895856662933931,"syn","syn","syn",4.2e-06,5.36e-07,1.17e-06,1.17e-06,"0.00468825","1","1","1","L","L","L","L","L",0,0,0,0,0,0,0
"5950",6213,4412,4419,"a","a","g","g",0.00294650951949229,0.00294650951949229,0.000453309156844968,0.000453309156844968,0,0.000453309156844968,0,0.000453309156844968,0.00339981867633726,0.00339981867633726,0.00339443312966735,0.00339443312966735,"nonsyn","syn","nonsyn",1.77e-05,1.76e-06,1.7e-06,1.7e-06,"0.0060071076923077","0.0037502","1","0.0037502","R","R","G","R","W",1,0,1,0,1,1,0
"5951",6214,4400,4400,"g","g","a","a",0.00204545454545455,0.00204545454545455,0.000227272727272727,0.000227272727272727,0,0.000227272727272727,0,0.000227272727272727,0.00227272727272727,0.00227272727272727,0.00227272727272727,0.00227272727272727,"nonsyn","nonsyn","nonsyn",4.2e-06,5.36e-07,1.17e-06,1.17e-06,"0.00205333333333333","0.00514800000000001","1","0.00514800000000001","R","R","K","T","M",0,1,1,0,1,1,0
"5952",6215,4390,4390,"g","g","a","a",0.000455580865603645,0.000455580865603645,0.000227790432801822,0.000227790432801822,0,0.000227790432801822,0,0.000227790432801822,0.000683371298405467,0.000683371298405467,0.000683371298405467,0.000683371298405467,"syn","nonsyn","nonsyn",4.2e-06,5.36e-07,1.17e-06,1.17e-06,"0.00921899999999999","0.00513630000000001","1","0.00513630000000001","R","R","R","S","S",0,1,1,0,0,0,0
"5953",6216,4389,4389,"c","c","t","t",0.0025062656641604,0.0025062656641604,0.000683526999316473,0.000683526999316473,0.000683526999316473,0,0.000683526999316473,0,0.00318979266347687,0.00318979266347687,0.00318979266347687,0.00318979266347687,"stop","syn","nonsyn",4.58e-06,8.37e-07,4.33e-07,4.33e-07,"0.00182742","0.000633479","0.001224531","1","R","R","*","R","G",1,0,1,0,0,0,0
"5954",6217,4378,4378,"g","g","a","a",0.00365463682046597,0.00365463682046597,0.00137048880767474,0.00137048880767474,0.000228414801279123,0.00114207400639561,0.000228414801279123,0.00114207400639561,0.0050251256281407,0.0050251256281407,0.0050251256281407,0.0050251256281407,"nonsyn","nonsyn","nonsyn",4.2e-06,5.36e-07,1.17e-06,1.17e-06,"0.001149225","0.000853709999999998","0.002346608","0.001024452","R","R","Q","P","L",1,1,1,0,0,0,0
"5955",6218,4382,4382,"a","a","g","g",0.00821542674577818,0.00821542674577818,0.000456412596987677,0.000456412596987677,0.000228206298493838,0.000228206298493838,0.000228206298493838,0.000228206298493838,0.00867183934276586,0.00867183934276586,0.00867183934276586,0.00867183934276586,"syn","syn","syn",1.77e-05,1.76e-06,1.7e-06,1.7e-06,"0.00215448333333333","0.0037247","0.00771232000000001","0.00744940000000001","R","R","R","R","R",0,0,0,0,0,0,0
"5956",6219,4434,4434,"c","c","t","t",0.0006765899864682,0.0006765899864682,0,0,0,0,0,0,0.0006765899864682,0.0006765899864682,0.0006765899864682,0.0006765899864682,"syn","nonsyn","nonsyn",4.58e-06,8.37e-07,4.33e-07,4.33e-07,"0.00676924","1","1","1","L","L","L","M","V",0,0,0,0,0,0,0
"5957",6220,4430,4430,"t","t","c","c",0.00519187358916479,0.00519187358916479,0.00158013544018059,0.00158013544018059,0.00158013544018059,0,0.00158013544018059,0,0.00677200902934537,0.00677200902934537,0.00677200902934537,0.00677200902934537,"nonsyn","nonsyn","nonsyn",1.7e-05,1.07e-06,1.21e-06,1.21e-06,"0.00327434782608695","0.000765757142857141","0.000677157142857141","1","L","L","P","Q","R",1,1,1,1,1,0,1
"5958",6221,4442,4442,"g","g","a","a",0.00225123818099955,0.00225123818099955,0.000225123818099955,0.000225123818099955,0,0.000225123818099955,0,0.000225123818099955,0.0024763619990995,0.0024763619990995,0.0024763619990995,0.0024763619990995,"syn","syn","syn",4.2e-06,5.36e-07,1.17e-06,1.17e-06,"0.00186564","0.00519714","1","0.00519714","L","L","L","L","L",0,0,0,0,0,0,0
"5959",6222,4482,4482,"c","c","t","t",0.00156180276662204,0.00156180276662204,0.000223114680946006,0.000223114680946006,0,0.000223114680946006,0,0.000223114680946006,0.00178491744756805,0.00178491744756805,0.00178491744756805,0.00178491744756805,"nonsyn","nonsyn","nonsyn",4.58e-06,8.37e-07,4.33e-07,4.33e-07,"0.00293250857142858","0.001940706","1","0.001940706","H","H","Y","N","D",1,1,1,0,0,0,0
"5960",6223,4408,4408,"a","a","g","g",0.00635208711433757,0.00635208711433757,0.0399274047186933,0.0399274047186933,0.000453720508166969,0.0394736842105263,0.000453720508166969,0.0394736842105263,0.0462794918330309,0.0462794918330309,0.0462794918330309,0.0462794918330309,"nonsyn","nonsyn","nonsyn",1.77e-05,1.76e-06,1.7e-06,1.7e-06,"0.00278648571428571","4.25772727272727e-05","0.00387904","4.30666666666667e-05","H","H","R","P","L",0,1,1,1,0,0,0
"5961",6224,4474,4474,"c","t","t","c",0.00312919088064372,0.996647295485025,0.000223513634331694,0.000223513634331694,0,0.000223513634331694,0,0.000223513634331694,0.00335270451497541,0.996870809119356,0.00335270451497541,0.996870809119356,"syn","nonsyn","nonsyn",1.7e-05,1.07e-06,1.21e-06,1.21e-06,"1.70571877102489e-05","0.00541354000000001","1","0.00541354000000001","H","H","H","Q","Q",0,1,1,0,0,0,0
"5962",6225,4449,4449,"c","c","t","t",0.00157338727804001,0.00157338727804001,0,0,0,0,0,0,0.00157338727804001,0.00157338727804001,0.00157338727804001,0.00157338727804001,"stop","nonsyn","nonsyn",4.58e-06,8.37e-07,4.33e-07,4.33e-07,"0.00291091714285714","1","1","1","Q","Q","*","K","E",1,1,1,0,0,0,0
"5963",6226,4464,4464,"a","a","g","g",0.00156810035842294,0.00156810035842294,0.000448028673835125,0.000448028673835125,0,0.000448028673835125,0,0.000448028673835125,0.00201612903225806,0.00201612903225806,0.00201612903225806,0.00201612903225806,"nonsyn","nonsyn","nonsyn",1.77e-05,1.76e-06,1.7e-06,1.7e-06,"0.0112875428571429","0.0037944","1","0.0037944","Q","Q","R","P","L",1,1,1,1,1,1,0
"5964",6227,4472,4472,"g","g","a","a",0.00134168157423971,0.00134168157423971,0,0,0,0,0,0,0.00134168157423971,0.00134168157423971,0.00134168157423971,0.00134168157423971,"syn","nonsyn","nonsyn",4.2e-06,5.36e-07,1.17e-06,1.17e-06,"0.00313040000000001","1","1","1","Q","Q","Q","H","H",0,1,1,0,0,0,0
"5965",6228,4415,4415,"t","t","c","c",0.00226500566251416,0.00226500566251416,0.00135900339750849,0.00135900339750849,0.00135900339750849,0,0.00135900339750849,0,0.00362400906002265,0.00362400906002265,0.00362400906002265,0.00362400906002265,"nonsyn","nonsyn","nonsyn",1.7e-05,1.07e-06,1.21e-06,1.21e-06,"0.00750549999999999","0.000890358333333336","0.000787341666666669","1","W","W","R","R","G",1,1,1,1,0,0,0
"5966",6229,4436,4436,"g","g","a","a",0.00112714156898106,0.00112714156898106,0.000225428313796213,0.000225428313796213,0,0.000225428313796213,0,0.000225428313796213,0.00135256988277728,0.00135256988277728,0.00135256988277728,0.00135256988277728,"stop","nonsyn","nonsyn",4.2e-06,5.36e-07,1.17e-06,1.17e-06,"0.00372624000000001","0.00519012","1","0.00519012","W","W","*","S","L",1,1,0,0,1,1,0
"5967",6230,4441,4441,"g","g","a","a",0.000900698040981761,0.000900698040981761,0,0,0,0,0,0,0.000900698040981761,0.000900698040981761,0.000900698040981761,0.000900698040981761,"stop","nonsyn","nonsyn",4.2e-06,5.36e-07,1.17e-06,1.17e-06,"0.00466305","1","1","1","W","W","*","C","C",1,1,1,0,0,0,0
"5968",6231,4425,4425,"a","a","g","g",0.00700564971751412,0.00700564971751412,0.000225988700564972,0.000225988700564972,0.000225988700564972,0,0.000225988700564972,0,0.0072316384180791,0.0072316384180791,0.0072316384180791,0.0072316384180791,"nonsyn","nonsyn","nonsyn",1.77e-05,1.76e-06,1.7e-06,1.7e-06,"0.00252653225806452","0.00752249999999999","0.00778799999999999","1","I","I","V","L","L",0,0,0,0,0,0,0
"5969",6232,4435,4435,"t","t","c","c",0.00112739571589628,0.00112739571589628,0.000901916572717024,0.000901916572717024,0.000450958286358512,0.000450958286358512,0.000450958286358512,0.000450958286358512,0.0020293122886133,0.0020293122886133,0.0020293122886133,0.0020293122886133,"nonsyn","nonsyn","nonsyn",1.7e-05,1.07e-06,1.21e-06,1.21e-06,"0.015079","0.0013415875","0.002372725","0.002683175","I","I","T","K","R",1,1,1,0,0,0,0
"5970",6233,4401,4402,"a","a","g","g",0.00136332651670075,0.00136332651670075,0.000908884344467167,0.000908884344467167,0.000227221086116792,0.000681663258350375,0.000227221086116792,0.000681663258350375,0.00227221086116792,0.00227221086116792,0.00227169468423444,0.00227169468423444,"nonsyn","syn","syn",1.77e-05,1.76e-06,1.7e-06,1.7e-06,"0.01298295","0.001870425","0.00774575999999999","0.0024939","I","I","M","I","I",0,0,0,0,0,0,0
"5971",6234,4345,4345,"a","a","g","g",0.00299194476409666,0.00299194476409666,0.00161104718066743,0.00161104718066743,0.000690448791714615,0.000920598388952819,0.000690448791714615,0.000920598388952819,0.0046029919447641,0.0046029919447641,0.0046029919447641,0.0046029919447641,"nonsyn","nonsyn","nonsyn",1.77e-05,1.76e-06,1.7e-06,1.7e-06,"0.00591588461538462","0.00105521428571429","0.00254906666666667","0.001846625","S","S","G","R","C",1,1,1,0,1,1,0
"5972",6235,4344,4344,"g","g","a","a",0.00069060773480663,0.00069060773480663,0,0,0,0,0,0,0.00069060773480663,0.00069060773480663,0.00069060773480663,0.00069060773480663,"nonsyn","nonsyn","nonsyn",4.2e-06,5.36e-07,1.17e-06,1.17e-06,"0.0060816","1","1","1","S","S","N","T","I",0,0,1,0,0,0,0
"5973",6236,4312,4312,"c","c","t","t",0.00185528756957328,0.00185528756957328,0,0,0,0,0,0,0.00185528756957328,0.00185528756957328,0.00185528756957328,0.00185528756957328,"syn","nonsyn","nonsyn",4.58e-06,8.37e-07,4.33e-07,4.33e-07,"0.00246862000000001","1","1","1","S","S","S","R","R",0,1,1,0,0,0,0
"5974",6237,4289,4289,"t","t","c","c",0.00326416414082537,0.00326416414082537,0,0,0,0,0,0,0.00326416414082537,0.00326416414082537,0.00326416414082537,0.00326416414082537,"nonsyn","nonsyn","nonsyn",1.7e-05,1.07e-06,1.21e-06,1.21e-06,"0.00520807142857142","1","1","1","S","S","P","T","A",1,0,1,0,1,0,1
"5975",6238,4310,4310,"c","c","t","t",0.000464037122969838,0.000464037122969838,0.000464037122969838,0.000464037122969838,0.000464037122969838,0,0.000464037122969838,0,0.000928074245939675,0.000928074245939675,0.000928074245939675,0.000928074245939675,"nonsyn","stop","nonsyn",4.58e-06,8.37e-07,4.33e-07,4.33e-07,"0.00986989999999999","0.000933114999999999","0.001803735","1","S","S","L","*","W",1,1,1,0,0,0,0
"5976",6239,4313,4313,"g","g","a","a",0.000927428703918386,0.000927428703918386,0.000231857175979597,0.000231857175979597,0,0.000231857175979597,0,0.000231857175979597,0.00115928587989798,0.00115928587989798,0.00115928587989798,0.00115928587989798,"syn","syn","syn",4.2e-06,5.36e-07,1.17e-06,1.17e-06,"0.00452865","0.00504620999999999","1","0.00504620999999999","S","S","S","S","S",0,0,0,0,1,1,0
"5977",6240,4295,4295,"g","g","a","a",0.000465657741559953,0.000465657741559953,0.00069848661233993,0.00069848661233993,0.000232828870779977,0.000465657741559953,0.000232828870779977,0.000465657741559953,0.00116414435389988,0.00116414435389988,0.00116414435389988,0.00116414435389988,"nonsyn","nonsyn","stop",4.2e-06,5.36e-07,1.17e-06,1.17e-06,"0.00901950000000001","0.00167505","0.00230212","0.002512575","E","E","K","Q","*",1,1,1,0,0,0,0
"5978",6241,4295,4295,"a","a","g","g",0.00419091967403958,0.00419091967403958,0,0,0,0,0,0,0.00419091967403958,0.00419091967403958,0.00419091967403958,0.00419091967403958,"nonsyn","nonsyn","nonsyn",1.77e-05,1.76e-06,1.7e-06,1.7e-06,"0.00422341666666667","1","1","1","E","E","G","A","V",1,1,1,0,1,1,0
"5979",6242,4306,4306,"g","g","a","a",0.000928936367858802,0.000928936367858802,0.0011611704598235,0.0011611704598235,0,0.0011611704598235,0,0.0011611704598235,0.0020901068276823,0.0020901068276823,0.0020901068276823,0.0020901068276823,"syn","nonsyn","nonsyn",4.2e-06,5.36e-07,1.17e-06,1.17e-06,"0.0045213","0.001007604","1","0.001007604","E","E","E","D","D",0,0,0,0,0,0,0
"5980",6243,4284,4284,"a","t","g","c",0.00326797385620915,0.000233426704014939,0.000233426704014939,0.999766573295985,0.000233426704014939,0,0.996498599439776,0.00326797385620915,0.00350140056022409,1,0.00350140056022409,1,"nonsyn","nonsyn","nonsyn",1.7e-05,1.07e-06,1.21e-06,1.21e-06,"0.0728280000000001","1.21028251225776e-06","1.07375966268447e-06","0.00037026","S","C","R","S","G",1,1,0,1,0,0,0
"5981",6244,4280,4280,"g","g","a","a",0.000934579439252336,0.000934579439252336,0.000233644859813084,0.000233644859813084,0,0.000233644859813084,0,0.000233644859813084,0.00116822429906542,0.00116822429906542,0.00116822429906542,0.00116822429906542,"nonsyn","nonsyn","nonsyn",4.2e-06,5.36e-07,1.17e-06,1.17e-06,"0.004494","0.0050076","1","0.0050076","S","C","Y","S","F",1,1,1,0,0,0,0
"5982",6245,4399,4399,"t","t","c","c",0.00113662195953626,0.00113662195953626,0.00113662195953626,0.00113662195953626,0.000681973175721755,0.000454648783814503,0.000681973175721755,0.000454648783814503,0.00227324391907252,0.00227324391907252,0.00227324391907252,0.00227324391907252,"syn","stop","nonsyn",1.7e-05,1.07e-06,1.21e-06,1.21e-06,"0.0149566","0.001064558","0.00156897666666667","0.002661395","S","C","C","*","W",0,1,1,0,0,0,0
"5983",6246,4382,4382,"a","a","g","g",0.00410771337288909,0.00410771337288909,0.000456412596987677,0.000456412596987677,0.000456412596987677,0,0.000456412596987677,0,0.00456412596987677,0.00456412596987677,0.00456412596987677,0.00456412596987677,"nonsyn","nonsyn","nonsyn",1.77e-05,1.76e-06,1.7e-06,1.7e-06,"0.00430896666666667","0.0037247","0.00385616","1","T","T","A","P","S",1,1,0,0,0,0,0
"5984",6247,4473,4473,"c","c","t","t",0.00223563603845294,0.00223563603845294,0.000223563603845294,0.000223563603845294,0.000223563603845294,0,0.000223563603845294,0,0.00245919964229823,0.00245919964229823,0.00245919964229823,0.00245919964229823,"nonsyn","nonsyn","nonsyn",4.58e-06,8.37e-07,4.33e-07,4.33e-07,"0.002048634","0.001936809","0.003743901","1","T","T","I","N","S",1,0,0,0,0,0,0
"5985",6248,4274,4274,"t","c","c","t",0.0030416471689284,0.995554515676182,0.00140383715489003,0.00140383715489003,0.000935891436593355,0.000467945718296678,0.000935891436593355,0.000467945718296678,0.00444548432381844,0.996958352831072,0.00444548432381844,0.996958352831072,"syn","syn","syn",4.58e-06,8.37e-07,4.33e-07,4.33e-07,"4.60045123384254e-06","0.000308440333333334","0.0008943345","0.000925320999999999","T","T","T","T","T",0,0,0,0,1,0,1
"5986",6249,4489,4489,"a","a","g","g",0.00222766763198931,0.00222766763198931,0.000891067052795723,0.000891067052795723,0.000668300289596792,0.000222766763198931,0.000668300289596792,0.000222766763198931,0.00311873468478503,0.00311873468478503,0.00311873468478503,0.00311873468478503,"nonsyn","nonsyn","nonsyn",1.77e-05,1.76e-06,1.7e-06,1.7e-06,"0.00794552999999999","0.001907825","0.00263354666666667","0.00763129999999999","T","T","A","P","S",1,1,0,1,0,0,0
"5987",6250,4498,4498,"c","c","t","t",0.000444642063139173,0.000444642063139173,0,0,0,0,0,0,0.000444642063139173,0.000444642063139173,0.000444642063139173,0.000444642063139173,"nonsyn","nonsyn","nonsyn",4.58e-06,8.37e-07,4.33e-07,4.33e-07,"0.01030042","1","1","1","T","T","I","N","S",1,0,0,0,0,0,0
"5988",6251,4462,4462,"t","t","c","c",0.0049305244285074,0.0049305244285074,0.000448229493500672,0.000448229493500672,0.000448229493500672,0,0.000448229493500672,0,0.00537875392200807,0.00537875392200807,0.00537875392200807,0.00537875392200807,"syn","syn","syn",1.7e-05,1.07e-06,1.21e-06,1.21e-06,"0.00344790909090909","0.00269951","0.00238717","1","T","T","T","T","T",0,0,0,0,1,0,1
"5989",6252,4495,4496,"c","c","t","t",0.000667408231368187,0.000667408231368187,0.000222469410456062,0.000222469410456062,0.000222469410456062,0,0.000222469410456062,0,0.000889877641824249,0.000889877641824249,0.000889679715302491,0.000889679715302491,"nonsyn","nonsyn","nonsyn",4.58e-06,8.37e-07,4.33e-07,4.33e-07,"0.00686236666666667","0.001946335","0.003762315","1","P","P","S","T","A",1,1,1,0,0,0,0
"5990",6253,4465,4465,"c","c","t","t",0.00201567749160134,0.00201567749160134,0,0,0,0,0,0,0.00201567749160134,0.00201567749160134,0.00201567749160134,0.00201567749160134,"nonsyn","nonsyn","nonsyn",4.58e-06,8.37e-07,4.33e-07,4.33e-07,"0.00227218888888889","1","1","1","P","P","L","Q","R",1,1,1,0,1,0,1
"5991",6254,4500,4500,"a","a","g","g",0.00311111111111111,0.00311111111111111,0.000888888888888889,0.000888888888888889,0,0.000888888888888889,0,0.000888888888888889,0.004,0.004,0.004,0.004,"syn","syn","syn",1.77e-05,1.76e-06,1.7e-06,1.7e-06,"0.00568928571428572","0.0019125","1","0.0019125","P","P","P","P","P",0,0,0,1,0,0,0
"5992",6255,4418,4418,"t","t","c","c",0.00452693526482571,0.00452693526482571,0.00135808057944771,0.00135808057944771,0.00135808057944771,0,0.00135808057944771,0,0.00588501584427343,0.00588501584427343,0.00588501584427343,0.00588501584427343,"nonsyn","nonsyn","nonsyn",1.7e-05,1.07e-06,1.21e-06,1.21e-06,"0.0037553","0.000890963333333336","0.000787876666666669","1","C","C","R","S","G",1,1,0,1,0,0,0
"5993",6256,4435,4435,"g","g","a","a",0.00157835400225479,0.00157835400225479,0.000450958286358512,0.000450958286358512,0.000225479143179256,0.000225479143179256,0.000225479143179256,0.000225479143179256,0.0020293122886133,0.0020293122886133,0.0020293122886133,0.0020293122886133,"nonsyn","nonsyn","nonsyn",4.2e-06,5.36e-07,1.17e-06,1.17e-06,"0.002661","0.002594475","0.00237716","0.00518895","C","C","Y","S","F",1,1,1,0,0,0,0
"5994",6257,4431,4431,"c","c","t","t",0.001354096140826,0.001354096140826,0.000451365380275333,0.000451365380275333,0.000451365380275333,0,0.000451365380275333,0,0.00180546152110133,0.00180546152110133,0.00180546152110133,0.00180546152110133,"syn","stop","nonsyn",4.58e-06,8.37e-07,4.33e-07,4.33e-07,"0.00338233","0.0009593115","0.0018543735","1","C","C","C","*","W",0,1,1,0,0,0,0
"5995",6258,4416,4416,"t","t","c","c",0.00407608695652174,0.00407608695652174,0.000679347826086957,0.000679347826086957,0.000452898550724638,0.000226449275362319,0.000452898550724638,0.000226449275362319,0.0047554347826087,0.0047554347826087,0.0047554347826087,0.0047554347826087,"nonsyn","nonsyn","nonsyn",1.7e-05,1.07e-06,1.21e-06,1.21e-06,"0.00417066666666667","0.00178112","0.00236256","0.00534336","S","S","P","T","A",1,0,1,0,1,0,1
"5996",6259,4417,4417,"c","c","t","t",0.00158478605388273,0.00158478605388273,0.000679194023092597,0.000679194023092597,0.000679194023092597,0,0.000679194023092597,0,0.00226398007697532,0.00226398007697532,0.00226398007697532,0.00226398007697532,"nonsyn","nonsyn","nonsyn",4.58e-06,8.37e-07,4.33e-07,4.33e-07,"0.00288997999999999","0.000637520333333333","0.001232343","1","S","S","F","Y","C",1,1,1,0,0,0,0
"5997",6260,4427,4428,"c","c","t","t",0.000903546419697312,0.000903546419697312,0.000451773209848656,0.000451773209848656,0.000451773209848656,0,0.000451773209848656,0,0.00135531962954597,0.00135531962954597,0.0013550135501355,0.0013550135501355,"syn","syn","syn",4.58e-06,8.37e-07,4.33e-07,4.33e-07,"0.005068915","0.0009584455","0.0018526995","1","S","S","S","S","S",0,0,0,0,1,0,1
"5998",6261,4436,4436,"g","g","a","a",0.00270513976555455,0.00270513976555455,0.000450856627592426,0.000450856627592426,0,0.000450856627592426,0,0.000450856627592426,0.00315599639314698,0.00315599639314698,0.00315599639314698,0.00315599639314698,"nonsyn","nonsyn","nonsyn",4.2e-06,5.36e-07,1.17e-06,1.17e-06,"0.0015526","0.00259506","1","0.00259506","G","G","S","R","C",1,1,0,0,1,1,0
"5999",6262,4443,4443,"g","g","a","a",0.00180058519018681,0.00180058519018681,0,0,0,0,0,0,0.00180058519018681,0.00180058519018681,0.00180058519018681,0.00180058519018681,"nonsyn","nonsyn","nonsyn",4.2e-06,5.36e-07,1.17e-06,1.17e-06,"0.002332575","1","1","1","G","G","D","A","V",1,1,1,0,0,0,0
"6000",6263,4436,4436,"t","t","c","c",0.0369702434625789,0.0369702434625789,0.000225428313796213,0.000225428313796213,0,0.000225428313796213,0,0.000225428313796213,0.0371956717763751,0.0371956717763751,0.0371956717763751,0.0371956717763751,"syn","syn","syn",1.7e-05,1.07e-06,1.21e-06,1.21e-06,"0.000459829268292683","0.00536756","1","0.00536756","G","G","G","G","G",0,0,0,0,0,0,0
"6001",6264,4445,4446,"t","t","c","c",0.000899887514060742,0.000899887514060742,0.000899887514060742,0.000899887514060742,0,0.000899887514060742,0,0.000899887514060742,0.00179977502812148,0.00179977502812148,0.00179937022042285,0.00179937022042285,"nonsyn","nonsyn","nonsyn",1.7e-05,1.07e-06,1.21e-06,1.21e-06,"0.01889125","0.0013446125","1","0.0013446125","S","S","P","T","A",1,0,1,0,0,0,0
"6002",6265,4465,4465,"c","c","t","t",0.000895856662933931,0.000895856662933931,0.000223964165733483,0.000223964165733483,0.000223964165733483,0,0.000223964165733483,0,0.00111982082866741,0.00111982082866741,0.00111982082866741,0.00111982082866741,"nonsyn","nonsyn","nonsyn",4.58e-06,8.37e-07,4.33e-07,4.33e-07,"0.005112425","0.001933345","0.00373720499999999","1","S","S","F","Y","C",1,1,1,0,0,0,0
"6003",6266,4555,4555,"c","c","t","t",0.00109769484083425,0.00109769484083425,0.000439077936333699,0.000439077936333699,0.000439077936333699,0,0.000439077936333699,0,0.00153677277716795,0.00153677277716795,0.00153677277716795,0.00153677277716795,"syn","syn","syn",4.58e-06,8.37e-07,4.33e-07,4.33e-07,"0.00417237999999999","0.0009861575","0.0019062675","1","S","S","S","S","S",0,0,0,0,1,0,1
"6004",6267,4609,4610,"t","t","c","c",0.00412236927750054,0.00412236927750054,0.00130180082447386,0.00130180082447386,0.00108483402039488,0.000216966804078976,0.00108483402039488,0.000216966804078976,0.0054241701019744,0.0054241701019744,0.00542299349240781,0.00542299349240781,"nonsyn","nonsyn","nonsyn",1.7e-05,1.07e-06,1.21e-06,1.21e-06,"0.00412384210526316","0.000929481666666664","0.000986326","0.00557689","W","W","R","R","G",1,1,1,1,1,0,1
"6005",6268,4624,4624,"g","g","a","a",0.00259515570934256,0.00259515570934256,0.00064878892733564,0.00064878892733564,0,0.00064878892733564,0,0.00064878892733564,0.0032439446366782,0.0032439446366782,0.0032439446366782,0.0032439446366782,"stop","nonsyn","nonsyn",4.2e-06,5.36e-07,1.17e-06,1.17e-06,"0.0016184","0.00180336","1","0.00180336","W","W","*","S","L",1,1,0,0,1,1,0
"6006",6269,4625,4625,"g","g","a","a",0.00194594594594595,0.00194594594594595,0,0,0,0,0,0,0.00194594594594595,0.00194594594594595,0.00194594594594595,0.00194594594594595,"stop","nonsyn","nonsyn",4.2e-06,5.36e-07,1.17e-06,1.17e-06,"0.00215833333333333","1","1","1","W","W","*","C","C",1,1,1,0,0,0,0
"6007",6270,4624,4624,"c","c","t","t",0.000865051903114187,0.000865051903114187,0.000216262975778547,0.000216262975778547,0.000216262975778547,0,0.000216262975778547,0,0.00108131487889273,0.00108131487889273,0.00108131487889273,0.00108131487889273,"syn","nonsyn","nonsyn",4.58e-06,8.37e-07,4.33e-07,4.33e-07,"0.00529448","0.002002192","0.003870288","1","L","L","L","I","V",0,0,0,0,0,0,0
"6008",6271,4634,4634,"t","t","c","c",0.000647388864911524,0.000647388864911524,0.000215796288303841,0.000215796288303841,0.000215796288303841,0,0.000215796288303841,0,0.000863185153215365,0.000863185153215365,0.000863185153215365,0.000863185153215365,"nonsyn","nonsyn","nonsyn",1.7e-05,1.07e-06,1.21e-06,1.21e-06,"0.0262593333333333","0.00560714","0.00495838","1","L","L","P","Q","R",1,1,1,0,1,0,1
"6009",6272,4584,4584,"a","a","g","g",0.00087260034904014,0.00087260034904014,0.00043630017452007,0.00043630017452007,0.000218150087260035,0.000218150087260035,0.000218150087260035,0.000218150087260035,0.00130890052356021,0.00130890052356021,0.00130890052356021,0.00130890052356021,"syn","syn","syn",1.77e-05,1.76e-06,1.7e-06,1.7e-06,"0.0202842","0.0038964","0.00806784","0.0077928","L","L","L","L","L",0,0,0,0,0,0,0
"6010",6273,4604,4604,"a","a","g","g",0.00217202432667246,0.00217202432667246,0.00108601216333623,0.00108601216333623,0,0.00108601216333623,0,0.00108601216333623,0.00325803649000869,0.00325803649000869,0.00325803649000869,0.00325803649000869,"nonsyn","syn","nonsyn",1.77e-05,1.76e-06,1.7e-06,1.7e-06,"0.00814907999999999","0.00156536","1","0.00156536","R","R","G","R","W",1,0,1,0,1,1,0
"6011",6274,4597,4599,"g","g","a","a",0.00108766586904503,0.00108766586904503,0.00108766586904503,0.00108766586904503,0,0.00108766586904503,0,0.00108766586904503,0.00217533173809006,0.00217533173809006,0.00217438573602957,0.00217438573602957,"nonsyn","nonsyn","nonsyn",4.2e-06,5.36e-07,1.17e-06,1.17e-06,"0.00386148","0.001075698","1","0.001075698","R","R","K","T","M",0,1,1,0,1,1,0
"6012",6275,4599,4599,"g","g","a","a",0.00195694716242661,0.00195694716242661,0.00108719286801479,0.00108719286801479,0,0.00108719286801479,0,0.00108719286801479,0.0030441400304414,0.0030441400304414,0.0030441400304414,0.0030441400304414,"syn","nonsyn","nonsyn",4.2e-06,5.36e-07,1.17e-06,1.17e-06,"0.0021462","0.001076166","1","0.001076166","R","R","R","S","S",0,1,1,0,1,1,0
"6013",6276,4600,4600,"g","g","a","a",0.00195652173913043,0.00195652173913043,0.000434782608695652,0.000434782608695652,0,0.000434782608695652,0,0.000434782608695652,0.00239130434782609,0.00239130434782609,0.00239130434782609,0.00239130434782609,"nonsyn","nonsyn","nonsyn",4.2e-06,5.36e-07,1.17e-06,1.17e-06,"0.00214666666666667","0.002691","1","0.002691","D","D","N","H","Y",1,1,1,0,0,0,0
"6014",6277,4585,4585,"a","a","g","g",0.00501635768811341,0.00501635768811341,0.000218102508178844,0.000218102508178844,0,0.000218102508178844,0,0.000218102508178844,0.00523446019629226,0.00523446019629226,0.00523446019629226,0.00523446019629226,"nonsyn","nonsyn","nonsyn",1.77e-05,1.76e-06,1.7e-06,1.7e-06,"0.00352845652173913","0.0077945","1","0.0077945","D","D","G","A","V",1,1,1,0,0,0,0
"6015",6278,4563,4563,"c","c","t","t",0.017313171159325,0.017313171159325,0,0,0,0,0,0,0.017313171159325,0.017313171159325,0.017313171159325,0.017313171159325,"syn","nonsyn","nonsyn",4.58e-06,8.37e-07,4.33e-07,4.33e-07,"0.000264538481012658","1","1","1","D","D","D","E","E",0,0,0,0,0,0,0
"6016",6279,4543,4543,"a","a","g","g",0.00352190182698657,0.00352190182698657,0.000660356592559982,0.000660356592559982,0.000220118864186661,0.000440237728373322,0.000220118864186661,0.000440237728373322,0.00418225841954655,0.00418225841954655,0.00418225841954655,0.00418225841954655,"nonsyn","nonsyn","nonsyn",1.77e-05,1.76e-06,1.7e-06,1.7e-06,"0.00502569375","0.00257436666666667","0.00799567999999999","0.00386155","I","I","V","L","F",0,0,0,1,0,0,0
"6017",6280,4623,4623,"t","t","c","c",0.00432619511139952,0.00432619511139952,0.000432619511139952,0.000432619511139952,0.000216309755569976,0.000216309755569976,0.000216309755569976,0.000216309755569976,0.00475881462253948,0.00475881462253948,0.00475881462253948,0.00475881462253948,"nonsyn","nonsyn","nonsyn",1.7e-05,1.07e-06,1.21e-06,1.21e-06,"0.00392955","0.002796915","0.00494661","0.00559383000000001","I","I","T","N","S",1,1,1,0,0,0,0
"6018",6281,4630,4630,"c","c","t","t",0.00172786177105832,0.00172786177105832,0,0,0,0,0,0,0.00172786177105832,0.00172786177105832,0.00172786177105832,0.00172786177105832,"syn","syn","nonsyn",4.58e-06,8.37e-07,4.33e-07,4.33e-07,"0.00265067499999999","1","1","1","I","I","I","I","M",0,0,0,0,0,0,0
"6019",6282,4640,4640,"t","t","c","c",0.00560344827586207,0.00560344827586207,0.00193965517241379,0.00193965517241379,0.00150862068965517,0.000431034482758621,0.00150862068965517,0.000431034482758621,0.00754310344827586,0.00754310344827586,0.00754310344827586,0.00754310344827586,"nonsyn","nonsyn","nonsyn",1.7e-05,1.07e-06,1.21e-06,1.21e-06,"0.00303384615384615","0.000623822222222223","0.000709257142857144","0.0028072","W","W","R","R","G",1,1,1,1,1,0,1
"6020",6283,4552,4553,"g","g","a","a",0.00285588752196837,0.00285588752196837,0,0,0,0,0,0,0.00285588752196837,0.00285588752196837,0.00285526026795519,0.00285526026795519,"stop","nonsyn","nonsyn",4.2e-06,5.36e-07,1.17e-06,1.17e-06,"0.00147064615384615","1","1","1","W","W","*","S","L",1,1,0,0,1,1,0
"6021",6284,4616,4616,"g","g","a","a",0.00216637781629116,0.00216637781629116,0.000216637781629116,0.000216637781629116,0,0.000216637781629116,0,0.000216637781629116,0.00238301559792028,0.00238301559792028,0.00238301559792028,0.00238301559792028,"stop","nonsyn","nonsyn",4.2e-06,5.36e-07,1.17e-06,1.17e-06,"0.00193872","0.00540072","1","0.00540072","W","W","*","C","C",1,1,1,0,1,1,0
"6022",6285,4632,4633,"g","g","a","a",0.000215889464594128,0.000215889464594128,0,0,0,0,0,0,0.000215889464594128,0.000215889464594128,0.000215842866393266,0.000215842866393266,"nonsyn","nonsyn","nonsyn",4.2e-06,5.36e-07,1.17e-06,1.17e-06,"0.0194544","1","1","1","D","D","N","H","Y",1,1,1,0,0,0,0
"6023",6286,4632,4632,"a","a","g","g",0.00453367875647668,0.00453367875647668,0.000431778929188256,0.000431778929188256,0,0.000431778929188256,0,0.000431778929188256,0.00496545768566494,0.00496545768566494,0.00496545768566494,0.00496545768566494,"nonsyn","nonsyn","nonsyn",1.77e-05,1.76e-06,1.7e-06,1.7e-06,"0.00390411428571429","0.0039372","1","0.0039372","D","D","G","A","V",1,1,1,0,0,0,0
"6024",6287,4625,4625,"c","c","t","t",0.0012972972972973,0.0012972972972973,0.000432432432432432,0.000432432432432432,0.000216216216216216,0.000216216216216216,0.000216216216216216,0.000216216216216216,0.00172972972972973,0.00172972972972973,0.00172972972972973,0.00172972972972973,"syn","nonsyn","nonsyn",4.58e-06,8.37e-07,4.33e-07,4.33e-07,"0.00353041666666666","0.0010013125","0.003871125","0.002002625","D","D","D","E","E",0,0,0,0,0,0,0
"6025",6288,4617,4617,"t","t","c","c",0.00303227203811999,0.00303227203811999,0.000866363439462855,0.000866363439462855,0.000866363439462855,0,0.000866363439462855,0,0.00389863547758285,0.00389863547758285,0.00389863547758285,0.00389863547758285,"nonsyn","nonsyn","nonsyn",1.7e-05,1.07e-06,1.21e-06,1.21e-06,"0.00560635714285714","0.0013966425","0.0012350475","1","W","W","R","R","G",1,1,1,1,1,0,1
"6026",6289,4606,4608,"g","g","a","a",0.00130264871906209,0.00130264871906209,0,0,0,0,0,0,0.00130264871906209,0.00130264871906209,0.00130208333333333,0.00130208333333333,"stop","nonsyn","nonsyn",4.2e-06,5.36e-07,1.17e-06,1.17e-06,"0.00322420000000001","1","1","1","W","W","*","S","L",1,1,0,0,1,1,0
"6027",6290,4602,4603,"g","g","a","a",0.000869187309865276,0.000869187309865276,0.000217296827466319,0.000217296827466319,0,0.000217296827466319,0,0.000217296827466319,0.00108648413733159,0.00108648413733159,0.00108624809906583,0.00108624809906583,"stop","nonsyn","nonsyn",4.2e-06,5.36e-07,1.17e-06,1.17e-06,"0.0048321","0.00538434","1","0.00538434","W","W","*","C","C",1,1,1,0,0,0,0
"6028",6291,4627,4628,"a","a","g","g",0.0056191917008861,0.0056191917008861,0.000432245515452777,0.000432245515452777,0.000432245515452777,0,0.000432245515452777,0,0.00605143721633888,0.00605143721633888,0.00605012964563526,0.00605012964563526,"nonsyn","nonsyn","nonsyn",1.77e-05,1.76e-06,1.7e-06,1.7e-06,"0.00314991923076923","0.00393295","0.00407176","1","I","I","V","L","L",0,0,0,0,0,0,0
"6029",6292,4435,4435,"t","t","c","c",0.00112739571589628,0.00112739571589628,0,0,0,0,0,0,0.00112739571589628,0.00112739571589628,0.00112739571589628,0.00112739571589628,"nonsyn","nonsyn","nonsyn",1.7e-05,1.07e-06,1.21e-06,1.21e-06,"0.015079","1","1","1","I","I","T","K","R",1,1,1,0,0,0,0
"6030",6293,4333,4333,"a","a","g","g",0.00253865681975537,0.00253865681975537,0.000692360950842372,0.000692360950842372,0.000461573967228248,0.000230786983614124,0.000461573967228248,0.000230786983614124,0.00323101777059774,0.00323101777059774,0.00323101777059774,0.00323101777059774,"nonsyn","syn","syn",1.77e-05,1.76e-06,1.7e-06,1.7e-06,"0.0069721909090909","0.00245536666666667","0.00381304","0.0073661","I","I","M","I","I",0,0,0,0,0,0,0
"6031",6294,4465,4465,"t","t","c","c",0.00179171332586786,0.00179171332586786,0.000223964165733483,0.000223964165733483,0.000223964165733483,0,0.000223964165733483,0,0.00201567749160134,0.00201567749160134,0.00201567749160134,0.00201567749160134,"nonsyn","nonsyn","nonsyn",1.7e-05,1.07e-06,1.21e-06,1.21e-06,"0.00948812500000001","0.00540264999999999","0.00477754999999999","1","C","C","R","S","G",1,1,0,1,0,0,0
"6032",6295,4286,4287,"g","g","a","a",0.00139990667288847,0.00139990667288847,0.000233317778814746,0.000233317778814746,0,0.000233317778814746,0,0.000233317778814746,0.00163322445170322,0.00163322445170322,0.00163284348028925,0.00163284348028925,"nonsyn","nonsyn","nonsyn",4.2e-06,5.36e-07,1.17e-06,1.17e-06,"0.00300020000000001","0.00501461999999999","1","0.00501461999999999","C","C","Y","S","F",1,1,1,0,0,0,0
"6033",6296,4277,4278,"c","c","t","t",0.430909516015899,0.430909516015899,0,0,0,0,0,0,0.430909516015899,0.430909516015899,0.43080878915381,0.43080878915381,"syn","stop","nonsyn",4.58e-06,8.37e-07,4.33e-07,4.33e-07,"1.06286814975583e-05","1","1","1","C","C","C","*","W",0,1,1,0,0,0,0
"6034",6297,4310,4310,"g","g","a","a",0.00162412993039443,0.00162412993039443,0.000464037122969838,0.000464037122969838,0.000232018561484919,0.000232018561484919,0.000232018561484919,0.000232018561484919,0.00208816705336427,0.00208816705336427,0.00208816705336427,0.00208816705336427,"nonsyn","nonsyn","stop",4.2e-06,5.36e-07,1.17e-06,1.17e-06,"0.002586","0.00252135","0.00231016","0.0050427","E","E","K","Q","*",1,1,1,0,0,0,0
"6035",6298,4302,4302,"a","a","g","g",0.00395165039516504,0.00395165039516504,0.000929800092980009,0.000929800092980009,0.000232450023245002,0.000697350069735007,0.000232450023245002,0.000697350069735007,0.00488145048814505,0.00488145048814505,0.00488145048814505,0.00488145048814505,"nonsyn","nonsyn","nonsyn",1.77e-05,1.76e-06,1.7e-06,1.7e-06,"0.00447914117647059","0.00182835","0.00757152000000001","0.0024378","E","E","G","A","V",1,1,1,0,1,1,0
"6036",6299,4282,4282,"g","g","a","a",0.000934142923867352,0.000934142923867352,0.000233535730966838,0.000233535730966838,0,0.000233535730966838,0,0.000233535730966838,0.00116767865483419,0.00116767865483419,0.00116767865483419,0.00116767865483419,"syn","nonsyn","nonsyn",4.2e-06,5.36e-07,1.17e-06,1.17e-06,"0.0044961","0.00500994","1","0.00500994","E","E","E","D","D",0,0,0,0,1,1,0
"6037",6300,4295,4295,"g","g","a","a",0.00186263096623981,0.00186263096623981,0.000232828870779977,0.000232828870779977,0,0.000232828870779977,0,0.000232828870779977,0.00209545983701979,0.00209545983701979,0.00209545983701979,0.00209545983701979,"nonsyn","nonsyn","nonsyn",4.2e-06,5.36e-07,1.17e-06,1.17e-06,"0.002254875","0.00502514999999999","1","0.00502514999999999","V","V","M","L","L",0,0,0,0,0,0,0
"6038",6301,4370,4370,"t","t","c","c",0.0045766590389016,0.0045766590389016,0.0011441647597254,0.0011441647597254,0.0011441647597254,0,0.0011441647597254,0,0.005720823798627,0.005720823798627,0.005720823798627,0.005720823798627,"nonsyn","nonsyn","nonsyn",1.7e-05,1.07e-06,1.21e-06,1.21e-06,"0.0037145","0.00105754","0.00093518","1","V","V","A","E","G",0,1,1,1,0,0,0
"6039",6302,4417,4417,"g","g","a","a",0.00362236812316052,0.00362236812316052,0,0,0,0,0,0,0.00362236812316052,0.00362236812316052,0.00362236812316052,0.00362236812316052,"syn","syn","syn",4.2e-06,5.36e-07,1.17e-06,1.17e-06,"0.0011594625","1","1","1","V","V","V","V","V",0,0,0,0,0,0,0
"6040",6303,4653,4653,"c","c","t","t",0.00171932086825704,0.00171932086825704,0.00021491510853213,0.00021491510853213,0.00021491510853213,0,0.00021491510853213,0,0.00193423597678917,0.00193423597678917,0.00193423597678917,0.00193423597678917,"syn","nonsyn","nonsyn",4.58e-06,8.37e-07,4.33e-07,4.33e-07,"0.0026638425","0.002014749","0.003894561","1","L","L","L","M","V",0,0,0,0,0,0,0
"6041",6304,4581,4581,"t","t","c","c",0.00480244488103034,0.00480244488103034,0.000436585898275486,0.000436585898275486,0.000436585898275486,0,0.000436585898275486,0,0.00523903077930583,0.00523903077930583,0.00523903077930583,0.00523903077930583,"nonsyn","nonsyn","nonsyn",1.7e-05,1.07e-06,1.21e-06,1.21e-06,"0.00353986363636364","0.002771505","0.002450835","1","L","L","P","Q","R",1,1,1,1,1,0,1
"6042",6305,4634,4634,"g","g","a","a",0.00107898144151921,0.00107898144151921,0.000215796288303841,0.000215796288303841,0,0.000215796288303841,0,0.000215796288303841,0.00129477772982305,0.00129477772982305,0.00129477772982305,0.00129477772982305,"syn","syn","syn",4.2e-06,5.36e-07,1.17e-06,1.17e-06,"0.00389255999999998","0.00542178","1","0.00542178","L","L","L","L","L",0,0,0,0,0,0,0
"6043",6306,4616,4616,"a","a","g","g",0.00519930675909879,0.00519930675909879,0.000649913344887348,0.000649913344887348,0,0.000649913344887348,0,0.000649913344887348,0.00584922010398614,0.00584922010398614,0.00584922010398614,0.00584922010398614,"nonsyn","nonsyn","nonsyn",1.77e-05,1.76e-06,1.7e-06,1.7e-06,"0.0034043","0.00261573333333333","1","0.00261573333333333","S","S","G","R","C",1,1,1,0,1,1,0
"6044",6307,4623,4623,"g","g","a","a",0.00151416828898983,0.00151416828898983,0.000648929266709929,0.000648929266709929,0,0.000648929266709929,0,0.000648929266709929,0.00216309755569976,0.00216309755569976,0.00216309755569976,0.00216309755569976,"nonsyn","nonsyn","nonsyn",4.2e-06,5.36e-07,1.17e-06,1.17e-06,"0.00277380000000001","0.00180297","1","0.00180297","S","S","N","T","I",0,0,1,0,0,0,0
"6045",6308,4626,4626,"c","c","t","t",0.00237786424556853,0.00237786424556853,0,0,0,0,0,0,0.00237786424556853,0.00237786424556853,0.00237786424556853,0.00237786424556853,"syn","nonsyn","nonsyn",4.58e-06,8.37e-07,4.33e-07,4.33e-07,"0.00192609818181818","1","1","1","S","S","S","R","R",0,1,1,0,0,0,0
"6046",6309,4621,4621,"g","g","a","a",0.0030296472624973,0.0030296472624973,0.000216403375892664,0.000216403375892664,0,0.000216403375892664,0,0.000216403375892664,0.00324605063838996,0.00324605063838996,0.00324605063838996,0.00324605063838996,"nonsyn","nonsyn","nonsyn",4.2e-06,5.36e-07,1.17e-06,1.17e-06,"0.0013863","0.00540657","1","0.00540657","D","D","N","H","Y",1,1,1,0,0,0,0
"6047",6310,4617,4617,"a","a","g","g",0.0032488628979857,0.0032488628979857,0.000649772579597141,0.000649772579597141,0.000216590859865714,0.000433181719731427,0.000216590859865714,0.000433181719731427,0.00389863547758285,0.00389863547758285,0.00389863547758285,0.00389863547758285,"nonsyn","nonsyn","nonsyn",1.77e-05,1.76e-06,1.7e-06,1.7e-06,"0.00544806000000001","0.0026163","0.00812591999999999","0.00392445","D","D","G","A","V",1,1,1,0,0,0,0
"6048",6311,4630,4630,"c","c","t","t",0.0377969762419006,0.0377969762419006,0.000215982721382289,0.000215982721382289,0.000215982721382289,0,0.000215982721382289,0,0.0380129589632829,0.0380129589632829,0.0380129589632829,0.0380129589632829,"syn","nonsyn","nonsyn",4.58e-06,8.37e-07,4.33e-07,4.33e-07,"0.000121173714285714","0.00200479","0.00387531000000001","1","D","D","D","E","E",0,0,0,0,0,0,0
"6049",6312,4658,4658,"t","t","c","c",0.0025762129669386,0.0025762129669386,0.0004293688278231,0.0004293688278231,0.00021468441391155,0.00021468441391155,0.00021468441391155,0.00021468441391155,0.0030055817947617,0.0030055817947617,0.0030055817947617,0.0030055817947617,"nonsyn","nonsyn","nonsyn",1.7e-05,1.07e-06,1.21e-06,1.21e-06,"0.00659883333333333","0.00281809","0.00498406","0.00563618","F","F","L","I","V",0,0,0,0,1,0,1
"6050",6313,4669,4669,"t","t","c","c",0.0038552152495181,0.0038552152495181,0.000856714499892911,0.000856714499892911,0.000642535874919683,0.000214178624973228,0.000642535874919683,0.000214178624973228,0.00471192974941101,0.00471192974941101,0.00471192974941101,0.00471192974941101,"nonsyn","nonsyn","nonsyn",1.7e-05,1.07e-06,1.21e-06,1.21e-06,"0.00440961111111111","0.0014123725","0.00166527666666667","0.00564948999999999","F","F","S","Y","C",1,0,1,0,0,0,0
"6051",6314,4703,4703,"t","t","c","c",0.000637890708058686,0.000637890708058686,0.000425260472039124,0.000425260472039124,0.000425260472039124,0,0.000425260472039124,0,0.00106315118009781,0.00106315118009781,0.00106315118009781,0.00106315118009781,"syn","nonsyn","nonsyn",1.7e-05,1.07e-06,1.21e-06,1.21e-06,"0.0266503333333333","0.002845315","0.002516105","1","F","F","F","L","L",0,0,0,0,0,0,0
"6052",6315,4649,4649,"a","a","g","g",0.00215100021510002,0.00215100021510002,0.000430200043020004,0.000430200043020004,0,0.000430200043020004,0,0.000430200043020004,0.00258120025812003,0.00258120025812003,0.00258120025812003,0.00258120025812003,"nonsyn","nonsyn","stop",1.77e-05,1.76e-06,1.7e-06,1.7e-06,"0.00822873000000001","0.00395165","1","0.00395165","K","K","E","Q","*",1,1,1,0,0,0,0
"6053",6316,4638,4638,"a","a","g","g",0.00733074601121173,0.00733074601121173,0.00043122035360069,0.00043122035360069,0,0.00043122035360069,0,0.00043122035360069,0.00776196636481242,0.00776196636481242,0.00776196636481242,0.00776196636481242,"nonsyn","nonsyn","nonsyn",1.77e-05,1.76e-06,1.7e-06,1.7e-06,"0.00241448823529412","0.0039423","1","0.0039423","K","K","R","T","M",0,1,1,0,1,1,0
"6054",6317,4641,4641,"g","g","a","a",0.000215470803706098,0.000215470803706098,0.000646412411118293,0.000646412411118293,0,0.000646412411118293,0,0.000646412411118293,0.000861883214824391,0.000861883214824391,0.000861883214824391,0.000861883214824391,"syn","nonsyn","nonsyn",4.2e-06,5.36e-07,1.17e-06,1.17e-06,"0.0194922","0.00180999","1","0.00180999","K","K","K","N","N",0,1,1,0,0,0,0
"6055",6318,4607,4607,"a","a","g","g",0.00629476883004124,0.00629476883004124,0.000217060994139353,0.000217060994139353,0,0.000217060994139353,0,0.000217060994139353,0.00651182982418059,0.00651182982418059,0.00651182982418059,0.00651182982418059,"nonsyn","nonsyn","nonsyn",1.77e-05,1.76e-06,1.7e-06,1.7e-06,"0.00281185862068966","0.00783190000000001","1","0.00783190000000001","T","T","A","P","S",1,1,0,0,0,0,0
"6056",6319,4651,4651,"c","c","t","t",0.000645022575790153,0.000645022575790153,0.000215007525263384,0.000215007525263384,0.000215007525263384,0,0.000215007525263384,0,0.000860030101053537,0.000860030101053537,0.000860030101053537,0.000860030101053537,"nonsyn","nonsyn","nonsyn",4.58e-06,8.37e-07,4.33e-07,4.33e-07,"0.00710052666666666","0.002013883","0.003892887","1","T","T","I","N","S",1,0,0,0,0,0,0
"6057",6320,4646,4646,"c","c","t","t",0.0159276797244942,0.0159276797244942,0.000645716745587602,0.000645716745587602,0.000645716745587602,0,0.000645716745587602,0,0.0165733964700818,0.0165733964700818,0.0165733964700818,0.0165733964700818,"syn","syn","syn",4.58e-06,8.37e-07,4.33e-07,4.33e-07,"0.00028754972972973","0.000670572666666667","0.001296234","1","T","T","T","T","T",0,0,0,0,1,0,1
"6058",6321,4644,4644,"t","t","c","c",0.00322997416020672,0.00322997416020672,0.00129198966408269,0.00129198966408269,0.00129198966408269,0,0.00129198966408269,0,0.00452196382428941,0.00452196382428941,0.00452196382428941,0.00452196382428941,"nonsyn","nonsyn","nonsyn",1.7e-05,1.07e-06,1.21e-06,1.21e-06,"0.0052632","0.000936539999999998","0.000828179999999998","1","W","W","R","R","G",1,1,1,1,1,0,1
"6059",6322,4652,4653,"g","g","a","a",0.00343938091143594,0.00343938091143594,0.000859845227858985,0.000859845227858985,0,0.000859845227858985,0,0.000859845227858985,0.00429922613929493,0.00429922613929493,0.0042983021706426,0.0042983021706426,"stop","nonsyn","nonsyn",4.2e-06,5.36e-07,1.17e-06,1.17e-06,"0.00122115","0.00136071","1","0.00136071","W","W","*","S","L",1,1,0,0,1,1,0
"6060",6323,4655,4655,"g","g","a","a",0.00214822771213749,0.00214822771213749,0,0,0,0,0,0,0.00214822771213749,0.00214822771213749,0.00214822771213749,0.00214822771213749,"stop","nonsyn","nonsyn",4.2e-06,5.36e-07,1.17e-06,1.17e-06,"0.0019551","1","1","1","W","W","*","C","C",1,1,1,0,0,0,0
"6061",6324,4681,4681,"c","c","t","t",0.0692159794915616,0.0692159794915616,0,0,0,0,0,0,0.0692159794915616,0.0692159794915616,0.0692159794915616,0.0692159794915616,"syn","nonsyn","nonsyn",4.58e-06,8.37e-07,4.33e-07,4.33e-07,"6.61696913580247e-05","1","1","1","L","L","L","M","V",0,0,0,0,0,0,0
"6062",6325,4703,4703,"t","t","c","c",0.00233893259621518,0.00233893259621518,0.000425260472039124,0.000425260472039124,0.000212630236019562,0.000212630236019562,0.000212630236019562,0.000212630236019562,0.00276419306825431,0.00276419306825431,0.00276419306825431,0.00276419306825431,"nonsyn","nonsyn","nonsyn",1.7e-05,1.07e-06,1.21e-06,1.21e-06,"0.00726827272727273","0.002845315","0.00503221","0.00569063","L","L","P","Q","R",1,1,1,1,1,0,1
"6063",6326,4683,4690,"a","g","g","a",0.00170830664104207,0.998291693358958,0,0,0,0,0,0,0.00170830664104207,0.998291693358958,0.00170575692963753,0.99680170575693,"syn","syn","syn",4.2e-06,5.36e-07,1.17e-06,1.17e-06,"4.2071871657754e-06","1","1","1","L","L","L","L","L",0,0,0,0,0,0,0
"6064",6327,4700,4700,"a","a","g","g",0.000851063829787234,0.000851063829787234,0,0,0,0,0,0,0.000851063829787234,0.000851063829787234,0.000851063829787234,0.000851063829787234,"nonsyn","nonsyn","stop",1.77e-05,1.76e-06,1.7e-06,1.7e-06,"0.0207975","1","1","1","K","K","E","Q","*",1,1,1,0,0,0,0
"6065",6328,4699,4699,"a","a","g","g",0.00510746967439881,0.00510746967439881,0.000212811236433284,0.000212811236433284,0.000212811236433284,0,0.000212811236433284,0,0.00532028091083209,0.00532028091083209,0.00532028091083209,0.00532028091083209,"nonsyn","nonsyn","nonsyn",1.77e-05,1.76e-06,1.7e-06,1.7e-06,"0.0034655125","0.00798829999999999","0.00827023999999999","1","K","K","R","T","I",0,1,1,0,0,0,0
"6066",6329,4689,4689,"a","a","g","g",0.00447856685860525,0.00447856685860525,0.000853060354020047,0.000853060354020047,0.000639795265515035,0.000213265088505012,0.000639795265515035,0.000213265088505012,0.00533162721262529,0.00533162721262529,0.00533162721262529,0.00533162721262529,"syn","nonsyn","nonsyn",1.77e-05,1.76e-06,1.7e-06,1.7e-06,"0.00395215714285714","0.001992825","0.00275088","0.00797129999999999","K","K","K","N","N",0,1,1,0,1,1,0
"6067",6330,4685,4686,"g","g","a","a",0.00128068303094984,0.00128068303094984,0.00064034151547492,0.00064034151547492,0.000213447171824973,0.000426894343649947,0.000213447171824973,0.000426894343649947,0.00192102454642476,0.00192102454642476,0.00192061459667093,0.00192061459667093,"nonsyn","nonsyn","nonsyn",4.2e-06,5.36e-07,1.17e-06,1.17e-06,"0.0032795","0.00182715","0.00251116","0.002740725","A","A","T","P","S",1,1,1,0,0,0,0
"6068",6331,4656,4656,"c","c","t","t",0.00279209621993127,0.00279209621993127,0.000214776632302405,0.000214776632302405,0.000214776632302405,0,0.000214776632302405,0,0.00300687285223368,0.00300687285223368,0.00300687285223368,0.00300687285223368,"nonsyn","nonsyn","nonsyn",4.58e-06,8.37e-07,4.33e-07,4.33e-07,"0.00164034461538462","0.002016048","0.00389707200000001","1","A","A","V","D","G",0,1,1,0,0,0,0
"6069",6332,4657,4657,"c","c","t","t",0.00064419153961778,0.00064419153961778,0.000214730513205927,0.000214730513205927,0.000214730513205927,0,0.000214730513205927,0,0.000858922052823706,0.000858922052823706,0.000858922052823706,0.000858922052823706,"syn","syn","syn",4.58e-06,8.37e-07,4.33e-07,4.33e-07,"0.00710968666666666","0.002016481","0.00389790899999999","1","A","A","A","A","A",0,0,0,0,1,0,1
"6070",6333,4641,4641,"a","a","g","g",0.00258564964447317,0.00258564964447317,0.00129282482223659,0.00129282482223659,0,0.00129282482223659,0,0.00129282482223659,0.00387847446670976,0.00387847446670976,0.00387847446670976,0.00387847446670976,"nonsyn","nonsyn","stop",1.77e-05,1.76e-06,1.7e-06,1.7e-06,"0.00684547500000001","0.00131495","1","0.00131495","K","K","E","Q","*",1,1,1,1,0,0,0
"6071",6334,4634,4634,"a","a","g","g",0.00323694432455762,0.00323694432455762,0.00107898144151921,0.00107898144151921,0,0.00107898144151921,0,0.00107898144151921,0.00431592576607682,0.00431592576607682,0.00431592576607682,0.00431592576607682,"nonsyn","nonsyn","nonsyn",1.77e-05,1.76e-06,1.7e-06,1.7e-06,"0.00546812","0.00157555999999999","1","0.00157555999999999","K","K","R","T","M",0,1,1,0,1,1,0
"6072",6335,4632,4632,"g","g","a","a",0.00194300518134715,0.00194300518134715,0,0,0,0,0,0,0.00194300518134715,0.00194300518134715,0.00194300518134715,0.00194300518134715,"syn","nonsyn","nonsyn",4.2e-06,5.36e-07,1.17e-06,1.17e-06,"0.0021616","1","1","1","K","K","K","N","N",0,1,1,0,0,0,0
"6073",6336,4639,4639,"c","c","t","t",0.00107781849536538,0.00107781849536538,0.000215563699073076,0.000215563699073076,0.000215563699073076,0,0.000215563699073076,0,0.00129338219443846,0.00129338219443846,0.00129338219443846,0.00129338219443846,"nonsyn","nonsyn","nonsyn",4.58e-06,8.37e-07,4.33e-07,4.33e-07,"0.004249324","0.002008687","0.003882843","1","L","L","F","I","V",0,0,0,0,0,0,0
"6074",6337,4689,4689,"t","t","c","c",0.00597142247814033,0.00597142247814033,0.000639795265515035,0.000639795265515035,0.000639795265515035,0,0.000639795265515035,0,0.00661121774365536,0.00661121774365536,0.00661121774365536,0.00661121774365536,"nonsyn","nonsyn","nonsyn",1.7e-05,1.07e-06,1.21e-06,1.21e-06,"0.00284689285714286","0.00189123","0.00167241","1","L","L","P","H","R",1,1,1,0,1,0,1
"6075",6338,4689,4689,"c","c","t","t",0.00170612070804009,0.00170612070804009,0,0,0,0,0,0,0.00170612070804009,0.00170612070804009,0.00170612070804009,0.00170612070804009,"syn","syn","syn",4.58e-06,8.37e-07,4.33e-07,4.33e-07,"0.00268445250000001","1","1","1","L","L","L","L","L",0,0,0,0,0,0,0
"6076",6339,4633,4633,"a","a","g","g",0.00453270019425858,0.00453270019425858,0.000863371465573063,0.000863371465573063,0.000215842866393266,0.000647528599179797,0.000215842866393266,0.000647528599179797,0.00539607165983164,0.00539607165983164,0.00539607165983164,0.00539607165983164,"nonsyn","nonsyn","nonsyn",1.77e-05,1.76e-06,1.7e-06,1.7e-06,"0.00390495714285714","0.001969025","0.00815407999999999","0.00262536666666667","M","M","V","L","L",0,0,0,1,0,0,0
"6077",6340,4625,4625,"t","t","c","c",0.00194594594594595,0.00194594594594595,0.000216216216216216,0.000216216216216216,0.000216216216216216,0,0.000216216216216216,0,0.00216216216216216,0.00216216216216216,0.00216216216216216,0.00216216216216216,"nonsyn","nonsyn","nonsyn",1.7e-05,1.07e-06,1.21e-06,1.21e-06,"0.00873611111111109","0.00559625000000001","0.00494875","1","M","M","T","K","R",1,1,1,1,0,0,0
"6078",6341,4627,4627,"g","g","a","a",0.00280959585044305,0.00280959585044305,0.000648368273179166,0.000648368273179166,0.000216122757726389,0.000432245515452777,0.000216122757726389,0.000432245515452777,0.00345796412362222,0.00345796412362222,0.00345796412362222,0.00345796412362222,"nonsyn","nonsyn","nonsyn",4.2e-06,5.36e-07,1.17e-06,1.17e-06,"0.00149487692307692","0.00180453","0.002480072","0.002706795","M","M","I","I","I",0,0,0,0,0,0,0
"6079",6342,4614,4614,"c","c","t","t",0.00346770697876029,0.00346770697876029,0.000433463372345037,0.000433463372345037,0.000433463372345037,0,0.000433463372345037,0,0.00390117035110533,0.00390117035110533,0.00390117035110533,0.00390117035110533,"nonsyn","nonsyn","nonsyn",4.58e-06,8.37e-07,4.33e-07,4.33e-07,"0.0013207575","0.000998931","0.001930959","1","P","P","S","T","A",1,1,1,0,0,0,0
"6080",6343,4614,4614,"c","c","t","t",0.00260078023407022,0.00260078023407022,0.000216731686172518,0.000216731686172518,0,0.000216731686172518,0,0.000216731686172518,0.00281751192024274,0.00281751192024274,0.00281751192024274,0.00281751192024274,"nonsyn","nonsyn","nonsyn",4.58e-06,8.37e-07,4.33e-07,4.33e-07,"0.00176101","0.001997862","1","0.001997862","P","P","L","Q","R",1,1,1,0,1,0,1
"6081",6344,4611,4611,"g","a","a","g",0.00433745391455216,0.995228800693993,0.000433745391455216,0.000433745391455216,0.000216872695727608,0.000216872695727608,0.000216872695727608,0.000216872695727608,0.00477119930600737,0.995662546085448,0.00477119930600737,0.995662546085448,"syn","syn","syn",1.77e-05,1.76e-06,1.7e-06,1.7e-06,"1.77848550882545e-05","0.00391935","0.00811536","0.0078387","P","P","P","P","P",0,0,0,1,0,0,0
"6082",6345,4605,4605,"c","c","t","t",0.001085776330076,0.001085776330076,0.000434310532030402,0.000434310532030402,0.000434310532030402,0,0.000434310532030402,0,0.00152008686210641,0.00152008686210641,0.00152008686210641,0.00152008686210641,"stop","nonsyn","nonsyn",4.58e-06,8.37e-07,4.33e-07,4.33e-07,"0.00421818000000002","0.0009969825","0.0019271925","1","Q","Q","*","K","E",1,1,1,0,0,0,0
"6083",6346,4598,4598,"a","a","g","g",0.00260983036102653,0.00260983036102653,0.00108742931709439,0.00108742931709439,0,0.00108742931709439,0,0.00108742931709439,0.00369725967812092,0.00369725967812092,0.00369725967812092,0.00369725967812092,"nonsyn","nonsyn","nonsyn",1.77e-05,1.76e-06,1.7e-06,1.7e-06,"0.00678205000000001","0.00156332","1","0.00156332","Q","Q","R","P","L",1,1,1,1,0,0,0
"6084",6347,4597,4597,"a","a","g","g",0.00391559712856211,0.00391559712856211,0.000435066347618012,0.000435066347618012,0.000217533173809006,0.000217533173809006,0.000217533173809006,0.000217533173809006,0.00435066347618012,0.00435066347618012,0.00435066347618012,0.00435066347618012,"syn","nonsyn","nonsyn",1.77e-05,1.76e-06,1.7e-06,1.7e-06,"0.00452038333333333","0.00390745","0.00809072","0.00781489999999999","Q","Q","Q","H","H",0,1,1,0,0,0,0
"6085",6348,4561,4561,"c","c","t","t",0.00065775049331287,0.00065775049331287,0,0,0,0,0,0,0.00065775049331287,0.00065775049331287,0.00065775049331287,0.00065775049331287,"syn","nonsyn","nonsyn",4.58e-06,8.37e-07,4.33e-07,4.33e-07,"0.00696312666666667","1","1","1","L","L","L","M","V",0,0,0,0,0,0,0
"6086",6349,4630,4630,"t","t","c","c",0.00151187904967603,0.00151187904967603,0.00151187904967603,0.00151187904967603,0.00151187904967603,0,0.00151187904967603,0,0.00302375809935205,0.00302375809935205,0.00302375809935205,0.00302375809935205,"nonsyn","nonsyn","nonsyn",1.7e-05,1.07e-06,1.21e-06,1.21e-06,"0.0112442857142857","0.000800328571428569","0.000707728571428569","1","L","L","P","Q","R",1,1,1,1,1,0,1
"6087",6350,4638,4638,"g","g","a","a",0.00150927123760241,0.00150927123760241,0.000215610176800345,0.000215610176800345,0,0.000215610176800345,0,0.000215610176800345,0.00172488141440276,0.00172488141440276,0.00172488141440276,0.00172488141440276,"syn","syn","syn",4.2e-06,5.36e-07,1.17e-06,1.17e-06,"0.00278280000000001","0.00542646","1","0.00542646","L","L","L","L","L",0,0,0,0,0,0,0
"6088",6351,4638,4638,"c","c","t","t",0.000646830530401035,0.000646830530401035,0,0,0,0,0,0,0.000646830530401035,0.000646830530401035,0.000646830530401035,0.000646830530401035,"nonsyn","nonsyn","nonsyn",4.58e-06,8.37e-07,4.33e-07,4.33e-07,"0.00708068","1","1","1","P","P","S","T","A",1,1,1,0,0,0,0
"6089",6352,4642,4642,"c","c","t","t",0.002154243860405,0.002154243860405,0.000646273158121499,0.000646273158121499,0.000646273158121499,0,0.000646273158121499,0,0.0028005170185265,0.0028005170185265,0.0028005170185265,0.0028005170185265,"nonsyn","nonsyn","nonsyn",4.58e-06,8.37e-07,4.33e-07,4.33e-07,"0.002126036","0.000669995333333334","0.001295118","1","P","P","L","H","R",1,1,1,0,1,0,1
"6090",6353,4650,4650,"t","t","c","c",0.00387096774193548,0.00387096774193548,0.000645161290322581,0.000645161290322581,0.00043010752688172,0.00021505376344086,0.00043010752688172,0.00021505376344086,0.00451612903225806,0.00451612903225806,0.00451612903225806,0.00451612903225806,"syn","syn","syn",1.7e-05,1.07e-06,1.21e-06,1.21e-06,"0.00439166666666667","0.0018755","0.00248775","0.00562650000000001","P","P","P","P","P",0,0,0,1,1,0,1
"6091",6354,4642,4644,"g","g","a","a",0.0010771219302025,0.0010771219302025,0.000430848772081,0.000430848772081,0.0002154243860405,0.0002154243860405,0.0002154243860405,0.0002154243860405,0.0015079707022835,0.0015079707022835,0.00150732127476314,0.00150732127476314,"nonsyn","nonsyn","nonsyn",4.2e-06,5.36e-07,1.17e-06,1.17e-06,"0.00389928","0.00271557","0.002488112","0.00543113999999999","G","G","R","R","W",1,1,1,0,1,1,0
"6092",6355,4640,4640,"g","g","a","a",0.00150862068965517,0.00150862068965517,0.00129310344827586,0.00129310344827586,0.00021551724137931,0.00107758620689655,0.00021551724137931,0.00107758620689655,0.00280172413793103,0.00280172413793103,0.00280172413793103,0.00280172413793103,"nonsyn","nonsyn","nonsyn",4.2e-06,5.36e-07,1.17e-06,1.17e-06,"0.002784","0.000904800000000001","0.00248704","0.00108576","G","G","E","A","V",1,1,1,0,1,1,0
"6093",6356,4630,4630,"g","g","a","a",0.0285097192224622,0.0285097192224622,0.000431965442764579,0.000431965442764579,0.000215982721382289,0.000215982721382289,0.000215982721382289,0.000215982721382289,0.0289416846652268,0.0289416846652268,0.0289416846652268,0.0289416846652268,"syn","syn","syn",4.2e-06,5.36e-07,1.17e-06,1.17e-06,"0.000147318181818182","0.00270855","0.00248168","0.00541710000000001","G","G","G","G","G",0,0,0,0,0,0,0
"6094",6357,4663,4663,"a","a","g","g",0.00343126742440489,0.00343126742440489,0.000214454214025306,0.000214454214025306,0,0.000214454214025306,0,0.000214454214025306,0.0036457216384302,0.0036457216384302,0.0036457216384302,0.0036457216384302,"nonsyn","nonsyn","nonsyn",1.77e-05,1.76e-06,1.7e-06,1.7e-06,"0.00515844375","0.00792709999999999","1","0.00792709999999999","I","I","V","L","F",0,0,0,0,0,0,0
"6095",6358,4623,4624,"t","t","c","c",0.00281202682240969,0.00281202682240969,0.000432619511139952,0.000432619511139952,0.000216309755569976,0.000216309755569976,0.000216309755569976,0.000216309755569976,0.00324464633354964,0.00324464633354964,0.0032439446366782,0.0032439446366782,"nonsyn","nonsyn","nonsyn",1.7e-05,1.07e-06,1.21e-06,1.21e-06,"0.00604546153846154","0.002796915","0.00494661","0.00559383000000001","I","I","T","N","S",1,1,1,0,0,0,0
"6096",6359,4582,4582,"t","t","c","c",0.00567437800087298,0.00567437800087298,0.000872981230903536,0.000872981230903536,0.000654735923177652,0.000218245307725884,0.000654735923177652,0.000218245307725884,0.00654735923177652,0.00654735923177652,0.00654735923177652,0.00654735923177652,"syn","syn","nonsyn",1.7e-05,1.07e-06,1.21e-06,1.21e-06,"0.00299592307692308","0.001386055","0.00163424666666667","0.00554422","I","I","I","I","M",0,0,0,0,0,0,0
"6097",6360,4595,4596,"c","c","t","t",0.00130576713819369,0.00130576713819369,0.00043525571273123,0.00043525571273123,0.000217627856365615,0.000217627856365615,0.000217627856365615,0.000217627856365615,0.00174102285092492,0.00174102285092492,0.00174064403829417,0.00174064403829417,"nonsyn","nonsyn","nonsyn",4.58e-06,8.37e-07,4.33e-07,4.33e-07,"0.00350751666666666","0.000994817499999999","0.003846015","0.001989635","P","P","S","T","A",1,1,1,0,0,0,0
"6098",6361,4601,4601,"c","c","t","t",0.0019560965007607,0.0019560965007607,0.000869376222560313,0.000869376222560313,0.000652032166920235,0.000217344055640078,0.000652032166920235,0.000217344055640078,0.00282547272332102,0.00282547272332102,0.00282547272332102,0.00282547272332102,"nonsyn","nonsyn","nonsyn",4.58e-06,8.37e-07,4.33e-07,4.33e-07,"0.00234139777777778","0.00049805825","0.001283679","0.001992233","P","P","L","H","R",1,1,1,0,1,0,1
"6099",6362,4608,4608,"c","c","t","t",0.00217013888888889,0.00217013888888889,0.000434027777777778,0.000434027777777778,0.000434027777777778,0,0.000434027777777778,0,0.00260416666666667,0.00260416666666667,0.00260416666666667,0.00260416666666667,"syn","syn","syn",4.58e-06,8.37e-07,4.33e-07,4.33e-07,"0.002110464","0.000997632","0.001928448","1","P","P","P","P","P",0,0,0,0,1,0,1
"6100",6363,4610,4613,"t","t","c","c",0.00216919739696312,0.00216919739696312,0.000867678958785249,0.000867678958785249,0.000433839479392625,0.000433839479392625,0.000433839479392625,0.000433839479392625,0.00303687635574837,0.00303687635574837,0.00303490136570561,0.00303490136570561,"nonsyn","nonsyn","nonsyn",1.7e-05,1.07e-06,1.21e-06,1.21e-06,"0.00783700000000001","0.001394525","0.00246635","0.00278905","F","F","L","I","V",0,0,0,0,1,0,1
"6101",6364,4591,4591,"t","t","c","c",0.00326726203441516,0.00326726203441516,0.00130690481376606,0.00130690481376606,0.000871269875844043,0.000435634937922021,0.000871269875844043,0.000435634937922021,0.00457416684818122,0.00457416684818122,0.00457416684818122,0.00457416684818122,"nonsyn","nonsyn","nonsyn",1.7e-05,1.07e-06,1.21e-06,1.21e-06,"0.00520313333333333","0.00092585166666667","0.0012280925","0.002777555","F","F","S","Y","C",1,0,1,0,0,0,0
"6102",6365,4663,4663,"t","t","c","c",0.00321681321037958,0.00321681321037958,0.000214454214025306,0.000214454214025306,0,0.000214454214025306,0,0.000214454214025306,0.00343126742440489,0.00343126742440489,0.00343126742440489,0.00343126742440489,"syn","nonsyn","nonsyn",1.7e-05,1.07e-06,1.21e-06,1.21e-06,"0.00528473333333334","0.00564222999999999","1","0.00564222999999999","F","F","F","L","L",0,0,0,1,0,0,0
"6103",6366,4645,4645,"g","g","a","a",0.000430570505920344,0.000430570505920344,0.000215285252960172,0.000215285252960172,0,0.000215285252960172,0,0.000215285252960172,0.000645855758880517,0.000645855758880517,0.000645855758880517,0.000645855758880517,"nonsyn","nonsyn","nonsyn",4.2e-06,5.36e-07,1.17e-06,1.17e-06,"0.00975450000000001","0.00543465000000001","1","0.00543465000000001","V","V","M","L","L",0,0,0,0,0,0,0
"6104",6367,4625,4625,"t","t","c","c",0.00410810810810811,0.00410810810810811,0,0,0,0,0,0,0.00410810810810811,0.00410810810810811,0.00410810810810811,0.00410810810810811,"nonsyn","nonsyn","nonsyn",1.7e-05,1.07e-06,1.21e-06,1.21e-06,"0.00413815789473684","1","1","1","V","V","A","E","G",0,1,1,1,0,0,0
"6105",6368,4559,4559,"g","g","a","a",0.00153542443518315,0.00153542443518315,0.000219346347883308,0.000219346347883308,0,0.000219346347883308,0,0.000219346347883308,0.00175477078306646,0.00175477078306646,0.00175477078306646,0.00175477078306646,"syn","syn","syn",4.2e-06,5.36e-07,1.17e-06,1.17e-06,"0.00273540000000001","0.00533402999999999","1","0.00533402999999999","V","V","V","V","V",0,0,0,0,0,0,0
"6106",6369,4524,4524,"t","t","c","c",0.00309460654288241,0.00309460654288241,0.000442086648983201,0.000442086648983201,0.0002210433244916,0.0002210433244916,0.0002210433244916,0.0002210433244916,0.00353669319186561,0.00353669319186561,0.00353669319186561,0.00353669319186561,"nonsyn","nonsyn","nonsyn",1.7e-05,1.07e-06,1.21e-06,1.21e-06,"0.00549342857142856","0.00273702","0.00484068000000001","0.00547404000000001","S","S","P","T","A",1,0,1,0,0,0,0
"6107",6370,4517,4517,"c","c","t","t",0.000885543502324552,0.000885543502324552,0.000442771751162276,0.000442771751162276,0.000442771751162276,0,0.000442771751162276,0,0.00132831525348683,0.00132831525348683,0.00132831525348683,0.00132831525348683,"nonsyn","nonsyn","nonsyn",4.58e-06,8.37e-07,4.33e-07,4.33e-07,"0.005171965","0.0009779305","0.0018903645","1","S","S","F","Y","C",1,1,1,0,0,0,0
"6108",6371,4544,4544,"c","c","t","t",0.00132042253521127,0.00132042253521127,0.000220070422535211,0.000220070422535211,0.000220070422535211,0,0.000220070422535211,0,0.00154049295774648,0.00154049295774648,0.00154049295774648,0.00154049295774648,"syn","syn","syn",4.58e-06,8.37e-07,4.33e-07,4.33e-07,"0.00346858666666666","0.001967552","0.003803328","1","S","S","S","S","S",0,0,0,0,1,0,1
"6109",6372,4544,4544,"t","t","c","c",0.00440140845070423,0.00440140845070423,0.00242077464788732,0.00242077464788732,0.00132042253521127,0.00110035211267606,0.00132042253521127,0.00110035211267606,0.00682218309859155,0.00682218309859155,0.00682218309859155,0.00682218309859155,"nonsyn","nonsyn","nonsyn",1.7e-05,1.07e-06,1.21e-06,1.21e-06,"0.0038624","0.000499840000000001","0.000810346666666665","0.001099648","C","C","R","S","G",1,1,0,1,1,0,1
"6110",6373,4514,4514,"g","g","a","a",0.00177226406734603,0.00177226406734603,0.000221533008418254,0.000221533008418254,0.000221533008418254,0,0.000221533008418254,0,0.00199379707576429,0.00199379707576429,0.00199379707576429,0.00199379707576429,"nonsyn","nonsyn","nonsyn",4.2e-06,5.36e-07,1.17e-06,1.17e-06,"0.00236985000000001","0.00528138000000001","0.002419504","1","C","C","Y","S","F",1,1,1,0,0,0,0
"6111",6374,4519,4519,"c","c","t","t",0.00221287895552113,0.00221287895552113,0.000221287895552113,0.000221287895552113,0,0.000221287895552113,0,0.000221287895552113,0.00243416685107325,0.00243416685107325,0.00243416685107325,0.00243416685107325,"syn","stop","nonsyn",4.58e-06,8.37e-07,4.33e-07,4.33e-07,"0.002069702","0.001956727","1","0.001956727","C","C","C","*","W",0,1,1,0,0,0,0
"6112",6375,4517,4517,"c","c","t","t",0.0017710870046491,0.0017710870046491,0.000442771751162276,0.000442771751162276,0.000221385875581138,0.000221385875581138,0.000221385875581138,0.000221385875581138,0.00221385875581138,0.00221385875581138,0.00221385875581138,0.00221385875581138,"stop","nonsyn","nonsyn",4.58e-06,8.37e-07,4.33e-07,4.33e-07,"0.00258598250000001","0.0009779305","0.003780729","0.001955861","Q","Q","*","K","E",1,1,1,0,1,0,1
"6113",6376,4521,4521,"a","a","g","g",0.0050873700508737,0.0050873700508737,0.0378234903782349,0.0378234903782349,0.0369387303693873,0.0008847600088476,0.0369387303693873,0.0008847600088476,0.0429108604291086,0.0429108604291086,0.0429108604291086,0.0429108604291086,"nonsyn","nonsyn","nonsyn",1.77e-05,1.76e-06,1.7e-06,1.7e-06,"0.00347920434782609","4.49456140350877e-05","4.76464670658683e-05","0.001921425","Q","Q","R","P","L",1,1,1,1,1,1,0
"6114",6377,4528,4528,"g","g","a","a",0.00132508833922261,0.00132508833922261,0.00088339222614841,0.00088339222614841,0,0.00088339222614841,0,0.00088339222614841,0.00220848056537102,0.00220848056537102,0.00220848056537102,0.00220848056537102,"syn","nonsyn","nonsyn",4.2e-06,5.36e-07,1.17e-06,1.17e-06,"0.00316960000000001","0.00132444","1","0.00132444","Q","Q","Q","H","H",0,1,1,0,0,0,0
"6115",6378,4513,4513,"c","c","t","t",0.00199423886549967,0.00199423886549967,0,0,0,0,0,0,0.00199423886549967,0.00199423886549967,0.00199423886549967,0.00199423886549967,"nonsyn","nonsyn","nonsyn",4.58e-06,8.37e-07,4.33e-07,4.33e-07,"0.00229661555555555","1","1","1","R","R","C","S","G",1,1,1,0,0,0,0
"6116",6379,4502,4502,"g","g","a","a",0.00111061750333185,0.00111061750333185,0.000444247001332741,0.000444247001332741,0,0.000444247001332741,0,0.000444247001332741,0.00155486450466459,0.00155486450466459,0.00155486450466459,0.00155486450466459,"nonsyn","nonsyn","nonsyn",4.2e-06,5.36e-07,1.17e-06,1.17e-06,"0.00378168000000001","0.00263367","1","0.00263367","R","R","H","P","L",0,1,1,0,0,0,0
"6117",6380,4504,4504,"c","c","t","t",0.0033303730017762,0.0033303730017762,0.00066607460035524,0.00066607460035524,0,0.00066607460035524,0,0.00066607460035524,0.00399644760213144,0.00399644760213144,0.00399644760213144,0.00399644760213144,"syn","syn","syn",4.58e-06,8.37e-07,4.33e-07,4.33e-07,"0.00137522133333333","0.000650077333333333","1","0.000650077333333333","R","R","R","R","R",0,0,0,0,0,0,0
"6118",6381,4488,4488,"g","g","a","a",0.00467914438502674,0.00467914438502674,0.000222816399286988,0.000222816399286988,0,0.000222816399286988,0,0.000222816399286988,0.00490196078431373,0.00490196078431373,0.00490196078431373,0.00490196078431373,"nonsyn","nonsyn","nonsyn",4.2e-06,5.36e-07,1.17e-06,1.17e-06,"0.000897599999999999","0.00525095999999999","1","0.00525095999999999","G","G","R","R","W",1,1,1,0,1,1,0
"6119",6382,4483,4483,"g","g","a","a",0.00267677894267232,0.00267677894267232,0.00044612982377872,0.00044612982377872,0,0.00044612982377872,0,0.00044612982377872,0.00312290876645104,0.00312290876645104,0.00312290876645104,0.00312290876645104,"nonsyn","nonsyn","nonsyn",4.2e-06,5.36e-07,1.17e-06,1.17e-06,"0.00156905","0.002622555","1","0.002622555","G","G","E","A","V",1,1,1,0,1,1,0
"6120",6383,4485,4485,"g","g","a","a",0.00156075808249721,0.00156075808249721,0,0,0,0,0,0,0.00156075808249721,0.00156075808249721,0.00156075808249721,0.00156075808249721,"syn","syn","syn",4.2e-06,5.36e-07,1.17e-06,1.17e-06,"0.002691","1","1","1","G","G","G","G","G",0,0,0,0,0,0,0
"6121",6384,4371,4372,"t","t","c","c",0.0022878059940517,0.0022878059940517,0.00022878059940517,0.00022878059940517,0.00022878059940517,0,0.00022878059940517,0,0.00251658659345687,0.00251658659345687,0.002516010978957,0.002516010978957,"nonsyn","nonsyn","nonsyn",1.7e-05,1.07e-06,1.21e-06,1.21e-06,"0.00743070000000001","0.00528891000000001","0.00467697000000001","1","Y","Y","H","N","D",1,1,1,0,0,0,0
"6122",6385,4405,4405,"a","a","g","g",0.00317820658342792,0.00317820658342792,0,0,0,0,0,0,0.00317820658342792,0.00317820658342792,0.00317820658342792,0.00317820658342792,"nonsyn","nonsyn","nonsyn",1.77e-05,1.76e-06,1.7e-06,1.7e-06,"0.00556917857142858","1","1","1","Y","Y","C","S","F",1,1,0,0,0,0,0
"6123",6386,4338,4338,"t","t","c","c",0.000922083909635777,0.000922083909635777,0,0,0,0,0,0,0.000922083909635777,0.000922083909635777,0.000922083909635777,0.000922083909635777,"syn","stop","stop",1.7e-05,1.07e-06,1.21e-06,1.21e-06,"0.0184365","1","1","1","Y","Y","Y","*","*",0,1,1,0,0,0,0
"6124",6387,4363,4370,"a","a","g","g",0.00275040110016044,0.00275040110016044,0.00068760027504011,0.00068760027504011,0.000229200091680037,0.000458400183360073,0.000229200091680037,0.000458400183360073,0.00343800137520055,0.00343800137520055,0.0034324942791762,0.0034324942791762,"nonsyn","syn","nonsyn",1.77e-05,1.76e-06,1.7e-06,1.7e-06,"0.006435425","0.00247236666666667","0.00767887999999999","0.00370855","K","R","G","R","W",1,0,1,0,1,1,0
"6125",6388,4344,4346,"a","g","g","a",0.00230202578268877,0.996546961325967,0.00115101289134438,0.00115101289134438,0.000230202578268877,0.000920810313075506,0.000230202578268877,0.000920810313075506,0.00345303867403315,0.997697974217311,0.00345144960883571,0.997238840312931,"nonsyn","nonsyn","nonsyn",4.2e-06,5.36e-07,1.17e-06,1.17e-06,"4.21455301455301e-06","0.001016496","0.002328384","0.00127062","K","R","K","T","M",0,1,1,0,1,1,0
"6126",6389,4304,4312,"g","g","a","a",0.00139405204460967,0.00139405204460967,0.000464684014869888,0.000464684014869888,0,0.000464684014869888,0,0.000464684014869888,0.00185873605947955,0.00185873605947955,0.00185528756957328,0.00185528756957328,"syn","nonsyn","nonsyn",4.2e-06,5.36e-07,1.17e-06,1.17e-06,"0.00301279999999999","0.00251784","1","0.00251784","K","R","R","S","S",0,1,1,0,1,1,0
"6127",6390,4313,4314,"g","g","a","a",0.00486900069557153,0.00486900069557153,0.000463714351959193,0.000463714351959193,0,0.000463714351959193,0,0.000463714351959193,0.00533271504753072,0.00533271504753072,0.00533147890588781,0.00533147890588781,"nonsyn","nonsyn","nonsyn",4.2e-06,5.36e-07,1.17e-06,1.17e-06,"0.000862599999999999","0.002523105","1","0.002523105","G","G","R","R","W",1,1,1,0,1,1,0
"6128",6391,4299,4299,"g","g","a","a",0.00116306117701791,0.00116306117701791,0.00116306117701791,0.00116306117701791,0.000232612235403582,0.000930448941614329,0.000232612235403582,0.000930448941614329,0.00232612235403582,0.00232612235403582,0.00232612235403582,0.00232612235403582,"nonsyn","nonsyn","nonsyn",4.2e-06,5.36e-07,1.17e-06,1.17e-06,"0.00361116","0.001005966","0.002304264","0.0012574575","G","G","E","A","V",1,1,1,0,1,1,0
"6129",6392,4288,4288,"g","g","a","a",0.00186567164179104,0.00186567164179104,0.000699626865671642,0.000699626865671642,0,0.000699626865671642,0,0.000699626865671642,0.00256529850746269,0.00256529850746269,0.00256529850746269,0.00256529850746269,"syn","syn","syn",4.2e-06,5.36e-07,1.17e-06,1.17e-06,"0.00225120000000001","0.00167232","1","0.00167232","G","G","G","G","G",0,0,0,0,1,1,0
"6130",6393,4289,4289,"g","g","a","a",0.000932618325950105,0.000932618325950105,0.000233154581487526,0.000233154581487526,0,0.000233154581487526,0,0.000233154581487526,0.00116577290743763,0.00116577290743763,0.00116577290743763,0.00116577290743763,"nonsyn","nonsyn","nonsyn",4.2e-06,5.36e-07,1.17e-06,1.17e-06,"0.00450345","0.00501813000000001","1","0.00501813000000001","V","V","I","L","F",0,0,0,0,0,0,0
"6131",6394,4295,4295,"t","t","c","c",0.00372526193247963,0.00372526193247963,0.000465657741559953,0.000465657741559953,0.000465657741559953,0,0.000465657741559953,0,0.00419091967403958,0.00419091967403958,0.00419091967403958,0.00419091967403958,"nonsyn","nonsyn","nonsyn",1.7e-05,1.07e-06,1.21e-06,1.21e-06,"0.0045634375","0.002598475","0.002297825","1","V","V","A","D","G",0,1,1,0,0,0,0
"6132",6395,4309,4309,"c","c","t","t",0.000464144813181713,0.000464144813181713,0.000232072406590856,0.000232072406590856,0.000232072406590856,0,0.000232072406590856,0,0.000696217219772569,0.000696217219772569,0.000696217219772569,0.000696217219772569,"syn","syn","syn",4.58e-06,8.37e-07,4.33e-07,4.33e-07,"0.00986760999999999","0.001865797","0.00360663300000001","1","V","V","V","V","V",0,0,0,0,0,0,0
"6133",6396,4365,4365,"t","t","c","c",0.00435280641466208,0.00435280641466208,0.0011454753722795,0.0011454753722795,0.000916380297823597,0.000229095074455899,0.000916380297823597,0.000229095074455899,0.00549828178694158,0.00549828178694158,0.00549828178694158,0.00549828178694158,"nonsyn","nonsyn","nonsyn",1.7e-05,1.07e-06,1.21e-06,1.21e-06,"0.00390552631578948","0.00105633","0.0011676375","0.00528165","W","W","R","R","G",1,1,1,1,1,0,1
"6134",6397,4379,4379,"g","g","a","a",0.00251198903859329,0.00251198903859329,0.000456725279744234,0.000456725279744234,0,0.000456725279744234,0,0.000456725279744234,0.00296871431833752,0.00296871431833752,0.00296871431833752,0.00296871431833752,"stop","nonsyn","nonsyn",4.2e-06,5.36e-07,1.17e-06,1.17e-06,"0.00167198181818182","0.002561715","1","0.002561715","W","W","*","S","L",1,1,0,0,1,1,0
"6135",6398,4378,4378,"g","g","a","a",0.00182731841023298,0.00182731841023298,0,0,0,0,0,0,0.00182731841023298,0.00182731841023298,0.00182731841023298,0.00182731841023298,"stop","nonsyn","nonsyn",4.2e-06,5.36e-07,1.17e-06,1.17e-06,"0.00229845","1","1","1","W","W","*","C","C",1,1,1,0,0,0,0
"6136",6399,4354,4354,"c","c","t","t",0.00344510794671566,0.00344510794671566,0.000229673863114378,0.000229673863114378,0.000229673863114378,0,0.000229673863114378,0,0.00367478180983004,0.00367478180983004,0.00367478180983004,0.00367478180983004,"stop","syn","nonsyn",4.58e-06,8.37e-07,4.33e-07,4.33e-07,"0.00132942133333333","0.001885282","0.00364429799999999","1","R","R","*","R","G",1,0,1,0,0,0,0
"6137",6400,4353,4353,"g","g","a","a",0.00114863312657937,0.00114863312657937,0.000689179875947622,0.000689179875947622,0,0.000689179875947622,0,0.000689179875947622,0.00183781300252699,0.00183781300252699,0.00183781300252699,0.00183781300252699,"nonsyn","nonsyn","nonsyn",4.2e-06,5.36e-07,1.17e-06,1.17e-06,"0.00365652","0.00169767","1","0.00169767","R","R","Q","P","L",1,1,1,0,0,0,0
"6138",6401,4319,4319,"a","a","g","g",0.00185228062051401,0.00185228062051401,0,0,0,0,0,0,0.00185228062051401,0.00185228062051401,0.00185228062051401,0.00185228062051401,"syn","syn","syn",1.77e-05,1.76e-06,1.7e-06,1.7e-06,"0.00955578749999999","1","1","1","R","R","R","R","R",0,0,0,0,1,1,0
"6139",6402,4320,4320,"g","g","a","a",0.000694444444444444,0.000694444444444444,0.000231481481481481,0.000231481481481481,0,0.000231481481481481,0,0.000231481481481481,0.000925925925925926,0.000925925925925926,0.000925925925925926,0.000925925925925926,"nonsyn","nonsyn","stop",4.2e-06,5.36e-07,1.17e-06,1.17e-06,"0.006048","0.00505440000000001","1","0.00505440000000001","A","G","R","R","*",1,1,1,0,1,1,0
"6140",6403,4319,4319,"c","g","t","a",0.00370456124102802,0.000463070155128502,0.000463070155128502,0.999536929844872,0.000463070155128502,0,0.995832368603843,0.00370456124102802,0.00416763139615652,1,0.00416763139615652,1,"nonsyn","nonsyn","nonsyn",4.2e-06,5.36e-07,1.17e-06,1.17e-06,"0.0090699","1.17054204308548e-06","5.38243199255987e-07","0.000315826875","A","G","E","A","V",1,1,1,0,0,0,0
"6141",6404,4348,4348,"g","a","a","g",0.00114995400183993,0.99885004599816,0,0,0,0,0,0,0.00114995400183993,0.99885004599816,0.00114995400183993,0.99885004599816,"syn","syn","syn",1.77e-05,1.76e-06,1.7e-06,1.7e-06,"1.77203776191573e-05","1","1","1","A","G","G","G","G",0,0,0,0,1,1,0
"6142",6405,4342,4342,"g","g","a","a",0.00138185168125288,0.00138185168125288,0.000230308613542146,0.000230308613542146,0,0.000230308613542146,0,0.000230308613542146,0.00161216029479503,0.00161216029479503,0.00161216029479503,0.00161216029479503,"nonsyn","nonsyn","nonsyn",4.2e-06,5.36e-07,1.17e-06,1.17e-06,"0.0030394","0.00508014000000001","1","0.00508014000000001","D","D","N","H","Y",1,1,1,0,0,0,0
"6143",6406,4325,4325,"a","a","g","g",0.00485549132947977,0.00485549132947977,0.00092485549132948,0.00092485549132948,0.00023121387283237,0.00069364161849711,0.00023121387283237,0.00069364161849711,0.00578034682080925,0.00578034682080925,0.00578034682080925,0.00578034682080925,"nonsyn","nonsyn","nonsyn",1.77e-05,1.76e-06,1.7e-06,1.7e-06,"0.00364535714285714","0.001838125","0.007612","0.00245083333333333","D","D","G","A","V",1,1,1,0,0,0,0
"6144",6407,4337,4337,"c","c","t","t",0.00368918607332257,0.00368918607332257,0.000461148259165322,0.000461148259165322,0.000230574129582661,0.000230574129582661,0.000230574129582661,0.000230574129582661,0.0041503343324879,0.0041503343324879,0.0041503343324879,0.0041503343324879,"syn","nonsyn","nonsyn",4.58e-06,8.37e-07,4.33e-07,4.33e-07,"0.00124146625","0.000938960499999999","0.003630069","0.001877921","D","D","D","E","E",0,0,0,0,0,0,0
"6145",6408,4347,4347,"g","g","a","a",0.00299056820795951,0.00299056820795951,0.000230043708304578,0.000230043708304578,0,0.000230043708304578,0,0.000230043708304578,0.00322061191626409,0.00322061191626409,0.00322061191626409,0.00322061191626409,"nonsyn","nonsyn","nonsyn",4.2e-06,5.36e-07,1.17e-06,1.17e-06,"0.00140441538461539","0.00508599","1","0.00508599","G","G","S","R","C",1,1,0,0,1,1,0
"6146",6409,4377,4377,"g","g","a","a",0.00297007082476582,0.00297007082476582,0,0,0,0,0,0,0.00297007082476582,0.00297007082476582,0.00297007082476582,0.00297007082476582,"nonsyn","nonsyn","nonsyn",4.2e-06,5.36e-07,1.17e-06,1.17e-06,"0.00141410769230769","1","1","1","G","G","D","A","V",1,1,1,0,0,0,0
"6147",6410,4382,4382,"c","c","t","t",0.00182565038795071,0.00182565038795071,0.000228206298493838,0.000228206298493838,0.000228206298493838,0,0.000228206298493838,0,0.00205385668644455,0.00205385668644455,0.00205385668644455,0.00205385668644455,"syn","syn","syn",4.58e-06,8.37e-07,4.33e-07,4.33e-07,"0.002508695","0.001897406","0.00366773400000001","1","G","G","G","G","G",0,0,0,0,0,0,0
"6148",6411,4407,4407,"a","a","g","g",0.00476514635806671,0.00476514635806671,0.00068073519400953,0.00068073519400953,0.00022691173133651,0.00045382346267302,0.00022691173133651,0.00045382346267302,0.00544588155207624,0.00544588155207624,0.00544588155207624,0.00544588155207624,"nonsyn","nonsyn","nonsyn",1.77e-05,1.76e-06,1.7e-06,1.7e-06,"0.00371447142857143","0.0024973","0.00775632","0.00374595","I","I","V","L","F",0,0,0,1,0,0,0
"6149",6412,4409,4409,"t","t","c","c",0.00521660240417328,0.00521660240417328,0,0,0,0,0,0,0.00521660240417328,0.00521660240417328,0.00521660240417328,0.00521660240417328,"nonsyn","nonsyn","nonsyn",1.7e-05,1.07e-06,1.21e-06,1.21e-06,"0.00325882608695652","1","1","1","I","I","T","N","S",1,1,1,0,0,0,0
"6150",6413,4408,4408,"c","t","t","c",0.000453720508166969,0.999546279491833,0,0,0,0,0,0,0.000453720508166969,0.999546279491833,0.000453720508166969,0.999546279491833,"syn","syn","nonsyn",1.7e-05,1.07e-06,1.21e-06,1.21e-06,"1.70077167498865e-05","1","1","1","I","I","I","I","M",0,0,0,0,0,0,0
"6151",6414,4459,4459,"a","a","g","g",0.00201838977349181,0.00201838977349181,0.000448531060775959,0.000448531060775959,0.000448531060775959,0,0.000448531060775959,0,0.00246692083426777,0.00246692083426777,0.00246692083426777,0.00246692083426777,"nonsyn","nonsyn","nonsyn",1.77e-05,1.76e-06,1.7e-06,1.7e-06,"0.00876936666666669","0.00379015","0.00392392","1","M","M","V","L","L",0,0,0,0,0,0,0
"6152",6415,4403,4403,"t","t","c","c",0.00386100386100386,0.00386100386100386,0.000681353622530093,0.000681353622530093,0.000681353622530093,0,0.000681353622530093,0,0.00454235748353395,0.00454235748353395,0.00454235748353395,0.00454235748353395,"nonsyn","nonsyn","nonsyn",1.7e-05,1.07e-06,1.21e-06,1.21e-06,"0.004403","0.00177587666666667","0.00157040333333333","1","M","M","T","K","R",1,1,1,1,0,0,0
"6153",6416,4430,4430,"g","g","a","a",0.00293453724604966,0.00293453724604966,0,0,0,0,0,0,0.00293453724604966,0.00293453724604966,0.00293453724604966,0.00293453724604966,"nonsyn","nonsyn","nonsyn",4.2e-06,5.36e-07,1.17e-06,1.17e-06,"0.00143123076923077","1","1","1","M","M","I","I","I",0,0,0,0,0,0,0
"6154",6417,4403,4403,"c","c","t","t",0.00499659323188735,0.00499659323188735,0.000681353622530093,0.000681353622530093,0.000227117874176698,0.000454235748353395,0.000227117874176698,0.000454235748353395,0.00567794685441744,0.00567794685441744,0.00567794685441744,0.00567794685441744,"nonsyn","nonsyn","nonsyn",4.58e-06,8.37e-07,4.33e-07,4.33e-07,"0.000916624545454545","0.000635499666666667","0.00368531099999999","0.000953249500000001","H","H","Y","N","D",1,1,1,0,0,0,0
"6155",6418,4360,4360,"a","a","g","g",0.00504587155963303,0.00504587155963303,0.000917431192660551,0.000917431192660551,0.000229357798165138,0.000688073394495413,0.000229357798165138,0.000688073394495413,0.00596330275229358,0.00596330275229358,0.00596330275229358,0.00596330275229358,"nonsyn","nonsyn","nonsyn",1.77e-05,1.76e-06,1.7e-06,1.7e-06,"0.00350781818181818","0.001853","0.00767359999999999","0.00247066666666667","H","H","R","P","L",0,1,1,1,0,0,0
"6156",6419,4321,4321,"c","c","t","t",0.00231427910205971,0.00231427910205971,0.000231427910205971,0.000231427910205971,0.000231427910205971,0,0.000231427910205971,0,0.00254570701226568,0.00254570701226568,0.00254570701226568,0.00254570701226568,"syn","nonsyn","nonsyn",4.58e-06,8.37e-07,4.33e-07,4.33e-07,"0.001979018","0.001870993","0.003616677","1","H","H","H","Q","Q",0,1,1,0,0,0,0
"6157",6420,4251,4251,"a","a","g","g",0.00164667137144201,0.00164667137144201,0.000705716302046577,0.000705716302046577,0.000470477534697718,0.000235238767348859,0.000470477534697718,0.000235238767348859,0.00235238767348859,0.00235238767348859,0.00235238767348859,0.00235238767348859,"nonsyn","nonsyn","nonsyn",1.77e-05,1.76e-06,1.7e-06,1.7e-06,"0.0107489571428572","0.0024089","0.00374088","0.0072267","T","T","A","P","S",1,1,0,1,0,0,0
"6158",6421,4268,4268,"c","c","t","t",0.00117150890346767,0.00117150890346767,0,0,0,0,0,0,0.00117150890346767,0.00117150890346767,0.00117150890346767,0.00117150890346767,"nonsyn","nonsyn","nonsyn",4.58e-06,8.37e-07,4.33e-07,4.33e-07,"0.00390948799999999","1","1","1","T","T","I","N","S",1,0,0,0,0,0,0
"6159",6422,4215,4215,"t","t","c","c",0.00284697508896797,0.00284697508896797,0.000948991696322657,0.000948991696322657,0.000711743772241993,0.000237247924080664,0.000711743772241993,0.000237247924080664,0.00379596678529063,0.00379596678529063,0.00379596678529063,0.00379596678529063,"syn","syn","syn",1.7e-05,1.07e-06,1.21e-06,1.21e-06,"0.00597125","0.0012750375","0.00150335","0.00510015000000001","T","T","T","T","T",0,0,0,0,1,0,1
"6160",6423,4219,4219,"c","c","t","t",0.00165916093861105,0.00165916093861105,0.000711068973690448,0.000711068973690448,0.000474045982460299,0.000237022991230149,0.000474045982460299,0.000237022991230149,0.00237022991230149,0.00237022991230149,0.00237022991230149,0.00237022991230149,"nonsyn","nonsyn","nonsyn",4.58e-06,8.37e-07,4.33e-07,4.33e-07,"0.00276043142857142","0.000608942333333333","0.0017656515","0.001826827","R","R","C","S","G",1,1,1,0,0,0,0
"6161",6424,4227,4227,"g","g","a","a",0.00260231842914597,0.00260231842914597,0.000236574402649633,0.000236574402649633,0.000236574402649633,0,0.000236574402649633,0,0.0028388928317956,0.0028388928317956,0.0028388928317956,0.0028388928317956,"nonsyn","nonsyn","nonsyn",4.2e-06,5.36e-07,1.17e-06,1.17e-06,"0.00161394545454545","0.00494559000000001","0.002265672","1","R","R","H","P","L",0,1,1,0,0,0,0
"6162",6425,4206,4206,"c","c","t","t",0.0014265335235378,0.0014265335235378,0,0,0,0,0,0,0.0014265335235378,0.0014265335235378,0.0014265335235378,0.0014265335235378,"syn","syn","syn",4.58e-06,8.37e-07,4.33e-07,4.33e-07,"0.00321058000000001","1","1","1","R","R","R","R","R",0,0,0,0,0,0,0
"6163",6426,4230,4230,"t","t","c","c",0.00472813238770686,0.00472813238770686,0.00189125295508274,0.00189125295508274,0.0016548463356974,0.000236406619385343,0.0016548463356974,0.000236406619385343,0.0066193853427896,0.0066193853427896,0.0066193853427896,0.0066193853427896,"nonsyn","nonsyn","nonsyn",1.7e-05,1.07e-06,1.21e-06,1.21e-06,"0.0035955","0.000639787500000001","0.000646585714285714","0.0051183","C","C","R","S","G",1,1,0,1,1,0,1
"6164",6427,4241,4241,"g","g","a","a",0.00282952133930677,0.00282952133930677,0.000707380334826692,0.000707380334826692,0,0.000707380334826692,0,0.000707380334826692,0.00353690167413346,0.00353690167413346,0.00353690167413346,0.00353690167413346,"nonsyn","nonsyn","nonsyn",4.2e-06,5.36e-07,1.17e-06,1.17e-06,"0.00148435","0.00165399","1","0.00165399","C","C","Y","S","F",1,1,1,0,0,0,0
"6165",6428,4243,4244,"c","c","t","t",0.00164977610181475,0.00164977610181475,0,0,0,0,0,0,0.00164977610181475,0.00164977610181475,0.00164938737040528,0.00164938737040528,"syn","stop","nonsyn",4.58e-06,8.37e-07,4.33e-07,4.33e-07,"0.00277613428571429","1","1","1","C","C","C","*","W",0,1,1,0,0,0,0
"6166",6429,4350,4350,"c","c","t","t",0.00137931034482759,0.00137931034482759,0.000459770114942529,0.000459770114942529,0.000459770114942529,0,0.000459770114942529,0,0.00183908045977011,0.00183908045977011,0.00183908045977011,0.00183908045977011,"nonsyn","nonsyn","nonsyn",4.58e-06,8.37e-07,4.33e-07,4.33e-07,"0.00332049999999999","0.000941775","0.001820475","1","H","H","Y","N","D",1,1,1,0,1,0,1
"6167",6430,4390,4390,"a","a","g","g",0.00706150341685649,0.00706150341685649,0.0646924829157175,0.0646924829157175,0.0635535307517084,0.00113895216400911,0.0635535307517084,0.00113895216400911,0.071753986332574,0.071753986332574,0.071753986332574,0.071753986332574,"nonsyn","nonsyn","nonsyn",1.77e-05,1.76e-06,1.7e-06,1.7e-06,"0.00250654838709678","2.62781690140845e-05","2.76931899641577e-05","0.0014926","H","H","R","P","L",0,1,1,1,0,0,0
"6168",6431,4421,4421,"c","c","t","t",0.000904772675865189,0.000904772675865189,0,0,0,0,0,0,0.000904772675865189,0.000904772675865189,0.000904772675865189,0.000904772675865189,"syn","nonsyn","nonsyn",4.58e-06,8.37e-07,4.33e-07,4.33e-07,"0.005062045","1","1","1","H","H","H","Q","Q",0,1,1,0,0,0,0
"6169",6432,4392,4392,"t","t","c","c",0.00318761384335155,0.00318761384335155,0.00182149362477231,0.00182149362477231,0.00182149362477231,0,0.00182149362477231,0,0.00500910746812386,0.00500910746812386,0.00500910746812386,0.00500910746812386,"nonsyn","nonsyn","nonsyn",1.7e-05,1.07e-06,1.21e-06,1.21e-06,"0.00533314285714285","0.000664290000000001","0.000587430000000001","1","C","C","R","S","G",1,1,0,1,1,0,1
"6170",6433,4432,4432,"g","g","a","a",0.000676895306859206,0.000676895306859206,0.000225631768953069,0.000225631768953069,0,0.000225631768953069,0,0.000225631768953069,0.000902527075812274,0.000902527075812274,0.000902527075812274,0.000902527075812274,"nonsyn","nonsyn","nonsyn",4.2e-06,5.36e-07,1.17e-06,1.17e-06,"0.0062048","0.00518543999999999","1","0.00518543999999999","C","C","Y","S","F",1,1,1,0,0,0,0
"6171",6434,4473,4473,"t","t","c","c",0.00558909009613235,0.00558909009613235,0.000447127207690588,0.000447127207690588,0.000447127207690588,0,0.000447127207690588,0,0.00603621730382294,0.00603621730382294,0.00603621730382294,0.00603621730382294,"syn","stop","nonsyn",1.7e-05,1.07e-06,1.21e-06,1.21e-06,"0.00304164","0.002706165","0.002393055","1","C","C","C","*","W",0,1,1,1,0,0,0
"6172",6435,4445,4446,"g","g","a","a",0.000224971878515186,0.000224971878515186,0.000224971878515186,0.000224971878515186,0.000224971878515186,0,0.000224971878515186,0,0.000449943757030371,0.000449943757030371,0.000449842555105713,0.000449842555105713,"nonsyn","nonsyn","stop",4.2e-06,5.36e-07,1.17e-06,1.17e-06,"0.018669","0.00520064999999999","0.00238252","1","G","G","R","R","*",1,1,1,0,1,1,0
"6173",6436,4473,4473,"g","g","a","a",0.000670690811535882,0.000670690811535882,0.000670690811535882,0.000670690811535882,0,0.000670690811535882,0,0.000670690811535882,0.00134138162307176,0.00134138162307176,0.00134138162307176,0.00134138162307176,"nonsyn","nonsyn","nonsyn",4.2e-06,5.36e-07,1.17e-06,1.17e-06,"0.0062622","0.00174447","1","0.00174447","G","G","E","A","V",1,1,1,0,0,0,0
"6174",6437,4397,4397,"a","a","g","g",0.00545826700022743,0.00545826700022743,0.000454855583352286,0.000454855583352286,0,0.000454855583352286,0,0.000454855583352286,0.00591312258357971,0.00591312258357971,0.00591312258357971,0.00591312258357971,"syn","syn","syn",1.77e-05,1.76e-06,1.7e-06,1.7e-06,"0.0032427875","0.00373745","1","0.00373745","G","G","G","G","G",0,0,0,0,1,1,0
"6175",6438,4411,4411,"g","g","a","a",0.00249376558603491,0.00249376558603491,0,0,0,0,0,0,0.00249376558603491,0.00249376558603491,0.00249376558603491,0.00249376558603491,"nonsyn","nonsyn","nonsyn",4.2e-06,5.36e-07,1.17e-06,1.17e-06,"0.0016842","1","1","1","A","A","T","P","S",1,1,1,0,0,0,0
"6176",6439,4463,4463,"c","c","t","t",0.00201658077526328,0.00201658077526328,0,0,0,0,0,0,0.00201658077526328,0.00201658077526328,0.00201658077526328,0.00201658077526328,"nonsyn","nonsyn","nonsyn",4.58e-06,8.37e-07,4.33e-07,4.33e-07,"0.00227117111111111","1","1","1","A","A","V","D","G",0,1,1,0,0,0,0
"6177",6440,4401,4401,"t","t","c","c",0.0904339922744831,0.0904339922744831,0.00204498977505112,0.00204498977505112,0.00159054760281754,0.000454442172233583,0.00159054760281754,0.000454442172233583,0.0924789820495342,0.0924789820495342,0.0924789820495342,0.0924789820495342,"syn","syn","syn",1.7e-05,1.07e-06,1.21e-06,1.21e-06,"0.000187982412060301","0.000591690000000001","0.000672724285714286","0.002662605","A","A","A","A","A",0,0,0,1,1,0,1
"6178",6441,4435,4435,"g","g","a","a",0.00112739571589628,0.00112739571589628,0,0,0,0,0,0,0.00112739571589628,0.00112739571589628,0.00112739571589628,0.00112739571589628,"nonsyn","nonsyn","stop",4.2e-06,5.36e-07,1.17e-06,1.17e-06,"0.0037254","1","1","1","E","E","K","Q","*",1,1,1,0,0,0,0
"6179",6442,4386,4386,"a","a","g","g",0.00364797081623347,0.00364797081623347,0.000227998176014592,0.000227998176014592,0,0.000227998176014592,0,0.000227998176014592,0.00387596899224806,0.00387596899224806,0.00387596899224806,0.00387596899224806,"nonsyn","nonsyn","nonsyn",1.77e-05,1.76e-06,1.7e-06,1.7e-06,"0.0048520125","0.0074562","1","0.0074562","E","E","G","A","V",1,1,1,0,1,1,0
"6180",6443,4415,4415,"g","g","a","a",0.00203850509626274,0.00203850509626274,0,0,0,0,0,0,0.00203850509626274,0.00203850509626274,0.00203850509626274,0.00203850509626274,"syn","nonsyn","nonsyn",4.2e-06,5.36e-07,1.17e-06,1.17e-06,"0.00206033333333333","1","1","1","E","E","E","D","D",0,0,0,0,0,0,0
"6181",6444,4394,4394,"a","a","g","g",0.00341374601729631,0.00341374601729631,0,0,0,0,0,0,0.00341374601729631,0.00341374601729631,0.00341374601729631,0.00341374601729631,"nonsyn","nonsyn","nonsyn",1.77e-05,1.76e-06,1.7e-06,1.7e-06,"0.00518492000000001","1","1","1","I","I","V","L","F",0,0,0,0,0,0,0
"6182",6445,4382,4382,"t","t","c","c",0.00410771337288909,0.00410771337288909,0.000456412596987677,0.000456412596987677,0.000228206298493838,0.000228206298493838,0.000228206298493838,0.000228206298493838,0.00456412596987677,0.00456412596987677,0.00456412596987677,0.00456412596987677,"nonsyn","nonsyn","nonsyn",1.7e-05,1.07e-06,1.21e-06,1.21e-06,"0.00413855555555556","0.00265111","0.00468874000000001","0.00530222000000001","I","I","T","N","S",1,1,1,0,0,0,0
"6183",6446,4461,4461,"c","c","t","t",0.000896659941717104,0.000896659941717104,0.000224164985429276,0.000224164985429276,0.000224164985429276,0,0.000224164985429276,0,0.00112082492714638,0.00112082492714638,0.00112082492714638,0.00112082492714638,"syn","syn","nonsyn",4.58e-06,8.37e-07,4.33e-07,4.33e-07,"0.005107845","0.001931613","0.003733857","1","I","I","I","I","M",0,0,0,0,0,0,0
"6184",6447,4439,4439,"a","a","g","g",0.00292858751971165,0.00292858751971165,0.000675827889164226,0.000675827889164226,0.000225275963054742,0.000450551926109484,0.000225275963054742,0.000450551926109484,0.00360441540887587,0.00360441540887587,0.00360441540887587,0.00360441540887587,"nonsyn","nonsyn","nonsyn",1.77e-05,1.76e-06,1.7e-06,1.7e-06,"0.00604386923076922","0.00251543333333333","0.00781264","0.00377315","T","T","A","P","S",1,1,0,1,0,0,0
"6185",6448,4466,4466,"c","c","t","t",0.00268696820420958,0.00268696820420958,0.000447828034034931,0.000447828034034931,0,0.000447828034034931,0,0.000447828034034931,0.00313479623824451,0.00313479623824451,0.00313479623824451,0.00313479623824451,"nonsyn","nonsyn","nonsyn",4.58e-06,8.37e-07,4.33e-07,4.33e-07,"0.00170452333333334","0.000966888999999999","1","0.000966888999999999","T","T","I","N","S",1,0,0,0,0,0,0
"6186",6449,4298,4299,"t","t","c","c",0.062354583527222,0.062354583527222,0.000930665425779432,0.000930665425779432,0.000930665425779432,0,0.000930665425779432,0,0.0632852489530014,0.0632852489530014,0.0632705280297744,0.0632705280297744,"syn","syn","syn",1.7e-05,1.07e-06,1.21e-06,1.21e-06,"0.000272634328358209","0.001300145","0.001149715","1","T","T","T","T","T",0,0,0,1,1,0,1
"6187",6450,4397,4397,"g","g","a","a",0.00204685012508529,0.00204685012508529,0.000682283375028428,0.000682283375028428,0.000227427791676143,0.000454855583352286,0.000227427791676143,0.000454855583352286,0.00272913350011371,0.00272913350011371,0.00272913350011371,0.00272913350011371,"nonsyn","nonsyn","stop",4.2e-06,5.36e-07,1.17e-06,1.17e-06,"0.00205193333333333","0.00171483","0.002356792","0.002572245","G","G","R","R","*",1,1,1,0,1,1,0
"6188",6451,4413,4413,"g","g","a","a",0.00158622252435985,0.00158622252435985,0.000679809653297077,0.000679809653297077,0,0.000679809653297077,0,0.000679809653297077,0.00226603217765692,0.00226603217765692,0.00226603217765692,0.00226603217765692,"nonsyn","nonsyn","nonsyn",4.2e-06,5.36e-07,1.17e-06,1.17e-06,"0.00264779999999999","0.00172107","1","0.00172107","G","G","E","A","V",1,1,1,0,0,0,0
"6189",6452,4382,4382,"a","a","g","g",0.00958466453674121,0.00958466453674121,0.000228206298493838,0.000228206298493838,0,0.000228206298493838,0,0.000228206298493838,0.00981287083523505,0.00981287083523505,0.00981287083523505,0.00981287083523505,"syn","syn","syn",1.77e-05,1.76e-06,1.7e-06,1.7e-06,"0.0018467","0.00744940000000001","1","0.00744940000000001","G","G","G","G","G",0,0,0,0,0,0,0
"6190",6453,4401,4401,"c","c","t","t",0.00113610543058396,0.00113610543058396,0,0,0,0,0,0,0.00113610543058396,0.00113610543058396,0.00113610543058396,0.00113610543058396,"nonsyn","nonsyn","nonsyn",4.58e-06,8.37e-07,4.33e-07,4.33e-07,"0.00403131599999999","1","1","1","H","H","Y","N","D",1,1,1,0,0,0,0
"6191",6454,4372,4372,"a","a","g","g",0.00411710887465691,0.00411710887465691,0.000457456541628545,0.000457456541628545,0,0.000457456541628545,0,0.000457456541628545,0.00457456541628545,0.00457456541628545,0.00457456541628545,0.00457456541628545,"nonsyn","nonsyn","nonsyn",1.77e-05,1.76e-06,1.7e-06,1.7e-06,"0.00429913333333333","0.0037162","1","0.0037162","H","H","R","P","L",0,1,1,1,0,0,0
"6192",6455,4518,4518,"t","t","c","c",0.0152722443559097,0.0152722443559097,0.000885347498893316,0.000885347498893316,0.000885347498893316,0,0.000885347498893316,0,0.016157591854803,0.016157591854803,0.016157591854803,0.016157591854803,"syn","nonsyn","nonsyn",1.7e-05,1.07e-06,1.21e-06,1.21e-06,"0.00111313043478261","0.001366695","0.001208565","1","H","H","H","Q","Q",0,1,1,1,0,0,0
"6193",6456,4524,4524,"g","g","a","a",0.0013262599469496,0.0013262599469496,0,0,0,0,0,0,0.0013262599469496,0.0013262599469496,0.0013262599469496,0.0013262599469496,"nonsyn","nonsyn","nonsyn",4.2e-06,5.36e-07,1.17e-06,1.17e-06,"0.0031668","1","1","1","V","V","I","L","F",0,0,0,0,0,0,0
"6194",6457,4514,4514,"t","t","c","c",0.00620292423571112,0.00620292423571112,0,0,0,0,0,0,0.00620292423571112,0.00620292423571112,0.00620292423571112,0.00620292423571112,"nonsyn","nonsyn","nonsyn",1.7e-05,1.07e-06,1.21e-06,1.21e-06,"0.00274064285714286","1","1","1","V","V","A","D","G",0,1,1,0,0,0,0
"6195",6458,4535,4535,"c","c","t","t",0.00220507166482911,0.00220507166482911,0.000220507166482911,0.000220507166482911,0.000220507166482911,0,0.000220507166482911,0,0.00242557883131202,0.00242557883131202,0.00242557883131202,0.00242557883131202,"syn","syn","syn",4.58e-06,8.37e-07,4.33e-07,4.33e-07,"0.00207703","0.001963655","0.00379579499999999","1","V","V","V","V","V",0,0,0,0,0,0,0
"6196",6459,4480,4480,"a","a","g","g",0.00334821428571429,0.00334821428571429,0.000669642857142857,0.000669642857142857,0.000223214285714286,0.000446428571428571,0.000223214285714286,0.000446428571428571,0.00401785714285714,0.00401785714285714,0.00401785714285714,0.00401785714285714,"nonsyn","nonsyn","stop",1.77e-05,1.76e-06,1.7e-06,1.7e-06,"0.00528639999999999","0.00253866666666667","0.00788479999999999","0.003808","R","K","E","Q","*",1,1,1,1,0,0,0
"6197",6460,4474,4474,"g","a","a","g",0.000223513634331694,0.999776486365668,0,0,0,0,0,0,0.000223513634331694,0.999776486365668,0.000223513634331694,0.999776486365668,"nonsyn","nonsyn","nonsyn",1.77e-05,1.76e-06,1.7e-06,1.7e-06,"1.77039570757881e-05","1","1","1","R","K","R","T","I",0,1,1,0,0,0,0
"6198",6461,4470,4470,"a","a","g","g",0.00246085011185682,0.00246085011185682,0,0,0,0,0,0,0.00246085011185682,0.00246085011185682,0.00246085011185682,0.00246085011185682,"syn","nonsyn","nonsyn",1.77e-05,1.76e-06,1.7e-06,1.7e-06,"0.00719263636363637","1","1","1","R","K","K","N","N",0,1,1,0,0,0,0
"6199",6462,4459,4459,"a","a","g","g",0.00179412424310384,0.00179412424310384,0.000224265530387979,0.000224265530387979,0.000224265530387979,0,0.000224265530387979,0,0.00201838977349181,0.00201838977349181,0.00201838977349181,0.00201838977349181,"nonsyn","nonsyn","nonsyn",1.77e-05,1.76e-06,1.7e-06,1.7e-06,"0.00986553749999997","0.00758030000000001","0.00784784000000001","1","N","N","D","H","Y",1,1,1,0,0,0,0
"6200",6463,4396,4396,"a","a","g","g",0.00454959053685168,0.00454959053685168,0.000682438580527753,0.000682438580527753,0,0.000682438580527753,0,0.000682438580527753,0.00523202911737944,0.00523202911737944,0.00523202911737944,0.00523202911737944,"nonsyn","nonsyn","nonsyn",1.77e-05,1.76e-06,1.7e-06,1.7e-06,"0.00389046","0.00249106666666667","1","0.00249106666666667","N","N","S","T","I",0,0,1,0,0,0,0
"6201",6464,4387,4387,"c","c","t","t",0.00227946204695692,0.00227946204695692,0,0,0,0,0,0,0.00227946204695692,0.00227946204695692,0.00227946204695692,0.00227946204695692,"syn","nonsyn","nonsyn",4.58e-06,8.37e-07,4.33e-07,4.33e-07,"0.002009246","1","1","1","N","N","N","K","K",0,1,1,0,0,0,0
"6202",6465,4340,4341,"g","g","a","a",0.00299539170506912,0.00299539170506912,0.00184331797235023,0.00184331797235023,0,0.00184331797235023,0,0.00184331797235023,0.00483870967741936,0.00483870967741936,0.00483759502418798,0.00483759502418798,"nonsyn","nonsyn","nonsyn",4.2e-06,5.36e-07,1.17e-06,1.17e-06,"0.00140215384615385","0.000634725","1","0.000634725","G","G","R","R","W",1,1,1,0,1,1,0
"6203",6466,4307,4307,"g","g","a","a",0.00208962154631994,0.00208962154631994,0.000696540515439981,0.000696540515439981,0,0.000696540515439981,0,0.000696540515439981,0.00278616206175993,0.00278616206175993,0.00278616206175993,0.00278616206175993,"nonsyn","nonsyn","nonsyn",4.2e-06,5.36e-07,1.17e-06,1.17e-06,"0.00200993333333334","0.00167973","1","0.00167973","G","G","E","A","V",1,1,1,0,1,1,0
"6204",6467,4334,4334,"g","g","a","a",0.000922934933087217,0.000922934933087217,0.000230733733271804,0.000230733733271804,0,0.000230733733271804,0,0.000230733733271804,0.00115366866635902,0.00115366866635902,0.00115366866635902,0.00115366866635902,"syn","syn","syn",4.2e-06,5.36e-07,1.17e-06,1.17e-06,"0.0045507","0.00507078000000001","1","0.00507078000000001","G","G","G","G","G",0,0,0,0,0,0,0
"6205",6468,4373,4373,"a","a","g","g",0.00411616739080723,0.00411616739080723,0.000914703864623828,0.000914703864623828,0.000228675966155957,0.000686027898467871,0.000228675966155957,0.000686027898467871,0.00503087125543105,0.00503087125543105,0.00503087125543105,0.00503087125543105,"nonsyn","nonsyn","nonsyn",1.77e-05,1.76e-06,1.7e-06,1.7e-06,"0.00430011666666666","0.001858525","0.00769648","0.00247803333333333","T","T","A","P","S",1,1,0,0,0,0,0
"6206",6469,4391,4391,"c","c","t","t",0.000910954224550216,0.000910954224550216,0,0,0,0,0,0,0.000910954224550216,0.000910954224550216,0.000910954224550216,0.000910954224550216,"nonsyn","nonsyn","nonsyn",4.58e-06,8.37e-07,4.33e-07,4.33e-07,"0.005027695","1","1","1","T","T","M","K","R",1,1,1,0,0,0,0
"6207",6470,4394,4394,"g","g","a","a",0.00136549840691853,0.00136549840691853,0,0,0,0,0,0,0.00136549840691853,0.00136549840691853,0.00136549840691853,0.00136549840691853,"syn","syn","syn",4.2e-06,5.36e-07,1.17e-06,1.17e-06,"0.00307579999999999","1","1","1","T","T","T","T","T",0,0,0,0,0,0,0
"6208",6471,4379,4379,"a","a","g","g",0.0027403516784654,0.0027403516784654,0,0,0,0,0,0,0.0027403516784654,0.0027403516784654,0.0027403516784654,0.0027403516784654,"nonsyn","nonsyn","nonsyn",1.77e-05,1.76e-06,1.7e-06,1.7e-06,"0.00645902500000001","1","1","1","M","M","V","L","L",0,0,0,0,0,0,0
"6209",6472,4408,4408,"t","t","c","c",0.00226860254083485,0.00226860254083485,0.000453720508166969,0.000453720508166969,0.000226860254083485,0.000226860254083485,0.000226860254083485,0.000226860254083485,0.00272232304900181,0.00272232304900181,0.00272232304900181,0.00272232304900181,"nonsyn","nonsyn","nonsyn",1.7e-05,1.07e-06,1.21e-06,1.21e-06,"0.00749359999999998","0.00266684","0.00471655999999999","0.00533367999999999","M","M","T","K","R",1,1,1,1,0,0,0
"6210",6473,4404,4404,"g","g","a","a",0.000681198910081744,0.000681198910081744,0.000908265213442325,0.000908265213442325,0,0.000908265213442325,0,0.000908265213442325,0.00158946412352407,0.00158946412352407,0.00158946412352407,0.00158946412352407,"nonsyn","nonsyn","nonsyn",4.2e-06,5.36e-07,1.17e-06,1.17e-06,"0.0061656","0.00128817","1","0.00128817","M","M","I","I","I",0,0,0,0,0,0,0
"6211",6474,4381,4381,"a","a","g","g",0.0114129194247889,0.0114129194247889,0.00159780871947044,0.00159780871947044,0.000684775165487332,0.000913033553983109,0.000684775165487332,0.000913033553983109,0.0130107281442593,0.0130107281442593,0.0130107281442593,0.0130107281442593,"nonsyn","syn","nonsyn",1.77e-05,1.76e-06,1.7e-06,1.7e-06,"0.00155087399999999","0.00106395714285714","0.00257018666666667","0.001861925","R","R","G","R","W",1,0,1,0,1,1,0
"6212",6475,4394,4394,"g","g","a","a",0.000682749203459263,0.000682749203459263,0.000455166135639508,0.000455166135639508,0.000227583067819754,0.000227583067819754,0.000227583067819754,0.000227583067819754,0.00113791533909877,0.00113791533909877,0.00113791533909877,0.00113791533909877,"nonsyn","nonsyn","nonsyn",4.2e-06,5.36e-07,1.17e-06,1.17e-06,"0.0061516","0.00257049","0.002355184","0.00514098000000001","R","R","K","T","M",0,1,1,0,1,1,0
"6213",6476,4385,4385,"g","g","a","a",0.00114025085518814,0.00114025085518814,0.000912200684150513,0.000912200684150513,0,0.000912200684150513,0,0.000912200684150513,0.00205245153933865,0.00205245153933865,0.00205245153933865,0.00205245153933865,"syn","nonsyn","nonsyn",4.2e-06,5.36e-07,1.17e-06,1.17e-06,"0.0036834","0.0012826125","1","0.0012826125","R","R","R","S","S",0,1,1,0,0,0,0
"6214",6477,4371,4371,"a","a","g","g",0.00709219858156028,0.00709219858156028,0.00022878059940517,0.00022878059940517,0.00022878059940517,0,0.00022878059940517,0,0.00732097918096545,0.00732097918096545,0.00732097918096545,0.00732097918096545,"nonsyn","nonsyn","nonsyn",1.77e-05,1.76e-06,1.7e-06,1.7e-06,"0.0024957","0.00743070000000001","0.00769296000000002","1","I","I","V","L","F",0,0,0,0,0,0,0
"6215",6478,4366,4366,"t","t","c","c",0.00343563902885937,0.00343563902885937,0.000229042601923958,0.000229042601923958,0.000229042601923958,0,0.000229042601923958,0,0.00366468163078333,0.00366468163078333,0.00366468163078333,0.00366468163078333,"nonsyn","nonsyn","nonsyn",1.7e-05,1.07e-06,1.21e-06,1.21e-06,"0.00494813333333333","0.00528286","0.00467162","1","I","I","T","N","S",1,1,1,0,0,0,0
"6216",6479,4373,4373,"c","c","t","t",0.0032014635261834,0.0032014635261834,0.000228675966155957,0.000228675966155957,0.000228675966155957,0,0.000228675966155957,0,0.00343013949233936,0.00343013949233936,0.00343013949233936,0.00343013949233936,"syn","syn","nonsyn",4.58e-06,8.37e-07,4.33e-07,4.33e-07,"0.00143059571428571","0.001893509","0.003660201","1","I","I","I","I","M",0,0,0,0,0,0,0
"6217",6480,4365,4365,"g","g","a","a",0.00366552119129439,0.00366552119129439,0.000229095074455899,0.000229095074455899,0,0.000229095074455899,0,0.000229095074455899,0.00389461626575029,0.00389461626575029,0.00389461626575029,0.00389461626575029,"nonsyn","nonsyn","nonsyn",4.2e-06,5.36e-07,1.17e-06,1.17e-06,"0.0011458125","0.00510705","1","0.00510705","V","V","I","L","F",0,0,0,0,0,0,0
"6218",6481,4295,4295,"t","t","c","c",0.00325960419091967,0.00325960419091967,0.000465657741559953,0.000465657741559953,0.000465657741559953,0,0.000465657741559953,0,0.00372526193247963,0.00372526193247963,0.00372526193247963,0.00372526193247963,"nonsyn","nonsyn","nonsyn",1.7e-05,1.07e-06,1.21e-06,1.21e-06,"0.00521535714285715","0.002598475","0.002297825","1","V","V","A","D","G",0,1,1,0,0,0,0
"6219",6482,4300,4300,"c","c","t","t",0.00186046511627907,0.00186046511627907,0.000697674418604651,0.000697674418604651,0.000697674418604651,0,0.000697674418604651,0,0.00255813953488372,0.00255813953488372,0.00255813953488372,0.00255813953488372,"syn","syn","syn",4.58e-06,8.37e-07,4.33e-07,4.33e-07,"0.00246175","0.000620633333333334","0.0011997","1","V","V","V","V","V",0,0,0,0,0,0,0
"6220",6483,4301,4301,"g","g","a","a",0.00348756103231807,0.00348756103231807,0.000232504068821204,0.000232504068821204,0.000232504068821204,0,0.000232504068821204,0,0.00372006510113927,0.00372006510113927,0.00372006510113927,0.00372006510113927,"nonsyn","nonsyn","nonsyn",4.2e-06,5.36e-07,1.17e-06,1.17e-06,"0.00120428","0.00503217000000001","0.002305336","1","G","G","S","R","C",1,1,0,0,1,1,0
"6221",6484,4314,4314,"g","g","a","a",0.00139082058414465,0.00139082058414465,0,0,0,0,0,0,0.00139082058414465,0.00139082058414465,0.00139082058414465,0.00139082058414465,"nonsyn","nonsyn","nonsyn",4.2e-06,5.36e-07,1.17e-06,1.17e-06,"0.00301979999999999","1","1","1","G","G","D","A","V",1,1,1,0,0,0,0
"6222",6485,4311,4311,"t","t","c","c",0.00301554163767107,0.00301554163767107,0.000231964741359313,0.000231964741359313,0.000231964741359313,0,0.000231964741359313,0,0.00324750637903039,0.00324750637903039,0.00324750637903039,0.00324750637903039,"syn","syn","syn",1.7e-05,1.07e-06,1.21e-06,1.21e-06,"0.00563746153846155","0.00521631000000001","0.00461277000000001","1","G","G","G","G","G",0,0,0,0,0,0,0
"6223",6486,4320,4320,"c","c","t","t",0.000694444444444444,0.000694444444444444,0,0,0,0,0,0,0.000694444444444444,0.000694444444444444,0.000694444444444444,0.000694444444444444,"nonsyn","nonsyn","nonsyn",4.58e-06,8.37e-07,4.33e-07,4.33e-07,"0.0065952","1","1","1","P","P","S","T","A",1,1,1,0,0,0,0
"6224",6487,4336,4336,"c","c","t","t",0.00207564575645756,0.00207564575645756,0.000230627306273063,0.000230627306273063,0.000230627306273063,0,0.000230627306273063,0,0.00230627306273063,0.00230627306273063,0.00230627306273063,0.00230627306273063,"nonsyn","nonsyn","nonsyn",4.58e-06,8.37e-07,4.33e-07,4.33e-07,"0.00220654222222223","0.001877488","0.003629232","1","P","P","L","H","R",1,1,1,0,1,0,1
"6225",6488,4283,4283,"t","t","c","c",0.00490310530002335,0.00490310530002335,0.000233481204763017,0.000233481204763017,0,0.000233481204763017,0,0.000233481204763017,0.00513658650478636,0.00513658650478636,0.00513658650478636,0.00513658650478636,"syn","syn","syn",1.7e-05,1.07e-06,1.21e-06,1.21e-06,"0.00346719047619047","0.00518242999999999","1","0.00518242999999999","P","P","P","P","P",0,0,0,0,1,0,1
"6226",6489,4469,4469,"a","a","g","g",0.00313269187737749,0.00313269187737749,0.00111881852763482,0.00111881852763482,0.000223763705526964,0.000895054822107854,0.000223763705526964,0.000895054822107854,0.00425151040501231,0.00425151040501231,0.00425151040501231,0.00425151040501231,"nonsyn","syn","nonsyn",1.77e-05,1.76e-06,1.7e-06,1.7e-06,"0.00565009285714286","0.00151946","0.00786543999999998","0.001899325","R","R","G","R","W",1,0,1,0,1,1,0
"6227",6490,4459,4460,"g","g","a","a",0.000672796591163938,0.000672796591163938,0.000224265530387979,0.000224265530387979,0,0.000224265530387979,0,0.000224265530387979,0.000897062121551918,0.000897062121551918,0.000896860986547085,0.000896860986547085,"nonsyn","nonsyn","nonsyn",4.2e-06,5.36e-07,1.17e-06,1.17e-06,"0.0062426","0.00521703000000001","1","0.00521703000000001","R","R","K","T","M",0,1,1,0,1,1,0
"6228",6491,4464,4464,"g","g","a","a",0.000672043010752688,0.000672043010752688,0.000224014336917563,0.000224014336917563,0,0.000224014336917563,0,0.000224014336917563,0.000896057347670251,0.000896057347670251,0.000896057347670251,0.000896057347670251,"syn","nonsyn","nonsyn",4.2e-06,5.36e-07,1.17e-06,1.17e-06,"0.0062496","0.00522287999999999","1","0.00522287999999999","R","R","R","S","S",0,1,1,0,0,0,0
"6229",6492,4452,4453,"a","a","g","g",0.00628930817610063,0.00628930817610063,0,0,0,0,0,0,0.00628930817610063,0.00628930817610063,0.00628789580058388,0.00628789580058388,"nonsyn","nonsyn","nonsyn",1.77e-05,1.76e-06,1.7e-06,1.7e-06,"0.0028143","1","1","1","T","T","A","P","S",1,1,0,0,0,0,0
"6230",6493,4456,4456,"c","c","t","t",0.000224416517055655,0.000224416517055655,0,0,0,0,0,0,0.000224416517055655,0.000224416517055655,0.000224416517055655,0.000224416517055655,"nonsyn","nonsyn","nonsyn",4.58e-06,8.37e-07,4.33e-07,4.33e-07,"0.02040848","1","1","1","T","T","I","N","S",1,0,0,0,0,0,0
"6231",6494,4466,4466,"c","t","t","c",0.000895656068069861,0.998880429914913,0.000223914017017465,0.000223914017017465,0.000223914017017465,0,0.000223914017017465,0,0.00111957008508733,0.99910434393193,0.00111957008508733,0.99910434393193,"syn","syn","syn",1.7e-05,1.07e-06,1.21e-06,1.21e-06,"1.70190540237615e-05","0.00540386000000001","0.00477862000000001","1","T","T","T","T","T",0,0,0,0,1,0,1
"6232",6495,4499,4499,"t","t","c","c",0.00866859302067126,0.00866859302067126,0.00133362969548789,0.00133362969548789,0.00111135807957324,0.000222271615914648,0.00111135807957324,0.000222271615914648,0.0100022227161591,0.0100022227161591,0.0100022227161591,0.0100022227161591,"nonsyn","nonsyn","nonsyn",1.7e-05,1.07e-06,1.21e-06,1.21e-06,"0.00196110256410256","0.000907298333333331","0.000962785999999999","0.00544378999999999","C","C","R","S","G",1,1,0,1,0,0,0
"6233",6496,4512,4512,"g","g","a","a",0.00199468085106383,0.00199468085106383,0,0,0,0,0,0,0.00199468085106383,0.00199468085106383,0.00199468085106383,0.00199468085106383,"nonsyn","nonsyn","nonsyn",4.2e-06,5.36e-07,1.17e-06,1.17e-06,"0.0021056","1","1","1","C","C","Y","S","F",1,1,1,0,0,0,0
"6234",6497,4509,4509,"c","c","t","t",0.00310490130849412,0.00310490130849412,0,0,0,0,0,0,0.00310490130849412,0.00310490130849412,0.00310490130849412,0.00310490130849412,"syn","stop","nonsyn",4.58e-06,8.37e-07,4.33e-07,4.33e-07,"0.00147508714285714","1","1","1","C","C","C","*","W",0,1,1,0,0,0,0
"6235",6498,4467,4467,"a","a","g","g",0.00649205283187822,0.00649205283187822,0.00179091112603537,0.00179091112603537,0,0.00179091112603537,0,0.00179091112603537,0.00828296395791359,0.00828296395791359,0.00828296395791359,0.00828296395791359,"nonsyn","syn","nonsyn",1.77e-05,1.76e-06,1.7e-06,1.7e-06,"0.00272641034482759","0.0009492375","1","0.0009492375","R","R","G","R","W",1,0,1,1,1,1,0
"6236",6499,4499,4499,"g","g","a","a",0.00177817292731718,0.00177817292731718,0.000222271615914648,0.000222271615914648,0,0.000222271615914648,0,0.000222271615914648,0.00200044454323183,0.00200044454323183,0.00200044454323183,0.00200044454323183,"nonsyn","nonsyn","nonsyn",4.2e-06,5.36e-07,1.17e-06,1.17e-06,"0.002361975","0.00526382999999999","1","0.00526382999999999","R","R","K","T","M",0,1,1,0,1,1,0
"6237",6500,4482,4482,"g","g","a","a",0.00178491744756805,0.00178491744756805,0,0,0,0,0,0,0.00178491744756805,0.00178491744756805,0.00178491744756805,0.00178491744756805,"syn","nonsyn","nonsyn",4.2e-06,5.36e-07,1.17e-06,1.17e-06,"0.00235305","1","1","1","R","R","R","S","S",0,1,1,0,0,0,0
"6238",6501,4481,4481,"a","a","g","g",0.00245480919437626,0.00245480919437626,0,0,0,0,0,0,0.00245480919437626,0.00245480919437626,0.00245480919437626,0.00245480919437626,"nonsyn","nonsyn","nonsyn",1.77e-05,1.76e-06,1.7e-06,1.7e-06,"0.00721033636363635","1","1","1","N","N","D","H","Y",1,1,1,0,0,0,0
"6239",6502,4529,4529,"a","a","g","g",0.00574078162949879,0.00574078162949879,0,0,0,0,0,0,0.00574078162949879,0.00574078162949879,0.00574078162949879,0.00574078162949879,"nonsyn","nonsyn","nonsyn",1.77e-05,1.76e-06,1.7e-06,1.7e-06,"0.00308320384615384","1","1","1","N","N","S","T","I",0,0,1,0,0,0,0
"6240",6503,4527,4527,"c","c","t","t",0.0015462778882262,0.0015462778882262,0,0,0,0,0,0,0.0015462778882262,0.0015462778882262,0.0015462778882262,0.0015462778882262,"syn","nonsyn","nonsyn",4.58e-06,8.37e-07,4.33e-07,4.33e-07,"0.00296195142857143","1","1","1","N","N","N","K","K",0,1,1,0,0,0,0
"6241",6504,4536,4536,"a","a","g","g",0.0050705467372134,0.0050705467372134,0.00110229276895944,0.00110229276895944,0,0.00110229276895944,0,0.00110229276895944,0.00617283950617284,0.00617283950617284,0.00617283950617284,0.00617283950617284,"nonsyn","nonsyn","nonsyn",1.77e-05,1.76e-06,1.7e-06,1.7e-06,"0.00349074782608696","0.00154223999999999","1","0.00154223999999999","M","M","V","L","L",0,0,0,1,0,0,0
"6242",6505,4522,4522,"t","t","c","c",0.00552852720035383,0.00552852720035383,0.00132684652808492,0.00132684652808492,0.00110570544007077,0.000221141088014153,0.00110570544007077,0.000221141088014153,0.00685537372843874,0.00685537372843874,0.00685537372843874,0.00685537372843874,"nonsyn","nonsyn","nonsyn",1.7e-05,1.07e-06,1.21e-06,1.21e-06,"0.00307496","0.000911936666666665","0.000967707999999996","0.00547162","M","M","T","K","R",1,1,1,1,0,0,0
"6243",6506,4537,4537,"g","g","a","a",0.00132245977518184,0.00132245977518184,0,0,0,0,0,0,0.00132245977518184,0.00132245977518184,0.00132245977518184,0.00132245977518184,"nonsyn","nonsyn","nonsyn",4.2e-06,5.36e-07,1.17e-06,1.17e-06,"0.0031759","1","1","1","M","M","I","I","I",0,0,0,0,0,0,0
"6244",6507,4490,4490,"t","t","c","c",0.00534521158129176,0.00534521158129176,0.00089086859688196,0.00089086859688196,0.00089086859688196,0,0.00089086859688196,0,0.00623608017817372,0.00623608017817372,0.00623608017817372,0.00623608017817372,"nonsyn","nonsyn","nonsyn",1.7e-05,1.07e-06,1.21e-06,1.21e-06,"0.00318041666666667","0.001358225","0.001201075","1","W","W","R","R","G",1,1,1,1,0,0,0
"6245",6508,4492,4492,"g","g","a","a",0.000222617987533393,0.000222617987533393,0,0,0,0,0,0,0.000222617987533393,0.000222617987533393,0.000222617987533393,0.000222617987533393,"stop","nonsyn","nonsyn",4.2e-06,5.36e-07,1.17e-06,1.17e-06,"0.0188664","1","1","1","W","W","*","S","L",1,1,0,0,1,1,0
"6246",6509,4519,4519,"g","g","a","a",0.00066386368665634,0.00066386368665634,0.000221287895552113,0.000221287895552113,0,0.000221287895552113,0,0.000221287895552113,0.000885151582208453,0.000885151582208453,0.000885151582208453,0.000885151582208453,"stop","nonsyn","nonsyn",4.2e-06,5.36e-07,1.17e-06,1.17e-06,"0.0063266","0.00528723000000001","1","0.00528723000000001","W","W","*","C","C",1,1,1,0,0,0,0
"6247",6510,4505,4505,"a","a","g","g",0.00332963374028857,0.00332963374028857,0.000221975582685905,0.000221975582685905,0,0.000221975582685905,0,0.000221975582685905,0.00355160932297447,0.00355160932297447,0.00355160932297447,0.00355160932297447,"nonsyn","nonsyn","nonsyn",1.77e-05,1.76e-06,1.7e-06,1.7e-06,"0.0053159","0.00765849999999998","1","0.00765849999999998","N","S","G","R","C",1,1,1,0,1,1,0
"6248",6511,4485,4485,"a","g","g","a",0.00356744704570792,0.995763656633222,0.000668896321070234,0.000668896321070234,0.000222965440356745,0.000445930880713489,0.000222965440356745,0.000445930880713489,0.00423634336677815,0.996432552954292,0.00423634336677815,0.996432552954292,"nonsyn","nonsyn","nonsyn",4.2e-06,5.36e-07,1.17e-06,1.17e-06,"4.21786833855799e-06","0.00174915","0.00240396","0.002623725","N","S","N","T","I",0,0,1,0,0,0,0
"6249",6512,4426,4426,"c","t","t","c",0.00158156348847718,0.998192498870312,0.000225937641211026,0.000225937641211026,0,0.000225937641211026,0,0.000225937641211026,0.00180750112968821,0.998418436511523,0.00180750112968821,0.998418436511523,"syn","nonsyn","nonsyn",1.7e-05,1.07e-06,1.21e-06,1.21e-06,"1.70307831598008e-05","0.00535545999999999","1","0.00535545999999999","N","S","S","R","R",0,1,1,1,0,0,0
"6250",6513,4409,4409,"g","g","a","a",0.00544341120435473,0.00544341120435473,0.000226808800181447,0.000226808800181447,0,0.000226808800181447,0,0.000226808800181447,0.00567022000453618,0.00567022000453618,0.00567022000453618,0.00567022000453618,"nonsyn","nonsyn","nonsyn",4.2e-06,5.36e-07,1.17e-06,1.17e-06,"0.000771575","0.00515853","1","0.00515853","G","G","R","R","W",1,1,1,0,1,1,0
"6251",6514,4411,4411,"g","g","a","a",0.00249376558603491,0.00249376558603491,0.00045341192473362,0.00045341192473362,0,0.00045341192473362,0,0.00045341192473362,0.00294717751076853,0.00294717751076853,0.00294717751076853,0.00294717751076853,"nonsyn","nonsyn","nonsyn",4.2e-06,5.36e-07,1.17e-06,1.17e-06,"0.0016842","0.002580435","1","0.002580435","G","G","E","A","V",1,1,1,0,1,1,0
"6252",6515,4378,4379,"a","g","g","a",0.00730927364093193,0.99223389675651,0.000456829602558246,0.000456829602558246,0.000456829602558246,0,0.000456829602558246,0,0.00776610324349018,0.992690726359068,0.00776432975565198,0.99246403288422,"syn","syn","syn",4.2e-06,5.36e-07,1.17e-06,1.17e-06,"4.23287292817679e-06","0.00256113","0.001173304","1","G","G","G","G","G",0,0,0,0,0,0,0
"6253",6516,4338,4338,"a","a","g","g",0.00622406639004149,0.00622406639004149,0.00161364684186261,0.00161364684186261,0,0.00161364684186261,0,0.00161364684186261,0.0078377132319041,0.0078377132319041,0.0078377132319041,0.0078377132319041,"nonsyn","nonsyn","nonsyn",1.77e-05,1.76e-06,1.7e-06,1.7e-06,"0.0028438","0.00105351428571429","1","0.00105351428571429","T","T","A","P","S",1,1,0,0,0,0,0
"6254",6517,4265,4265,"c","c","t","t",0.000703399765533411,0.000703399765533411,0.000468933177022274,0.000468933177022274,0.000468933177022274,0,0.000468933177022274,0,0.00117233294255569,0.00117233294255569,0.00117233294255569,0.00117233294255569,"nonsyn","nonsyn","nonsyn",4.58e-06,8.37e-07,4.33e-07,4.33e-07,"0.00651123333333334","0.000923372500000001","0.0017849025","1","T","T","M","K","R",1,1,1,0,0,0,0
"6255",6518,4269,4269,"c","g","t","a",0.00117123448114312,0.000234246896228625,0.000234246896228625,0.999765753103771,0.000234246896228625,0,0.998594518622628,0.00117123448114312,0.00140548137737175,1,0.00140548137737175,1,"syn","syn","syn",4.2e-06,5.36e-07,1.17e-06,1.17e-06,"0.0179298","1.17027413308341e-06","5.36754398311049e-07","0.000998946000000004","T","T","T","T","T",0,0,0,0,0,0,0
"6256",6519,4346,4349,"t","t","c","c",0.00414173953060285,0.00414173953060285,0.000690289921767142,0.000690289921767142,0.000690289921767142,0,0.000690289921767142,0,0.00483202945237,0.00483202945237,0.00482869625201196,0.00482869625201196,"nonsyn","nonsyn","nonsyn",1.7e-05,1.07e-06,1.21e-06,1.21e-06,"0.00410455555555556","0.00175288666666667","0.00155007333333333","1","F","F","L","I","V",0,0,0,0,0,0,0
"6257",6520,4350,4350,"t","t","c","c",0.00436781609195402,0.00436781609195402,0.000459770114942529,0.000459770114942529,0.000229885057471264,0.000229885057471264,0.000229885057471264,0.000229885057471264,0.00482758620689655,0.00482758620689655,0.00482758620689655,0.00482758620689655,"nonsyn","nonsyn","nonsyn",1.7e-05,1.07e-06,1.21e-06,1.21e-06,"0.0038921052631579","0.00263175","0.00465450000000001","0.00526350000000001","F","F","S","Y","C",1,0,1,0,0,0,0
"6258",6521,4346,4350,"c","c","t","t",0.00161067648412333,0.00161067648412333,0,0,0,0,0,0,0.00161067648412333,0.00161067648412333,0.00160919540229885,0.00160919540229885,"syn","nonsyn","nonsyn",4.58e-06,8.37e-07,4.33e-07,4.33e-07,"0.00284352571428572","1","1","1","F","F","F","L","L",0,0,0,0,0,0,0
"6259",6522,4350,4350,"c","c","t","t",0.000459770114942529,0.000459770114942529,0.000459770114942529,0.000459770114942529,0.000229885057471264,0.000229885057471264,0.000229885057471264,0.000229885057471264,0.000919540229885057,0.000919540229885057,0.000919540229885057,0.000919540229885057,"nonsyn","nonsyn","nonsyn",4.58e-06,8.37e-07,4.33e-07,4.33e-07,"0.00996149999999999","0.000941775","0.00364095000000001","0.00188355","P","P","S","T","A",1,1,1,0,1,0,1
"6260",6523,4369,4369,"c","c","t","t",0.000686655985351339,0.000686655985351339,0.000457770656900893,0.000457770656900893,0.000457770656900893,0,0.000457770656900893,0,0.00114442664225223,0.00114442664225223,0.00114442664225223,0.00114442664225223,"nonsyn","nonsyn","nonsyn",4.58e-06,8.37e-07,4.33e-07,4.33e-07,"0.00667000666666667","0.000945888499999999","0.0018284265","1","P","P","L","H","R",1,1,1,0,1,0,1
"6261",6524,4407,4407,"c","c","t","t",0.00204220558202859,0.00204220558202859,0.00045382346267302,0.00045382346267302,0.00045382346267302,0,0.00045382346267302,0,0.00249602904470161,0.00249602904470161,0.00249602904470161,0.00249602904470161,"syn","syn","syn",4.58e-06,8.37e-07,4.33e-07,4.33e-07,"0.00224267333333333","0.0009541155","0.0018443295","1","P","P","P","P","P",0,0,0,0,1,0,1
"6262",6525,4408,4408,"a","a","g","g",0.00272232304900181,0.00272232304900181,0.000226860254083485,0.000226860254083485,0,0.000226860254083485,0,0.000226860254083485,0.0029491833030853,0.0029491833030853,0.0029491833030853,0.0029491833030853,"nonsyn","nonsyn","nonsyn",1.77e-05,1.76e-06,1.7e-06,1.7e-06,"0.00650180000000001","0.00749359999999999","1","0.00749359999999999","I","I","V","L","F",0,0,0,1,0,0,0
"6263",6526,4411,4411,"t","t","c","c",0.00362729539786896,0.00362729539786896,0.00022670596236681,0.00022670596236681,0,0.00022670596236681,0,0.00022670596236681,0.00385400136023577,0.00385400136023577,0.00385400136023577,0.00385400136023577,"nonsyn","nonsyn","nonsyn",1.7e-05,1.07e-06,1.21e-06,1.21e-06,"0.00468668750000001","0.00533731000000001","1","0.00533731000000001","I","I","T","N","S",1,1,1,0,0,0,0
"6264",6527,4406,4406,"c","t","t","c",0.000226963231956423,0.999319110304131,0.000453926463912846,0.000453926463912846,0.000453926463912846,0,0.000453926463912846,0,0.000680889695869269,0.999773036768044,0.000680889695869269,0.999773036768044,"syn","syn","nonsyn",1.7e-05,1.07e-06,1.21e-06,1.21e-06,"1.7011583011583e-05","0.00266563","0.00235721","1","I","I","I","I","M",0,0,0,0,0,0,0
"6265",6528,4390,4390,"a","a","g","g",0.00159453302961276,0.00159453302961276,0.000911161731207289,0.000911161731207289,0,0.000911161731207289,0,0.000911161731207289,0.00250569476082005,0.00250569476082005,0.00250569476082005,0.00250569476082005,"nonsyn","nonsyn","nonsyn",1.77e-05,1.76e-06,1.7e-06,1.7e-06,"0.0111004285714285","0.00186575","1","0.00186575","N","N","D","H","Y",1,1,1,0,0,0,0
"6266",6529,4348,4348,"a","a","g","g",0.000689972401103956,0.000689972401103956,0.000229990800367985,0.000229990800367985,0.000229990800367985,0,0.000229990800367985,0,0.000919963201471941,0.000919963201471941,0.000919963201471941,0.000919963201471941,"nonsyn","nonsyn","nonsyn",1.77e-05,1.76e-06,1.7e-06,1.7e-06,"0.0256532","0.00739160000000001","0.00765248000000001","1","N","N","S","T","I",0,0,1,0,0,0,0
"6267",6530,4388,4388,"t","c","c","t",0.00182315405651778,0.998176845943482,0,0,0,0,0,0,0.00182315405651778,0.998176845943482,0.00182315405651778,0.998176845943482,"syn","nonsyn","nonsyn",4.58e-06,8.37e-07,4.33e-07,4.33e-07,"4.58836529680365e-06","1","1","1","N","N","N","K","K",0,1,1,0,0,0,0
"6268",6531,4394,4394,"g","g","a","a",0.0025034137460173,0.0025034137460173,0,0,0,0,0,0,0.0025034137460173,0.0025034137460173,0.0025034137460173,0.0025034137460173,"nonsyn","nonsyn","nonsyn",4.2e-06,5.36e-07,1.17e-06,1.17e-06,"0.00167770909090909","1","1","1","A","A","T","P","S",1,1,1,0,0,0,0
"6269",6532,4390,4390,"c","c","t","t",0.000911161731207289,0.000911161731207289,0.000227790432801822,0.000227790432801822,0.000227790432801822,0,0.000227790432801822,0,0.00113895216400911,0.00113895216400911,0.00113895216400911,0.00113895216400911,"nonsyn","nonsyn","nonsyn",4.58e-06,8.37e-07,4.33e-07,4.33e-07,"0.00502655","0.00190087","0.00367443000000001","1","A","A","V","D","G",0,1,1,0,0,0,0
"6270",6533,4378,4378,"c","c","t","t",0.00137048880767474,0.00137048880767474,0.000913659205116492,0.000913659205116492,0.000913659205116492,0,0.000913659205116492,0,0.00228414801279123,0.00228414801279123,0.00228414801279123,0.00228414801279123,"syn","syn","syn",4.58e-06,8.37e-07,4.33e-07,4.33e-07,"0.00334187333333333","0.0004739185","0.0009160965","1","A","A","A","A","A",0,0,0,0,1,0,1
"6271",6534,4203,4203,"t","t","c","c",0.00309302878896027,0.00309302878896027,0.00166547704020937,0.00166547704020937,0.00118962645729241,0.000475850582916964,0.00118962645729241,0.000475850582916964,0.00475850582916964,0.00475850582916964,0.00475850582916964,0.00475850582916964,"nonsyn","nonsyn","nonsyn",1.7e-05,1.07e-06,1.21e-06,1.21e-06,"0.00549623076923076","0.000726518571428573","0.000899442","0.002542815","Y","Y","H","N","D",1,1,1,0,1,0,1
"6272",6535,4146,4146,"a","a","g","g",0.00313555233960444,0.00313555233960444,0.000482392667631452,0.000482392667631452,0,0.000482392667631452,0,0.000482392667631452,0.00361794500723589,0.00361794500723589,0.00361794500723589,0.00361794500723589,"nonsyn","nonsyn","nonsyn",1.77e-05,1.76e-06,1.7e-06,1.7e-06,"0.00564493846153846","0.0035241","1","0.0035241","Y","Y","C","S","F",1,1,0,0,0,0,0
"6273",6536,4160,4160,"c","c","t","t",0.000961538461538462,0.000961538461538462,0,0,0,0,0,0,0.000961538461538462,0.000961538461538462,0.000961538461538462,0.000961538461538462,"syn","stop","stop",4.58e-06,8.37e-07,4.33e-07,4.33e-07,"0.0047632","1","1","1","Y","Y","Y","*","*",0,1,1,0,0,0,0
"6274",6537,4038,4038,"a","a","g","g",0.00222882615156018,0.00222882615156018,0.000247647350173353,0.000247647350173353,0,0.000247647350173353,0,0.000247647350173353,0.00247647350173353,0.00247647350173353,0.00247647350173353,0.00247647350173353,"nonsyn","nonsyn","nonsyn",1.77e-05,1.76e-06,1.7e-06,1.7e-06,"0.00794139999999999","0.0068646","1","0.0068646","T","T","A","P","S",1,1,0,1,0,0,0
"6275",6538,4052,4052,"c","c","t","t",0.000740375123395854,0.000740375123395854,0,0,0,0,0,0,0.000740375123395854,0.000740375123395854,0.000740375123395854,0.000740375123395854,"nonsyn","nonsyn","nonsyn",4.58e-06,8.37e-07,4.33e-07,4.33e-07,"0.00618605333333333","1","1","1","T","T","I","N","S",1,0,0,0,0,0,0
"6276",6539,4034,4034,"c","c","t","t",0.0014873574615766,0.0014873574615766,0,0,0,0,0,0,0.0014873574615766,0.0014873574615766,0.0014873574615766,0.0014873574615766,"syn","syn","syn",4.58e-06,8.37e-07,4.33e-07,4.33e-07,"0.00307928666666666","1","1","1","T","T","T","T","T",0,0,0,0,1,0,1
"6277",6540,3959,3959,"a","a","g","g",0.00580954786562263,0.00580954786562263,0.000505178075271533,0.000505178075271533,0,0.000505178075271533,0,0.000505178075271533,0.00631472594089416,0.00631472594089416,0.00631472594089416,0.00631472594089416,"nonsyn","nonsyn","nonsyn",1.77e-05,1.76e-06,1.7e-06,1.7e-06,"0.00304670869565218","0.00336515","1","0.00336515","T","T","A","P","S",1,1,0,1,0,0,0
"6278",6541,3965,3965,"c","c","t","t",0.00176544766708701,0.00176544766708701,0,0,0,0,0,0,0.00176544766708701,0.00176544766708701,0.00176544766708701,0.00176544766708701,"nonsyn","nonsyn","nonsyn",4.58e-06,8.37e-07,4.33e-07,4.33e-07,"0.00259424285714286","1","1","1","T","T","M","K","R",1,1,1,0,0,0,0
"6279",6542,3826,3841,"g","g","a","a",0.00627286983795086,0.00627286983795086,0.000522739153162572,0.000522739153162572,0,0.000522739153162572,0,0.000522739153162572,0.00679560899111343,0.00679560899111343,0.00676907055454309,0.00676907055454309,"syn","syn","syn",4.2e-06,5.36e-07,1.17e-06,1.17e-06,"0.00066955","0.00223821","1","0.00223821","T","T","T","T","T",0,0,0,0,1,1,0
"6280",6543,3837,3837,"g","g","a","a",0.00338806359134741,0.00338806359134741,0.00104248110502997,0.00104248110502997,0,0.00104248110502997,0,0.00104248110502997,0.00443054469637738,0.00443054469637738,0.00443054469637738,0.00443054469637738,"nonsyn","nonsyn","nonsyn",4.2e-06,5.36e-07,1.17e-06,1.17e-06,"0.00123964615384615","0.0011223225","1","0.0011223225","G","G","S","R","C",1,1,0,0,1,1,0
"6281",6544,3826,3826,"g","g","a","a",0.000784108729743858,0.000784108729743858,0.000784108729743858,0.000784108729743858,0.000522739153162572,0.000261369576581286,0.000522739153162572,0.000261369576581286,0.00156821745948772,0.00156821745948772,0.00156821745948772,0.00156821745948772,"nonsyn","nonsyn","nonsyn",4.2e-06,5.36e-07,1.17e-06,1.17e-06,"0.0053564","0.00149214","0.001025368","0.00447642","G","G","D","A","V",1,1,1,0,0,0,0
"6282",6545,3829,3833,"c","c","t","t",0.00130582397492818,0.00130582397492818,0.000261164794985636,0.000261164794985636,0,0.000261164794985636,0,0.000261164794985636,0.00156698876991382,0.00156698876991382,0.00156535350900078,0.00156535350900078,"syn","syn","syn",4.58e-06,8.37e-07,4.33e-07,4.33e-07,"0.003507364","0.001657957","1","0.001657957","G","G","G","G","G",0,0,0,0,0,0,0
"6283",6546,3832,3832,"c","c","t","t",0.00156576200417537,0.00156576200417537,0.000521920668058455,0.000521920668058455,0.000260960334029228,0.000260960334029228,0.000260960334029228,0.000260960334029228,0.00208768267223382,0.00208768267223382,0.00208768267223382,0.00208768267223382,"nonsyn","nonsyn","nonsyn",4.58e-06,8.37e-07,4.33e-07,4.33e-07,"0.00292509333333332","0.000829628","0.00320738399999999","0.001659256","P","P","S","T","A",1,1,1,0,1,0,1
"6284",6547,3858,3858,"c","c","t","t",0.00129600829445308,0.00129600829445308,0,0,0,0,0,0,0.00129600829445308,0.00129600829445308,0.00129600829445308,0.00129600829445308,"nonsyn","nonsyn","nonsyn",4.58e-06,8.37e-07,4.33e-07,4.33e-07,"0.00353392800000001","1","1","1","P","P","L","H","R",1,1,1,0,1,0,1
"6285",6548,3917,3917,"c","c","t","t",0.00255297421496043,0.00255297421496043,0.00102118968598417,0.00102118968598417,0.00102118968598417,0,0.00102118968598417,0,0.0035741639009446,0.0035741639009446,0.0035741639009446,0.0035741639009446,"syn","syn","syn",4.58e-06,8.37e-07,4.33e-07,4.33e-07,"0.001793986","0.000424015250000001","0.000819632250000001","1","P","P","P","P","P",0,0,0,0,1,0,1
"6286",6549,3934,3936,"t","t","c","c",0.00482968988307067,0.00482968988307067,0.000762582613116421,0.000762582613116421,0.000508388408744281,0.00025419420437214,0.000508388408744281,0.00025419420437214,0.00559227249618709,0.00559227249618709,0.00558943089430894,0.00558943089430894,"nonsyn","nonsyn","nonsyn",1.7e-05,1.07e-06,1.21e-06,1.21e-06,"0.0035198947368421","0.00158671333333333","0.00210469","0.00476014000000001","C","C","R","S","G",1,1,0,1,1,0,1
"6287",6550,4011,4011,"g","g","a","a",0.00074794315632012,0.00074794315632012,0,0,0,0,0,0,0.00074794315632012,0.00074794315632012,0.00074794315632012,0.00074794315632012,"nonsyn","nonsyn","nonsyn",4.2e-06,5.36e-07,1.17e-06,1.17e-06,"0.0056154","1","1","1","C","C","Y","S","F",1,1,1,0,0,0,0
"6288",6551,4129,4129,"t","t","c","c",0.00193751513683701,0.00193751513683701,0.000242189392104626,0.000242189392104626,0,0.000242189392104626,0,0.000242189392104626,0.00217970452894163,0.00217970452894163,0.00217970452894163,0.00217970452894163,"syn","stop","nonsyn",1.7e-05,1.07e-06,1.21e-06,1.21e-06,"0.00877412499999999","0.00499609","1","0.00499609","C","C","C","*","W",0,1,1,0,0,0,0
"6289",6552,4065,4065,"a","a","g","g",0.0019680196801968,0.0019680196801968,0.0004920049200492,0.0004920049200492,0,0.0004920049200492,0,0.0004920049200492,0.002460024600246,0.002460024600246,0.002460024600246,0.002460024600246,"nonsyn","nonsyn","nonsyn",1.77e-05,1.76e-06,1.7e-06,1.7e-06,"0.00899381250000001","0.00345525","1","0.00345525","T","T","A","P","S",1,1,0,0,0,0,0
"6290",6553,4086,4086,"c","c","t","t",0.000734214390602056,0.000734214390602056,0,0,0,0,0,0,0.000734214390602056,0.000734214390602056,0.000734214390602056,0.000734214390602056,"nonsyn","nonsyn","nonsyn",4.58e-06,8.37e-07,4.33e-07,4.33e-07,"0.00623796","1","1","1","T","T","I","N","S",1,0,0,0,0,0,0
"6291",6554,4078,4078,"t","t","c","c",0.00637567435017165,0.00637567435017165,0.000735654732712114,0.000735654732712114,0.000735654732712114,0,0.000735654732712114,0,0.00711132908288377,0.00711132908288377,0.00711132908288377,0.00711132908288377,"syn","syn","syn",1.7e-05,1.07e-06,1.21e-06,1.21e-06,"0.00266638461538462","0.00164479333333333","0.00145448666666667","1","T","T","T","T","T",0,0,0,0,1,0,1
"6292",6555,4115,4117,"c","c","t","t",0.00170109356014581,0.00170109356014581,0.000243013365735115,0.000243013365735115,0,0.000243013365735115,0,0.000243013365735115,0.00194410692588092,0.00194410692588092,0.00194316249696381,0.00194316249696381,"nonsyn","nonsyn","nonsyn",4.58e-06,8.37e-07,4.33e-07,4.33e-07,"0.00269238571428571","0.001781795","1","0.001781795","P","P","S","T","A",1,1,1,0,0,0,0
"6293",6556,4108,4108,"c","c","t","t",0.00194741966893866,0.00194741966893866,0.000243427458617332,0.000243427458617332,0.000243427458617332,0,0.000243427458617332,0,0.00219084712755599,0.00219084712755599,0.00219084712755599,0.00219084712755599,"nonsyn","nonsyn","nonsyn",4.58e-06,8.37e-07,4.33e-07,4.33e-07,"0.00235183","0.001778764","0.003438396","1","P","P","L","H","R",1,1,1,0,1,0,1
"6294",6557,4108,4108,"c","c","t","t",0.000973709834469328,0.000973709834469328,0.000486854917234664,0.000486854917234664,0.000486854917234664,0,0.000486854917234664,0,0.00146056475170399,0.00146056475170399,0.00146056475170399,0.00146056475170399,"syn","syn","syn",4.58e-06,8.37e-07,4.33e-07,4.33e-07,"0.00470366","0.000889382","0.001719198","1","P","P","P","P","P",0,0,0,0,1,0,1
"6295",6558,4118,4118,"c","c","t","t",0.000971345313258863,0.000971345313258863,0.000485672656629432,0.000485672656629432,0.000485672656629432,0,0.000485672656629432,0,0.0014570179698883,0.0014570179698883,0.0014570179698883,0.0014570179698883,"nonsyn","nonsyn","nonsyn",4.58e-06,8.37e-07,4.33e-07,4.33e-07,"0.00471511","0.000891547","0.001723383","1","L","L","F","I","V",0,0,0,0,1,0,1
"6296",6559,4186,4189,"t","t","c","c",0.00406115623506928,0.00406115623506928,0.000238891543239369,0.000238891543239369,0.000238891543239369,0,0.000238891543239369,0,0.00430004777830865,0.00430004777830865,0.00429696825017904,0.00429696825017904,"nonsyn","nonsyn","nonsyn",1.7e-05,1.07e-06,1.21e-06,1.21e-06,"0.004186","0.00506506000000001","0.00447902000000001","1","L","L","P","H","R",1,1,1,0,1,0,1
"6297",6560,4207,4207,"t","t","c","c",0.003090087948657,0.003090087948657,0.000237699072973615,0.000237699072973615,0.000237699072973615,0,0.000237699072973615,0,0.00332778702163062,0.00332778702163062,0.00332778702163062,0.00332778702163062,"syn","syn","syn",1.7e-05,1.07e-06,1.21e-06,1.21e-06,"0.00550146153846154","0.00509047000000001","0.00450149000000001","1","L","L","L","L","L",0,0,0,0,0,0,0
"6298",6561,4219,4219,"c","c","t","t",0,0,0,0,0,0,0,0,0,0,0,0,"nonsyn","nonsyn","nonsyn",4.58e-06,8.37e-07,4.33e-07,4.33e-07,"1","1","1","1","P","P","S","T","A",1,1,1,0,0,0,0
"6299",6562,4229,4229,"c","c","t","t",0.00118231260345235,0.00118231260345235,0,0,0,0,0,0,0.00118231260345235,0.00118231260345235,0.00118231260345235,0.00118231260345235,"nonsyn","nonsyn","nonsyn",4.58e-06,8.37e-07,4.33e-07,4.33e-07,"0.00387376400000001","1","1","1","P","P","L","H","R",1,1,1,0,1,0,1
"6300",6563,4236,4236,"t","t","c","c",0.00354107648725212,0.00354107648725212,0.000944287063267233,0.000944287063267233,0.000472143531633617,0.000472143531633617,0.000472143531633617,0.000472143531633617,0.00448536355051936,0.00448536355051936,0.00448536355051936,0.00448536355051936,"syn","syn","syn",1.7e-05,1.07e-06,1.21e-06,1.21e-06,"0.00480080000000001","0.00128139","0.00226626","0.00256278","P","P","P","P","P",0,0,0,1,1,0,1
"6301",6564,4234,4234,"g","g","a","a",0.000944733112895607,0.000944733112895607,0,0,0,0,0,0,0.000944733112895607,0.000944733112895607,0.000944733112895607,0.000944733112895607,"nonsyn","nonsyn","nonsyn",4.2e-06,5.36e-07,1.17e-06,1.17e-06,"0.0044457","1","1","1","A","A","T","P","S",1,1,1,0,0,0,0
"6302",6565,4231,4231,"c","c","t","t",0.00141810446702907,0.00141810446702907,0.000236350744504845,0.000236350744504845,0.000236350744504845,0,0.000236350744504845,0,0.00165445521153392,0.00165445521153392,0.00165445521153392,0.00165445521153392,"nonsyn","nonsyn","nonsyn",4.58e-06,8.37e-07,4.33e-07,4.33e-07,"0.00322966333333334","0.001832023","0.003541347","1","A","A","V","E","G",0,1,1,0,0,0,0
"6303",6566,4023,4023,"g","g","a","a",0.00273427790206314,0.00273427790206314,0,0,0,0,0,0,0.00273427790206314,0.00273427790206314,0.00273427790206314,0.00273427790206314,"syn","syn","syn",4.2e-06,5.36e-07,1.17e-06,1.17e-06,"0.00153605454545454","1","1","1","A","A","A","A","A",0,0,0,0,0,0,0
"6304",6567,4083,4085,"c","c","t","t",0.000489835904971834,0.000489835904971834,0.000244917952485917,0.000244917952485917,0.000244917952485917,0,0.000244917952485917,0,0.000734753857457752,0.000734753857457752,0.000734394124847001,0.000734394124847001,"nonsyn","nonsyn","nonsyn",4.58e-06,8.37e-07,4.33e-07,4.33e-07,"0.00935007000000001","0.001767939","0.003417471","1","P","P","S","T","A",1,1,1,0,0,0,0
"6305",6568,4151,4151,"c","c","t","t",0.00192724644663936,0.00192724644663936,0.000722717417489762,0.000722717417489762,0.000722717417489762,0,0.000722717417489762,0,0.00264996386412913,0.00264996386412913,0.00264996386412913,0.00264996386412913,"nonsyn","nonsyn","nonsyn",4.58e-06,8.37e-07,4.33e-07,4.33e-07,"0.00237644750000001","0.000599127666666666","0.001158129","1","P","P","L","Q","R",1,1,1,0,1,0,1
"6306",6569,4166,4166,"g","g","a","a",0.00120019203072492,0.00120019203072492,0.000960153624579933,0.000960153624579933,0,0.000960153624579933,0,0.000960153624579933,0.00216034565530485,0.00216034565530485,0.00216034565530485,0.00216034565530485,"syn","syn","syn",4.2e-06,5.36e-07,1.17e-06,1.17e-06,"0.00349943999999999","0.001218555","1","0.001218555","P","P","P","P","P",0,0,0,0,0,0,0
"6307",6570,4171,4171,"a","a","g","g",0.00287700791177176,0.00287700791177176,0,0,0,0,0,0,0.00287700791177176,0.00287700791177176,0.00287700791177176,0.00287700791177176,"nonsyn","nonsyn","nonsyn",1.77e-05,1.76e-06,1.7e-06,1.7e-06,"0.00615222499999999","1","1","1","N","N","D","H","Y",1,1,1,0,0,0,0
"6308",6571,4230,4230,"a","a","g","g",0.0033096926713948,0.0033096926713948,0.000472813238770686,0.000472813238770686,0.000236406619385343,0.000236406619385343,0.000236406619385343,0.000236406619385343,0.00378250591016548,0.00378250591016548,0.00378250591016548,0.00378250591016548,"nonsyn","nonsyn","nonsyn",1.77e-05,1.76e-06,1.7e-06,1.7e-06,"0.00534792857142857","0.0035955","0.00744479999999999","0.00719099999999999","N","N","S","T","I",0,0,1,0,0,0,0
"6309",6572,4263,4263,"c","c","t","t",0.000703729767769177,0.000703729767769177,0.000234576589256392,0.000234576589256392,0,0.000234576589256392,0,0.000234576589256392,0.000938306357025569,0.000938306357025569,0.000938306357025569,0.000938306357025569,"syn","nonsyn","nonsyn",4.58e-06,8.37e-07,4.33e-07,4.33e-07,"0.00650818","0.001845879","1","0.001845879","N","N","N","K","K",0,1,1,0,0,0,0
"6310",6573,4252,4252,"t","t","c","c",0.00329256820319849,0.00329256820319849,0.000470366886171214,0.000470366886171214,0.000235183443085607,0.000235183443085607,0.000235183443085607,0.000235183443085607,0.00376293508936971,0.00376293508936971,0.00376293508936971,0.00376293508936971,"nonsyn","nonsyn","nonsyn",1.7e-05,1.07e-06,1.21e-06,1.21e-06,"0.00516314285714286","0.00257246","0.00454964","0.00514492","Y","Y","H","N","D",1,1,1,0,1,0,1
"6311",6574,4260,4260,"a","a","g","g",0.000938967136150235,0.000938967136150235,0.000234741784037559,0.000234741784037559,0.000234741784037559,0,0.000234741784037559,0,0.00117370892018779,0.00117370892018779,0.00117370892018779,0.00117370892018779,"nonsyn","nonsyn","nonsyn",1.77e-05,1.76e-06,1.7e-06,1.7e-06,"0.0188505","0.00724199999999999","0.00749759999999999","1","Y","Y","C","S","F",1,1,0,0,0,0,0
"6312",6575,4299,4299,"t","t","c","c",0.00302395906024657,0.00302395906024657,0,0,0,0,0,0,0.00302395906024657,0.00302395906024657,0.00302395906024657,0.00302395906024657,"syn","stop","stop",1.7e-05,1.07e-06,1.21e-06,1.21e-06,"0.00562176923076923","1","1","1","Y","Y","Y","*","*",0,1,1,0,0,0,0
"6313",6576,4246,4246,"a","a","g","g",0.00259067357512953,0.00259067357512953,0.000706547338671691,0.000706547338671691,0,0.000706547338671691,0,0.000706547338671691,0.00329722091380122,0.00329722091380122,0.00329722091380122,0.00329722091380122,"nonsyn","nonsyn","stop",1.77e-05,1.76e-06,1.7e-06,1.7e-06,"0.00683220000000001","0.00240606666666667","1","0.00240606666666667","K","K","E","Q","*",1,1,1,0,0,0,0
"6314",6577,4295,4295,"a","a","g","g",0.00209545983701979,0.00209545983701979,0.00116414435389988,0.00116414435389988,0.00069848661233993,0.000465657741559953,0.00069848661233993,0.000465657741559953,0.00325960419091967,0.00325960419091967,0.00325960419091967,0.00325960419091967,"nonsyn","nonsyn","nonsyn",1.77e-05,1.76e-06,1.7e-06,1.7e-06,"0.00844683333333334","0.0014603","0.00251973333333333","0.00365075","K","K","R","T","M",0,1,1,0,1,1,0
"6315",6578,4287,4287,"g","g","a","a",0.000233263354327035,0.000233263354327035,0.000233263354327035,0.000233263354327035,0,0.000233263354327035,0,0.000233263354327035,0.00046652670865407,0.00046652670865407,0.00046652670865407,0.00046652670865407,"syn","nonsyn","nonsyn",4.2e-06,5.36e-07,1.17e-06,1.17e-06,"0.0180054","0.00501579000000001","1","0.00501579000000001","K","K","K","N","N",0,1,1,0,0,0,0
"6316",6579,4227,4227,"t","t","c","c",0.0021291696238467,0.0021291696238467,0,0,0,0,0,0,0.0021291696238467,0.0021291696238467,0.0021291696238467,0.0021291696238467,"nonsyn","nonsyn","nonsyn",1.7e-05,1.07e-06,1.21e-06,1.21e-06,"0.00798433333333333","1","1","1","F","F","L","I","V",0,0,0,0,0,0,0
"6317",6580,4241,4241,"t","t","c","c",0.00754539023815138,0.00754539023815138,0.00141476066965338,0.00141476066965338,0.000707380334826692,0.000707380334826692,0.000707380334826692,0.000707380334826692,0.00896015090780476,0.00896015090780476,0.00896015090780476,0.00896015090780476,"nonsyn","nonsyn","nonsyn",1.7e-05,1.07e-06,1.21e-06,1.21e-06,"0.00225303125","0.000855268333333336","0.00151262333333333","0.00171053666666667","F","F","S","Y","C",1,0,1,0,0,0,0
"6318",6581,4300,4301,"c","c","t","t",0.000930232558139535,0.000930232558139535,0,0,0,0,0,0,0.000930232558139535,0.000930232558139535,0.000930016275284817,0.000930016275284817,"syn","nonsyn","nonsyn",4.58e-06,8.37e-07,4.33e-07,4.33e-07,"0.0049235","1","1","1","F","F","F","L","L",0,0,0,0,0,0,0
"6319",6582,4305,4305,"g","g","a","a",0.00255516840882695,0.00255516840882695,0.000464576074332172,0.000464576074332172,0,0.000464576074332172,0,0.000464576074332172,0.00301974448315912,0.00301974448315912,0.00301974448315912,0.00301974448315912,"nonsyn","nonsyn","nonsyn",4.2e-06,5.36e-07,1.17e-06,1.17e-06,"0.00164372727272727","0.002518425","1","0.002518425","A","A","T","P","S",1,1,1,0,0,0,0
"6320",6583,4293,4293,"c","c","t","t",0.00628930817610063,0.00628930817610063,0.00116468669927789,0.00116468669927789,0.000931749359422315,0.000232937339855579,0.000931749359422315,0.000232937339855579,0.00745399487537852,0.00745399487537852,0.00745399487537852,0.00745399487537852,"nonsyn","nonsyn","nonsyn",4.58e-06,8.37e-07,4.33e-07,4.33e-07,"0.00072822","0.000371773800000001","0.00089831025","0.001858869","A","A","V","E","G",0,1,1,0,0,0,0
"6321",6584,4353,4353,"g","g","a","a",0.00229726625315874,0.00229726625315874,0.000229726625315874,0.000229726625315874,0,0.000229726625315874,0,0.000229726625315874,0.00252699287847462,0.00252699287847462,0.00252699287847462,0.00252699287847462,"syn","syn","syn",4.2e-06,5.36e-07,1.17e-06,1.17e-06,"0.00182826","0.00509301","1","0.00509301","A","A","A","A","A",0,0,0,0,0,0,0
"6322",6585,4354,4354,"c","c","t","t",0.051676619200735,0.051676619200735,0.000229673863114378,0.000229673863114378,0.000229673863114378,0,0.000229673863114378,0,0.0519062930638493,0.0519062930638493,0.0519062930638493,0.0519062930638493,"syn","nonsyn","nonsyn",4.58e-06,8.37e-07,4.33e-07,4.33e-07,"8.86280888888888e-05","0.001885282","0.00364429799999999","1","L","L","L","M","V",0,0,0,0,0,0,0
"6323",6586,4388,4388,"t","t","c","c",0.004102096627165,0.004102096627165,0.000683682771194166,0.000683682771194166,0.000455788514129444,0.000227894257064722,0.000455788514129444,0.000227894257064722,0.00478577939835916,0.00478577939835916,0.00478577939835916,0.00478577939835916,"nonsyn","nonsyn","nonsyn",1.7e-05,1.07e-06,1.21e-06,1.21e-06,"0.00414422222222222","0.00176982666666667","0.00234758","0.00530948","L","L","P","Q","R",1,1,1,1,1,0,1
"6324",6587,4408,4408,"g","g","a","a",0.00158802177858439,0.00158802177858439,0.000226860254083485,0.000226860254083485,0.000226860254083485,0,0.000226860254083485,0,0.00181488203266788,0.00181488203266788,0.00181488203266788,0.00181488203266788,"syn","syn","syn",4.2e-06,5.36e-07,1.17e-06,1.17e-06,"0.0026448","0.00515735999999999","0.002362688","1","L","L","L","L","L",0,0,0,0,0,0,0
"6325",6588,4388,4388,"t","t","c","c",0.00273473108477666,0.00273473108477666,0.000911577028258888,0.000911577028258888,0.000227894257064722,0.000683682771194166,0.000227894257064722,0.000683682771194166,0.00364630811303555,0.00364630811303555,0.00364630811303555,0.00364630811303555,"nonsyn","nonsyn","nonsyn",1.7e-05,1.07e-06,1.21e-06,1.21e-06,"0.00621633333333334","0.00132737","0.00469516","0.00176982666666667","W","W","R","R","G",1,1,1,1,0,0,0
"6326",6589,4201,4202,"g","g","a","a",0.000952154248988336,0.000952154248988336,0.000476077124494168,0.000476077124494168,0,0.000476077124494168,0,0.000476077124494168,0.0014282313734825,0.0014282313734825,0.0014278914802475,0.0014278914802475,"stop","nonsyn","nonsyn",4.2e-06,5.36e-07,1.17e-06,1.17e-06,"0.00441105","0.002457585","1","0.002457585","W","W","*","S","L",1,1,0,0,1,1,0
"6327",6590,4189,4189,"g","g","a","a",0.0011936022917164,0.0011936022917164,0.00023872045834328,0.00023872045834328,0.00023872045834328,0,0.00023872045834328,0,0.00143232275005968,0.00143232275005968,0.00143232275005968,0.00143232275005968,"stop","nonsyn","nonsyn",4.2e-06,5.36e-07,1.17e-06,1.17e-06,"0.00351876","0.00490113","0.002245304","1","W","W","*","C","C",1,1,1,0,0,0,0
"6328",6591,4173,4174,"a","a","g","g",0.00407380781212557,0.00407380781212557,0.00119817876827223,0.00119817876827223,0,0.00119817876827223,0,0.00119817876827223,0.0052719865803978,0.0052719865803978,0.0052707235265932,0.0052707235265932,"nonsyn","syn","nonsyn",1.77e-05,1.76e-06,1.7e-06,1.7e-06,"0.0043448294117647","0.00141882","1","0.00141882","R","R","G","R","W",1,0,1,0,1,1,0
"6329",6592,4173,4173,"g","g","a","a",0.00239635753654445,0.00239635753654445,0.00119817876827223,0.00119817876827223,0,0.00119817876827223,0,0.00119817876827223,0.00359453630481668,0.00359453630481668,0.00359453630481668,0.00359453630481668,"nonsyn","nonsyn","nonsyn",4.2e-06,5.36e-07,1.17e-06,1.17e-06,"0.00175266","0.000976481999999997","1","0.000976481999999997","R","R","K","T","M",0,1,1,0,1,1,0
"6330",6593,4181,4181,"g","g","a","a",0.00167424061229371,0.00167424061229371,0.000956708921310691,0.000956708921310691,0,0.000956708921310691,0,0.000956708921310691,0.0026309495336044,0.0026309495336044,0.0026309495336044,0.0026309495336044,"syn","nonsyn","nonsyn",4.2e-06,5.36e-07,1.17e-06,1.17e-06,"0.0025086","0.0012229425","1","0.0012229425","R","R","R","S","S",0,1,1,0,1,1,0
"6331",6594,4205,4205,"g","g","a","a",0.00190249702734839,0.00190249702734839,0.000475624256837099,0.000475624256837099,0,0.000475624256837099,0,0.000475624256837099,0.00237812128418549,0.00237812128418549,0.00237812128418549,0.00237812128418549,"nonsyn","nonsyn","nonsyn",4.2e-06,5.36e-07,1.17e-06,1.17e-06,"0.00220762500000001","0.002459925","1","0.002459925","V","V","M","L","L",0,0,0,0,0,0,0
"6332",6595,4177,4177,"t","t","c","c",0.00239406272444338,0.00239406272444338,0,0,0,0,0,0,0.00239406272444338,0.00239406272444338,0.00239406272444338,0.00239406272444338,"nonsyn","nonsyn","nonsyn",1.7e-05,1.07e-06,1.21e-06,1.21e-06,"0.0071009","1","1","1","V","V","A","E","G",0,1,1,1,0,0,0
"6333",6596,4217,4217,"g","g","a","a",0.00355703106473797,0.00355703106473797,0,0,0,0,0,0,0.00355703106473797,0.00355703106473797,0.00355703106473797,0.00355703106473797,"syn","syn","syn",4.2e-06,5.36e-07,1.17e-06,1.17e-06,"0.00118076","1","1","1","V","V","V","V","V",0,0,0,0,0,0,0
"6334",6597,4253,4253,"t","t","c","c",0.00305666588290618,0.00305666588290618,0,0,0,0,0,0,0.00305666588290618,0.00305666588290618,0.00305666588290618,0.00305666588290618,"nonsyn","nonsyn","nonsyn",1.7e-05,1.07e-06,1.21e-06,1.21e-06,"0.00556161538461539","1","1","1","S","S","P","T","A",1,0,1,0,0,0,0
"6335",6598,4529,4529,"c","c","t","t",0.000441598586884522,0.000441598586884522,0.000662397880326783,0.000662397880326783,0.000662397880326783,0,0.000662397880326783,0,0.0011039964672113,0.0011039964672113,0.0011039964672113,0.0011039964672113,"nonsyn","nonsyn","nonsyn",4.58e-06,8.37e-07,4.33e-07,4.33e-07,"0.01037141","0.000653685666666667","0.001263591","1","S","S","F","Y","C",1,1,1,0,0,0,0
"6336",6599,4559,4559,"t","t","c","c",0.00416758060978285,0.00416758060978285,0.00153542443518315,0.00153542443518315,0.00109673173941654,0.000438692695766616,0.00109673173941654,0.000438692695766616,0.005703005044966,0.005703005044966,0.005703005044966,0.005703005044966,"syn","syn","syn",1.7e-05,1.07e-06,1.21e-06,1.21e-06,"0.00407910526315789","0.000788055714285716","0.000975625999999999","0.002758195","S","S","S","S","S",0,0,0,1,1,0,1
"6337",6600,4545,4545,"g","g","a","a",0.00418041804180418,0.00418041804180418,0.00022002200220022,0.00022002200220022,0.00022002200220022,0,0.00022002200220022,0,0.0044004400440044,0.0044004400440044,0.0044004400440044,0.0044004400440044,"nonsyn","nonsyn","nonsyn",4.2e-06,5.36e-07,1.17e-06,1.17e-06,"0.00100468421052632","0.00531765","0.00243612","1","A","A","T","P","S",1,1,1,0,0,0,0
"6338",6601,4568,4568,"c","c","t","t",0.00197022767075306,0.00197022767075306,0,0,0,0,0,0,0.00197022767075306,0.00197022767075306,0.00197022767075306,0.00197022767075306,"nonsyn","nonsyn","nonsyn",4.58e-06,8.37e-07,4.33e-07,4.33e-07,"0.00232460444444445","1","1","1","A","A","V","E","G",0,1,1,0,0,0,0
"6339",6602,4520,4520,"a","a","g","g",0.00398230088495575,0.00398230088495575,0.000663716814159292,0.000663716814159292,0.000221238938053097,0.000442477876106195,0.000221238938053097,0.000442477876106195,0.00464601769911504,0.00464601769911504,0.00464601769911504,0.00464601769911504,"syn","syn","syn",1.77e-05,1.76e-06,1.7e-06,1.7e-06,"0.00444466666666667","0.00256133333333333","0.00795520000000001","0.003842","A","A","A","A","A",0,0,0,1,1,1,0
"6340",6603,4554,4554,"g","g","a","a",0.00043917435221783,0.00043917435221783,0.00043917435221783,0.00043917435221783,0,0.00043917435221783,0,0.00043917435221783,0.000878348704435661,0.000878348704435661,0.000878348704435661,0.000878348704435661,"nonsyn","nonsyn","stop",4.2e-06,5.36e-07,1.17e-06,1.17e-06,"0.00956340000000001","0.00266409","1","0.00266409","E","E","K","Q","*",1,1,1,0,0,0,0
"6341",6604,4511,4511,"a","a","g","g",0.00199512303258701,0.00199512303258701,0.000665041010862337,0.000665041010862337,0.000221680336954112,0.000443360673908224,0.000221680336954112,0.000443360673908224,0.00266016404344935,0.00266016404344935,0.00266016404344935,0.00266016404344935,"nonsyn","nonsyn","nonsyn",1.77e-05,1.76e-06,1.7e-06,1.7e-06,"0.00887163333333333","0.00255623333333333","0.00793936000000001","0.00383435","E","E","G","A","V",1,1,1,0,1,1,0
"6342",6605,4524,4524,"g","g","a","a",0.001105216622458,0.001105216622458,0,0,0,0,0,0,0.001105216622458,0.001105216622458,0.001105216622458,0.001105216622458,"syn","nonsyn","nonsyn",4.2e-06,5.36e-07,1.17e-06,1.17e-06,"0.00380016000000001","1","1","1","E","E","E","D","D",0,0,0,0,1,1,0
"6343",6606,4527,4527,"g","g","a","a",0.000883587364700685,0.000883587364700685,0,0,0,0,0,0,0.000883587364700685,0.000883587364700685,0.000883587364700685,0.000883587364700685,"nonsyn","nonsyn","stop",4.2e-06,5.36e-07,1.17e-06,1.17e-06,"0.00475335","1","1","1","E","E","K","Q","*",1,1,1,0,0,0,0
"6344",6607,4551,4551,"a","a","g","g",0.003295978905735,0.003295978905735,0.000219731927049,0.000219731927049,0,0.000219731927049,0,0.000219731927049,0.003515710832784,0.003515710832784,0.003515710832784,0.003515710832784,"nonsyn","nonsyn","nonsyn",1.77e-05,1.76e-06,1.7e-06,1.7e-06,"0.00537018","0.00773670000000001","1","0.00773670000000001","E","E","G","A","V",1,1,1,0,0,0,0
"6345",6608,4567,4567,"a","a","g","g",0.00306546967374644,0.00306546967374644,0.000218962119553317,0.000218962119553317,0.000218962119553317,0,0.000218962119553317,0,0.00328443179329976,0.00328443179329976,0.00328443179329976,0.00328443179329976,"syn","nonsyn","nonsyn",1.77e-05,1.76e-06,1.7e-06,1.7e-06,"0.00577399285714286","0.00776390000000001","0.00803792000000001","1","E","E","E","D","D",0,0,0,0,0,0,0
"6346",6609,4542,4542,"t","t","c","c",0.00132100396301189,0.00132100396301189,0.000220167327168648,0.000220167327168648,0.000220167327168648,0,0.000220167327168648,0,0.00154117129018054,0.00154117129018054,0.00154117129018054,0.00154117129018054,"nonsyn","nonsyn","nonsyn",1.7e-05,1.07e-06,1.21e-06,1.21e-06,"0.012869","0.00549582","0.00485994","1","Y","Y","H","N","D",1,1,1,0,0,0,0
"6347",6610,4512,4512,"a","a","g","g",0.0037677304964539,0.0037677304964539,0.000664893617021277,0.000664893617021277,0.000221631205673759,0.000443262411347518,0.000221631205673759,0.000443262411347518,0.00443262411347518,0.00443262411347518,0.00443262411347518,0.00443262411347518,"nonsyn","nonsyn","nonsyn",1.77e-05,1.76e-06,1.7e-06,1.7e-06,"0.00469778823529412","0.0025568","0.00794112","0.0038352","Y","Y","C","S","F",1,1,0,0,0,0,0
"6348",6611,4539,4539,"c","c","t","t",0.00154218990967173,0.00154218990967173,0,0,0,0,0,0,0.00154218990967173,0.00154218990967173,0.00154218990967173,0.00154218990967173,"syn","stop","stop",4.58e-06,8.37e-07,4.33e-07,4.33e-07,"0.00296980285714286","1","1","1","Y","Y","Y","*","*",0,1,1,0,0,0,0
"6349",6612,4550,4550,"g","g","a","a",0.0021978021978022,0.0021978021978022,0,0,0,0,0,0,0.0021978021978022,0.0021978021978022,0.0021978021978022,0.0021978021978022,"nonsyn","nonsyn","nonsyn",4.2e-06,5.36e-07,1.17e-06,1.17e-06,"0.001911","1","1","1","V","V","M","L","L",0,0,0,0,0,0,0
"6350",6613,4518,4518,"t","t","c","c",0.00287737937140328,0.00287737937140328,0.000221336874723329,0.000221336874723329,0,0.000221336874723329,0,0.000221336874723329,0.0030987162461266,0.0030987162461266,0.0030987162461266,0.0030987162461266,"nonsyn","nonsyn","nonsyn",1.7e-05,1.07e-06,1.21e-06,1.21e-06,"0.00590815384615384","0.00546678","1","0.00546678","V","V","A","E","G",0,1,1,1,0,0,0
"6351",6614,4522,4522,"g","g","a","a",0.000663423264042459,0.000663423264042459,0.000442282176028306,0.000442282176028306,0,0.000442282176028306,0,0.000442282176028306,0.00110570544007077,0.00110570544007077,0.00110570544007077,0.00110570544007077,"syn","syn","syn",4.2e-06,5.36e-07,1.17e-06,1.17e-06,"0.0063308","0.00264537","1","0.00264537","V","V","V","V","V",0,0,0,0,1,1,0
"6352",6615,4527,4527,"g","g","a","a",0.000441793682350342,0.000441793682350342,0.000220896841175171,0.000220896841175171,0,0.000220896841175171,0,0.000220896841175171,0.000662690523525514,0.000662690523525514,0.000662690523525514,0.000662690523525514,"nonsyn","nonsyn","stop",4.2e-06,5.36e-07,1.17e-06,1.17e-06,"0.00950670000000001","0.00529659","1","0.00529659","E","E","K","Q","*",1,1,1,0,0,0,0
"6353",6616,4511,4511,"a","a","g","g",0.00243848370649523,0.00243848370649523,0.00110840168477056,0.00110840168477056,0.000665041010862337,0.000443360673908224,0.000665041010862337,0.000443360673908224,0.00354688539126579,0.00354688539126579,0.00354688539126579,0.00354688539126579,"nonsyn","nonsyn","nonsyn",1.77e-05,1.76e-06,1.7e-06,1.7e-06,"0.0072586090909091","0.00153374","0.00264645333333333","0.00383435","E","E","G","A","V",1,1,1,0,1,1,0
"6354",6617,4549,4549,"g","g","a","a",0.00087931413497472,0.00087931413497472,0.00021982853374368,0.00021982853374368,0,0.00021982853374368,0,0.00021982853374368,0.0010991426687184,0.0010991426687184,0.0010991426687184,0.0010991426687184,"syn","nonsyn","nonsyn",4.2e-06,5.36e-07,1.17e-06,1.17e-06,"0.00477645","0.00532233","1","0.00532233","E","E","E","D","D",0,0,0,0,0,0,0
"6355",6618,4563,4563,"g","a","a","g",0.00131492439184747,0.998685075608153,0,0,0,0,0,0,0.00131492439184747,0.998685075608153,0.00131492439184747,0.998685075608153,"nonsyn","nonsyn","nonsyn",1.77e-05,1.76e-06,1.7e-06,1.7e-06,"1.77233048057933e-05","1","1","1","V","I","V","L","L",0,0,0,0,0,0,0
"6356",6619,4539,4539,"t","t","c","c",0.00242344128662701,0.00242344128662701,0,0,0,0,0,0,0.00242344128662701,0.00242344128662701,0.00242344128662701,0.00242344128662701,"nonsyn","nonsyn","nonsyn",1.7e-05,1.07e-06,1.21e-06,1.21e-06,"0.00701481818181818","1","1","1","V","I","T","K","R",1,1,1,0,0,0,0
"6357",6620,4597,4597,"a","a","g","g",0.00195779856428105,0.00195779856428105,0.000652599521427018,0.000652599521427018,0,0.000652599521427018,0,0.000652599521427018,0.00261039808570807,0.00261039808570807,0.00261039808570807,0.00261039808570807,"nonsyn","syn","syn",1.77e-05,1.76e-06,1.7e-06,1.7e-06,"0.00904076666666668","0.00260496666666667","1","0.00260496666666667","V","I","M","I","I",0,0,0,0,0,0,0
"6358",6621,4618,4618,"a","a","g","g",0.00238198354265916,0.00238198354265916,0.0010827197921178,0.0010827197921178,0,0.0010827197921178,0,0.0010827197921178,0.00346470333477696,0.00346470333477696,0.00346470333477696,0.00346470333477696,"nonsyn","syn","nonsyn",1.77e-05,1.76e-06,1.7e-06,1.7e-06,"0.00743078181818182","0.00157012","1","0.00157012","R","R","G","R","W",1,0,1,0,1,1,0
"6359",6622,4638,4638,"g","g","a","a",0.000646830530401035,0.000646830530401035,0.00086244070720138,0.00086244070720138,0,0.00086244070720138,0,0.00086244070720138,0.00150927123760241,0.00150927123760241,0.00150927123760241,0.00150927123760241,"nonsyn","nonsyn","nonsyn",4.2e-06,5.36e-07,1.17e-06,1.17e-06,"0.0064932","0.001356615","1","0.001356615","R","R","K","T","M",0,1,1,0,1,1,0
"6360",6623,4637,4637,"g","g","a","a",0.00258788009488894,0.00258788009488894,0.000431313349148156,0.000431313349148156,0.000431313349148156,0,0.000431313349148156,0,0.00301919344403709,0.00301919344403709,0.00301919344403709,0.00301919344403709,"syn","nonsyn","nonsyn",4.2e-06,5.36e-07,1.17e-06,1.17e-06,"0.00162295","0.002712645","0.001242716","1","R","R","R","S","S",0,1,1,0,0,0,0
"6361",6624,4630,4630,"c","c","t","t",0.00172786177105832,0.00172786177105832,0.000215982721382289,0.000215982721382289,0.000215982721382289,0,0.000215982721382289,0,0.0019438444924406,0.0019438444924406,0.0019438444924406,0.0019438444924406,"nonsyn","syn","nonsyn",4.58e-06,8.37e-07,4.33e-07,4.33e-07,"0.00265067499999999","0.00200479","0.00387531000000001","1","Q","R","W","R","G",1,0,1,0,0,0,0
"6362",6625,4606,4606,"a","g","g","a",0.00217108119843682,0.995657837603126,0.00217108119843682,0.00217108119843682,0.000217108119843682,0.00195397307859314,0.000217108119843682,0.00195397307859314,0.00434216239687364,0.997828918801563,0.00434216239687364,0.997828918801563,"nonsyn","nonsyn","nonsyn",4.2e-06,5.36e-07,1.17e-06,1.17e-06,"4.21831661578718e-06","0.000538902","0.002468816","0.00059878","Q","R","Q","P","L",1,1,1,0,1,1,0
"6363",6626,4507,4507,"g","g","a","a",0.0241846017306412,0.0241846017306412,0.000221877080097626,0.000221877080097626,0,0.000221877080097626,0,0.000221877080097626,0.0244064788107388,0.0244064788107388,0.0244064788107388,0.0244064788107388,"syn","syn","syn",4.2e-06,5.36e-07,1.17e-06,1.17e-06,"0.000173664220183486","0.00527319","1","0.00527319","Q","R","R","R","R",0,0,0,0,1,1,0
"6364",6627,4484,4484,"g","g","a","a",0,0,0.000223015165031222,0.000223015165031222,0,0.000223015165031222,0,0.000223015165031222,0.000223015165031222,0.000223015165031222,0.000223015165031222,0.000223015165031222,"nonsyn","nonsyn","nonsyn",4.2e-06,5.36e-07,1.17e-06,1.17e-06,"1","0.00524628","1","0.00524628","V","V","M","L","L",0,0,0,0,0,0,0
"6365",6628,4451,4453,"t","t","c","c",0.00157268029656257,0.00157268029656257,0.000674005841383959,0.000674005841383959,0.000449337227589306,0.000224668613794653,0.000449337227589306,0.000224668613794653,0.00224668613794653,0.00224668613794653,0.0022456770716371,0.0022456770716371,"nonsyn","nonsyn","nonsyn",1.7e-05,1.07e-06,1.21e-06,1.21e-06,"0.0108095714285714","0.00179523666666667","0.002381285","0.00538571","V","V","A","E","G",0,1,1,1,0,0,0
"6366",6629,4482,4492,"g","g","a","a",0.00111557340473003,0.00111557340473003,0.000446229361892012,0.000446229361892012,0,0.000446229361892012,0,0.000446229361892012,0.00156180276662204,0.00156180276662204,0.00155832591273375,0.00155832591273375,"syn","syn","syn",4.2e-06,5.36e-07,1.17e-06,1.17e-06,"0.00376488","0.00262197","1","0.00262197","V","V","V","V","V",0,0,0,0,1,1,0
"6367",6630,4499,4499,"g","g","a","a",0.00244498777506112,0.00244498777506112,0.000444543231829295,0.000444543231829295,0,0.000444543231829295,0,0.000444543231829295,0.00288953100689042,0.00288953100689042,0.00288953100689042,0.00288953100689042,"nonsyn","nonsyn","nonsyn",4.2e-06,5.36e-07,1.17e-06,1.17e-06,"0.0017178","0.002631915","1","0.002631915","G","G","R","R","W",1,1,1,0,1,1,0
"6368",6631,4497,4497,"g","g","a","a",0.00244607516121859,0.00244607516121859,0.00044474093840338,0.00044474093840338,0,0.00044474093840338,0,0.00044474093840338,0.00289081609962197,0.00289081609962197,0.00289081609962197,0.00289081609962197,"nonsyn","nonsyn","nonsyn",4.2e-06,5.36e-07,1.17e-06,1.17e-06,"0.00171703636363636","0.002630745","1","0.002630745","G","G","E","A","V",1,1,1,0,1,1,0
"6369",6632,4506,4506,"g","g","a","a",0.00221926320461607,0.00221926320461607,0.000221926320461607,0.000221926320461607,0,0.000221926320461607,0,0.000221926320461607,0.00244118952507767,0.00244118952507767,0.00244118952507767,0.00244118952507767,"syn","syn","syn",4.2e-06,5.36e-07,1.17e-06,1.17e-06,"0.00189252","0.00527201999999999","1","0.00527201999999999","G","G","G","G","G",0,0,0,0,1,1,0
"6370",6633,4517,4517,"g","g","a","a",0.00199247288023024,0.00199247288023024,0,0,0,0,0,0,0.00199247288023024,0.00199247288023024,0.00199247288023024,0.00199247288023024,"nonsyn","nonsyn","nonsyn",4.2e-06,5.36e-07,1.17e-06,1.17e-06,"0.00210793333333333","1","1","1","D","D","N","H","Y",1,1,1,0,0,0,0
"6371",6634,4528,4529,"a","a","g","g",0.0090547703180212,0.0090547703180212,0.000441696113074205,0.000441696113074205,0.000220848056537102,0.000220848056537102,0.000220848056537102,0.000220848056537102,0.00949646643109541,0.00949646643109541,0.00949436961801722,0.00949436961801722,"nonsyn","nonsyn","nonsyn",1.77e-05,1.76e-06,1.7e-06,1.7e-06,"0.00195477073170732","0.0038488","0.00796928000000002","0.00769760000000002","D","D","G","A","V",1,1,1,0,0,0,0
"6372",6635,4543,4543,"c","c","t","t",0.000440237728373322,0.000440237728373322,0,0,0,0,0,0,0.000440237728373322,0.000440237728373322,0.000440237728373322,0.000440237728373322,"syn","nonsyn","nonsyn",4.58e-06,8.37e-07,4.33e-07,4.33e-07,"0.01040347","1","1","1","D","D","D","E","E",0,0,0,0,0,0,0
"6373",6636,4636,4637,"t","t","c","c",0.00409836065573771,0.00409836065573771,0.000862812769628991,0.000862812769628991,0.000431406384814495,0.000431406384814495,0.000431406384814495,0.000431406384814495,0.0049611734253667,0.0049611734253667,0.0049601035152038,0.0049601035152038,"nonsyn","nonsyn","nonsyn",1.7e-05,1.07e-06,1.21e-06,1.21e-06,"0.00414799999999999","0.00140239","0.00248026","0.00280478","F","F","L","I","V",0,0,0,0,1,0,1
"6374",6637,4619,4619,"t","t","c","c",0.00476293570036805,0.00476293570036805,0.00064949123186837,0.00064949123186837,0.000216497077289457,0.000432994154578913,0.000216497077289457,0.000432994154578913,0.00541242693223641,0.00541242693223641,0.00541242693223641,0.00541242693223641,"nonsyn","nonsyn","nonsyn",1.7e-05,1.07e-06,1.21e-06,1.21e-06,"0.00356922727272727","0.00186299666666667","0.00494232999999999","0.002794495","F","F","S","Y","C",1,0,1,0,0,0,0
"6375",6638,4645,4645,"c","c","t","t",0.000861141011840689,0.000861141011840689,0.000430570505920344,0.000430570505920344,0.000430570505920344,0,0.000430570505920344,0,0.00129171151776103,0.00129171151776103,0.00129171151776103,0.00129171151776103,"syn","nonsyn","nonsyn",4.58e-06,8.37e-07,4.33e-07,4.33e-07,"0.005318525","0.0010056425","0.0019439325","1","F","F","F","L","L",0,0,0,0,0,0,0
"6376",6639,4559,4559,"c","c","t","t",0.011406010089932,0.011406010089932,0.000219346347883308,0.000219346347883308,0.000219346347883308,0,0.000219346347883308,0,0.0116253564378153,0.0116253564378153,0.0116253564378153,0.0116253564378153,"nonsyn","nonsyn","nonsyn",4.58e-06,8.37e-07,4.33e-07,4.33e-07,"0.000401542692307692","0.001974047","0.003815883","1","H","H","Y","N","D",1,1,1,0,1,0,1
"6377",6640,4641,4641,"a","a","g","g",0.00193923723335488,0.00193923723335488,0.00107735401853049,0.00107735401853049,0,0.00107735401853049,0,0.00107735401853049,0.00301659125188537,0.00301659125188537,0.00301659125188537,0.00301659125188537,"nonsyn","nonsyn","nonsyn",1.77e-05,1.76e-06,1.7e-06,1.7e-06,"0.0091273","0.00157794","1","0.00157794","H","H","R","P","L",0,1,1,1,0,0,0
"6378",6641,4673,4673,"c","c","t","t",0.000213995292103574,0.000213995292103574,0,0,0,0,0,0,0.000213995292103574,0.000213995292103574,0.000213995292103574,0.000213995292103574,"syn","nonsyn","nonsyn",4.58e-06,8.37e-07,4.33e-07,4.33e-07,"0.02140234","1","1","1","H","H","H","Q","Q",0,1,1,0,0,0,0
"6379",6642,4694,4694,"t","t","c","c",0.00255645504899872,0.00255645504899872,0.000213037920749893,0.000213037920749893,0.000213037920749893,0,0.000213037920749893,0,0.00276949296974862,0.00276949296974862,0.00276949296974862,0.00276949296974862,"nonsyn","nonsyn","nonsyn",1.7e-05,1.07e-06,1.21e-06,1.21e-06,"0.00664983333333334","0.00567974000000001","0.00502258000000001","1","Y","Y","H","N","D",1,1,1,0,1,0,1
"6380",6643,4711,4711,"a","a","g","g",0.00360857567395457,0.00360857567395457,0.000212269157291446,0.000212269157291446,0,0.000212269157291446,0,0.000212269157291446,0.00382084483124602,0.00382084483124602,0.00382084483124602,0.00382084483124602,"nonsyn","nonsyn","nonsyn",1.77e-05,1.76e-06,1.7e-06,1.7e-06,"0.00490498235294118","0.00800869999999998","1","0.00800869999999998","Y","Y","C","S","F",1,1,0,0,0,0,0
"6381",6644,4650,4650,"c","c","t","t",0.00236559139784946,0.00236559139784946,0,0,0,0,0,0,0.00236559139784946,0.00236559139784946,0.00236559139784946,0.00236559139784946,"syn","stop","stop",4.58e-06,8.37e-07,4.33e-07,4.33e-07,"0.00193609090909091","1","1","1","Y","Y","Y","*","*",0,1,1,0,0,0,0
"6382",6645,4637,4637,"g","g","a","a",0.0019409100711667,0.0019409100711667,0.000215656674574078,0.000215656674574078,0,0.000215656674574078,0,0.000215656674574078,0.00215656674574078,0.00215656674574078,0.00215656674574078,0.00215656674574078,"nonsyn","nonsyn","nonsyn",4.2e-06,5.36e-07,1.17e-06,1.17e-06,"0.00216393333333334","0.00542529","1","0.00542529","V","V","I","L","L",0,0,0,0,0,0,0
"6383",6646,4616,4616,"t","t","c","c",0.00498266897746967,0.00498266897746967,0.000433275563258232,0.000433275563258232,0.000216637781629116,0.000216637781629116,0.000216637781629116,0.000216637781629116,0.0054159445407279,0.0054159445407279,0.0054159445407279,0.0054159445407279,"nonsyn","nonsyn","nonsyn",1.7e-05,1.07e-06,1.21e-06,1.21e-06,"0.00341182608695652","0.00279268","0.00493912","0.00558536","V","V","A","E","G",0,1,1,0,0,0,0
"6384",6647,4580,4580,"g","a","a","g",0.000873362445414847,0.999126637554585,0,0,0,0,0,0,0.000873362445414847,0.999126637554585,0.000873362445414847,0.999126637554585,"syn","syn","syn",1.77e-05,1.76e-06,1.7e-06,1.7e-06,"1.7715472027972e-05","1","1","1","V","V","V","V","V",0,0,0,0,0,0,0
"6385",6648,4573,4573,"a","t","g","c",0.00306144762737809,0.000218674830527006,0.000218674830527006,0.999781325169473,0.000218674830527006,0,0.996719877542095,0.00306144762737809,0.0032801224579051,1,0.0032801224579051,1,"nonsyn","nonsyn","nonsyn",1.7e-05,1.07e-06,1.21e-06,1.21e-06,"0.0777410000000001","1.2102646544182e-06","1.07352128126371e-06","0.000395237857142857","T","S","P","T","A",1,0,1,0,0,0,0
"6386",6649,4585,4585,"c","c","t","t",0.00719738276990185,0.00719738276990185,0,0,0,0,0,0,0.00719738276990185,0.00719738276990185,0.00719738276990185,0.00719738276990185,"nonsyn","stop","nonsyn",4.58e-06,8.37e-07,4.33e-07,4.33e-07,"0.000636342424242425","1","1","1","T","S","L","*","W",1,1,1,0,0,0,0
"6387",6650,4598,4598,"g","g","a","a",0.00173988690735102,0.00173988690735102,0.000434971726837756,0.000434971726837756,0,0.000434971726837756,0,0.000434971726837756,0.00217485863418878,0.00217485863418878,0.00217485863418878,0.00217485863418878,"syn","syn","syn",4.2e-06,5.36e-07,1.17e-06,1.17e-06,"0.00241395","0.00268983","1","0.00268983","T","S","S","S","S",0,0,0,0,1,1,0
"6388",6651,4605,4605,"g","g","a","a",0.00629750271444083,0.00629750271444083,0.000651465798045603,0.000651465798045603,0,0.000651465798045603,0,0.000651465798045603,0.00694896851248643,0.00694896851248643,0.00694896851248643,0.00694896851248643,"nonsyn","nonsyn","nonsyn",4.2e-06,5.36e-07,1.17e-06,1.17e-06,"0.000666931034482758","0.00179595","1","0.00179595","G","G","S","R","C",1,1,0,0,1,1,0
"6389",6652,4610,4610,"g","g","a","a",0.00130151843817787,0.00130151843817787,0,0,0,0,0,0,0.00130151843817787,0.00130151843817787,0.00130151843817787,0.00130151843817787,"nonsyn","nonsyn","nonsyn",4.2e-06,5.36e-07,1.17e-06,1.17e-06,"0.00322700000000001","1","1","1","G","G","D","A","V",1,1,1,0,0,0,0
"6390",6653,4607,4607,"t","t","c","c",0.0418927718688952,0.0418927718688952,0.000217060994139353,0.000217060994139353,0.000217060994139353,0,0.000217060994139353,0,0.0421098328630345,0.0421098328630345,0.0421098328630345,0.0421098328630345,"syn","syn","syn",1.7e-05,1.07e-06,1.21e-06,1.21e-06,"0.000405797927461139","0.00557447","0.00492949","1","G","G","G","G","G",0,0,0,0,0,0,0
"6391",6654,4598,4598,"a","a","g","g",0.00173988690735102,0.00173988690735102,0.000434971726837756,0.000434971726837756,0.000217485863418878,0.000217485863418878,0.000217485863418878,0.000217485863418878,0.00217485863418878,0.00217485863418878,0.00217485863418878,0.00217485863418878,"nonsyn","nonsyn","nonsyn",1.77e-05,1.76e-06,1.7e-06,1.7e-06,"0.010173075","0.0039083","0.00809247999999999","0.00781659999999999","M","M","V","L","L",0,0,0,0,0,0,0
"6392",6655,4714,4714,"t","t","c","c",0.00127280441238863,0.00127280441238863,0.000424268137462877,0.000424268137462877,0.000424268137462877,0,0.000424268137462877,0,0.00169707254985151,0.00169707254985151,0.00169707254985151,0.00169707254985151,"nonsyn","nonsyn","nonsyn",1.7e-05,1.07e-06,1.21e-06,1.21e-06,"0.0133563333333333","0.00285197","0.00252199","1","M","M","T","K","R",1,1,1,1,0,0,0
"6393",6656,4790,4790,"g","g","a","a",0.00167014613778706,0.00167014613778706,0.000835073068893528,0.000835073068893528,0,0.000835073068893528,0,0.000835073068893528,0.00250521920668058,0.00250521920668058,0.00250521920668058,0.00250521920668058,"nonsyn","nonsyn","nonsyn",4.2e-06,5.36e-07,1.17e-06,1.17e-06,"0.00251474999999999","0.001401075","1","0.001401075","M","M","I","I","I",0,0,0,0,0,0,0
"6394",6657,4786,4786,"a","a","g","g",0.00501462599247806,0.00501462599247806,0.000835770998746344,0.000835770998746344,0.000417885499373172,0.000417885499373172,0.000417885499373172,0.000417885499373172,0.0058503969912244,0.0058503969912244,0.0058503969912244,0.0058503969912244,"nonsyn","nonsyn","nonsyn",1.77e-05,1.76e-06,1.7e-06,1.7e-06,"0.003529675","0.00203405","0.00421168","0.0040681","T","T","A","P","S",1,1,0,0,0,0,0
"6395",6658,4801,4801,"c","c","t","t",0.000624869818787753,0.000624869818787753,0.000208289939595918,0.000208289939595918,0.000208289939595918,0,0.000208289939595918,0,0.00083315975838367,0.00083315975838367,0.00083315975838367,0.00083315975838367,"nonsyn","nonsyn","nonsyn",4.58e-06,8.37e-07,4.33e-07,4.33e-07,"0.00732952666666666","0.002078833","0.00401843699999999","1","T","T","I","N","S",1,0,0,0,0,0,0
"6396",6659,4792,4792,"t","t","c","c",0.00292153589315526,0.00292153589315526,0.00250417362270451,0.00250417362270451,0.00250417362270451,0,0.00250417362270451,0,0.00542570951585977,0.00542570951585977,0.00542570951585977,0.00542570951585977,"syn","syn","syn",1.7e-05,1.07e-06,1.21e-06,1.21e-06,"0.00581885714285714","0.000483193333333333","0.000427286666666666","1","T","T","T","T","T",0,0,0,0,1,0,1
"6397",6660,4760,4760,"a","a","g","g",0.00168067226890756,0.00168067226890756,0.000210084033613445,0.000210084033613445,0,0.000210084033613445,0,0.000210084033613445,0.00189075630252101,0.00189075630252101,0.00189075630252101,0.00189075630252101,"nonsyn","nonsyn","nonsyn",1.77e-05,1.76e-06,1.7e-06,1.7e-06,"0.0105315","0.00809200000000001","1","0.00809200000000001","T","T","A","P","S",1,1,0,0,0,0,0
"6398",6661,4736,4736,"c","c","t","t",0.00126689189189189,0.00126689189189189,0,0,0,0,0,0,0.00126689189189189,0.00126689189189189,0.00126689189189189,0.00126689189189189,"nonsyn","nonsyn","nonsyn",4.58e-06,8.37e-07,4.33e-07,4.33e-07,"0.00361514666666667","1","1","1","T","T","I","N","S",1,0,0,0,0,0,0
"6399",6662,4745,4745,"t","t","c","c",0.00210748155953635,0.00210748155953635,0.00147523709167545,0.00147523709167545,0.00105374077976818,0.000421496311907271,0.00105374077976818,0.000421496311907271,0.0035827186512118,0.0035827186512118,0.0035827186512118,0.0035827186512118,"syn","syn","syn",1.7e-05,1.07e-06,1.21e-06,1.21e-06,"0.00806650000000001","0.000820207142857142","0.00101543","0.002870725","T","T","T","T","T",0,0,0,1,1,0,1
"6400",6663,4761,4761,"g","g","a","a",0.000420079815164881,0.000420079815164881,0.000210039907582441,0.000210039907582441,0,0.000210039907582441,0,0.000210039907582441,0.000630119722747322,0.000630119722747322,0.000630119722747322,0.000630119722747322,"nonsyn","nonsyn","nonsyn",4.2e-06,5.36e-07,1.17e-06,1.17e-06,"0.00999810000000001","0.00557036999999999","1","0.00557036999999999","D","D","N","H","Y",1,1,1,0,0,0,0
"6401",6664,4746,4746,"a","a","g","g",0.00505689001264223,0.00505689001264223,0.00126422250316056,0.00126422250316056,0.000632111251580278,0.000632111251580278,0.000632111251580278,0.000632111251580278,0.00632111251580278,0.00632111251580278,0.00632111251580278,0.00632111251580278,"nonsyn","nonsyn","nonsyn",1.77e-05,1.76e-06,1.7e-06,1.7e-06,"0.003500175","0.0013447","0.00278432","0.0026894","D","D","G","A","V",1,1,1,0,0,0,0
"6402",6665,4746,4746,"c","c","t","t",0.0010535187526338,0.0010535187526338,0.000210703750526759,0.000210703750526759,0.000210703750526759,0,0.000210703750526759,0,0.00126422250316056,0.00126422250316056,0.00126422250316056,0.00126422250316056,"syn","nonsyn","nonsyn",4.58e-06,8.37e-07,4.33e-07,4.33e-07,"0.00434733599999999","0.002055018","0.00397240200000001","1","D","D","D","E","E",0,0,0,0,0,0,0
"6403",6666,4739,4739,"g","a","a","g",0.00211014982063727,0.997889850179363,0,0,0,0,0,0,0.00211014982063727,0.997889850179363,0.00211014982063727,0.997889850179363,"nonsyn","nonsyn","nonsyn",1.77e-05,1.76e-06,1.7e-06,1.7e-06,"1.77374286318461e-05","1","1","1","D","N","D","H","Y",1,1,1,1,0,0,0
"6404",6667,4717,4717,"a","a","g","g",0.0025439898240407,0.0025439898240407,0.000423998304006784,0.000423998304006784,0.000423998304006784,0,0.000423998304006784,0,0.00296798812804749,0.00296798812804749,0.00296798812804749,0.00296798812804749,"nonsyn","nonsyn","nonsyn",1.77e-05,1.76e-06,1.7e-06,1.7e-06,"0.00695757500000001","0.00400945","0.00415096","1","D","N","S","T","I",0,0,1,0,0,0,0
"6405",6668,4734,4734,"c","t","t","c",0.00126742712294043,0.99873257287706,0,0,0,0,0,0,0.00126742712294043,0.99873257287706,0.00126742712294043,0.99873257287706,"syn","nonsyn","nonsyn",1.7e-05,1.07e-06,1.21e-06,1.21e-06,"1.70215736040609e-05","1","1","1","D","N","N","K","K",0,1,1,0,0,0,0
"6406",6669,4742,4742,"c","c","t","t",0.000421762969211303,0.000421762969211303,0.000210881484605652,0.000210881484605652,0.000210881484605652,0,0.000210881484605652,0,0.000632644453816955,0.000632644453816955,0.000632644453816955,0.000632644453816955,"nonsyn","nonsyn","nonsyn",4.58e-06,8.37e-07,4.33e-07,4.33e-07,"0.01085918","0.002053286","0.00396905399999999","1","L","L","F","I","V",0,0,0,0,0,0,0
"6407",6670,4792,4792,"t","t","c","c",0.00250417362270451,0.00250417362270451,0.00166944908180301,0.00166944908180301,0.000626043405676127,0.00104340567612688,0.000626043405676127,0.00104340567612688,0.00417362270450751,0.00417362270450751,0.00417362270450751,0.00417362270450751,"nonsyn","nonsyn","nonsyn",1.7e-05,1.07e-06,1.21e-06,1.21e-06,"0.00678866666666666","0.000724789999999998","0.00170914666666667","0.001159664","L","L","P","H","R",1,1,1,0,1,0,1
"6408",6671,4803,4803,"t","t","c","c",0.00208203206329377,0.00208203206329377,0.000208203206329377,0.000208203206329377,0.000208203206329377,0,0.000208203206329377,0,0.00229023526962315,0.00229023526962315,0.00229023526962315,0.00229023526962315,"syn","syn","syn",1.7e-05,1.07e-06,1.21e-06,1.21e-06,"0.00816510000000002","0.00581163000000001","0.00513921000000001","1","L","L","L","L","L",0,0,0,0,0,0,0
"6409",6672,4784,4787,"a","a","g","g",0.000418060200668896,0.000418060200668896,0.000627090301003344,0.000627090301003344,0,0.000627090301003344,0,0.000627090301003344,0.00104515050167224,0.00104515050167224,0.00104449550866931,0.00104449550866931,"nonsyn","nonsyn","stop",1.77e-05,1.76e-06,1.7e-06,1.7e-06,"0.0423384","0.00271093333333334","1","0.00271093333333334","K","K","E","Q","*",1,1,1,0,0,0,0
"6410",6673,4834,4834,"a","a","g","g",0.00165494414563508,0.00165494414563508,0.000206868018204386,0.000206868018204386,0,0.000206868018204386,0,0.000206868018204386,0.00186181216383947,0.00186181216383947,0.00186181216383947,0.00186181216383947,"nonsyn","nonsyn","nonsyn",1.77e-05,1.76e-06,1.7e-06,1.7e-06,"0.010695225","0.00821779999999999","1","0.00821779999999999","K","K","R","T","I",0,1,1,0,0,0,0
"6411",6674,4817,4817,"a","a","g","g",0.00269877517126842,0.00269877517126842,0.000415196180195142,0.000415196180195142,0,0.000415196180195142,0,0.000415196180195142,0.00311397135146357,0.00311397135146357,0.00311397135146357,0.00311397135146357,"syn","nonsyn","nonsyn",1.77e-05,1.76e-06,1.7e-06,1.7e-06,"0.00655853076923078","0.00409445","1","0.00409445","K","K","K","N","N",0,1,1,0,0,0,0
"6412",6675,4794,4794,"g","t","a","c",0.000625782227784731,0,0.000625782227784731,0.999374217772215,0,0.000625782227784731,0.000625782227784731,0.99874843554443,0.00125156445556946,0.999374217772215,0.00125156445556946,0.999374217772215,"nonsyn","nonsyn","nonsyn",1.7e-05,1.07e-06,1.21e-06,1.21e-06,"1","1.21075767063244e-06","0.00170986","1.21151629072682e-06","V","C","R","S","G",1,1,0,1,0,0,0
"6413",6676,4757,4758,"t","g","c","a",0.00567584612150515,0,0.000210216523018709,0.999789783476981,0,0.000210216523018709,0.00567584612150515,0.994113937355476,0.00588606264452386,0.999789783476981,0.0058848255569567,0.99957965531736,"nonsyn","nonsyn","nonsyn",4.2e-06,5.36e-07,1.17e-06,1.17e-06,"1","1.17024600504626e-06","9.44352592592593e-05","1.17692746880947e-06","V","C","Y","S","F",1,1,1,0,0,0,0
"6414",6677,4762,4763,"c","c","t","t",0.00125997480050399,0.00125997480050399,0.000209995800083998,0.000209995800083998,0.000209995800083998,0,0.000209995800083998,0,0.00146997060058799,0.00146997060058799,0.00146966197774512,0.00146966197774512,"syn","stop","nonsyn",4.58e-06,8.37e-07,4.33e-07,4.33e-07,"0.00363499333333333","0.002061946","0.00398579400000001","1","V","C","C","*","W",0,1,1,0,0,0,0
"6415",6678,4756,4756,"c","c","t","t",0.00315391084945332,0.00315391084945332,0.000420521446593776,0.000420521446593776,0.000210260723296888,0.000210260723296888,0.000210260723296888,0.000210260723296888,0.0035744322960471,0.0035744322960471,0.0035744322960471,0.0035744322960471,"nonsyn","nonsyn","nonsyn",4.58e-06,8.37e-07,4.33e-07,4.33e-07,"0.00145216533333333","0.001029674","0.003980772","0.002059348","P","P","S","T","A",1,1,1,0,1,0,1
"6416",6679,4775,4775,"c","c","t","t",0.00523560209424084,0.00523560209424084,0.0006282722513089,0.0006282722513089,0.0006282722513089,0,0.0006282722513089,0,0.00586387434554974,0.00586387434554974,0.00586387434554974,0.00586387434554974,"nonsyn","nonsyn","nonsyn",4.58e-06,8.37e-07,4.33e-07,4.33e-07,"0.00087478","0.000689191666666667","0.001332225","1","P","P","L","Q","R",1,1,1,0,1,0,1
"6417",6680,4775,4775,"g","g","a","a",0.00209424083769634,0.00209424083769634,0.000209424083769634,0.000209424083769634,0,0.000209424083769634,0,0.000209424083769634,0.00230366492146597,0.00230366492146597,0.00230366492146597,0.00230366492146597,"syn","syn","syn",4.2e-06,5.36e-07,1.17e-06,1.17e-06,"0.0020055","0.00558674999999999","1","0.00558674999999999","P","P","P","P","P",0,0,0,0,0,0,0
"6418",6681,4766,4766,"t","t","c","c",0.00356693243810323,0.00356693243810323,0.000839278220730172,0.000839278220730172,0.000419639110365086,0.000419639110365086,0.000419639110365086,0.000419639110365086,0.0044062106588334,0.0044062106588334,0.0044062106588334,0.0044062106588334,"nonsyn","nonsyn","nonsyn",1.7e-05,1.07e-06,1.21e-06,1.21e-06,"0.004766","0.001441715","0.00254981","0.00288343","C","C","R","S","G",1,1,0,1,0,0,0
"6419",6682,4773,4773,"g","g","a","a",0.000838047349675257,0.000838047349675257,0.000209511837418814,0.000209511837418814,0,0.000209511837418814,0,0.000209511837418814,0.00104755918709407,0.00104755918709407,0.00104755918709407,0.00104755918709407,"nonsyn","nonsyn","nonsyn",4.2e-06,5.36e-07,1.17e-06,1.17e-06,"0.00501165","0.00558441","1","0.00558441","C","C","Y","S","F",1,1,1,0,0,0,0
"6420",6683,4778,4778,"c","c","t","t",0.00293009627459188,0.00293009627459188,0.000209292591042277,0.000209292591042277,0.000209292591042277,0,0.000209292591042277,0,0.00313938886563416,0.00313938886563416,0.00313938886563416,0.00313938886563416,"syn","stop","nonsyn",4.58e-06,8.37e-07,4.33e-07,4.33e-07,"0.00156308857142857","0.002068874","0.003999186","1","C","C","C","*","W",0,1,1,0,0,0,0
"6421",6684,4773,4773,"c","c","t","t",0.0073329143096585,0.0073329143096585,0.000209511837418814,0.000209511837418814,0.000209511837418814,0,0.000209511837418814,0,0.00754242614707731,0.00754242614707731,0.00754242614707731,0.00754242614707731,"stop","nonsyn","nonsyn",4.58e-06,8.37e-07,4.33e-07,4.33e-07,"0.000624581142857143","0.002066709","0.003995001","1","Q","Q","*","K","E",1,1,1,0,1,0,1
"6422",6685,4798,4798,"a","a","g","g",0.00333472280116715,0.00333472280116715,0.00166736140058358,0.00166736140058358,0.000416840350145894,0.00125052105043768,0.000416840350145894,0.00125052105043768,0.00500208420175073,0.00500208420175073,0.00500208420175073,0.00500208420175073,"nonsyn","nonsyn","nonsyn",1.77e-05,1.76e-06,1.7e-06,1.7e-06,"0.0053077875","0.001019575","0.00422224","0.00135943333333334","Q","Q","R","P","L",1,1,1,1,1,1,0
"6423",6686,4781,4782,"g","g","a","a",0.00167329010667224,0.00167329010667224,0.000418322526668061,0.000418322526668061,0,0.000418322526668061,0,0.000418322526668061,0.00209161263334031,0.00209161263334031,0.00209117524048515,0.00209117524048515,"syn","nonsyn","nonsyn",4.2e-06,5.36e-07,1.17e-06,1.17e-06,"0.00251002500000001","0.002796885","1","0.002796885","Q","Q","Q","H","H",0,1,1,0,0,0,0
"6424",6687,4784,4784,"g","a","a","g",0.00104515050167224,0.998745819397993,0.000209030100334448,0.000209030100334448,0,0.000209030100334448,0,0.000209030100334448,0.00125418060200669,0.998954849498328,0.00125418060200669,0.998954849498328,"nonsyn","nonsyn","nonsyn",1.77e-05,1.76e-06,1.7e-06,1.7e-06,"1.77222268731687e-05","0.00813280000000001","1","0.00813280000000001","V","I","V","L","F",0,0,0,0,0,0,0
"6425",6688,4831,4832,"t","t","c","c",0.00496791554543573,0.00496791554543573,0.00289795073483751,0.00289795073483751,0.00289795073483751,0,0.00289795073483751,0,0.00786586628027324,0.00786586628027324,0.00786423841059603,0.00786423841059603,"nonsyn","nonsyn","nonsyn",1.7e-05,1.07e-06,1.21e-06,1.21e-06,"0.00342195833333333","0.000417536428571428","0.000369226428571428","1","V","I","T","N","S",1,1,1,0,0,0,0
"6426",6689,4808,4814,"c","c","t","t",0.00145590682196339,0.00145590682196339,0.000207986688851913,0.000207986688851913,0.000207986688851913,0,0.000207986688851913,0,0.00166389351081531,0.00166389351081531,0.00166181969256336,0.00166181969256336,"syn","syn","nonsyn",4.58e-06,8.37e-07,4.33e-07,4.33e-07,"0.00314580571428572","0.002081864","0.00402429600000001","1","V","I","I","I","M",0,0,0,0,0,0,0
"6427",6690,4818,4818,"c","c","t","t",0.0029057700290577,0.0029057700290577,0.0004151100041511,0.0004151100041511,0.0004151100041511,0,0.0004151100041511,0,0.0033208800332088,0.0033208800332088,0.0033208800332088,0.0033208800332088,"nonsyn","nonsyn","nonsyn",4.58e-06,8.37e-07,4.33e-07,4.33e-07,"0.00157617428571429","0.001043097","0.002016333","1","P","P","S","T","A",1,1,1,0,1,0,1
"6428",6691,4824,4824,"c","c","t","t",0.00165837479270315,0.00165837479270315,0.000621890547263682,0.000621890547263682,0.000621890547263682,0,0.000621890547263682,0,0.00228026533996683,0.00228026533996683,0.00228026533996683,0.00228026533996683,"nonsyn","nonsyn","nonsyn",4.58e-06,8.37e-07,4.33e-07,4.33e-07,"0.00276174","0.000696264","0.001345896","1","P","P","L","Q","R",1,1,1,0,1,0,1
"6429",6692,4824,4824,"a","a","g","g",0.00269485903814262,0.00269485903814262,0.000621890547263682,0.000621890547263682,0.000621890547263682,0,0.000621890547263682,0,0.0033167495854063,0.0033167495854063,0.0033167495854063,0.0033167495854063,"syn","syn","syn",1.77e-05,1.76e-06,1.7e-06,1.7e-06,"0.00656806153846154","0.0027336","0.00283008","1","P","P","P","P","P",0,0,0,1,0,0,0
"6430",6693,4809,4809,"t","t","c","c",0.00228737783322936,0.00228737783322936,0.00124766063630692,0.00124766063630692,0.00124766063630692,0,0.00124766063630692,0,0.00353503846953629,0.00353503846953629,0.00353503846953629,0.00353503846953629,"nonsyn","nonsyn","nonsyn",1.7e-05,1.07e-06,1.21e-06,1.21e-06,"0.00743209090909092","0.000969815000000004","0.000857605000000003","1","S","S","P","T","A",1,0,1,0,0,0,0
"6431",6694,4818,4818,"c","c","t","t",0.0012453300124533,0.0012453300124533,0.0004151100041511,0.0004151100041511,0.0004151100041511,0,0.0004151100041511,0,0.0016604400166044,0.0016604400166044,0.0016604400166044,0.0016604400166044,"nonsyn","stop","nonsyn",4.58e-06,8.37e-07,4.33e-07,4.33e-07,"0.00367774","0.001043097","0.002016333","1","S","S","L","*","W",1,1,1,0,0,0,0
"6432",6695,4805,4805,"g","g","a","a",0.00124869927159209,0.00124869927159209,0,0,0,0,0,0,0.00124869927159209,0.00124869927159209,0.00124869927159209,0.00124869927159209,"syn","syn","syn",4.2e-06,5.36e-07,1.17e-06,1.17e-06,"0.0033635","1","1","1","S","S","S","S","S",0,0,0,0,0,0,0
"6433",6696,4802,4805,"c","c","t","t",0.000624739691795085,0.000624739691795085,0.000208246563931695,0.000208246563931695,0.000208246563931695,0,0.000208246563931695,0,0.000832986255726781,0.000832986255726781,0.000832466181061394,0.000832466181061394,"nonsyn","nonsyn","nonsyn",4.58e-06,8.37e-07,4.33e-07,4.33e-07,"0.00733105333333334","0.002079266","0.004019274","1","P","P","S","T","A",1,1,1,0,0,0,0
"6434",6697,4819,4819,"c","c","t","t",0.00269765511516912,0.00269765511516912,0.000830047727744345,0.000830047727744345,0.000830047727744345,0,0.000830047727744345,0,0.00352770284291347,0.00352770284291347,0.00352770284291347,0.00352770284291347,"nonsyn","nonsyn","nonsyn",4.58e-06,8.37e-07,4.33e-07,4.33e-07,"0.00169777076923077","0.00052165675","0.00100837575","1","P","P","L","H","R",1,1,1,0,1,0,1
"6435",6698,4823,4823,"c","c","t","t",0.00269541778975741,0.00269541778975741,0,0,0,0,0,0,0.00269541778975741,0.00269541778975741,0.00269541778975741,0.00269541778975741,"syn","syn","syn",4.58e-06,8.37e-07,4.33e-07,4.33e-07,"0.00169918","1","1","1","P","P","P","P","P",0,0,0,0,1,0,1
"6436",6699,4827,4827,"g","g","a","a",0.00103584006629376,0.00103584006629376,0.000414336026517506,0.000414336026517506,0.000207168013258753,0.000207168013258753,0.000207168013258753,0.000207168013258753,0.00145017609281127,0.00145017609281127,0.00145017609281127,0.00145017609281127,"nonsyn","nonsyn","stop",4.2e-06,5.36e-07,1.17e-06,1.17e-06,"0.00405468000000002","0.002823795","0.002587272","0.00564759","E","E","K","Q","*",1,1,1,0,0,0,0
"6437",6700,4808,4808,"a","a","g","g",0.00270382695507488,0.00270382695507488,0,0,0,0,0,0,0.00270382695507488,0.00270382695507488,0.00270382695507488,0.00270382695507488,"nonsyn","nonsyn","nonsyn",1.77e-05,1.76e-06,1.7e-06,1.7e-06,"0.00654627692307691","1","1","1","E","E","G","A","V",1,1,1,0,0,0,0
"6438",6701,4799,4799,"a","a","g","g",0.00125026047093144,0.00125026047093144,0.000208376745155241,0.000208376745155241,0,0.000208376745155241,0,0.000208376745155241,0.00145863721608668,0.00145863721608668,0.00145863721608668,0.00145863721608668,"syn","nonsyn","nonsyn",1.77e-05,1.76e-06,1.7e-06,1.7e-06,"0.01415705","0.00815829999999999","1","0.00815829999999999","E","E","E","D","D",0,0,0,0,0,0,0
"6439",6702,4798,4798,"t","t","c","c",0.00229262192580242,0.00229262192580242,0.000208420175072947,0.000208420175072947,0,0.000208420175072947,0,0.000208420175072947,0.00250104210087536,0.00250104210087536,0.00250104210087536,0.00250104210087536,"nonsyn","nonsyn","nonsyn",1.7e-05,1.07e-06,1.21e-06,1.21e-06,"0.0074150909090909","0.00580558","1","0.00580558","F","F","L","I","V",0,0,0,0,0,0,0
"6440",6703,4801,4801,"t","t","c","c",0.00333263903353468,0.00333263903353468,0,0,0,0,0,0,0.00333263903353468,0.00333263903353468,0.00333263903353468,0.00333263903353468,"nonsyn","nonsyn","nonsyn",1.7e-05,1.07e-06,1.21e-06,1.21e-06,"0.0051010625","1","1","1","F","F","S","Y","C",1,0,1,0,0,0,0
"6441",6704,4842,4842,"c","t","t","c",0.000206526228831062,0.999793473771169,0,0,0,0,0,0,0.000206526228831062,0.999793473771169,0.000206526228831062,0.999793473771169,"syn","nonsyn","nonsyn",1.7e-05,1.07e-06,1.21e-06,1.21e-06,"1.70035116711423e-05","1","1","1","F","F","F","L","L",0,0,0,0,0,0,0
"6442",6705,4824,4824,"t","t","c","c",0.00414593698175788,0.00414593698175788,0.000829187396351575,0.000829187396351575,0.000829187396351575,0,0.000829187396351575,0,0.00497512437810945,0.00497512437810945,0.00497512437810945,0.00497512437810945,"nonsyn","nonsyn","nonsyn",1.7e-05,1.07e-06,1.21e-06,1.21e-06,"0.0041004","0.00145926","0.00129042","1","F","F","L","I","V",0,0,0,0,0,0,0
"6443",6706,4836,4836,"t","t","c","c",0.00496277915632754,0.00496277915632754,0.00165425971877585,0.00165425971877585,0.00144747725392887,0.000206782464846981,0.00144747725392887,0.000206782464846981,0.00661703887510339,0.00661703887510339,0.00661703887510339,0.00661703887510339,"nonsyn","nonsyn","nonsyn",1.7e-05,1.07e-06,1.21e-06,1.21e-06,"0.0034255","0.000731444999999999","0.000739217142857141","0.00585156","F","F","S","Y","C",1,0,1,0,0,0,0
"6444",6707,4833,4833,"c","c","t","t",0.00186219739292365,0.00186219739292365,0,0,0,0,0,0,0.00186219739292365,0.00186219739292365,0.00186219739292365,0.00186219739292365,"syn","nonsyn","nonsyn",4.58e-06,8.37e-07,4.33e-07,4.33e-07,"0.00245946","1","1","1","F","F","F","L","L",0,0,0,0,0,0,0
"6445",6708,4809,4809,"a","a","g","g",0.00540652942399667,0.00540652942399667,0.000207943439384487,0.000207943439384487,0,0.000207943439384487,0,0.000207943439384487,0.00561447286338116,0.00561447286338116,0.00561447286338116,0.00561447286338116,"nonsyn","nonsyn","nonsyn",1.77e-05,1.76e-06,1.7e-06,1.7e-06,"0.00327381923076923","0.00817530000000002","1","0.00817530000000002","T","T","A","P","S",1,1,0,1,0,0,0
"6446",6709,4813,4813,"c","c","t","t",0.000623311863702472,0.000623311863702472,0,0,0,0,0,0,0.000623311863702472,0.000623311863702472,0.000623311863702472,0.000623311863702472,"nonsyn","nonsyn","nonsyn",4.58e-06,8.37e-07,4.33e-07,4.33e-07,"0.00734784666666667","1","1","1","T","T","I","K","R",1,1,1,0,0,0,0
"6447",6710,4788,4788,"a","a","g","g",0.00292397660818713,0.00292397660818713,0.000417710944026733,0.000417710944026733,0.000208855472013367,0.000208855472013367,0.000208855472013367,0.000208855472013367,0.00334168755221387,0.00334168755221387,0.00334168755221387,0.00334168755221387,"syn","syn","syn",1.77e-05,1.76e-06,1.7e-06,1.7e-06,"0.00605340000000001","0.00406980000000001","0.00842687999999999","0.00813959999999999","T","T","T","T","T",0,0,0,1,1,1,0
"6448",6711,4796,4796,"g","g","a","a",0.000417014178482068,0.000417014178482068,0.000417014178482068,0.000417014178482068,0,0.000417014178482068,0,0.000417014178482068,0.000834028356964137,0.000834028356964137,0.000834028356964137,0.000834028356964137,"nonsyn","nonsyn","stop",4.2e-06,5.36e-07,1.17e-06,1.17e-06,"0.0100716","0.00280566","1","0.00280566","E","E","K","Q","*",1,1,1,0,0,0,0
"6449",6712,4771,4771,"a","a","g","g",0.00314399496960805,0.00314399496960805,0,0,0,0,0,0,0.00314399496960805,0.00314399496960805,0.00314399496960805,0.00314399496960805,"nonsyn","nonsyn","nonsyn",1.77e-05,1.76e-06,1.7e-06,1.7e-06,"0.00562978","1","1","1","E","E","G","A","V",1,1,1,0,0,0,0
"6450",6713,4764,4764,"a","a","g","g",0.00230898404701931,0.00230898404701931,0.000209907640638119,0.000209907640638119,0,0.000209907640638119,0,0.000209907640638119,0.00251889168765743,0.00251889168765743,0.00251889168765743,0.00251889168765743,"syn","nonsyn","nonsyn",1.77e-05,1.76e-06,1.7e-06,1.7e-06,"0.0076657090909091","0.00809880000000001","1","0.00809880000000001","E","E","E","D","D",0,0,0,0,0,0,0
"6451",6714,4750,4751,"t","t","c","c",0.00105263157894737,0.00105263157894737,0.000210526315789474,0.000210526315789474,0.000210526315789474,0,0.000210526315789474,0,0.00126315789473684,0.00126315789473684,0.00126289202273206,0.00126289202273206,"syn","nonsyn","nonsyn",1.7e-05,1.07e-06,1.21e-06,1.21e-06,"0.01615","0.00574749999999999","0.00508249999999999","1","L","L","L","M","V",0,0,0,0,0,0,0
"6452",6715,4653,4653,"t","t","c","c",0.00193423597678917,0.00193423597678917,0.00021491510853213,0.00021491510853213,0.00021491510853213,0,0.00021491510853213,0,0.0021491510853213,0.0021491510853213,0.0021491510853213,0.0021491510853213,"nonsyn","stop","nonsyn",1.7e-05,1.07e-06,1.21e-06,1.21e-06,"0.00878899999999999","0.00563013","0.00497871","1","L","L","S","*","W",1,1,0,1,0,0,0
"6453",6716,4683,4683,"g","g","a","a",0.00106769165065129,0.00106769165065129,0,0,0,0,0,0,0.00106769165065129,0.00106769165065129,0.00106769165065129,0.00106769165065129,"syn","nonsyn","nonsyn",4.2e-06,5.36e-07,1.17e-06,1.17e-06,"0.00393372000000001","1","1","1","L","L","L","F","F",0,0,0,0,1,1,0
"6454",6717,4649,4649,"g","g","a","a",0.00150570015057002,0.00150570015057002,0,0,0,0,0,0,0.00150570015057002,0.00150570015057002,0.00150570015057002,0.00150570015057002,"nonsyn","nonsyn","nonsyn",4.2e-06,5.36e-07,1.17e-06,1.17e-06,"0.00278939999999999","1","1","1","D","D","N","H","Y",1,1,1,0,0,0,0
"6455",6718,4509,4509,"a","a","g","g",0.00399201596806387,0.00399201596806387,0.000443557329784875,0.000443557329784875,0,0.000443557329784875,0,0.000443557329784875,0.00443557329784875,0.00443557329784875,0.00443557329784875,0.00443557329784875,"nonsyn","nonsyn","nonsyn",1.77e-05,1.76e-06,1.7e-06,1.7e-06,"0.00443385","0.00383265","1","0.00383265","D","D","G","A","V",1,1,1,0,0,0,0
"6456",6719,4495,4495,"c","c","t","t",0.00200222469410456,0.00200222469410456,0,0,0,0,0,0,0.00200222469410456,0.00200222469410456,0.00200222469410456,0.00200222469410456,"syn","nonsyn","nonsyn",4.58e-06,8.37e-07,4.33e-07,4.33e-07,"0.00228745555555556","1","1","1","D","D","D","E","E",0,0,0,0,0,0,0
"6457",6720,4426,4427,"g","g","a","a",0.00338906461816539,0.00338906461816539,0.000451875282422052,0.000451875282422052,0,0.000451875282422052,0,0.000451875282422052,0.00384093990058744,0.00384093990058744,0.00384007228371358,0.00384007228371358,"nonsyn","nonsyn","nonsyn",4.2e-06,5.36e-07,1.17e-06,1.17e-06,"0.00123928","0.00258921","1","0.00258921","G","G","R","R","W",1,1,1,0,1,1,0
"6458",6721,4382,4382,"g","g","a","a",0.00273847558192606,0.00273847558192606,0,0,0,0,0,0,0.00273847558192606,0.00273847558192606,0.00273847558192606,0.00273847558192606,"nonsyn","nonsyn","nonsyn",4.2e-06,5.36e-07,1.17e-06,1.17e-06,"0.0015337","1","1","1","G","G","E","A","V",1,1,1,0,1,1,0
"6459",6722,4341,4341,"g","g","a","a",0.00161253167472933,0.00161253167472933,0.000230361667818475,0.000230361667818475,0,0.000230361667818475,0,0.000230361667818475,0.0018428933425478,0.0018428933425478,0.0018428933425478,0.0018428933425478,"syn","syn","syn",4.2e-06,5.36e-07,1.17e-06,1.17e-06,"0.00260459999999999","0.00507897","1","0.00507897","G","G","G","G","G",0,0,0,0,1,1,0
"6460",6723,4249,4249,"g","g","a","a",0.00353024240997882,0.00353024240997882,0.000235349493998588,0.000235349493998588,0,0.000235349493998588,0,0.000235349493998588,0.00376559190397741,0.00376559190397741,0.00376559190397741,0.00376559190397741,"nonsyn","nonsyn","nonsyn",4.2e-06,5.36e-07,1.17e-06,1.17e-06,"0.00118972","0.00497133","1","0.00497133","V","V","M","L","L",0,0,0,0,0,0,0
"6461",6724,4245,4245,"t","t","c","c",0.00212014134275618,0.00212014134275618,0.000942285041224971,0.000942285041224971,0.000471142520612485,0.000471142520612485,0.000471142520612485,0.000471142520612485,0.00306242638398115,0.00306242638398115,0.00306242638398115,0.00306242638398115,"nonsyn","nonsyn","nonsyn",1.7e-05,1.07e-06,1.21e-06,1.21e-06,"0.00801833333333335","0.0012841125","0.002271075","0.002568225","V","V","A","E","G",0,1,1,1,0,0,0
"6462",6725,4274,4274,"g","g","a","a",0.0030416471689284,0.0030416471689284,0.000233972859148339,0.000233972859148339,0.000233972859148339,0,0.000233972859148339,0,0.00327562002807674,0.00327562002807674,0.00327562002807674,0.00327562002807674,"syn","syn","syn",4.2e-06,5.36e-07,1.17e-06,1.17e-06,"0.00138083076923077","0.00500058","0.002290864","1","V","V","V","V","V",0,0,0,0,0,0,0
"6463",6726,4290,4291,"c","c","t","t",0.0034965034965035,0.0034965034965035,0.000699300699300699,0.000699300699300699,0.000233100233100233,0.000466200466200466,0.000233100233100233,0.000466200466200466,0.0041958041958042,0.0041958041958042,0.00419482638079702,0.00419482638079702,"nonsyn","nonsyn","nonsyn",4.58e-06,8.37e-07,4.33e-07,4.33e-07,"0.00130988","0.00061919","0.00359073","0.000928785","R","R","C","S","G",1,1,1,0,0,0,0
"6464",6727,4296,4296,"g","g","a","a",0.00256052141527002,0.00256052141527002,0.000232774674115456,0.000232774674115456,0,0.000232774674115456,0,0.000232774674115456,0.00279329608938547,0.00279329608938547,0.00279329608938547,0.00279329608938547,"nonsyn","nonsyn","nonsyn",4.2e-06,5.36e-07,1.17e-06,1.17e-06,"0.00164029090909091","0.00502632000000001","1","0.00502632000000001","R","R","H","P","L",0,1,1,0,0,0,0
"6465",6728,4312,4312,"c","c","t","t",0.00208719851576994,0.00208719851576994,0.000463821892393321,0.000463821892393321,0,0.000463821892393321,0,0.000463821892393321,0.00255102040816327,0.00255102040816327,0.00255102040816327,0.00255102040816327,"syn","syn","syn",4.58e-06,8.37e-07,4.33e-07,4.33e-07,"0.00219432888888889","0.000933548","1","0.000933548","R","R","R","R","R",0,0,0,0,0,0,0
"6466",6729,4333,4333,"c","c","t","t",0.00184629586891299,0.00184629586891299,0.000461573967228248,0.000461573967228248,0.000461573967228248,0,0.000461573967228248,0,0.00230786983614124,0.00230786983614124,0.00230786983614124,0.00230786983614124,"syn","nonsyn","nonsyn",4.58e-06,8.37e-07,4.33e-07,4.33e-07,"0.0024806425","0.000938094500000001","0.0018133605","1","L","L","L","I","V",0,0,0,0,1,0,1
"6467",6730,4253,4253,"t","t","c","c",0.00775922877968493,0.00775922877968493,0.00117564072419469,0.00117564072419469,0.00117564072419469,0,0.00117564072419469,0,0.00893486950387961,0.00893486950387961,0.00893486950387961,0.00893486950387961,"nonsyn","nonsyn","nonsyn",1.7e-05,1.07e-06,1.21e-06,1.21e-06,"0.00219093939393939","0.001029226","0.000910141999999997","1","L","L","P","Q","R",1,1,1,0,1,0,1
"6468",6731,4256,4256,"a","a","g","g",0.00117481203007519,0.00117481203007519,0,0,0,0,0,0,0.00117481203007519,0.00117481203007519,0.00117481203007519,0.00117481203007519,"syn","syn","syn",1.77e-05,1.76e-06,1.7e-06,1.7e-06,"0.01506624","1","1","1","L","L","L","L","L",0,0,0,0,0,0,0
"6469",6732,4493,4493,"c","c","t","t",0.00111284219897619,0.00111284219897619,0,0,0,0,0,0,0.00111284219897619,0.00111284219897619,0.00111284219897619,0.00111284219897619,"nonsyn","nonsyn","nonsyn",4.58e-06,8.37e-07,4.33e-07,4.33e-07,"0.00411558799999998","1","1","1","H","H","Y","N","D",1,1,1,0,0,0,0
"6470",6733,4443,4443,"a","a","g","g",0.00270087778528022,0.00270087778528022,0.000450146297546703,0.000450146297546703,0.000225073148773351,0.000225073148773351,0.000225073148773351,0.000225073148773351,0.00315102408282692,0.00315102408282692,0.00315102408282692,0.00315102408282692,"nonsyn","nonsyn","nonsyn",1.77e-05,1.76e-06,1.7e-06,1.7e-06,"0.00655342499999999","0.00377655","0.00781968000000001","0.00755310000000001","H","H","R","P","L",0,1,1,1,0,0,0
"6471",6734,4491,4491,"t","c","c","t",0.00155867290135827,0.998441327098642,0,0,0,0,0,0,0.00155867290135827,0.998441327098642,0.00155867290135827,0.998441327098642,"syn","nonsyn","nonsyn",4.58e-06,8.37e-07,4.33e-07,4.33e-07,"4.5871498661909e-06","1","1","1","H","H","H","Q","Q",0,1,1,0,0,0,0
"6472",6735,4334,4334,"a","a","g","g",0.0055376095985233,0.0055376095985233,0.00115366866635902,0.00115366866635902,0.000230733733271804,0.000922934933087217,0.000230733733271804,0.000922934933087217,0.00669127826488233,0.00669127826488233,0.00669127826488233,0.00669127826488233,"nonsyn","syn","nonsyn",1.77e-05,1.76e-06,1.7e-06,1.7e-06,"0.003196325","0.00147356","0.00762784000000001","0.00184195","R","R","G","R","W",1,0,1,1,1,1,0
"6473",6736,4491,4491,"g","g","a","a",0.00178134045869517,0.00178134045869517,0.000445335114673792,0.000445335114673792,0.000222667557336896,0.000222667557336896,0.000222667557336896,0.000222667557336896,0.00222667557336896,0.00222667557336896,0.00222667557336896,0.00222667557336896,"nonsyn","nonsyn","nonsyn",4.2e-06,5.36e-07,1.17e-06,1.17e-06,"0.002357775","0.002627235","0.002407176","0.00525447","R","R","K","T","M",0,1,1,0,1,1,0
"6474",6737,4487,4487,"g","g","a","a",0.000891464229997771,0.000891464229997771,0.000445732114998886,0.000445732114998886,0,0.000445732114998886,0,0.000445732114998886,0.00133719634499666,0.00133719634499666,0.00133719634499666,0.00133719634499666,"syn","nonsyn","nonsyn",4.2e-06,5.36e-07,1.17e-06,1.17e-06,"0.00471135","0.002624895","1","0.002624895","R","R","R","S","S",0,1,1,0,0,0,0
"6475",6738,4316,4316,"t","t","c","c",0.00162187210379981,0.00162187210379981,0.000231696014828545,0.000231696014828545,0.000231696014828545,0,0.000231696014828545,0,0.00185356811862836,0.00185356811862836,0.00185356811862836,0.00185356811862836,"nonsyn","nonsyn","nonsyn",1.7e-05,1.07e-06,1.21e-06,1.21e-06,"0.0104817142857143","0.00522236","0.00461812","1","Y","F","L","I","V",0,0,0,0,0,0,0
"6476",6739,4354,4354,"a","t","g","c",0.00160771704180064,0,0,1,0,0,0.998392282958199,0.00160771704180064,0.00160771704180064,1,0.00160771704180064,1,"nonsyn","nonsyn","nonsyn",1.7e-05,1.07e-06,1.21e-06,1.21e-06,"1","1.21e-06","1.0717230273752e-06","0.000752620000000001","Y","F","S","Y","C",1,0,1,0,0,0,0
"6477",6740,4350,4350,"t","t","c","c",0.00505747126436782,0.00505747126436782,0.000919540229885057,0.000919540229885057,0.000229885057471264,0.000689655172413793,0.000229885057471264,0.000689655172413793,0.00597701149425287,0.00597701149425287,0.00597701149425287,0.00597701149425287,"syn","nonsyn","nonsyn",1.7e-05,1.07e-06,1.21e-06,1.21e-06,"0.00336136363636363","0.001315875","0.00465450000000001","0.0017545","Y","F","F","L","L",0,0,0,1,0,0,0
"6478",6741,4320,4320,"g","g","a","a",0.00347222222222222,0.00347222222222222,0.000231481481481481,0.000231481481481481,0,0.000231481481481481,0,0.000231481481481481,0.0037037037037037,0.0037037037037037,0.0037037037037037,0.0037037037037037,"nonsyn","nonsyn","nonsyn",4.2e-06,5.36e-07,1.17e-06,1.17e-06,"0.0012096","0.00505440000000001","1","0.00505440000000001","A","A","T","P","S",1,1,1,0,0,0,0
"6479",6742,4289,4289,"c","c","t","t",0.00186523665190021,0.00186523665190021,0.000466309162975052,0.000466309162975052,0.000466309162975052,0,0.000466309162975052,0,0.00233154581487526,0.00233154581487526,0.00233154581487526,0.00233154581487526,"nonsyn","nonsyn","nonsyn",4.58e-06,8.37e-07,4.33e-07,4.33e-07,"0.0024554525","0.000928568500000001","0.0017949465","1","A","A","V","E","G",0,1,1,0,0,0,0
"6480",6743,4189,4191,"g","g","a","a",0.00405824779183576,0.00405824779183576,0.0011936022917164,0.0011936022917164,0.00095488183337312,0.00023872045834328,0.00095488183337312,0.00023872045834328,0.00525185008355216,0.00525185008355216,0.005249343832021,0.005249343832021,"syn","syn","syn",4.2e-06,5.36e-07,1.17e-06,1.17e-06,"0.00103492941176471","0.000980226","0.000561326","0.00490113","A","A","A","A","A",0,0,0,0,0,0,0
"6481",6744,4091,4100,"c","c","t","t",0.00146663407479834,0.00146663407479834,0.000488878024932779,0.000488878024932779,0.00024443901246639,0.00024443901246639,0.00024443901246639,0.00024443901246639,0.00195551209973112,0.00195551209973112,0.00195121951219512,0.00195121951219512,"nonsyn","nonsyn","nonsyn",4.58e-06,8.37e-07,4.33e-07,4.33e-07,"0.00312279666666666","0.000885701500000001","0.00342416699999999","0.001771403","P","P","S","T","A",1,1,1,0,0,0,0
"6482",6745,4025,4025,"c","c","t","t",0.000993788819875776,0.000993788819875776,0.000993788819875776,0.000993788819875776,0.000993788819875776,0,0.000993788819875776,0,0.00198757763975155,0.00198757763975155,0.00198757763975155,0.00198757763975155,"nonsyn","nonsyn","nonsyn",4.58e-06,8.37e-07,4.33e-07,4.33e-07,"0.004608625","0.00043570625","0.00084223125","1","P","P","L","H","R",1,1,1,0,1,0,1
"6483",6746,4018,4018,"c","c","t","t",0.00547536087605774,0.00547536087605774,0.000995520159283225,0.000995520159283225,0.000995520159283225,0,0.000995520159283225,0,0.00647088103534097,0.00647088103534097,0.00647088103534097,0.00647088103534097,"syn","syn","syn",4.58e-06,8.37e-07,4.33e-07,4.33e-07,"0.000836474545454546","0.0004349485","0.0008407665","1","P","P","P","P","P",0,0,0,0,1,0,1
"6484",6747,4066,4066,"c","c","t","t",0.00196753566158387,0.00196753566158387,0.000491883915395967,0.000491883915395967,0.000491883915395967,0,0.000491883915395967,0,0.00245941957697983,0.00245941957697983,0.00245941957697983,0.00245941957697983,"nonsyn","nonsyn","nonsyn",4.58e-06,8.37e-07,4.33e-07,4.33e-07,"0.002327785","0.000880288999999999","0.001701621","1","P","P","S","T","A",1,1,1,0,1,0,1
"6485",6748,4219,4219,"c","c","t","t",0.000948091964920597,0.000948091964920597,0.00118511495615075,0.00118511495615075,0.000948091964920597,0.000237022991230149,0.000948091964920597,0.000237022991230149,0.00213320692107134,0.00213320692107134,0.00213320692107134,0.00213320692107134,"nonsyn","nonsyn","nonsyn",4.58e-06,8.37e-07,4.33e-07,4.33e-07,"0.004830755","0.000365365399999999","0.00088282575","0.001826827","P","P","L","H","R",1,1,1,0,1,0,1
"6486",6749,4254,4259,"t","t","c","c",0.00282087447108604,0.00282087447108604,0,0,0,0,0,0,0.00282087447108604,0.00282087447108604,0.00281756280817093,0.00281756280817093,"syn","syn","syn",1.7e-05,1.07e-06,1.21e-06,1.21e-06,"0.00602649999999999","1","1","1","P","P","P","P","P",0,0,0,0,1,0,1
"6487",6750,4307,4307,"t","t","c","c",0.0246110982122127,0.0246110982122127,0.00116090085906664,0.00116090085906664,0.000928720687253309,0.000232180171813327,0.000928720687253309,0.000232180171813327,0.0257719990712793,0.0257719990712793,0.0257719990712793,0.0257719990712793,"nonsyn","nonsyn","nonsyn",1.7e-05,1.07e-06,1.21e-06,1.21e-06,"0.000690745283018867","0.001042294","0.0011521225","0.00521147","C","C","R","S","G",1,1,0,1,0,0,0
"6488",6751,4322,4322,"g","g","a","a",0.001850994909764,0.001850994909764,0.0002313743637205,0.0002313743637205,0,0.0002313743637205,0,0.0002313743637205,0.0020823692734845,0.0020823692734845,0.0020823692734845,0.0020823692734845,"nonsyn","nonsyn","nonsyn",4.2e-06,5.36e-07,1.17e-06,1.17e-06,"0.00226905","0.00505674","1","0.00505674","C","C","Y","S","F",1,1,1,0,0,0,0
"6489",6752,4317,4317,"c","c","t","t",0.00347463516330785,0.00347463516330785,0.000231642344220524,0.000231642344220524,0.000231642344220524,0,0.000231642344220524,0,0.00370627750752838,0.00370627750752838,0.00370627750752838,0.00370627750752838,"syn","stop","nonsyn",4.58e-06,8.37e-07,4.33e-07,4.33e-07,"0.001318124","0.001869261","0.00361332899999999","1","C","C","C","*","W",0,1,1,0,0,0,0
"6490",6753,4321,4321,"a","a","g","g",0.00532284193473733,0.00532284193473733,0.00138856746123582,0.00138856746123582,0.000231427910205971,0.00115713955102985,0.000231427910205971,0.00115713955102985,0.00671140939597315,0.00671140939597315,0.00671140939597315,0.00671140939597315,"nonsyn","nonsyn","stop",1.77e-05,1.76e-06,1.7e-06,1.7e-06,"0.00332529130434783","0.00122428333333334","0.00760495999999999","0.00146914000000001","K","K","E","Q","*",1,1,1,1,0,0,0
"6491",6754,4337,4337,"a","a","g","g",0.00461148259165322,0.00461148259165322,0.00230574129582661,0.00230574129582661,0.000461148259165322,0.00184459303666129,0.000461148259165322,0.00184459303666129,0.00691722388747982,0.00691722388747982,0.00691722388747982,0.00691722388747982,"nonsyn","nonsyn","nonsyn",1.77e-05,1.76e-06,1.7e-06,1.7e-06,"0.003838245","0.000737289999999999","0.00381656","0.000921612499999998","K","K","R","T","M",0,1,1,0,1,1,0
"6492",6755,4313,4313,"g","g","a","a",0.000927428703918386,0.000927428703918386,0.00069557152793879,0.00069557152793879,0.000231857175979597,0.000463714351959193,0.000231857175979597,0.000463714351959193,0.00162300023185718,0.00162300023185718,0.00162300023185718,0.00162300023185718,"syn","nonsyn","nonsyn",4.2e-06,5.36e-07,1.17e-06,1.17e-06,"0.00452865","0.00168207","0.002311768","0.002523105","K","K","K","N","N",0,1,1,0,0,0,0
"6493",6756,4317,4318,"c","c","t","t",0.00231642344220524,0.00231642344220524,0,0,0,0,0,0,0.00231642344220524,0.00231642344220524,0.00231588698471515,0.00231588698471515,"nonsyn","nonsyn","nonsyn",4.58e-06,8.37e-07,4.33e-07,4.33e-07,"0.001977186","1","1","1","P","P","S","T","A",1,1,1,0,0,0,0
"6494",6757,4326,4326,"c","c","t","t",0.00092464170134073,0.00092464170134073,0.000462320850670365,0.000462320850670365,0.000231160425335183,0.000231160425335183,0.000231160425335183,0.000231160425335183,0.0013869625520111,0.0013869625520111,0.0013869625520111,0.0013869625520111,"nonsyn","nonsyn","nonsyn",4.58e-06,8.37e-07,4.33e-07,4.33e-07,"0.00495327","0.000936579000000001","0.00362086199999999","0.001873158","P","P","L","H","R",1,1,1,0,1,0,1
"6495",6758,4371,4371,"c","c","t","t",0.000457561198810341,0.000457561198810341,0.00022878059940517,0.00022878059940517,0.00022878059940517,0,0.00022878059940517,0,0.000686341798215511,0.000686341798215511,0.000686341798215511,0.000686341798215511,"syn","syn","syn",4.58e-06,8.37e-07,4.33e-07,4.33e-07,"0.01000959","0.001892643","0.00365852700000001","1","P","P","P","P","P",0,0,0,0,1,0,1
"6496",6759,4478,4479,"t","t","c","c",0.0250111656989728,0.0250111656989728,0.000669941938365342,0.000669941938365342,0.000446627958910228,0.000223313979455114,0.000446627958910228,0.000223313979455114,0.0256811076373381,0.0256811076373381,0.0256753739674034,0.0256753739674034,"syn","nonsyn","nonsyn",1.7e-05,1.07e-06,1.21e-06,1.21e-06,"0.000679696428571427","0.00180612666666667","0.00239573","0.00541838","L","L","L","M","V",0,0,0,0,1,0,1
"6497",6760,4494,4494,"t","t","c","c",0.00178015131286159,0.00178015131286159,0.000222518914107699,0.000222518914107699,0.000222518914107699,0,0.000222518914107699,0,0.00200267022696929,0.00200267022696929,0.00200267022696929,0.00200267022696929,"nonsyn","stop","nonsyn",1.7e-05,1.07e-06,1.21e-06,1.21e-06,"0.00954975000000002","0.00543774","0.00480858","1","L","L","S","*","W",1,1,0,1,0,0,0
"6498",6761,4490,4490,"g","g","a","a",0.00178173719376392,0.00178173719376392,0.00022271714922049,0.00022271714922049,0,0.00022271714922049,0,0.00022271714922049,0.00200445434298441,0.00200445434298441,0.00200445434298441,0.00200445434298441,"syn","nonsyn","nonsyn",4.2e-06,5.36e-07,1.17e-06,1.17e-06,"0.00235725","0.0052533","1","0.0052533","L","L","L","F","F",0,0,0,0,0,0,0
"6499",6762,4487,4487,"c","c","t","t",0.00356585691999109,0.00356585691999109,0,0,0,0,0,0,0.00356585691999109,0.00356585691999109,0.00356585691999109,0.00356585691999109,"syn","nonsyn","nonsyn",4.58e-06,8.37e-07,4.33e-07,4.33e-07,"0.00128440375","1","1","1","L","L","L","M","V",0,0,0,0,0,0,0
"6500",6763,4472,4472,"t","t","c","c",0.00201252236135957,0.00201252236135957,0.000670840787119857,0.000670840787119857,0.000447227191413238,0.000223613595706619,0.000447227191413238,0.000223613595706619,0.00268336314847943,0.00268336314847943,0.00268336314847943,0.00268336314847943,"nonsyn","nonsyn","nonsyn",1.7e-05,1.07e-06,1.21e-06,1.21e-06,"0.00844711111111111","0.00180370666666667","0.00239252","0.00541112","L","L","P","Q","R",1,1,1,1,1,0,1
"6501",6764,4457,4457,"g","g","a","a",0.00157056315907561,0.00157056315907561,0,0,0,0,0,0,0.00157056315907561,0.00157056315907561,0.00157056315907561,0.00157056315907561,"syn","syn","syn",4.2e-06,5.36e-07,1.17e-06,1.17e-06,"0.0026742","1","1","1","L","L","L","L","L",0,0,0,0,0,0,0
"6502",6765,4459,4460,"c","c","t","t",0.00313971742543171,0.00313971742543171,0,0,0,0,0,0,0.00313971742543171,0.00313971742543171,0.0031390134529148,0.0031390134529148,"nonsyn","syn","nonsyn",4.58e-06,8.37e-07,4.33e-07,4.33e-07,"0.00145873","1","1","1","R","R","W","R","G",1,0,1,0,0,0,0
"6503",6766,4454,4454,"g","g","a","a",0.00202065559048047,0.00202065559048047,0.000449034575662326,0.000449034575662326,0,0.000449034575662326,0,0.000449034575662326,0.00246969016614279,0.00246969016614279,0.00246969016614279,0.00246969016614279,"nonsyn","nonsyn","nonsyn",4.2e-06,5.36e-07,1.17e-06,1.17e-06,"0.00207853333333333","0.00260559","1","0.00260559","R","R","Q","P","L",1,1,1,0,1,1,0
"6504",6767,4440,4440,"g","g","a","a",0.000675675675675676,0.000675675675675676,0.00045045045045045,0.00045045045045045,0,0.00045045045045045,0,0.00045045045045045,0.00112612612612613,0.00112612612612613,0.00112612612612613,0.00112612612612613,"syn","syn","syn",4.2e-06,5.36e-07,1.17e-06,1.17e-06,"0.006216","0.0025974","1","0.0025974","R","R","R","R","R",0,0,0,0,1,1,0
"6505",6768,4433,4433,"g","g","a","a",0.000451161741484322,0.000451161741484322,0.000225580870742161,0.000225580870742161,0,0.000225580870742161,0,0.000225580870742161,0.000676742612226483,0.000676742612226483,0.000676742612226483,0.000676742612226483,"nonsyn","nonsyn","stop",4.2e-06,5.36e-07,1.17e-06,1.17e-06,"0.0093093","0.00518661","1","0.00518661","E","E","K","Q","*",1,1,1,0,0,0,0
"6506",6769,4394,4395,"a","a","g","g",0.0025034137460173,0.0025034137460173,0.000910332271279017,0.000910332271279017,0.000455166135639508,0.000455166135639508,0.000455166135639508,0.000455166135639508,0.00341374601729631,0.00341374601729631,0.00341296928327645,0.00341296928327645,"nonsyn","nonsyn","nonsyn",1.77e-05,1.76e-06,1.7e-06,1.7e-06,"0.00707034545454544","0.00186745","0.00386672","0.0037349","E","E","G","A","V",1,1,1,0,1,1,0
"6507",6770,4316,4316,"g","g","a","a",0.000695088044485635,0.000695088044485635,0.128359592215014,0.128359592215014,0,0.128359592215014,0,0.128359592215014,0.1290546802595,0.1290546802595,0.1290546802595,0.1290546802595,"syn","nonsyn","nonsyn",4.2e-06,5.36e-07,1.17e-06,1.17e-06,"0.0060424","9.11501805054151e-06","1","9.11501805054151e-06","E","E","E","D","D",0,0,0,0,1,1,0
"6508",6771,4316,4316,"g","g","a","a",0.000231696014828545,0.000231696014828545,0.00046339202965709,0.00046339202965709,0,0.00046339202965709,0,0.00046339202965709,0.000695088044485635,0.000695088044485635,0.000695088044485635,0.000695088044485635,"nonsyn","nonsyn","stop",4.2e-06,5.36e-07,1.17e-06,1.17e-06,"0.0181272","0.00252486","1","0.00252486","E","E","K","Q","*",1,1,1,0,0,0,0
"6509",6772,4455,4456,"a","a","g","g",0.037037037037037,0.037037037037037,0.00134680134680135,0.00134680134680135,0.000224466891133558,0.00112233445566779,0.000224466891133558,0.00112233445566779,0.0383838383838384,0.0383838383838384,0.0383752244165171,0.0383752244165171,"nonsyn","nonsyn","nonsyn",1.77e-05,1.76e-06,1.7e-06,1.7e-06,"0.0004779","0.00126225","0.00784079999999999","0.0015147","E","E","G","A","V",1,1,1,0,1,1,0
"6510",6773,4462,4462,"g","g","a","a",0.000896458987001345,0.000896458987001345,0.000224114746750336,0.000224114746750336,0,0.000224114746750336,0,0.000224114746750336,0.00112057373375168,0.00112057373375168,0.00112057373375168,0.00112057373375168,"syn","nonsyn","nonsyn",4.2e-06,5.36e-07,1.17e-06,1.17e-06,"0.0046851","0.00522054","1","0.00522054","E","E","E","D","D",0,0,0,0,1,1,0
"6511",6774,4463,4463,"g","g","a","a",0.00112032265292404,0.00112032265292404,0,0,0,0,0,0,0.00112032265292404,0.00112032265292404,0.00112032265292404,0.00112032265292404,"nonsyn","nonsyn","nonsyn",4.2e-06,5.36e-07,1.17e-06,1.17e-06,"0.00374892000000001","1","1","1","V","V","I","L","L",0,0,0,0,0,0,0
"6512",6775,4419,4419,"t","t","c","c",0.00384702421362299,0.00384702421362299,0.000678886625933469,0.000678886625933469,0.000678886625933469,0,0.000678886625933469,0,0.00452591083955646,0.00452591083955646,0.00452591083955646,0.00452591083955646,"nonsyn","nonsyn","nonsyn",1.7e-05,1.07e-06,1.21e-06,1.21e-06,"0.004419","0.00178233","0.00157611","1","V","V","A","E","G",0,1,1,0,0,0,0
"6513",6776,4477,4478,"a","a","g","g",0.0399821308912218,0.0399821308912218,0.000446727719454992,0.000446727719454992,0,0.000446727719454992,0,0.000446727719454992,0.0404288586106768,0.0404288586106768,0.0404198302813756,0.0404198302813756,"syn","syn","syn",1.77e-05,1.76e-06,1.7e-06,1.7e-06,"0.000442697765363128","0.00380545","1","0.00380545","V","V","V","V","V",0,0,0,0,0,0,0
"6514",6777,4552,4552,"t","t","c","c",0.00329525483304042,0.00329525483304042,0.000219683655536028,0.000219683655536028,0,0.000219683655536028,0,0.000219683655536028,0.00351493848857645,0.00351493848857645,0.00351493848857645,0.00351493848857645,"nonsyn","nonsyn","nonsyn",1.7e-05,1.07e-06,1.21e-06,1.21e-06,"0.00515893333333334","0.00550792","1","0.00550792","S","S","P","T","A",1,0,1,0,0,0,0
"6515",6778,4528,4528,"c","c","t","t",0.000441696113074205,0.000441696113074205,0.000441696113074205,0.000441696113074205,0.000220848056537102,0.000220848056537102,0.000220848056537102,0.000220848056537102,0.00088339222614841,0.00088339222614841,0.00088339222614841,0.00088339222614841,"nonsyn","stop","stop",4.58e-06,8.37e-07,4.33e-07,4.33e-07,"0.01036912","0.000980312","0.00378993600000001","0.001960624","S","S","L","*","*",1,1,1,0,0,0,0
"6516",6779,4589,4589,"a","a","g","g",0.00522989758117237,0.00522989758117237,0,0,0,0,0,0,0.00522989758117237,0.00522989758117237,0.00522989758117237,0.00522989758117237,"syn","syn","syn",1.77e-05,1.76e-06,1.7e-06,1.7e-06,"0.0033843875","1","1","1","S","S","S","S","S",0,0,0,1,0,0,0
"6517",6780,4543,4546,"t","t","c","c",0.00154083204930663,0.00154083204930663,0.000440237728373322,0.000440237728373322,0.000220118864186661,0.000220118864186661,0.000220118864186661,0.000220118864186661,0.00198106977767995,0.00198106977767995,0.00197976242850858,0.00197976242850858,"nonsyn","nonsyn","nonsyn",1.7e-05,1.07e-06,1.21e-06,1.21e-06,"0.011033","0.002748515","0.00486101","0.00549702999999999","F","F","L","I","V",0,0,0,0,0,0,0
"6518",6781,4587,4587,"t","t","c","c",0.00196206671026815,0.00196206671026815,0.00065402223675605,0.00065402223675605,0.000436014824504033,0.000218007412252017,0.000436014824504033,0.000218007412252017,0.0026160889470242,0.0026160889470242,0.0026160889470242,0.0026160889470242,"nonsyn","nonsyn","nonsyn",1.7e-05,1.07e-06,1.21e-06,1.21e-06,"0.00866433333333333","0.00185009","0.002454045","0.00555026999999999","F","F","S","Y","C",1,0,1,0,0,0,0
"6519",6782,4394,4394,"t","c","c","t",0.0241238051888939,0.975876194811106,0,0,0,0,0,0,0.0241238051888939,0.975876194811106,0.0241238051888939,0.975876194811106,"syn","nonsyn","nonsyn",4.58e-06,8.37e-07,4.33e-07,4.33e-07,"4.69321828358209e-06","1","1","1","F","F","F","L","L",0,0,0,0,0,0,0
"6520",6783,4529,4529,"a","a","g","g",0.00198719364098035,0.00198719364098035,0.000220799293442261,0.000220799293442261,0,0.000220799293442261,0,0.000220799293442261,0.00220799293442261,0.00220799293442261,0.00220799293442261,0.00220799293442261,"nonsyn","syn","stop",1.77e-05,1.76e-06,1.7e-06,1.7e-06,"0.00890703333333333","0.0076993","1","0.0076993","R","R","G","R","*",1,0,1,1,1,1,0
"6521",6784,4558,4558,"g","g","a","a",0.000438788942518649,0.000438788942518649,0,0,0,0,0,0,0.000438788942518649,0.000438788942518649,0.000438788942518649,0.000438788942518649,"nonsyn","nonsyn","nonsyn",4.2e-06,5.36e-07,1.17e-06,1.17e-06,"0.00957179999999999","1","1","1","R","R","K","T","I",0,1,1,0,0,0,0
"6522",6785,4554,4554,"a","a","g","g",0.0184453227931489,0.0184453227931489,0.000878348704435661,0.000878348704435661,0.000219587176108915,0.000658761528326746,0.000219587176108915,0.000658761528326746,0.0193236714975845,0.0193236714975845,0.0193236714975845,0.0193236714975845,"syn","nonsyn","nonsyn",1.77e-05,1.76e-06,1.7e-06,1.7e-06,"0.000959592857142856","0.00193545","0.00801504000000001","0.0025806","R","R","R","S","S",0,1,1,0,1,1,0
"6523",6786,4552,4552,"g","g","a","a",0.000878734622144112,0.000878734622144112,0.000219683655536028,0.000219683655536028,0,0.000219683655536028,0,0.000219683655536028,0.00109841827768014,0.00109841827768014,0.00109841827768014,0.00109841827768014,"nonsyn","nonsyn","nonsyn",4.2e-06,5.36e-07,1.17e-06,1.17e-06,"0.0047796","0.00532584","1","0.00532584","V","V","I","L","L",0,0,0,0,0,0,0
"6524",6787,4536,4536,"t","t","c","c",0.00352733686067019,0.00352733686067019,0.000220458553791887,0.000220458553791887,0.000220458553791887,0,0.000220458553791887,0,0.00374779541446208,0.00374779541446208,0.00374779541446208,0.00374779541446208,"nonsyn","nonsyn","nonsyn",1.7e-05,1.07e-06,1.21e-06,1.21e-06,"0.00481950000000001","0.00548856","0.00485352","1","V","V","A","E","G",0,1,1,0,0,0,0
"6525",6788,4482,4487,"g","a","a","g",0.000669344042838019,0.998438197233378,0.000892458723784025,0.000892458723784025,0,0.000892458723784025,0,0.000892458723784025,0.00156180276662204,0.999330655957162,0.0015600624024961,0.998217071540004,"syn","syn","syn",1.77e-05,1.76e-06,1.7e-06,1.7e-06,"1.7727687150838e-05","0.00190485","1","0.00190485","V","V","V","V","V",0,0,0,0,1,1,0
"6526",6789,4481,4481,"g","g","a","a",0.0029011381388083,0.0029011381388083,0.000223164472216023,0.000223164472216023,0,0.000223164472216023,0,0.000223164472216023,0.00312430261102433,0.00312430261102433,0.00312430261102433,0.00312430261102433,"nonsyn","nonsyn","stop",4.2e-06,5.36e-07,1.17e-06,1.17e-06,"0.00144770769230769","0.00524277000000001","1","0.00524277000000001","G","G","R","R","*",1,1,1,0,1,1,0
"6527",6790,4461,4461,"g","g","a","a",0.00224164985429276,0.00224164985429276,0.000448329970858552,0.000448329970858552,0,0.000448329970858552,0,0.000448329970858552,0.00268997982515131,0.00268997982515131,0.00268997982515131,0.00268997982515131,"nonsyn","nonsyn","nonsyn",4.2e-06,5.36e-07,1.17e-06,1.17e-06,"0.00187362","0.002609685","1","0.002609685","G","G","E","A","V",1,1,1,0,0,0,0
"6528",6791,4443,4443,"a","a","g","g",0.00247580463650686,0.00247580463650686,0.000900292595093405,0.000900292595093405,0.000450146297546703,0.000450146297546703,0.000450146297546703,0.000450146297546703,0.00337609723160027,0.00337609723160027,0.00337609723160027,0.00337609723160027,"syn","syn","syn",1.77e-05,1.76e-06,1.7e-06,1.7e-06,"0.00714919090909092","0.001888275","0.00390984","0.00377655","G","G","G","G","G",0,0,0,0,0,0,0
"6529",6792,4394,4394,"c","c","t","t",0.000227583067819754,0.000227583067819754,0.000227583067819754,0.000227583067819754,0.000227583067819754,0,0.000227583067819754,0,0.000455166135639508,0.000455166135639508,0.000455166135639508,0.000455166135639508,"nonsyn","nonsyn","nonsyn",4.58e-06,8.37e-07,4.33e-07,4.33e-07,"0.02012452","0.001902602","0.003677778","1","L","L","F","I","V",0,0,0,0,0,0,0
"6530",6793,4368,4368,"t","t","c","c",0.00343406593406593,0.00343406593406593,0.000228937728937729,0.000228937728937729,0,0.000228937728937729,0,0.000228937728937729,0.00366300366300366,0.00366300366300366,0.00366300366300366,0.00366300366300366,"nonsyn","nonsyn","nonsyn",1.7e-05,1.07e-06,1.21e-06,1.21e-06,"0.00495040000000001","0.00528528","1","0.00528528","L","L","P","H","R",1,1,1,0,1,0,1
"6531",6794,4370,4370,"c","c","t","t",0.00045766590389016,0.00045766590389016,0.00045766590389016,0.00045766590389016,0.00022883295194508,0.00022883295194508,0.00022883295194508,0.00022883295194508,0.00091533180778032,0.00091533180778032,0.00091533180778032,0.00091533180778032,"syn","syn","syn",4.58e-06,8.37e-07,4.33e-07,4.33e-07,"0.0100073","0.000946105","0.00365769","0.00189221","L","L","L","L","L",0,0,0,0,0,0,0
"6532",6795,4373,4373,"c","c","t","t",0.00114337983077978,0.00114337983077978,0.000228675966155957,0.000228675966155957,0.000228675966155957,0,0.000228675966155957,0,0.00137205579693574,0.00137205579693574,0.00137205579693574,0.00137205579693574,"nonsyn","nonsyn","nonsyn",4.58e-06,8.37e-07,4.33e-07,4.33e-07,"0.00400566800000002","0.001893509","0.003660201","1","H","H","Y","N","D",1,1,1,0,1,0,1
"6533",6796,4345,4345,"a","a","g","g",0.00575373993095512,0.00575373993095512,0.00046029919447641,0.00046029919447641,0.000230149597238205,0.000230149597238205,0.000230149597238205,0.000230149597238205,0.00621403912543153,0.00621403912543153,0.00621403912543153,0.00621403912543153,"nonsyn","nonsyn","nonsyn",1.77e-05,1.76e-06,1.7e-06,1.7e-06,"0.00307626","0.00369325","0.00764719999999999","0.00738649999999999","H","H","R","P","L",0,1,1,1,0,0,0
"6534",6797,4349,4350,"c","c","t","t",0.00321913083467464,0.00321913083467464,0.000229937916762474,0.000229937916762474,0.000229937916762474,0,0.000229937916762474,0,0.00344906875143711,0.00344906875143711,0.00344827586206897,0.00344827586206897,"syn","nonsyn","nonsyn",4.58e-06,8.37e-07,4.33e-07,4.33e-07,"0.00142274428571428","0.001883117","0.003640113","1","H","H","H","Q","Q",0,1,1,0,0,0,0
"6535",6798,4346,4346,"g","g","a","a",0.00184077312471238,0.00184077312471238,0.000690289921767142,0.000690289921767142,0.000230096640589047,0.000460193281178095,0.000230096640589047,0.000460193281178095,0.00253106304647952,0.00253106304647952,0.00253106304647952,0.00253106304647952,"nonsyn","nonsyn","stop",4.2e-06,5.36e-07,1.17e-06,1.17e-06,"0.00228165","0.00169494","0.002329456","0.00254241","G","E","K","Q","*",1,1,1,0,0,0,0
"6536",6799,4333,4333,"g","a","a","g",0.00184629586891299,0.998153704131087,0,0,0,0,0,0,0.00184629586891299,0.998153704131087,0.00184629586891299,0.998153704131087,"nonsyn","nonsyn","nonsyn",1.77e-05,1.76e-06,1.7e-06,1.7e-06,"1.77327398843931e-05","1","1","1","G","E","G","A","V",1,1,1,0,1,1,0
"6537",6800,4313,4313,"a","g","g","a",0.00185485740783677,0.997913285416184,0.000231857175979597,0.000231857175979597,0,0.000231857175979597,0,0.000231857175979597,0.00208671458381637,0.998145142592163,0.00208671458381637,0.998145142592163,"syn","nonsyn","nonsyn",4.2e-06,5.36e-07,1.17e-06,1.17e-06,"4.20878252788104e-06","0.00504620999999999","1","0.00504620999999999","G","E","E","D","D",0,0,0,0,0,0,0
"6538",6801,4235,4235,"t","t","c","c",0.00212514757969303,0.00212514757969303,0,0,0,0,0,0,0.00212514757969303,0.00212514757969303,0.00212514757969303,0.00212514757969303,"nonsyn","nonsyn","nonsyn",1.7e-05,1.07e-06,1.21e-06,1.21e-06,"0.00799944444444446","1","1","1","Y","Y","H","N","D",1,1,1,0,0,0,0
"6539",6802,4209,4209,"a","a","g","g",0.00190068899976241,0.00190068899976241,0.000475172249940603,0.000475172249940603,0.000237586124970302,0.000237586124970302,0.000237586124970302,0.000237586124970302,0.00237586124970302,0.00237586124970302,0.00237586124970302,0.00237586124970302,"nonsyn","nonsyn","nonsyn",1.77e-05,1.76e-06,1.7e-06,1.7e-06,"0.00931241250000002","0.00357765","0.00740783999999999","0.00715529999999999","Y","Y","C","S","F",1,1,0,0,0,0,0
"6540",6803,4322,4323,"c","c","t","t",0.000462748727441,0.000462748727441,0.0002313743637205,0.0002313743637205,0.0002313743637205,0,0.0002313743637205,0,0.000694123091161499,0.000694123091161499,0.000693962526023595,0.000693962526023595,"syn","stop","stop",4.58e-06,8.37e-07,4.33e-07,4.33e-07,"0.00989737999999999","0.001871426","0.003617514","1","Y","Y","Y","*","*",0,1,1,0,0,0,0
"6541",6804,4325,4325,"c","c","t","t",0.00092485549132948,0.00092485549132948,0.00115606936416185,0.00115606936416185,0.00092485549132948,0.00023121387283237,0.00092485549132948,0.00023121387283237,0.00208092485549133,0.00208092485549133,0.00208092485549133,0.00208092485549133,"nonsyn","nonsyn","nonsyn",4.58e-06,8.37e-07,4.33e-07,4.33e-07,"0.004952125","0.000374545","0.00090500625","0.001872725","P","P","S","T","A",1,1,1,0,1,0,1
"6542",6805,4327,4327,"c","c","t","t",0.00138664201525306,0.00138664201525306,0.000231107002542177,0.000231107002542177,0.000231107002542177,0,0.000231107002542177,0,0.00161774901779524,0.00161774901779524,0.00161774901779524,0.00161774901779524,"nonsyn","nonsyn","nonsyn",4.58e-06,8.37e-07,4.33e-07,4.33e-07,"0.00330294333333334","0.001873591","0.003621699","1","P","P","L","Q","R",1,1,1,0,1,0,1
"6543",6806,4326,4326,"g","g","a","a",0.0013869625520111,0.0013869625520111,0.000462320850670365,0.000462320850670365,0,0.000462320850670365,0,0.000462320850670365,0.00184928340268146,0.00184928340268146,0.00184928340268146,0.00184928340268146,"syn","syn","syn",4.2e-06,5.36e-07,1.17e-06,1.17e-06,"0.00302819999999999","0.00253071","1","0.00253071","P","P","P","P","P",0,0,0,0,1,1,0
"6544",6807,4291,4291,"g","g","a","a",0.00116522955022139,0.00116522955022139,0.000233045910044279,0.000233045910044279,0,0.000233045910044279,0,0.000233045910044279,0.00139827546026567,0.00139827546026567,0.00139827546026567,0.00139827546026567,"nonsyn","nonsyn","nonsyn",4.2e-06,5.36e-07,1.17e-06,1.17e-06,"0.00360444000000001","0.00502046999999999","1","0.00502046999999999","V","V","M","L","L",0,0,0,0,0,0,0
"6545",6808,4240,4240,"t","t","c","c",0.00283018867924528,0.00283018867924528,0.000235849056603774,0.000235849056603774,0,0.000235849056603774,0,0.000235849056603774,0.00306603773584906,0.00306603773584906,0.00306603773584906,0.00306603773584906,"nonsyn","nonsyn","nonsyn",1.7e-05,1.07e-06,1.21e-06,1.21e-06,"0.00600666666666667","0.00513039999999999","1","0.00513039999999999","V","V","A","E","G",0,1,1,1,0,0,0
"6546",6809,4244,4250,"g","g","a","a",0.00117813383600377,0.00117813383600377,0.000471253534401508,0.000471253534401508,0,0.000471253534401508,0,0.000471253534401508,0.00164938737040528,0.00164938737040528,0.00164705882352941,0.00164705882352941,"syn","syn","syn",4.2e-06,5.36e-07,1.17e-06,1.17e-06,"0.00356496","0.00248274","1","0.00248274","V","V","V","V","V",0,0,0,0,1,1,0
"6547",6810,4250,4250,"g","g","a","a",0.000941176470588235,0.000941176470588235,0.000235294117647059,0.000235294117647059,0,0.000235294117647059,0,0.000235294117647059,0.00117647058823529,0.00117647058823529,0.00117647058823529,0.00117647058823529,"nonsyn","nonsyn","nonsyn",4.2e-06,5.36e-07,1.17e-06,1.17e-06,"0.0044625","0.0049725","1","0.0049725","G","G","R","R","W",1,1,1,0,1,1,0
"6548",6811,4255,4255,"g","g","a","a",0.00376028202115159,0.00376028202115159,0.000705052878965922,0.000705052878965922,0.000235017626321974,0.000470035252643948,0.000235017626321974,0.000470035252643948,0.00446533490011751,0.00446533490011751,0.00446533490011751,0.00446533490011751,"nonsyn","nonsyn","nonsyn",4.2e-06,5.36e-07,1.17e-06,1.17e-06,"0.0011169375","0.00165945","0.00228068","0.002489175","G","G","E","A","V",1,1,1,0,1,1,0
"6549",6812,4260,4260,"g","g","a","a",0.00187793427230047,0.00187793427230047,0.000234741784037559,0.000234741784037559,0,0.000234741784037559,0,0.000234741784037559,0.00211267605633803,0.00211267605633803,0.00211267605633803,0.00211267605633803,"syn","syn","syn",4.2e-06,5.36e-07,1.17e-06,1.17e-06,"0.0022365","0.00498419999999999","1","0.00498419999999999","G","G","G","G","G",0,0,0,0,0,0,0
"6550",6813,4285,4285,"t","t","c","c",0.00326721120186698,0.00326721120186698,0.000700116686114352,0.000700116686114352,0.000466744457409568,0.000233372228704784,0.000466744457409568,0.000233372228704784,0.00396732788798133,0.00396732788798133,0.00396732788798133,0.00396732788798133,"nonsyn","nonsyn","nonsyn",1.7e-05,1.07e-06,1.21e-06,1.21e-06,"0.00520321428571428","0.00172828333333333","0.002292475","0.00518485","S","S","P","T","A",1,0,1,0,0,0,0
"6551",6814,4336,4336,"c","c","t","t",0.0018450184501845,0.0018450184501845,0.000230627306273063,0.000230627306273063,0.000230627306273063,0,0.000230627306273063,0,0.00207564575645756,0.00207564575645756,0.00207564575645756,0.00207564575645756,"nonsyn","stop","nonsyn",4.58e-06,8.37e-07,4.33e-07,4.33e-07,"0.00248236","0.001877488","0.003629232","1","S","S","L","*","W",1,1,1,0,0,0,0
"6552",6815,4384,4384,"g","g","a","a",0.00387773722627737,0.00387773722627737,0.000456204379562044,0.000456204379562044,0.000456204379562044,0,0.000456204379562044,0,0.00433394160583942,0.00433394160583942,0.00433394160583942,0.00433394160583942,"syn","syn","syn",4.2e-06,5.36e-07,1.17e-06,1.17e-06,"0.00108310588235294","0.00256464","0.001174912","1","S","S","S","S","S",0,0,0,0,0,0,0
"6553",6816,4396,4396,"c","c","t","t",0.00113739763421292,0.00113739763421292,0.000682438580527753,0.000682438580527753,0,0.000682438580527753,0,0.000682438580527753,0.00181983621474067,0.00181983621474067,0.00181983621474067,0.00181983621474067,"stop","nonsyn","nonsyn",4.58e-06,8.37e-07,4.33e-07,4.33e-07,"0.004026736","0.000634489333333333","1","0.000634489333333333","Q","Q","*","K","E",1,1,1,0,0,0,0
"6554",6817,4403,4403,"a","a","g","g",0.00317965023847377,0.00317965023847377,0.000908471496706791,0.000908471496706791,0.000227117874176698,0.000681353622530093,0.000227117874176698,0.000681353622530093,0.00408812173518056,0.00408812173518056,0.00408812173518056,0.00408812173518056,"nonsyn","nonsyn","nonsyn",1.77e-05,1.76e-06,1.7e-06,1.7e-06,"0.00556665","0.001871275","0.00774927999999999","0.00249503333333333","Q","Q","R","P","L",1,1,1,1,0,0,0
"6555",6818,4380,4380,"a","a","g","g",0.00228310502283105,0.00228310502283105,0.00228310502283105,0.00228310502283105,0.000228310502283105,0.00205479452054795,0.000228310502283105,0.00205479452054795,0.0045662100456621,0.0045662100456621,0.0045662100456621,0.0045662100456621,"syn","nonsyn","nonsyn",1.77e-05,1.76e-06,1.7e-06,1.7e-06,"0.0077526","0.0007446","0.0077088","0.000827333333333331","Q","Q","Q","H","H",0,1,1,0,0,0,0
"6556",6819,4376,4376,"t","t","c","c",0.00457038391224863,0.00457038391224863,0.00205667276051188,0.00205667276051188,0.000685557586837294,0.00137111517367459,0.000685557586837294,0.00137111517367459,0.00662705667276051,0.00662705667276051,0.00662705667276051,0.00662705667276051,"syn","nonsyn","nonsyn",1.7e-05,1.07e-06,1.21e-06,1.21e-06,"0.0037196","0.00058832888888889","0.00156077333333333","0.000882493333333333","L","L","L","I","V",0,0,0,0,0,0,0
"6557",6820,4364,4364,"t","t","c","c",0.00206232813932172,0.00206232813932172,0.000458295142071494,0.000458295142071494,0.000458295142071494,0,0.000458295142071494,0,0.00252062328139322,0.00252062328139322,0.00252062328139322,0.00252062328139322,"nonsyn","stop","stop",1.7e-05,1.07e-06,1.21e-06,1.21e-06,"0.00824311111111112","0.00264022","0.00233474","1","L","L","S","*","*",1,1,1,0,0,0,0
"6558",6821,4387,4387,"a","a","g","g",0.00136767722817415,0.00136767722817415,0.000455892409391384,0.000455892409391384,0,0.000455892409391384,0,0.000455892409391384,0.00182356963756553,0.00182356963756553,0.00182356963756553,0.00182356963756553,"syn","nonsyn","nonsyn",1.77e-05,1.76e-06,1.7e-06,1.7e-06,"0.01294165","0.00372895","1","0.00372895","L","L","L","F","F",0,0,0,0,0,0,0
"6559",6822,4388,4388,"c","c","t","t",0.00159525979945305,0.00159525979945305,0,0,0,0,0,0,0.00159525979945305,0.00159525979945305,0.00159525979945305,0.00159525979945305,"nonsyn","nonsyn","nonsyn",4.58e-06,8.37e-07,4.33e-07,4.33e-07,"0.00287100571428572","1","1","1","P","P","S","T","A",1,1,1,0,0,0,0
"6560",6823,4389,4389,"c","c","t","t",0.00113921166552745,0.00113921166552745,0.000227842333105491,0.000227842333105491,0.000227842333105491,0,0.000227842333105491,0,0.00136705399863295,0.00136705399863295,0.00136705399863295,0.00136705399863295,"nonsyn","nonsyn","nonsyn",4.58e-06,8.37e-07,4.33e-07,4.33e-07,"0.00402032400000002","0.001900437","0.003673593","1","P","P","L","H","R",1,1,1,0,1,0,1
"6561",6824,4401,4401,"t","t","c","c",0.00477164280845262,0.00477164280845262,0.000908884344467167,0.000908884344467167,0.000908884344467167,0,0.000908884344467167,0,0.00568052715291979,0.00568052715291979,0.00568052715291979,0.00568052715291979,"syn","syn","syn",1.7e-05,1.07e-06,1.21e-06,1.21e-06,"0.00356271428571429","0.0013313025","0.0011772675","1","P","P","P","P","P",0,0,0,0,1,0,1
"6562",6825,4420,4420,"t","t","c","c",0.00542986425339366,0.00542986425339366,0.00203619909502262,0.00203619909502262,0.00180995475113122,0.000226244343891403,0.00180995475113122,0.000226244343891403,0.00746606334841629,0.00746606334841629,0.00746606334841629,0.00746606334841629,"nonsyn","nonsyn","nonsyn",1.7e-05,1.07e-06,1.21e-06,1.21e-06,"0.00313083333333334","0.000594244444444446","0.000591175000000001","0.00534819999999999","C","C","R","S","G",1,1,0,1,0,0,0
"6563",6826,4413,4413,"g","g","a","a",0.00158622252435985,0.00158622252435985,0.000226603217765692,0.000226603217765692,0,0.000226603217765692,0,0.000226603217765692,0.00181282574212554,0.00181282574212554,0.00181282574212554,0.00181282574212554,"nonsyn","nonsyn","nonsyn",4.2e-06,5.36e-07,1.17e-06,1.17e-06,"0.00264779999999999","0.00516321000000001","1","0.00516321000000001","C","C","Y","S","F",1,1,1,0,0,0,0
"6564",6827,4426,4426,"c","c","t","t",0.00338906461816539,0.00338906461816539,0.000225937641211026,0.000225937641211026,0.000225937641211026,0,0.000225937641211026,0,0.00361500225937641,0.00361500225937641,0.00361500225937641,0.00361500225937641,"syn","stop","nonsyn",4.58e-06,8.37e-07,4.33e-07,4.33e-07,"0.00135140533333333","0.001916458","0.003704562","1","C","C","C","*","W",0,1,1,0,0,0,0
"6565",6828,4432,4432,"g","g","a","a",0.000676895306859206,0.000676895306859206,0,0,0,0,0,0,0.000676895306859206,0.000676895306859206,0.000676895306859206,0.000676895306859206,"nonsyn","nonsyn","stop",4.2e-06,5.36e-07,1.17e-06,1.17e-06,"0.0062048","1","1","1","E","E","K","Q","*",1,1,1,0,0,0,0
"6566",6829,4427,4427,"a","a","g","g",0.0040659588886379,0.0040659588886379,0.00429184549356223,0.00429184549356223,0.00135531962954597,0.00293652586401626,0.00135531962954597,0.00293652586401626,0.00835780438220014,0.00835780438220014,0.00835780438220014,0.00835780438220014,"nonsyn","nonsyn","nonsyn",1.77e-05,1.76e-06,1.7e-06,1.7e-06,"0.00435321666666667","0.0003961","0.00129858666666666","0.000578915384615385","E","E","G","A","V",1,1,1,0,1,1,0
"6567",6830,4426,4426,"g","g","a","a",0.000677812923633077,0.000677812923633077,0.000451875282422052,0.000451875282422052,0.000225937641211026,0.000225937641211026,0.000225937641211026,0.000225937641211026,0.00112968820605513,0.00112968820605513,0.00112968820605513,0.00112968820605513,"syn","nonsyn","nonsyn",4.2e-06,5.36e-07,1.17e-06,1.17e-06,"0.0061964","0.00258921","0.002372336","0.00517841999999999","E","E","E","D","D",0,0,0,0,0,0,0
"6568",6831,4421,4421,"c","c","t","t",0.00271431802759557,0.00271431802759557,0.000452386337932594,0.000452386337932594,0.000452386337932594,0,0.000452386337932594,0,0.00316670436552816,0.00316670436552816,0.00316670436552816,0.00316670436552816,"nonsyn","nonsyn","nonsyn",4.58e-06,8.37e-07,4.33e-07,4.33e-07,"0.00168734833333333","0.000957146500000001","0.0018501885","1","P","P","S","T","A",1,1,1,0,0,0,0
"6569",6832,4427,4427,"c","c","t","t",0.000451773209848656,0.000451773209848656,0,0,0,0,0,0,0.000451773209848656,0.000451773209848656,0.000451773209848656,0.000451773209848656,"nonsyn","nonsyn","nonsyn",4.58e-06,8.37e-07,4.33e-07,4.33e-07,"0.01013783","1","1","1","P","P","L","H","R",1,1,1,0,1,0,1
"6570",6833,4397,4397,"t","c","c","t",0.00409370025017057,0.994996588583125,0.000909711166704571,0.000909711166704571,0.000909711166704571,0,0.000909711166704571,0,0.00500341141687514,0.995906299749829,0.00500341141687514,0.995906299749829,"syn","syn","syn",4.58e-06,8.37e-07,4.33e-07,4.33e-07,"4.60303085714286e-06","0.00047597525","0.00092007225","1","P","P","P","P","P",0,0,0,0,1,0,1
"6571",6834,4403,4403,"g","g","a","a",0.000681353622530093,0.000681353622530093,0.000227117874176698,0.000227117874176698,0.000227117874176698,0,0.000227117874176698,0,0.000908471496706791,0.000908471496706791,0.000908471496706791,0.000908471496706791,"nonsyn","nonsyn","stop",4.2e-06,5.36e-07,1.17e-06,1.17e-06,"0.0061642","0.00515150999999999","0.002360008","1","E","E","K","Q","*",1,1,1,0,0,0,0
"6572",6835,4404,4405,"a","a","g","g",0.00522252497729337,0.00522252497729337,0.000227066303360581,0.000227066303360581,0,0.000227066303360581,0,0.000227066303360581,0.00544959128065395,0.00544959128065395,0.0054483541430193,0.0054483541430193,"nonsyn","nonsyn","nonsyn",1.77e-05,1.76e-06,1.7e-06,1.7e-06,"0.0033891652173913","0.00748680000000001","1","0.00748680000000001","E","E","G","A","V",1,1,1,0,0,0,0
"6573",6836,4372,4372,"a","a","g","g",0.00320219579139982,0.00320219579139982,0.000228728270814273,0.000228728270814273,0,0.000228728270814273,0,0.000228728270814273,0.00343092406221409,0.00343092406221409,0.00343092406221409,0.00343092406221409,"syn","nonsyn","nonsyn",1.77e-05,1.76e-06,1.7e-06,1.7e-06,"0.00552745714285714","0.00743239999999999","1","0.00743239999999999","E","E","E","D","D",0,0,0,0,0,0,0
"6574",6837,4362,4362,"c","c","t","t",0.00137551581843191,0.00137551581843191,0,0,0,0,0,0,0.00137551581843191,0.00137551581843191,0.00137551581843191,0.00137551581843191,"nonsyn","nonsyn","nonsyn",4.58e-06,8.37e-07,4.33e-07,4.33e-07,"0.00332966","1","1","1","P","P","S","T","A",1,1,1,0,0,0,0
"6575",6838,4349,4349,"c","c","t","t",0.00321913083467464,0.00321913083467464,0,0,0,0,0,0,0.00321913083467464,0.00321913083467464,0.00321913083467464,0.00321913083467464,"nonsyn","nonsyn","nonsyn",4.58e-06,8.37e-07,4.33e-07,4.33e-07,"0.00142274428571428","1","1","1","P","P","L","Q","R",1,1,1,0,1,0,1
"6576",6839,4350,4350,"g","g","a","a",0.000919540229885057,0.000919540229885057,0.000919540229885057,0.000919540229885057,0,0.000919540229885057,0,0.000919540229885057,0.00183908045977011,0.00183908045977011,0.00183908045977011,0.00183908045977011,"syn","syn","syn",4.2e-06,5.36e-07,1.17e-06,1.17e-06,"0.0045675","0.001272375","1","0.001272375","P","P","P","P","P",0,0,0,0,1,1,0
"6577",6840,4342,4342,"g","g","a","a",0.000230308613542146,0.000230308613542146,0.000230308613542146,0.000230308613542146,0,0.000230308613542146,0,0.000230308613542146,0.000460617227084293,0.000460617227084293,0.000460617227084293,0.000460617227084293,"nonsyn","nonsyn","nonsyn",4.2e-06,5.36e-07,1.17e-06,1.17e-06,"0.0182364","0.00508014000000001","1","0.00508014000000001","D","D","N","H","Y",1,1,1,0,0,0,0
"6578",6841,4345,4345,"a","a","g","g",0.0048331415420023,0.0048331415420023,0.00046029919447641,0.00046029919447641,0,0.00046029919447641,0,0.00046029919447641,0.00529344073647871,0.00529344073647871,0.00529344073647871,0.00529344073647871,"nonsyn","nonsyn","nonsyn",1.77e-05,1.76e-06,1.7e-06,1.7e-06,"0.00366221428571429","0.00369325","1","0.00369325","D","D","G","A","V",1,1,1,0,0,0,0
"6579",6842,4355,4355,"c","c","t","t",0.00160734787600459,0.00160734787600459,0.000229621125143513,0.000229621125143513,0.000229621125143513,0,0.000229621125143513,0,0.00183696900114811,0.00183696900114811,0.00183696900114811,0.00183696900114811,"syn","nonsyn","nonsyn",4.58e-06,8.37e-07,4.33e-07,4.33e-07,"0.00284941428571429","0.001885715","0.003645135","1","D","D","D","E","E",0,0,0,0,0,0,0
"6580",6843,4343,4343,"g","g","a","a",0.00115127791848952,0.00115127791848952,0.000230255583697905,0.000230255583697905,0,0.000230255583697905,0,0.000230255583697905,0.00138153350218743,0.00138153350218743,0.00138153350218743,0.00138153350218743,"nonsyn","nonsyn","nonsyn",4.2e-06,5.36e-07,1.17e-06,1.17e-06,"0.00364812000000001","0.00508130999999999","1","0.00508130999999999","V","V","I","L","L",0,0,0,0,0,0,0
"6581",6844,4334,4334,"t","t","c","c",0.00230733733271804,0.00230733733271804,0.000461467466543609,0.000461467466543609,0.000461467466543609,0,0.000461467466543609,0,0.00276880479926165,0.00276880479926165,0.00276880479926165,0.00276880479926165,"nonsyn","nonsyn","nonsyn",1.7e-05,1.07e-06,1.21e-06,1.21e-06,"0.00736780000000001","0.00262207","0.00231869","1","V","V","A","E","G",0,1,1,0,0,0,0
"6582",6845,4328,4328,"g","a","a","g",0.00323475046210721,0.996534195933457,0.000231053604436229,0.000231053604436229,0,0.000231053604436229,0,0.000231053604436229,0.00346580406654344,0.996765249537893,0.00346580406654344,0.996765249537893,"syn","syn","syn",1.77e-05,1.76e-06,1.7e-06,1.7e-06,"1.77615580802226e-05","0.00735760000000001","1","0.00735760000000001","V","V","V","V","V",0,0,0,0,1,1,0
"6583",6846,4359,4359,"g","g","a","a",0.00229410415232852,0.00229410415232852,0.000458820830465703,0.000458820830465703,0.000458820830465703,0,0.000458820830465703,0,0.00275292498279422,0.00275292498279422,0.00275292498279422,0.00275292498279422,"nonsyn","nonsyn","nonsyn",4.2e-06,5.36e-07,1.17e-06,1.17e-06,"0.00183078","0.002550015","0.001168212","1","A","A","T","P","S",1,1,1,0,0,0,0
"6584",6847,4366,4366,"c","c","t","t",0.00389372423270728,0.00389372423270728,0.000687127805771874,0.000687127805771874,0,0.000687127805771874,0,0.000687127805771874,0.00458085203847916,0.00458085203847916,0.00458085203847916,0.00458085203847916,"nonsyn","nonsyn","nonsyn",4.58e-06,8.37e-07,4.33e-07,4.33e-07,"0.00117625176470588","0.000630159333333333","1","0.000630159333333333","A","A","V","D","G",0,1,1,0,0,0,0
"6585",6848,4376,4376,"c","c","t","t",0.00137111517367459,0.00137111517367459,0.000685557586837294,0.000685557586837294,0.000228519195612431,0.000457038391224863,0.000228519195612431,0.000457038391224863,0.00205667276051188,0.00205667276051188,0.00205667276051188,0.00205667276051188,"syn","syn","syn",4.58e-06,8.37e-07,4.33e-07,4.33e-07,"0.00334034666666666","0.000631602666666667","0.00366271200000001","0.000947404","A","A","A","A","A",0,0,0,0,1,0,1
"6586",6849,4379,4379,"g","g","a","a",0.00159853847910482,0.00159853847910482,0,0,0,0,0,0,0.00159853847910482,0.00159853847910482,0.00159853847910482,0.00159853847910482,"nonsyn","nonsyn","nonsyn",4.2e-06,5.36e-07,1.17e-06,1.17e-06,"0.0026274","1","1","1","V","V","M","L","L",0,0,0,0,0,0,0
"6587",6850,4360,4360,"t","t","c","c",0.00412844036697248,0.00412844036697248,0.00114678899082569,0.00114678899082569,0.000917431192660551,0.000229357798165138,0.000917431192660551,0.000229357798165138,0.00527522935779817,0.00527522935779817,0.00527522935779817,0.00527522935779817,"nonsyn","nonsyn","nonsyn",1.7e-05,1.07e-06,1.21e-06,1.21e-06,"0.00411777777777777","0.00105512","0.0011663","0.00527559999999999","V","V","A","E","G",0,1,1,1,0,0,0
"6588",6851,4386,4386,"g","g","a","a",0.00113999088007296,0.00113999088007296,0.000455996352029184,0.000455996352029184,0.000227998176014592,0.000227998176014592,0.000227998176014592,0.000227998176014592,0.00159598723210214,0.00159598723210214,0.00159598723210214,0.00159598723210214,"syn","syn","syn",4.2e-06,5.36e-07,1.17e-06,1.17e-06,"0.00368424","0.00256581","0.002350896","0.00513162","V","V","V","V","V",0,0,0,0,0,0,0
"6589",6852,4332,4332,"t","t","c","c",0.00392428439519852,0.00392428439519852,0.000461680517082179,0.000461680517082179,0.00023084025854109,0.00023084025854109,0.00023084025854109,0.00023084025854109,0.0043859649122807,0.0043859649122807,0.0043859649122807,0.0043859649122807,"syn","nonsyn","nonsyn",1.7e-05,1.07e-06,1.21e-06,1.21e-06,"0.004332","0.00262086","0.00463523999999999","0.00524171999999999","L","L","L","M","V",0,0,0,0,0,0,0
"6590",6853,4350,4350,"t","t","c","c",0.00436781609195402,0.00436781609195402,0.00114942528735632,0.00114942528735632,0.00114942528735632,0,0.00114942528735632,0,0.00551724137931034,0.00551724137931034,0.00551724137931034,0.00551724137931034,"nonsyn","stop","nonsyn",1.7e-05,1.07e-06,1.21e-06,1.21e-06,"0.0038921052631579","0.0010527","0.000930900000000001","1","L","L","S","*","W",1,1,0,1,0,0,0
"6591",6854,4344,4344,"g","g","a","a",0.000920810313075506,0.000920810313075506,0.000230202578268877,0.000230202578268877,0,0.000230202578268877,0,0.000230202578268877,0.00115101289134438,0.00115101289134438,0.00115101289134438,0.00115101289134438,"syn","nonsyn","nonsyn",4.2e-06,5.36e-07,1.17e-06,1.17e-06,"0.0045612","0.00508247999999999","1","0.00508247999999999","L","L","L","F","F",0,0,0,0,0,0,0
"6592",6855,4347,4348,"a","a","g","g",0.00690131124913734,0.00690131124913734,0.000920174833218311,0.000920174833218311,0.000230043708304578,0.000690131124913734,0.000230043708304578,0.000690131124913734,0.00782148608235565,0.00782148608235565,0.0078196872125115,0.0078196872125115,"nonsyn","nonsyn","nonsyn",1.77e-05,1.76e-06,1.7e-06,1.7e-06,"0.00256473","0.001847475","0.00765072","0.0024633","T","T","A","P","S",1,1,0,0,0,0,0
"6593",6856,4380,4380,"c","c","t","t",0.00296803652968037,0.00296803652968037,0.000228310502283105,0.000228310502283105,0.000228310502283105,0,0.000228310502283105,0,0.00319634703196347,0.00319634703196347,0.00319634703196347,0.00319634703196347,"nonsyn","nonsyn","nonsyn",4.58e-06,8.37e-07,4.33e-07,4.33e-07,"0.00154310769230769","0.00189654","0.00366606","1","T","T","M","K","R",1,1,1,0,0,0,0
"6594",6857,4383,4383,"g","g","a","a",0.137348847821127,0.137348847821127,0.000228154232261008,0.000228154232261008,0,0.000228154232261008,0,0.000228154232261008,0.137577002053388,0.137577002053388,0.137577002053388,0.137577002053388,"syn","syn","syn",4.2e-06,5.36e-07,1.17e-06,1.17e-06,"3.05790697674419e-05","0.00512811000000001","1","0.00512811000000001","T","T","T","T","T",0,0,0,0,0,0,0
"6595",6858,4406,4406,"t","t","c","c",0.00317748524738992,0.00317748524738992,0.000907852927825692,0.000907852927825692,0.000680889695869269,0.000226963231956423,0.000680889695869269,0.000226963231956423,0.00408533817521562,0.00408533817521562,0.00408533817521562,0.00408533817521562,"nonsyn","nonsyn","nonsyn",1.7e-05,1.07e-06,1.21e-06,1.21e-06,"0.00535014285714286","0.001332815","0.00157147333333333","0.00533126","S","S","P","T","A",1,0,1,0,0,0,0
"6596",6859,4436,4437,"c","c","t","t",0.00112714156898106,0.00112714156898106,0.00112714156898106,0.00112714156898106,0.00112714156898106,0,0.00112714156898106,0,0.00225428313796213,0.00225428313796213,0.00225377507324769,0.00225377507324769,"nonsyn","nonsyn","nonsyn",4.58e-06,8.37e-07,4.33e-07,4.33e-07,"0.00406337600000001","0.000384157600000001","0.000742586400000003","1","S","S","F","Y","C",1,1,1,0,0,0,0
"6597",6860,4431,4431,"c","c","t","t",0.000677048070412999,0.000677048070412999,0.00112841345068833,0.00112841345068833,0.00112841345068833,0,0.00112841345068833,0,0.00180546152110133,0.00180546152110133,0.00180546152110133,0.00180546152110133,"syn","syn","syn",4.58e-06,8.37e-07,4.33e-07,4.33e-07,"0.00676466","0.000383724600000001","0.000741749400000001","1","S","S","S","S","S",0,0,0,0,1,0,1
"6598",6861,4456,4456,"a","a","g","g",0.0020197486535009,0.0020197486535009,0.000224416517055655,0.000224416517055655,0.000224416517055655,0,0.000224416517055655,0,0.00224416517055655,0.00224416517055655,0.00224416517055655,0.00224416517055655,"nonsyn","nonsyn","nonsyn",1.77e-05,1.76e-06,1.7e-06,1.7e-06,"0.00876346666666666","0.00757520000000001","0.00784256000000001","1","M","M","V","L","L",0,0,0,1,0,0,0
"6599",6862,4522,4522,"t","t","c","c",0.00309597523219814,0.00309597523219814,0.000663423264042459,0.000663423264042459,0.000442282176028306,0.000221141088014153,0.000442282176028306,0.000221141088014153,0.0037593984962406,0.0037593984962406,0.0037593984962406,0.0037593984962406,"nonsyn","nonsyn","nonsyn",1.7e-05,1.07e-06,1.21e-06,1.21e-06,"0.005491","0.00182387333333333","0.00241927","0.00547162","M","M","T","K","R",1,1,1,1,0,0,0
"6600",6863,4552,4552,"g","g","a","a",0.00175746924428822,0.00175746924428822,0.000219683655536028,0.000219683655536028,0,0.000219683655536028,0,0.000219683655536028,0.00197715289982425,0.00197715289982425,0.00197715289982425,0.00197715289982425,"nonsyn","nonsyn","nonsyn",4.2e-06,5.36e-07,1.17e-06,1.17e-06,"0.00238980000000001","0.00532584","1","0.00532584","M","M","I","I","I",0,0,0,0,0,0,0
"6601",6864,4512,4512,"c","c","t","t",0.00110815602836879,0.00110815602836879,0.000664893617021277,0.000664893617021277,0.000664893617021277,0,0.000664893617021277,0,0.00177304964539007,0.00177304964539007,0.00177304964539007,0.00177304964539007,"nonsyn","nonsyn","nonsyn",4.58e-06,8.37e-07,4.33e-07,4.33e-07,"0.00413299200000002","0.000651232","0.001258848","1","L","L","F","I","V",0,0,0,0,0,0,0
"6602",6865,4503,4503,"t","t","c","c",0.00466355762824783,0.00466355762824783,0.00199866755496336,0.00199866755496336,0.00155451920941594,0.000444148345547413,0.00155451920941594,0.000444148345547413,0.00666222518321119,0.00666222518321119,0.00666222518321119,0.00666222518321119,"nonsyn","nonsyn","nonsyn",1.7e-05,1.07e-06,1.21e-06,1.21e-06,"0.00364528571428572","0.000605403333333333","0.000688315714285716","0.002724315","L","L","P","H","R",1,1,1,0,1,0,1
"6603",6866,4493,4493,"c","c","t","t",0.000890273759180948,0.000890273759180948,0.000445136879590474,0.000445136879590474,0.000445136879590474,0,0.000445136879590474,0,0.00133541063877142,0.00133541063877142,0.00133541063877142,0.00133541063877142,"syn","syn","syn",4.58e-06,8.37e-07,4.33e-07,4.33e-07,"0.005144485","0.0009727345","0.0018803205","1","L","L","L","L","L",0,0,0,0,0,0,0
"6604",6867,4493,4493,"a","a","g","g",0.00400623191631427,0.00400623191631427,0,0,0,0,0,0,0.00400623191631427,0.00400623191631427,0.00400623191631427,0.00400623191631427,"nonsyn","nonsyn","nonsyn",1.77e-05,1.76e-06,1.7e-06,1.7e-06,"0.00441811666666666","1","1","1","T","T","A","P","S",1,1,0,1,0,0,0
"6605",6868,4469,4469,"c","c","t","t",0.000671291116580891,0.000671291116580891,0,0,0,0,0,0,0.000671291116580891,0.000671291116580891,0.000671291116580891,0.000671291116580891,"nonsyn","nonsyn","nonsyn",4.58e-06,8.37e-07,4.33e-07,4.33e-07,"0.00682267333333333","1","1","1","T","T","I","N","S",1,0,0,0,0,0,0
"6606",6869,4471,4471,"a","t","g","c",0.0138671438157012,0.000223663609930664,0.000894654439722657,0.999105345560277,0.000223663609930664,0.000670990829791993,0.985238201744576,0.0138671438157012,0.0147617982554238,0.999329009170208,0.0147617982554238,0.999329009170208,"syn","syn","syn",1.7e-05,1.07e-06,1.21e-06,1.21e-06,"0.0760070000000001","1.21108350123125e-06","1.08603178206583e-06","8.72566129032257e-05","T","T","T","T","T",0,0,0,1,1,0,1
"6607",6870,4390,4390,"g","g","a","a",0.000911161731207289,0.000911161731207289,0.000455580865603645,0.000455580865603645,0,0.000455580865603645,0,0.000455580865603645,0.00136674259681093,0.00136674259681093,0.00136674259681093,0.00136674259681093,"nonsyn","nonsyn","nonsyn",4.2e-06,5.36e-07,1.17e-06,1.17e-06,"0.0046095","0.00256815","1","0.00256815","D","D","N","H","Y",1,1,1,0,0,0,0
"6608",6871,4352,4353,"a","a","g","g",0.00344669117647059,0.00344669117647059,0.000459558823529412,0.000459558823529412,0,0.000459558823529412,0,0.000459558823529412,0.00390625,0.00390625,0.00390535263036986,0.00390535263036986,"nonsyn","nonsyn","nonsyn",1.77e-05,1.76e-06,1.7e-06,1.7e-06,"0.00513536","0.0036992","1","0.0036992","D","D","G","A","V",1,1,1,0,0,0,0
"6609",6872,4309,4313,"c","t","t","c",0.00139243443954514,0.998375493153864,0.000232072406590856,0.000232072406590856,0.000232072406590856,0,0.000232072406590856,0,0.00162450684613599,0.998607565560455,0.00162300023185718,0.997681428240204,"syn","nonsyn","nonsyn",1.7e-05,1.07e-06,1.21e-06,1.21e-06,"1.70276615527662e-05","0.00521389000000001","0.00461063000000001","1","D","D","D","E","E",0,0,0,0,0,0,0
"6610",6873,4304,4304,"c","c","t","t",0.0020910780669145,0.0020910780669145,0.00116171003717472,0.00116171003717472,0.00116171003717472,0,0.00116171003717472,0,0.00325278810408922,0.00325278810408922,0.00325278810408922,0.00325278810408922,"nonsyn","nonsyn","nonsyn",4.58e-06,8.37e-07,4.33e-07,4.33e-07,"0.00219025777777778","0.0003727264","0.000720489600000001","1","P","P","S","T","A",1,1,1,0,0,0,0
"6611",6874,4308,4308,"c","c","t","t",0.00116063138347261,0.00116063138347261,0.000232126276694522,0.000232126276694522,0.000232126276694522,0,0.000232126276694522,0,0.00139275766016713,0.00139275766016713,0.00139275766016713,0.00139275766016713,"nonsyn","nonsyn","nonsyn",4.58e-06,8.37e-07,4.33e-07,4.33e-07,"0.003946128","0.001865364","0.003605796","1","P","P","L","H","R",1,1,1,0,1,0,1
"6612",6875,4311,4311,"c","c","t","t",0.00139178844815588,0.00139178844815588,0,0,0,0,0,0,0.00139178844815588,0.00139178844815588,0.00139178844815588,0.00139178844815588,"syn","syn","syn",4.58e-06,8.37e-07,4.33e-07,4.33e-07,"0.00329073","1","1","1","P","P","P","P","P",0,0,0,0,1,0,1
"6613",6876,4316,4316,"t","t","c","c",0.00231696014828545,0.00231696014828545,0.00046339202965709,0.00046339202965709,0.00046339202965709,0,0.00046339202965709,0,0.00278035217794254,0.00278035217794254,0.00278035217794254,0.00278035217794254,"nonsyn","nonsyn","nonsyn",1.7e-05,1.07e-06,1.21e-06,1.21e-06,"0.0073372","0.00261118","0.00230906","1","S","S","P","T","A",1,0,1,0,1,0,1
"6614",6877,4361,4363,"c","c","t","t",0.00137583123136895,0.00137583123136895,0.000229305205228159,0.000229305205228159,0.000229305205228159,0,0.000229305205228159,0,0.00160513643659711,0.00160513643659711,0.00160440064176026,0.00160440064176026,"nonsyn","nonsyn","nonsyn",4.58e-06,8.37e-07,4.33e-07,4.33e-07,"0.00332889666666667","0.001888313","0.003650157","1","S","S","F","Y","C",1,1,1,0,0,0,0
"6615",6878,4424,4424,"c","c","t","t",0.00135623869801085,0.00135623869801085,0.000452079566003617,0.000452079566003617,0.000452079566003617,0,0.000452079566003617,0,0.00180831826401447,0.00180831826401447,0.00180831826401447,0.00180831826401447,"syn","syn","syn",4.58e-06,8.37e-07,4.33e-07,4.33e-07,"0.00337698666666667","0.000957795999999999","0.001851444","1","S","S","S","S","S",0,0,0,0,1,0,1
"6616",6879,4393,4393,"c","c","t","t",0.000682904620987935,0.000682904620987935,0.00113817436831323,0.00113817436831323,0.000910539494650581,0.000227634873662645,0.000910539494650581,0.000227634873662645,0.00182107898930116,0.00182107898930116,0.00182107898930116,0.00182107898930116,"nonsyn","nonsyn","nonsyn",4.58e-06,8.37e-07,4.33e-07,4.33e-07,"0.00670664666666667","0.000380433799999999","0.000919235249999999","0.001902169","H","H","Y","N","D",1,1,1,0,1,0,1
"6617",6880,4500,4500,"a","a","g","g",0.00244444444444444,0.00244444444444444,0,0,0,0,0,0,0.00244444444444444,0.00244444444444444,0.00244444444444444,0.00244444444444444,"nonsyn","nonsyn","nonsyn",1.77e-05,1.76e-06,1.7e-06,1.7e-06,"0.0072409090909091","1","1","1","H","H","R","P","L",0,1,1,1,0,0,0
"6618",6881,4494,4494,"t","t","c","c",0.00311526479750779,0.00311526479750779,0.000667556742323097,0.000667556742323097,0.000667556742323097,0,0.000667556742323097,0,0.00378282153983089,0.00378282153983089,0.00378282153983089,0.00378282153983089,"syn","nonsyn","nonsyn",1.7e-05,1.07e-06,1.21e-06,1.21e-06,"0.005457","0.00181258","0.00160286","1","H","H","H","Q","Q",0,1,1,0,0,0,0
"6619",6882,4418,4418,"a","a","g","g",0.00135808057944771,0.00135808057944771,0.000226346763241286,0.000226346763241286,0,0.000226346763241286,0,0.000226346763241286,0.001584427342689,0.001584427342689,0.001584427342689,0.001584427342689,"nonsyn","nonsyn","nonsyn",1.77e-05,1.76e-06,1.7e-06,1.7e-06,"0.0130331","0.00751059999999999","1","0.00751059999999999","I","I","V","L","L",0,0,0,0,0,0,0
"6620",6883,4499,4499,"t","t","c","c",0.00288953100689042,0.00288953100689042,0.000222271615914648,0.000222271615914648,0.000222271615914648,0,0.000222271615914648,0,0.00311180262280507,0.00311180262280507,0.00311180262280507,0.00311180262280507,"nonsyn","nonsyn","nonsyn",1.7e-05,1.07e-06,1.21e-06,1.21e-06,"0.00588330769230769","0.00544378999999999","0.00481392999999999","1","I","I","T","K","R",1,1,1,0,0,0,0
"6621",6884,4460,4462,"a","a","g","g",0.00112107623318386,0.00112107623318386,0.000448430493273543,0.000448430493273543,0,0.000448430493273543,0,0.000448430493273543,0.0015695067264574,0.0015695067264574,0.00156880322725235,0.00156880322725235,"nonsyn","syn","syn",1.77e-05,1.76e-06,1.7e-06,1.7e-06,"0.0157884","0.003791","1","0.003791","I","I","M","I","I",0,0,0,0,0,0,0
"6622",6885,4441,4441,"a","a","g","g",0.00180139608196352,0.00180139608196352,0.00022517451024544,0.00022517451024544,0,0.00022517451024544,0,0.00022517451024544,0.00202657059220896,0.00202657059220896,0.00202657059220896,0.00202657059220896,"nonsyn","nonsyn","nonsyn",1.77e-05,1.76e-06,1.7e-06,1.7e-06,"0.00982571250000001","0.00754970000000001","1","0.00754970000000001","T","T","A","P","S",1,1,0,0,0,0,0
"6623",6886,4489,4489,"c","c","t","t",0.000668300289596792,0.000668300289596792,0,0,0,0,0,0,0.000668300289596792,0.000668300289596792,0.000668300289596792,0.000668300289596792,"nonsyn","nonsyn","nonsyn",4.58e-06,8.37e-07,4.33e-07,4.33e-07,"0.00685320666666667","1","1","1","T","T","I","K","R",1,1,1,0,0,0,0
"6624",6887,4458,4458,"a","a","g","g",0.00291610587707492,0.00291610587707492,0.000897263346792284,0.000897263346792284,0.000448631673396142,0.000448631673396142,0.000448631673396142,0.000448631673396142,0.00381336922386721,0.00381336922386721,0.00381336922386721,0.00381336922386721,"syn","syn","syn",1.77e-05,1.76e-06,1.7e-06,1.7e-06,"0.00606973846153846","0.00189465","0.00392304","0.0037893","T","T","T","T","T",0,0,0,1,1,1,0
"6625",6888,4482,4482,"g","g","a","a",0.00312360553324409,0.00312360553324409,0,0,0,0,0,0,0.00312360553324409,0.00312360553324409,0.00312360553324409,0.00312360553324409,"nonsyn","nonsyn","nonsyn",4.2e-06,5.36e-07,1.17e-06,1.17e-06,"0.0013446","1","1","1","A","A","T","P","S",1,1,1,0,0,0,0
"6626",6889,4480,4480,"c","c","t","t",0.00200892857142857,0.00200892857142857,0.000223214285714286,0.000223214285714286,0.000223214285714286,0,0.000223214285714286,0,0.00223214285714286,0.00223214285714286,0.00223214285714286,0.00223214285714286,"nonsyn","nonsyn","nonsyn",4.58e-06,8.37e-07,4.33e-07,4.33e-07,"0.00227982222222222","0.00193984","0.00374976","1","A","A","V","E","G",0,1,1,0,0,0,0
"6627",6890,4451,4451,"a","a","g","g",0.00404403504830375,0.00404403504830375,0.000898674455178612,0.000898674455178612,0.000449337227589306,0.000449337227589306,0.000449337227589306,0.000449337227589306,0.00494270950348236,0.00494270950348236,0.00494270950348236,0.00494270950348236,"syn","syn","syn",1.77e-05,1.76e-06,1.7e-06,1.7e-06,"0.00437681666666667","0.001891675","0.00391688","0.00378335","A","A","A","A","A",0,0,0,1,1,1,0
"6628",6891,4453,4453,"g","g","a","a",0.00044913541432742,0.00044913541432742,0,0,0,0,0,0,0.00044913541432742,0.00044913541432742,0.00044913541432742,0.00044913541432742,"nonsyn","nonsyn","stop",4.2e-06,5.36e-07,1.17e-06,1.17e-06,"0.00935129999999999","1","1","1","E","E","K","Q","*",1,1,1,0,0,0,0
"6629",6892,4423,4423,"a","a","g","g",0.0056522722134298,0.0056522722134298,0.00113045444268596,0.00113045444268596,0.000452181777074384,0.000678272665611576,0.000452181777074384,0.000678272665611576,0.00678272665611576,0.00678272665611576,0.00678272665611576,0.00678272665611576,"nonsyn","nonsyn","nonsyn",1.77e-05,1.76e-06,1.7e-06,1.7e-06,"0.003131484","0.00150382","0.00389224","0.00250636666666667","E","E","G","A","V",1,1,1,0,1,1,0
"6630",6893,4392,4392,"g","g","a","a",0.000683060109289617,0.000683060109289617,0,0,0,0,0,0,0.000683060109289617,0.000683060109289617,0.000683060109289617,0.000683060109289617,"syn","nonsyn","nonsyn",4.2e-06,5.36e-07,1.17e-06,1.17e-06,"0.0061488","1","1","1","E","E","E","D","D",0,0,0,0,1,1,0
"6631",6894,4256,4256,"a","g","g","a",0.00305451127819549,0.995770676691729,0.00117481203007519,0.00117481203007519,0.00117481203007519,0,0.00117481203007519,0,0.00422932330827068,0.996945488721805,0.00422932330827068,0.996945488721805,"nonsyn","nonsyn","nonsyn",4.2e-06,5.36e-07,1.17e-06,1.17e-06,"4.21783860311468e-06","0.000995903999999998","0.000456243199999999","1","T","A","T","P","S",1,1,1,0,0,0,0
"6632",6895,4252,4252,"c","c","t","t",0.00164628410159925,0.00164628410159925,0.000235183443085607,0.000235183443085607,0.000235183443085607,0,0.000235183443085607,0,0.00188146754468485,0.00188146754468485,0.00188146754468485,0.00188146754468485,"nonsyn","nonsyn","nonsyn",4.58e-06,8.37e-07,4.33e-07,4.33e-07,"0.00278202285714285","0.001841116","0.003558924","1","T","A","V","E","G",0,1,1,0,0,0,0
"6633",6896,4227,4227,"g","g","a","a",0.00236574402649633,0.00236574402649633,0,0,0,0,0,0,0.00236574402649633,0.00236574402649633,0.00236574402649633,0.00236574402649633,"syn","syn","syn",4.2e-06,5.36e-07,1.17e-06,1.17e-06,"0.00177534","1","1","1","T","A","A","A","A",0,0,0,0,1,1,0
"6634",6897,4199,4199,"g","g","a","a",0.00309597523219814,0.00309597523219814,0,0,0,0,0,0,0.00309597523219814,0.00309597523219814,0.00309597523219814,0.00309597523219814,"nonsyn","nonsyn","nonsyn",4.2e-06,5.36e-07,1.17e-06,1.17e-06,"0.0013566","1","1","1","A","A","T","P","S",1,1,1,0,0,0,0
"6635",6898,4185,4185,"c","c","t","t",0.0014336917562724,0.0014336917562724,0.0014336917562724,0.0014336917562724,0.000716845878136201,0.000716845878136201,0.000716845878136201,0.000716845878136201,0.0028673835125448,0.0028673835125448,0.0028673835125448,0.0028673835125448,"nonsyn","nonsyn","nonsyn",4.58e-06,8.37e-07,4.33e-07,4.33e-07,"0.00319455","0.0003020175","0.001167615","0.000604035","A","A","V","D","G",0,1,1,0,0,0,0
"6636",6899,4191,4191,"c","c","t","t",0.00238606537819136,0.00238606537819136,0.000954426151276545,0.000954426151276545,0.000954426151276545,0,0.000954426151276545,0,0.00334049152946791,0.00334049152946791,0.00334049152946791,0.00334049152946791,"syn","syn","syn",4.58e-06,8.37e-07,4.33e-07,4.33e-07,"0.001919478","0.00045367575","0.00087696675","1","A","A","A","A","A",0,0,0,0,1,0,1
"6637",6900,4205,4205,"g","g","a","a",0.0014268727705113,0.0014268727705113,0.000713436385255648,0.000713436385255648,0,0.000713436385255648,0,0.000713436385255648,0.00214030915576694,0.00214030915576694,0.00214030915576694,0.00214030915576694,"nonsyn","nonsyn","nonsyn",4.2e-06,5.36e-07,1.17e-06,1.17e-06,"0.00294349999999999","0.00163995","1","0.00163995","G","G","R","R","W",1,1,1,0,1,1,0
"6638",6901,4186,4186,"g","g","a","a",0.000477783086478739,0.000477783086478739,0.0513616817964644,0.0513616817964644,0.0513616817964644,0,0.0513616817964644,0,0.0518394648829431,0.0518394648829431,0.0518394648829431,0.0518394648829431,"nonsyn","nonsyn","nonsyn",4.2e-06,5.36e-07,1.17e-06,1.17e-06,"0.00879059999999999","2.27796279069767e-05","1.04357953488372e-05","1","G","G","E","A","V",1,1,1,0,1,1,0
"6639",6902,4153,4153,"a","g","g","a",0.00168552853359018,0.997592102094871,0.000722369371538647,0.000722369371538647,0,0.000722369371538647,0,0.000722369371538647,0.00240789790512882,0.99831447146641,0.00240789790512882,0.99831447146641,"syn","syn","syn",4.2e-06,5.36e-07,1.17e-06,1.17e-06,"4.21013758146271e-06","0.00161967","1","0.00161967","G","G","G","G","G",0,0,0,0,0,0,0
"6640",6903,4136,4136,"a","a","g","g",0.0031431334622824,0.0031431334622824,0.000241779497098646,0.000241779497098646,0,0.000241779497098646,0,0.000241779497098646,0.00338491295938104,0.00338491295938104,0.00338491295938104,0.00338491295938104,"nonsyn","syn","stop",1.77e-05,1.76e-06,1.7e-06,1.7e-06,"0.00563132307692307","0.0070312","1","0.0070312","R","R","G","R","*",1,0,1,0,1,1,0
"6641",6904,4105,4106,"g","g","a","a",0.000243605359317905,0.000243605359317905,0.000243605359317905,0.000243605359317905,0,0.000243605359317905,0,0.000243605359317905,0.00048721071863581,0.00048721071863581,0.000487092060399416,0.000487092060399416,"nonsyn","nonsyn","nonsyn",4.2e-06,5.36e-07,1.17e-06,1.17e-06,"0.017241","0.00480285","1","0.00480285","R","R","K","T","I",0,1,1,0,0,0,0
"6642",6905,4103,4103,"g","a","a","g",0.00073117231294175,0.999025103582744,0.000243724104313917,0.000243724104313917,0,0.000243724104313917,0,0.000243724104313917,0.000974896417255667,0.999268827687058,0.000974896417255667,0.999268827687058,"syn","nonsyn","nonsyn",1.77e-05,1.76e-06,1.7e-06,1.7e-06,"1.77172725054891e-05","0.00697509999999999","1","0.00697509999999999","R","R","R","S","S",0,1,1,0,0,0,0
"6643",6906,4099,4099,"a","a","g","g",0.00658697243230056,0.00658697243230056,0.000243961941937058,0.000243961941937058,0.000243961941937058,0,0.000243961941937058,0,0.00683093437423762,0.00683093437423762,0.00683093437423762,0.00683093437423762,"nonsyn","syn","nonsyn",1.77e-05,1.76e-06,1.7e-06,1.7e-06,"0.00268712222222222","0.00696829999999999","0.00721424","1","R","R","G","R","W",1,0,1,0,1,1,0
"6644",6907,3892,3892,"g","g","a","a",0.000770811921891059,0.000770811921891059,0,0,0,0,0,0,0.000770811921891059,0.000770811921891059,0.000770811921891059,0.000770811921891059,"nonsyn","nonsyn","nonsyn",4.2e-06,5.36e-07,1.17e-06,1.17e-06,"0.0054488","1","1","1","R","R","K","T","M",0,1,1,0,1,1,0
"6645",6908,3881,3881,"g","g","a","a",0.00128832775057975,0.00128832775057975,0.000515331100231899,0.000515331100231899,0,0.000515331100231899,0,0.000515331100231899,0.00180365885081165,0.00180365885081165,0.00180365885081165,0.00180365885081165,"syn","nonsyn","nonsyn",4.2e-06,5.36e-07,1.17e-06,1.17e-06,"0.00326003999999999","0.002270385","1","0.002270385","R","R","R","S","S",0,1,1,0,0,0,0
"6646",6909,3927,3927,"t","t","c","c",0.0990578049401579,0.0990578049401579,0.00101858925388337,0.00101858925388337,0.00101858925388337,0,0.00101858925388337,0,0.100076394194041,0.100076394194041,0.100076394194041,0.100076394194041,"syn","nonsyn","nonsyn",1.7e-05,1.07e-06,1.21e-06,1.21e-06,"0.000171616966580977","0.0011879175","0.0010504725","1","L","L","L","M","V",0,0,0,0,0,0,0
"6647",6910,3981,3981,"t","t","c","c",0.00251193167545843,0.00251193167545843,0.000502386335091685,0.000502386335091685,0.000502386335091685,0,0.000502386335091685,0,0.00301431801055011,0.00301431801055011,0.00301431801055011,0.00301431801055011,"nonsyn","stop","nonsyn",1.7e-05,1.07e-06,1.21e-06,1.21e-06,"0.00676769999999999","0.002408505","0.002129835","1","L","L","S","*","W",1,1,0,1,0,0,0
"6648",6911,3964,3966,"g","g","a","a",0.00151362260343088,0.00151362260343088,0.000504540867810293,0.000504540867810293,0,0.000504540867810293,0,0.000504540867810293,0.00201816347124117,0.00201816347124117,0.00201714573877963,0.00201714573877963,"syn","nonsyn","nonsyn",4.2e-06,5.36e-07,1.17e-06,1.17e-06,"0.0027748","0.00231894","1","0.00231894","L","L","L","F","F",0,0,0,0,1,1,0
"6649",6912,3963,3963,"g","g","a","a",0.000757002271006813,0.000757002271006813,0.000252334090335604,0.000252334090335604,0.000252334090335604,0,0.000252334090335604,0,0.00100933636134242,0.00100933636134242,0.00100933636134242,0.00100933636134242,"nonsyn","nonsyn","nonsyn",4.2e-06,5.36e-07,1.17e-06,1.17e-06,"0.0055482","0.00463671000000001","0.002124168","1","G","A","T","P","S",1,1,1,0,0,0,0
"6650",6913,3963,3963,"g","c","a","t",0.00252334090335604,0.000757002271006813,0.0577845066868534,0.942215493313147,0.0570275044158466,0.000757002271006813,0.00252334090335604,0.939692152409791,0.0603078475902094,0.942972495584153,0.0603078475902094,0.942972495584153,"nonsyn","nonsyn","nonsyn",4.58e-06,8.37e-07,4.33e-07,4.33e-07,"0.00605018","4.59555168719871e-07","0.0003317031","4.60789205155746e-07","G","A","V","E","G",0,1,1,0,0,0,0
"6651",6914,3967,3967,"g","g","a","a",0.000756238971514999,0.000756238971514999,0.000252079657171666,0.000252079657171666,0,0.000252079657171666,0,0.000252079657171666,0.00100831862868667,0.00100831862868667,0.00100831862868667,0.00100831862868667,"syn","syn","syn",4.2e-06,5.36e-07,1.17e-06,1.17e-06,"0.0055538","0.00464139","1","0.00464139","G","A","A","A","A",0,0,0,0,0,0,0
"6652",6915,3953,3953,"a","a","g","g",0.00455350366810018,0.00455350366810018,0.000252972426005565,0.000252972426005565,0,0.000252972426005565,0,0.000252972426005565,0.00480647609410574,0.00480647609410574,0.00480647609410574,0.00480647609410574,"nonsyn","syn","stop",1.77e-05,1.76e-06,1.7e-06,1.7e-06,"0.00388711666666666","0.00672010000000001","1","0.00672010000000001","R","R","G","R","*",1,0,1,0,1,1,0
"6653",6916,3957,3957,"g","g","a","a",0.00101086681829669,0.00101086681829669,0.000505433409148345,0.000505433409148345,0,0.000505433409148345,0,0.000505433409148345,0.00151630022744503,0.00151630022744503,0.00151630022744503,0.00151630022744503,"nonsyn","nonsyn","nonsyn",4.2e-06,5.36e-07,1.17e-06,1.17e-06,"0.00415485","0.002314845","1","0.002314845","R","R","K","T","I",0,1,1,0,0,0,0
"6654",6917,4008,4008,"a","a","g","g",0.00499001996007984,0.00499001996007984,0.00124750499001996,0.00124750499001996,0.000249500998003992,0.000998003992015968,0.000249500998003992,0.000998003992015968,0.0062375249500998,0.0062375249500998,0.0062375249500998,0.0062375249500998,"syn","nonsyn","nonsyn",1.77e-05,1.76e-06,1.7e-06,1.7e-06,"0.00354708","0.00136272","0.00705408","0.0017034","R","R","R","S","S",0,1,1,0,1,1,0
"6655",6918,4026,4026,"g","g","a","a",0.00198708395429707,0.00198708395429707,0.000993541977148535,0.000993541977148535,0,0.000993541977148535,0,0.000993541977148535,0.0029806259314456,0.0029806259314456,0.0029806259314456,0.0029806259314456,"nonsyn","nonsyn","nonsyn",4.2e-06,5.36e-07,1.17e-06,1.17e-06,"0.00211365","0.001177605","1","0.001177605","G","G","R","R","W",1,1,1,0,1,1,0
"6656",6919,4103,4103,"g","g","a","a",0.000974896417255667,0.000974896417255667,0.000974896417255667,0.000974896417255667,0,0.000974896417255667,0,0.000974896417255667,0.00194979283451133,0.00194979283451133,0.00194979283451133,0.00194979283451133,"nonsyn","nonsyn","nonsyn",4.2e-06,5.36e-07,1.17e-06,1.17e-06,"0.00430815","0.0012001275","1","0.0012001275","G","G","E","A","V",1,1,1,0,1,1,0
"6657",6920,4187,4187,"a","g","g","a",0.00644853116790065,0.992834965368999,0.000716503463100072,0.000716503463100072,0.000238834487700024,0.000477668975400048,0.000238834487700024,0.000477668975400048,0.00716503463100072,0.993551468832099,0.00716503463100072,0.993551468832099,"syn","syn","syn",4.2e-06,5.36e-07,1.17e-06,1.17e-06,"4.23031031994227e-06","0.00163293","0.002244232","0.002449395","G","G","G","G","G",0,0,0,0,0,0,0
"6658",6921,4124,4124,"t","t","c","c",0.00315227934044617,0.00315227934044617,0,0,0,0,0,0,0.00315227934044617,0.00315227934044617,0.00315227934044617,0.00315227934044617,"nonsyn","nonsyn","nonsyn",1.7e-05,1.07e-06,1.21e-06,1.21e-06,"0.00539292307692307","1","1","1","S","S","P","T","A",1,0,1,0,0,0,0
"6659",6922,4064,4064,"c","c","t","t",0.000492125984251968,0.000492125984251968,0,0,0,0,0,0,0.000492125984251968,0.000492125984251968,0.000492125984251968,0.000492125984251968,"nonsyn","stop","stop",4.58e-06,8.37e-07,4.33e-07,4.33e-07,"0.00930656000000001","1","1","1","S","S","L","*","*",1,1,1,0,0,0,0
"6660",6923,4071,4072,"t","a","c","g",0.00393023827069516,0,0.00098255956767379,0.999017440432326,0.00098255956767379,0,0.00393023827069516,0.995087202161631,0.00491279783836895,0.999017440432326,0.00491159135559921,0.9987721021611,"syn","syn","syn",1.77e-05,1.76e-06,1.7e-06,1.7e-06,"1","1.70167199409884e-06","0.00044781","1.70839298938534e-06","S","S","S","S","S",0,0,0,1,0,0,0
"6661",6924,4095,4104,"c","c","t","t",0.000488400488400488,0.000488400488400488,0.000732600732600733,0.000732600732600733,0.000488400488400488,0.000244200244200244,0.000488400488400488,0.000244200244200244,0.00122100122100122,0.00122100122100122,0.00121832358674464,0.00121832358674464,"nonsyn","nonsyn","nonsyn",4.58e-06,8.37e-07,4.33e-07,4.33e-07,"0.00937755000000001","0.000591045","0.0017137575","0.001773135","P","P","S","T","A",1,1,1,0,0,0,0
"6662",6925,4116,4116,"c","c","t","t",0.00145772594752187,0.00145772594752187,0.00170068027210884,0.00170068027210884,0.00170068027210884,0,0.00170068027210884,0,0.00315840621963071,0.00315840621963071,0.00315840621963071,0.00315840621963071,"nonsyn","nonsyn","nonsyn",4.58e-06,8.37e-07,4.33e-07,4.33e-07,"0.00314187999999999","0.000254604000000001","0.000492156000000001","1","P","P","L","H","R",1,1,1,0,1,0,1
"6663",6926,4119,4119,"c","c","t","t",0.0021849963583394,0.0021849963583394,0.000242777373148823,0.000242777373148823,0.000242777373148823,0,0.000242777373148823,0,0.00242777373148823,0.00242777373148823,0.00242777373148823,0.00242777373148823,"syn","syn","syn",4.58e-06,8.37e-07,4.33e-07,4.33e-07,"0.00209611333333334","0.001783527","0.00344760299999999","1","P","P","P","P","P",0,0,0,0,1,0,1
"6664",6927,4126,4126,"c","c","t","t",0.0016965584100824,0.0016965584100824,0.000484730974309258,0.000484730974309258,0.000484730974309258,0,0.000484730974309258,0,0.00218128938439166,0.00218128938439166,0.00218128938439166,0.00218128938439166,"nonsyn","nonsyn","nonsyn",4.58e-06,8.37e-07,4.33e-07,4.33e-07,"0.00269958285714286","0.000893279000000001","0.001726731","1","P","P","S","T","A",1,1,1,0,1,0,1
"6665",6928,4143,4143,"c","c","t","t",0.000482741974414675,0.000482741974414675,0,0,0,0,0,0,0.000482741974414675,0.000482741974414675,0.000482741974414675,0.000482741974414675,"nonsyn","nonsyn","nonsyn",4.58e-06,8.37e-07,4.33e-07,4.33e-07,"0.00948747000000001","1","1","1","P","P","L","H","R",1,1,1,0,1,0,1
"6666",6929,4141,4142,"t","t","c","c",0.00434677614102874,0.00434677614102874,0,0,0,0,0,0,0.00434677614102874,0.00434677614102874,0.00434572670207629,0.00434572670207629,"syn","syn","syn",1.7e-05,1.07e-06,1.21e-06,1.21e-06,"0.00391094444444444","1","1","1","P","P","P","P","P",0,0,0,0,1,0,1
"6667",6930,4252,4252,"t","t","c","c",0.0035277516462841,0.0035277516462841,0.00070555032925682,0.00070555032925682,0.000470366886171214,0.000235183443085607,0.000470366886171214,0.000235183443085607,0.00423330197554092,0.00423330197554092,0.00423330197554092,0.00423330197554092,"nonsyn","nonsyn","nonsyn",1.7e-05,1.07e-06,1.21e-06,1.21e-06,"0.00481893333333334","0.00171497333333333","0.00227482","0.00514492","S","S","P","T","A",1,0,1,0,0,0,0
"6668",6931,4205,4205,"c","c","t","t",0.000237812128418549,0.000237812128418549,0,0,0,0,0,0,0.000237812128418549,0.000237812128418549,0.000237812128418549,0.000237812128418549,"nonsyn","nonsyn","nonsyn",4.58e-06,8.37e-07,4.33e-07,4.33e-07,"0.0192589","1","1","1","S","S","F","Y","C",1,1,1,0,0,0,0
"6669",6932,4217,4217,"t","t","c","c",0.00450557268200142,0.00450557268200142,0,0,0,0,0,0,0.00450557268200142,0.00450557268200142,0.00450557268200142,0.00450557268200142,"syn","syn","syn",1.7e-05,1.07e-06,1.21e-06,1.21e-06,"0.0037731052631579","1","1","1","S","S","S","S","S",0,0,0,0,1,0,1
"6670",6933,4182,4182,"c","a","t","g",0.000239120038259206,0,0.000239120038259206,0.999760879961741,0.000239120038259206,0,0.999521759923482,0.000239120038259206,0.000478240076518412,0.999760879961741,0.000478240076518412,0.999760879961741,"nonsyn","nonsyn","nonsyn",1.77e-05,1.76e-06,1.7e-06,1.7e-06,"1","1.70040660129156e-06","1.76084210526316e-06","0.0071094","L","M","V","L","L",0,0,0,0,0,0,0
"6671",6934,4182,4182,"t","t","c","c",0.0040650406504065,0.0040650406504065,0.000717360114777618,0.000717360114777618,0.000717360114777618,0,0.000717360114777618,0,0.00478240076518412,0.00478240076518412,0.00478240076518412,0.00478240076518412,"nonsyn","nonsyn","nonsyn",1.7e-05,1.07e-06,1.21e-06,1.21e-06,"0.004182","0.00168674","0.00149158","1","L","M","T","K","R",1,1,1,1,0,0,0
"6672",6935,4253,4253,"g","g","a","a",0.00117564072419469,0.00117564072419469,0.000705384434516812,0.000705384434516812,0.000470256289677874,0.000235128144838937,0.000470256289677874,0.000235128144838937,0.0018810251587115,0.0018810251587115,0.0018810251587115,0.0018810251587115,"nonsyn","nonsyn","nonsyn",4.2e-06,5.36e-07,1.17e-06,1.17e-06,"0.00357251999999999","0.00165867","0.001139804","0.00497601","L","M","I","I","I",0,0,0,0,1,1,0
"6673",6936,4254,4254,"g","g","a","a",0.00211565585331453,0.00211565585331453,0.000705218617771509,0.000705218617771509,0.000235072872590503,0.000470145745181006,0.000235072872590503,0.000470145745181006,0.00282087447108604,0.00282087447108604,0.00282087447108604,0.00282087447108604,"nonsyn","nonsyn","nonsyn",4.2e-06,5.36e-07,1.17e-06,1.17e-06,"0.0019852","0.00165906","0.002280144","0.00248859","A","A","T","P","S",1,1,1,0,0,0,0
"6674",6937,4264,4265,"c","c","t","t",0.00281425891181989,0.00281425891181989,0.000469043151969981,0.000469043151969981,0.000469043151969981,0,0.000469043151969981,0,0.00328330206378987,0.00328330206378987,0.00328253223915592,0.00328253223915592,"nonsyn","nonsyn","nonsyn",4.58e-06,8.37e-07,4.33e-07,4.33e-07,"0.00162742666666667","0.000923156","0.001784484","1","A","A","V","D","G",0,1,1,0,0,0,0
"6675",6938,4286,4286,"c","c","t","t",0.00396640223985068,0.00396640223985068,0.000699953336444237,0.000699953336444237,0.000699953336444237,0,0.000699953336444237,0,0.00466635557629491,0.00466635557629491,0.00466635557629491,0.00466635557629491,"syn","syn","syn",4.58e-06,8.37e-07,4.33e-07,4.33e-07,"0.00115469882352941","0.000618612666666667","0.001195794","1","A","A","A","A","A",0,0,0,0,1,0,1
"6676",6939,4262,4262,"a","a","g","g",0.0265133740028156,0.0265133740028156,0.0011731581417175,0.0011731581417175,0.000234631628343501,0.000938526513374003,0.000234631628343501,0.000938526513374003,0.0276865321445331,0.0276865321445331,0.0276865321445331,0.0276865321445331,"nonsyn","nonsyn","nonsyn",1.77e-05,1.76e-06,1.7e-06,1.7e-06,"0.000667587610619468","0.00144908","0.00750111999999999","0.00181135","S","S","G","R","C",1,1,1,1,1,1,0
"6677",6940,4234,4234,"g","g","a","a",0.000944733112895607,0.000944733112895607,0,0,0,0,0,0,0.000944733112895607,0.000944733112895607,0.000944733112895607,0.000944733112895607,"nonsyn","nonsyn","nonsyn",4.2e-06,5.36e-07,1.17e-06,1.17e-06,"0.0044457","1","1","1","S","S","N","T","I",0,0,1,0,0,0,0
"6678",6941,4246,4246,"c","c","t","t",0.00376825247291569,0.00376825247291569,0.00023551577955723,0.00023551577955723,0,0.00023551577955723,0,0.00023551577955723,0.00400376825247292,0.00400376825247292,0.00400376825247292,0.00400376825247292,"syn","nonsyn","nonsyn",4.58e-06,8.37e-07,4.33e-07,4.33e-07,"0.0012154175","0.001838518","1","0.001838518","S","S","S","R","R",0,1,1,0,0,0,0
"6679",6942,4307,4307,"t","t","c","c",0.00278616206175993,0.00278616206175993,0.000696540515439981,0.000696540515439981,0.000464360343626654,0.000232180171813327,0.000464360343626654,0.000232180171813327,0.00348270257719991,0.00348270257719991,0.00348270257719991,0.00348270257719991,"nonsyn","nonsyn","nonsyn",1.7e-05,1.07e-06,1.21e-06,1.21e-06,"0.00610158333333332","0.00173715666666667","0.002304245","0.00521147","S","S","P","T","A",1,0,1,0,1,0,1
"6680",6943,4315,4315,"c","c","t","t",0.000695249130938586,0.000695249130938586,0.000463499420625724,0.000463499420625724,0.000463499420625724,0,0.000463499420625724,0,0.00115874855156431,0.00115874855156431,0.00115874855156431,0.00115874855156431,"nonsyn","nonsyn","nonsyn",4.58e-06,8.37e-07,4.33e-07,4.33e-07,"0.00658756666666667","0.0009341975","0.0018058275","1","S","S","F","Y","C",1,1,1,0,0,0,0
"6681",6944,4322,4322,"c","c","t","t",0.0011568718186025,0.0011568718186025,0,0,0,0,0,0,0.0011568718186025,0.0011568718186025,0.0011568718186025,0.0011568718186025,"syn","syn","syn",4.58e-06,8.37e-07,4.33e-07,4.33e-07,"0.003958952","1","1","1","S","S","S","S","S",0,0,0,0,1,0,1
"6682",6945,4322,4322,"t","t","c","c",0.002776492364646,0.002776492364646,0.0002313743637205,0.0002313743637205,0.0002313743637205,0,0.0002313743637205,0,0.0030078667283665,0.0030078667283665,0.0030078667283665,0.0030078667283665,"nonsyn","nonsyn","nonsyn",1.7e-05,1.07e-06,1.21e-06,1.21e-06,"0.00612283333333333","0.00522962","0.00462454","1","S","S","P","T","A",1,0,1,0,1,0,1
"6683",6946,4343,4343,"c","c","t","t",0.00138153350218743,0.00138153350218743,0,0,0,0,0,0,0.00138153350218743,0.00138153350218743,0.00138153350218743,0.00138153350218743,"nonsyn","stop","nonsyn",4.58e-06,8.37e-07,4.33e-07,4.33e-07,"0.00331515666666666","1","1","1","S","S","L","*","W",1,1,1,0,0,0,0
"6684",6947,4335,4335,"g","g","a","a",0.00161476355247982,0.00161476355247982,0.000230680507497116,0.000230680507497116,0,0.000230680507497116,0,0.000230680507497116,0.00184544405997693,0.00184544405997693,0.00184544405997693,0.00184544405997693,"syn","syn","syn",4.2e-06,5.36e-07,1.17e-06,1.17e-06,"0.00260099999999999","0.00507195000000001","1","0.00507195000000001","S","S","S","S","S",0,0,0,0,1,1,0
"6685",6948,4323,4323,"g","g","a","a",0.00300717094610224,0.00300717094610224,0.000231320842007865,0.000231320842007865,0,0.000231320842007865,0,0.000231320842007865,0.00323849178811011,0.00323849178811011,0.00323849178811011,0.00323849178811011,"nonsyn","nonsyn","nonsyn",4.2e-06,5.36e-07,1.17e-06,1.17e-06,"0.00139666153846154","0.00505791","1","0.00505791","A","A","T","P","S",1,1,1,0,0,0,0
"6686",6949,4351,4351,"c","c","t","t",0.00229832222477591,0.00229832222477591,0.000919328889910365,0.000919328889910365,0.000459664444955183,0.000459664444955183,0.000459664444955183,0.000459664444955183,0.00321765111468628,0.00321765111468628,0.00321765111468628,0.00321765111468628,"nonsyn","nonsyn","nonsyn",4.58e-06,8.37e-07,4.33e-07,4.33e-07,"0.001992758","0.00047099575","0.0018208935","0.0009419915","A","A","V","D","G",0,1,1,0,0,0,0
"6687",6950,4357,4357,"c","t","t","c",0.00367225154923112,0.996098232728942,0.000229515721826945,0.000229515721826945,0,0.000229515721826945,0,0.000229515721826945,0.00390176727105807,0.996327748450769,0.00390176727105807,0.996327748450769,"syn","syn","syn",1.7e-05,1.07e-06,1.21e-06,1.21e-06,"1.70665898617512e-05","0.00527197","1","0.00527197","A","A","A","A","A",0,0,0,0,1,0,1
"6688",6951,4363,4363,"a","a","g","g",0.00366720146688059,0.00366720146688059,0.00114600045840018,0.00114600045840018,0.000916800366720147,0.000229200091680037,0.000916800366720147,0.000229200091680037,0.00481320192528077,0.00481320192528077,0.00481320192528077,0.00481320192528077,"nonsyn","nonsyn","nonsyn",1.77e-05,1.76e-06,1.7e-06,1.7e-06,"0.00482656875","0.00148342","0.00191972","0.00741709999999999","S","S","G","R","C",1,1,1,0,1,1,0
"6689",6952,4375,4375,"g","g","a","a",0.000685714285714286,0.000685714285714286,0,0,0,0,0,0,0.000685714285714286,0.000685714285714286,0.000685714285714286,0.000685714285714286,"nonsyn","nonsyn","nonsyn",4.2e-06,5.36e-07,1.17e-06,1.17e-06,"0.006125","1","1","1","S","S","N","T","I",0,0,1,0,0,0,0
"6690",6953,4407,4408,"c","c","t","t",0.0544588155207624,0.0544588155207624,0.00249602904470161,0.00249602904470161,0.00022691173133651,0.0022691173133651,0.00022691173133651,0.0022691173133651,0.056954844565464,0.056954844565464,0.0569419237749546,0.0569419237749546,"syn","nonsyn","nonsyn",4.58e-06,8.37e-07,4.33e-07,4.33e-07,"8.410025e-05","0.000173475545454546","0.003688659","0.0001908231","S","S","S","R","R",0,1,1,0,0,0,0
"6691",6954,4423,4423,"c","c","t","t",0.00203481799683473,0.00203481799683473,0.00113045444268596,0.00113045444268596,0.00113045444268596,0,0.00113045444268596,0,0.00316527243952069,0.00316527243952069,0.00316527243952069,0.00316527243952069,"stop","nonsyn","nonsyn",4.58e-06,8.37e-07,4.33e-07,4.33e-07,"0.00225081555555555","0.0003830318","0.0007404102","1","Q","Q","*","K","E",1,1,1,0,1,0,1
"6692",6955,4465,4465,"a","a","g","g",0.00335946248600224,0.00335946248600224,0.00111982082866741,0.00111982082866741,0,0.00111982082866741,0,0.00111982082866741,0.00447928331466965,0.00447928331466965,0.00447928331466965,0.00447928331466965,"nonsyn","nonsyn","nonsyn",1.77e-05,1.76e-06,1.7e-06,1.7e-06,"0.0052687","0.0015181","1","0.0015181","Q","Q","R","P","L",1,1,1,1,1,1,0
"6693",6956,4368,4368,"g","g","a","a",0.00183150183150183,0.00183150183150183,0.000457875457875458,0.000457875457875458,0.000228937728937729,0.000228937728937729,0.000228937728937729,0.000228937728937729,0.00228937728937729,0.00228937728937729,0.00228937728937729,0.00228937728937729,"syn","nonsyn","nonsyn",4.2e-06,5.36e-07,1.17e-06,1.17e-06,"0.0022932","0.00255528","0.002341248","0.00511056","Q","Q","Q","H","H",0,1,1,0,0,0,0
"6694",6957,4363,4363,"c","c","t","t",0.00573000229200092,0.00573000229200092,0.000458400183360073,0.000458400183360073,0.000458400183360073,0,0.000458400183360073,0,0.00618840247536099,0.00618840247536099,0.00618840247536099,0.00618840247536099,"syn","nonsyn","nonsyn",4.58e-06,8.37e-07,4.33e-07,4.33e-07,"0.0007993016","0.000944589500000001","0.0018259155","1","L","L","L","M","V",0,0,0,0,0,0,0
"6695",6958,4383,4383,"t","t","c","c",0.00433493041295916,0.00433493041295916,0.000228154232261008,0.000228154232261008,0.000228154232261008,0,0.000228154232261008,0,0.00456308464522017,0.00456308464522017,0.00456308464522017,0.00456308464522017,"nonsyn","nonsyn","nonsyn",1.7e-05,1.07e-06,1.21e-06,1.21e-06,"0.00392163157894737","0.00530343000000001","0.00468981000000001","1","L","L","P","Q","R",1,1,1,1,1,0,1
"6696",6959,4387,4387,"g","g","a","a",0.00113973102347846,0.00113973102347846,0.000227946204695692,0.000227946204695692,0,0.000227946204695692,0,0.000227946204695692,0.00136767722817415,0.00136767722817415,0.00136767722817415,0.00136767722817415,"syn","syn","syn",4.2e-06,5.36e-07,1.17e-06,1.17e-06,"0.00368508","0.00513279","1","0.00513279","L","L","L","L","L",0,0,0,0,0,0,0
"6697",6960,4368,4368,"t","t","c","c",0.00412087912087912,0.00412087912087912,0.000457875457875458,0.000457875457875458,0.000228937728937729,0.000228937728937729,0.000228937728937729,0.000228937728937729,0.00457875457875458,0.00457875457875458,0.00457875457875458,0.00457875457875458,"nonsyn","nonsyn","nonsyn",1.7e-05,1.07e-06,1.21e-06,1.21e-06,"0.00412533333333333","0.00264264","0.00467376","0.00528528","S","S","P","T","A",1,0,1,0,0,0,0
"6698",6961,4391,4392,"c","c","t","t",0.0029606012297882,0.0029606012297882,0,0,0,0,0,0,0.0029606012297882,0.0029606012297882,0.00295992714025501,0.00295992714025501,"nonsyn","nonsyn","nonsyn",4.58e-06,8.37e-07,4.33e-07,4.33e-07,"0.00154698307692308","1","1","1","S","S","F","Y","C",1,1,1,0,0,0,0
"6699",6962,4393,4393,"c","c","t","t",0.00136580924197587,0.00136580924197587,0.00159344411563852,0.00159344411563852,0.00136580924197587,0.000227634873662645,0.00136580924197587,0.000227634873662645,0.00295925335761439,0.00295925335761439,0.00295925335761439,0.00295925335761439,"syn","syn","syn",4.58e-06,8.37e-07,4.33e-07,4.33e-07,"0.00335332333333333","0.000271738428571428","0.0006128235","0.001902169","S","S","S","S","S",0,0,0,0,1,0,1
"6700",6963,4407,4407,"g","g","a","a",0.00385749943272067,0.00385749943272067,0.00045382346267302,0.00045382346267302,0,0.00045382346267302,0,0.00045382346267302,0.00431132289539369,0.00431132289539369,0.00431132289539369,0.00431132289539369,"nonsyn","nonsyn","nonsyn",4.2e-06,5.36e-07,1.17e-06,1.17e-06,"0.00108878823529412","0.002578095","1","0.002578095","A","A","T","P","S",1,1,1,0,0,0,0
"6701",6964,4405,4405,"c","c","t","t",0.000908059023836549,0.000908059023836549,0,0,0,0,0,0,0.000908059023836549,0.000908059023836549,0.000908059023836549,0.000908059023836549,"nonsyn","nonsyn","nonsyn",4.58e-06,8.37e-07,4.33e-07,4.33e-07,"0.005043725","1","1","1","A","A","V","D","G",0,1,1,0,0,0,0
"6702",6965,4386,4386,"t","t","c","c",0.00729594163246694,0.00729594163246694,0.000455996352029184,0.000455996352029184,0.000455996352029184,0,0.000455996352029184,0,0.00775193798449612,0.00775193798449612,0.00775193798449612,0.00775193798449612,"syn","syn","syn",1.7e-05,1.07e-06,1.21e-06,1.21e-06,"0.0023300625","0.00265353","0.00234651","1","A","A","A","A","A",0,0,0,0,1,0,1
"6703",6966,4365,4366,"c","c","t","t",0.00160366552119129,0.00160366552119129,0.000458190148911798,0.000458190148911798,0.000458190148911798,0,0.000458190148911798,0,0.00206185567010309,0.00206185567010309,0.00206138341731562,0.00206138341731562,"nonsyn","nonsyn","nonsyn",4.58e-06,8.37e-07,4.33e-07,4.33e-07,"0.00285595714285715","0.000945022500000001","0.0018267525","1","P","P","S","T","A",1,1,1,0,0,0,0
"6704",6967,4363,4363,"c","c","t","t",0.00137520055008022,0.00137520055008022,0.00068760027504011,0.00068760027504011,0.000458400183360073,0.000229200091680037,0.000458400183360073,0.000229200091680037,0.00206280082512033,0.00206280082512033,0.00206280082512033,0.00206280082512033,"nonsyn","nonsyn","nonsyn",4.58e-06,8.37e-07,4.33e-07,4.33e-07,"0.00333042333333333","0.000629726333333333","0.0018259155","0.001889179","P","P","L","Q","R",1,1,1,0,1,0,1
"6705",6968,4433,4433,"a","a","g","g",0.00338371306113242,0.00338371306113242,0.000225580870742161,0.000225580870742161,0,0.000225580870742161,0,0.000225580870742161,0.00360929393187458,0.00360929393187458,0.00360929393187458,0.00360929393187458,"syn","syn","syn",1.77e-05,1.76e-06,1.7e-06,1.7e-06,"0.00523093999999999","0.0075361","1","0.0075361","P","P","P","P","P",0,0,0,1,0,0,0
"6706",6969,4434,4434,"t","t","c","c",0.0042850699142986,0.0042850699142986,0,0,0,0,0,0,0.0042850699142986,0.0042850699142986,0.0042850699142986,0.0042850699142986,"nonsyn","nonsyn","nonsyn",1.7e-05,1.07e-06,1.21e-06,1.21e-06,"0.00396726315789474","1","1","1","S","S","P","T","A",1,0,1,0,0,0,0
"6707",6970,4457,4457,"c","c","t","t",0.000897464662328921,0.000897464662328921,0.00044873233116446,0.00044873233116446,0.00044873233116446,0,0.00044873233116446,0,0.00134619699349338,0.00134619699349338,0.00134619699349338,0.00134619699349338,"nonsyn","nonsyn","nonsyn",4.58e-06,8.37e-07,4.33e-07,4.33e-07,"0.005103265","0.000964940500000001","0.0018652545","1","S","S","F","Y","C",1,1,1,0,0,0,0
"6708",6971,4473,4473,"c","t","t","c",0.000670690811535882,0.999105745584619,0.000223563603845294,0.000223563603845294,0.000223563603845294,0,0.000223563603845294,0,0.000894254415381176,0.999329309188464,0.000894254415381176,0.999329309188464,"syn","syn","syn",1.7e-05,1.07e-06,1.21e-06,1.21e-06,"1.70152159319758e-05","0.00541233","0.00478611","1","S","S","S","S","S",0,0,0,0,1,0,1
"6709",6972,4473,4473,"c","c","t","t",0.000670690811535882,0.000670690811535882,0.000447127207690588,0.000447127207690588,0.000447127207690588,0,0.000447127207690588,0,0.00111781801922647,0.00111781801922647,0.00111781801922647,0.00111781801922647,"nonsyn","nonsyn","nonsyn",4.58e-06,8.37e-07,4.33e-07,4.33e-07,"0.00682878","0.0009684045","0.0018719505","1","L","L","F","I","V",0,0,0,0,0,0,0
"6710",6973,4471,4473,"t","t","c","c",0.00715723551778126,0.00715723551778126,0.000223663609930664,0.000223663609930664,0,0.000223663609930664,0,0.000223663609930664,0.00738089912771192,0.00738089912771192,0.0073775989268947,0.0073775989268947,"nonsyn","nonsyn","nonsyn",1.7e-05,1.07e-06,1.21e-06,1.21e-06,"0.00237521875","0.00540991000000001","1","0.00540991000000001","L","L","P","H","R",1,1,1,0,1,0,1
"6711",6974,4507,4507,"c","c","t","t",0.000221877080097626,0.000221877080097626,0.000887508320390504,0.000887508320390504,0.000887508320390504,0,0.000887508320390504,0,0.00110938540048813,0.00110938540048813,0.00110938540048813,0.00110938540048813,"syn","syn","syn",4.58e-06,8.37e-07,4.33e-07,4.33e-07,"0.02064206","0.00048788275","0.00094308975","1","L","L","L","L","L",0,0,0,0,0,0,0
"6712",6975,4467,4467,"a","a","g","g",0.00291023057980748,0.00291023057980748,0.000223863890754421,0.000223863890754421,0,0.000223863890754421,0,0.000223863890754421,0.0031340944705619,0.0031340944705619,0.0031340944705619,0.0031340944705619,"nonsyn","nonsyn","stop",1.77e-05,1.76e-06,1.7e-06,1.7e-06,"0.0060819923076923","0.00759390000000001","1","0.00759390000000001","K","K","E","Q","*",1,1,1,1,0,0,0
"6713",6976,4459,4459,"a","a","g","g",0.00291545189504373,0.00291545189504373,0.0011213276519399,0.0011213276519399,0,0.0011213276519399,0,0.0011213276519399,0.00403677954698363,0.00403677954698363,0.00403677954698363,0.00403677954698363,"nonsyn","nonsyn","nonsyn",1.77e-05,1.76e-06,1.7e-06,1.7e-06,"0.0060711","0.00151606","1","0.00151606","K","K","R","T","M",0,1,1,0,1,1,0
"6714",6977,4461,4461,"g","g","a","a",0.00224164985429276,0.00224164985429276,0.000224164985429276,0.000224164985429276,0,0.000224164985429276,0,0.000224164985429276,0.00246581483972204,0.00246581483972204,0.00246581483972204,0.00246581483972204,"syn","nonsyn","nonsyn",4.2e-06,5.36e-07,1.17e-06,1.17e-06,"0.00187362","0.00521937","1","0.00521937","K","K","K","N","N",0,1,1,0,1,1,0
"6715",6978,4450,4450,"g","g","a","a",0.00292134831460674,0.00292134831460674,0,0,0,0,0,0,0.00292134831460674,0.00292134831460674,0.00292134831460674,0.00292134831460674,"nonsyn","nonsyn","nonsyn",4.2e-06,5.36e-07,1.17e-06,1.17e-06,"0.00143769230769231","1","1","1","A","A","T","P","S",1,1,1,0,0,0,0
"6716",6979,4455,4455,"c","c","t","t",0.0015712682379349,0.0015712682379349,0.000897867564534231,0.000897867564534231,0.000897867564534231,0,0.000897867564534231,0,0.00246913580246914,0.00246913580246914,0.00246913580246914,0.00246913580246914,"nonsyn","nonsyn","nonsyn",4.58e-06,8.37e-07,4.33e-07,4.33e-07,"0.00291484285714287","0.00048225375","0.00093220875","1","A","A","V","E","G",0,1,1,0,0,0,0
"6717",6980,4456,4456,"a","a","g","g",0.00291741472172352,0.00291741472172352,0.000897666068222621,0.000897666068222621,0,0.000897666068222621,0,0.000897666068222621,0.00381508078994614,0.00381508078994614,0.00381508078994614,0.00381508078994614,"syn","syn","syn",1.77e-05,1.76e-06,1.7e-06,1.7e-06,"0.00606701538461538","0.0018938","1","0.0018938","A","A","A","A","A",0,0,0,1,0,0,0
"6718",6981,4445,4445,"a","a","g","g",0.00337457817772778,0.00337457817772778,0.0015748031496063,0.0015748031496063,0.000224971878515186,0.00134983127109111,0.000224971878515186,0.00134983127109111,0.00494938132733408,0.00494938132733408,0.00494938132733408,0.00494938132733408,"nonsyn","nonsyn","nonsyn",1.77e-05,1.76e-06,1.7e-06,1.7e-06,"0.00524510000000001","0.0010795","0.00782319999999999","0.00125941666666667","T","T","A","P","S",1,1,0,0,0,0,0
"6719",6982,4429,4429,"c","c","t","t",0.00135470760894107,0.00135470760894107,0.000225784601490178,0.000225784601490178,0,0.000225784601490178,0,0.000225784601490178,0.00158049221043125,0.00158049221043125,0.00158049221043125,0.00158049221043125,"nonsyn","nonsyn","nonsyn",4.58e-06,8.37e-07,4.33e-07,4.33e-07,"0.00338080333333333","0.001917757","1","0.001917757","T","T","I","N","S",1,0,0,0,0,0,0
"6720",6983,4444,4444,"t","t","c","c",0.015976597659766,0.015976597659766,0.0018001800180018,0.0018001800180018,0.0018001800180018,0,0.0018001800180018,0,0.0177767776777678,0.0177767776777678,0.0177767776777678,0.0177767776777678,"syn","syn","syn",1.7e-05,1.07e-06,1.21e-06,1.21e-06,"0.00106405633802817","0.000672155","0.000594385","1","T","T","T","T","T",0,0,0,0,1,0,1
"6721",6984,4424,4424,"t","t","c","c",0.00248643761301989,0.00248643761301989,0.00158227848101266,0.00158227848101266,0.00158227848101266,0,0.00158227848101266,0,0.00406871609403255,0.00406871609403255,0.00406871609403255,0.00406871609403255,"nonsyn","nonsyn","nonsyn",1.7e-05,1.07e-06,1.21e-06,1.21e-06,"0.00683709090909091","0.000764719999999999","0.000676239999999999","1","C","C","R","S","G",1,1,0,1,0,0,0
"6722",6985,4410,4410,"g","g","a","a",0.00204081632653061,0.00204081632653061,0.000226757369614512,0.000226757369614512,0.000226757369614512,0,0.000226757369614512,0,0.00226757369614512,0.00226757369614512,0.00226757369614512,0.00226757369614512,"nonsyn","nonsyn","nonsyn",4.2e-06,5.36e-07,1.17e-06,1.17e-06,"0.002058","0.00515970000000001","0.00236376000000001","1","C","C","Y","S","F",1,1,1,0,0,0,0
"6723",6986,4386,4386,"c","c","t","t",0.0134518923848609,0.0134518923848609,0,0,0,0,0,0,0.0134518923848609,0.0134518923848609,0.0134518923848609,0.0134518923848609,"syn","stop","nonsyn",4.58e-06,8.37e-07,4.33e-07,4.33e-07,"0.000340472542372882","1","1","1","C","C","C","*","W",0,1,1,0,0,0,0
"6724",6987,4371,4372,"t","a","c","g",0.00343170899107756,0,0.000457561198810341,0.99954243880119,0.000457561198810341,0,0.00343170899107756,0.996110729810112,0.0038892701898879,0.99954243880119,0.00388838060384264,0.999313815187557,"nonsyn","nonsyn","nonsyn",1.77e-05,1.76e-06,1.7e-06,1.7e-06,"1","1.70077821011673e-06","0.000512863999999999","1.70663757464401e-06","S","T","A","P","S",1,1,0,1,0,0,0
"6725",6988,4378,4378,"c","c","t","t",0.00137048880767474,0.00137048880767474,0,0,0,0,0,0,0.00137048880767474,0.00137048880767474,0.00137048880767474,0.00137048880767474,"nonsyn","nonsyn","nonsyn",4.58e-06,8.37e-07,4.33e-07,4.33e-07,"0.00334187333333333","1","1","1","S","T","I","N","S",1,0,0,0,0,0,0
"6726",6989,4390,4390,"c","c","t","t",0.0020501138952164,0.0020501138952164,0,0,0,0,0,0,0.0020501138952164,0.0020501138952164,0.0020501138952164,0.0020501138952164,"syn","syn","syn",4.58e-06,8.37e-07,4.33e-07,4.33e-07,"0.00223402222222222","1","1","1","S","T","T","T","T",0,0,0,0,1,0,1
"6727",6990,4381,4381,"g","g","a","a",0.00182606710796622,0.00182606710796622,0.000456516776991554,0.000456516776991554,0.000228258388495777,0.000228258388495777,0.000228258388495777,0.000228258388495777,0.00228258388495777,0.00228258388495777,0.00228258388495777,0.00228258388495777,"nonsyn","nonsyn","nonsyn",4.2e-06,5.36e-07,1.17e-06,1.17e-06,"0.002300025","0.002562885","0.002348216","0.00512577000000001","A","A","T","P","S",1,1,1,0,0,0,0
"6728",6991,4352,4355,"c","c","t","t",0.00137867647058824,0.00137867647058824,0.000229779411764706,0.000229779411764706,0.000229779411764706,0,0.000229779411764706,0,0.00160845588235294,0.00160845588235294,0.00160734787600459,0.00160734787600459,"nonsyn","nonsyn","nonsyn",4.58e-06,8.37e-07,4.33e-07,4.33e-07,"0.00332202666666666","0.001884416","0.003642624","1","A","A","V","D","G",0,1,1,0,0,0,0
"6729",6992,4358,4358,"c","c","t","t",0.00114731528223956,0.00114731528223956,0,0,0,0,0,0,0.00114731528223956,0.00114731528223956,0.00114731528223956,0.00114731528223956,"syn","syn","syn",4.58e-06,8.37e-07,4.33e-07,4.33e-07,"0.003991928","1","1","1","A","A","A","A","A",0,0,0,0,1,0,1
"6730",6993,4336,4336,"a","a","g","g",0.00461254612546125,0.00461254612546125,0.000691881918819188,0.000691881918819188,0.000230627306273063,0.000461254612546125,0.000230627306273063,0.000461254612546125,0.00530442804428044,0.00530442804428044,0.00530442804428044,0.00530442804428044,"nonsyn","nonsyn","nonsyn",1.77e-05,1.76e-06,1.7e-06,1.7e-06,"0.00383736","0.00245706666666667","0.00763135999999999","0.0036856","N","N","D","H","Y",1,1,1,1,0,0,0
"6731",6994,4320,4320,"a","a","g","g",0.00138888888888889,0.00138888888888889,0.000231481481481481,0.000231481481481481,0.000231481481481481,0,0.000231481481481481,0,0.00162037037037037,0.00162037037037037,0.00162037037037037,0.00162037037037037,"nonsyn","nonsyn","nonsyn",1.77e-05,1.76e-06,1.7e-06,1.7e-06,"0.012744","0.00734400000000002","0.00760320000000002","1","N","N","S","T","I",0,0,1,0,0,0,0
"6732",6995,4353,4353,"c","c","t","t",0.000459453250631748,0.000459453250631748,0,0,0,0,0,0,0.000459453250631748,0.000459453250631748,0.000459453250631748,0.000459453250631748,"syn","nonsyn","nonsyn",4.58e-06,8.37e-07,4.33e-07,4.33e-07,"0.00996837","1","1","1","N","N","N","K","K",0,1,1,0,0,0,0
"6733",6996,4350,4350,"c","c","t","t",0.00275862068965517,0.00275862068965517,0.000459770114942529,0.000459770114942529,0.000459770114942529,0,0.000459770114942529,0,0.0032183908045977,0.0032183908045977,0.0032183908045977,0.0032183908045977,"nonsyn","nonsyn","nonsyn",4.58e-06,8.37e-07,4.33e-07,4.33e-07,"0.00166025","0.000941775","0.001820475","1","H","H","Y","N","D",1,1,1,0,1,0,1
"6734",6997,4302,4302,"a","a","g","g",0.00371920037192004,0.00371920037192004,0.000232450023245002,0.000232450023245002,0,0.000232450023245002,0,0.000232450023245002,0.00395165039516504,0.00395165039516504,0.00395165039516504,0.00395165039516504,"nonsyn","nonsyn","nonsyn",1.77e-05,1.76e-06,1.7e-06,1.7e-06,"0.0047590875","0.00731340000000001","1","0.00731340000000001","H","H","R","P","L",0,1,1,1,0,0,0
"6735",6998,4322,4322,"t","t","c","c",0.0030078667283665,0.0030078667283665,0.000694123091161499,0.000694123091161499,0.000462748727441,0.0002313743637205,0.000462748727441,0.0002313743637205,0.003701989819528,0.003701989819528,0.003701989819528,0.003701989819528,"syn","nonsyn","nonsyn",1.7e-05,1.07e-06,1.21e-06,1.21e-06,"0.00565184615384615","0.00174320666666667","0.00231227","0.00522962","H","H","H","Q","Q",0,1,1,1,0,0,0
"6736",6999,4295,4295,"g","g","a","a",0.00116414435389988,0.00116414435389988,0.000931315483119907,0.000931315483119907,0,0.000931315483119907,0,0.000931315483119907,0.00209545983701979,0.00209545983701979,0.00209545983701979,0.00209545983701979,"nonsyn","nonsyn","nonsyn",4.2e-06,5.36e-07,1.17e-06,1.17e-06,"0.00360780000000001","0.0012562875","1","0.0012562875","D","D","N","H","Y",1,1,1,0,0,0,0
"6737",7000,4118,4118,"a","a","g","g",0.00388538125303545,0.00388538125303545,0.000728508984944148,0.000728508984944148,0.000242836328314716,0.000485672656629432,0.000242836328314716,0.000485672656629432,0.0046138902379796,0.0046138902379796,0.0046138902379796,0.0046138902379796,"nonsyn","nonsyn","nonsyn",1.77e-05,1.76e-06,1.7e-06,1.7e-06,"0.00455553750000001","0.00233353333333333","0.00724768","0.0035003","D","D","G","A","V",1,1,1,0,0,0,0
"6738",7001,4080,4081,"c","c","t","t",0.000735294117647059,0.000735294117647059,0,0,0,0,0,0,0.000735294117647059,0.000735294117647059,0.000735113942661112,0.000735113942661112,"syn","nonsyn","nonsyn",4.58e-06,8.37e-07,4.33e-07,4.33e-07,"0.0062288","1","1","1","D","D","D","E","E",0,0,0,0,0,0,0
"6739",7002,4062,4064,"t","t","c","c",0.00787789266371246,0.00787789266371246,0.000984736582964057,0.000984736582964057,0.000738552437223043,0.000246184145741014,0.000738552437223043,0.000246184145741014,0.00886262924667651,0.00886262924667651,0.00885826771653543,0.00885826771653543,"nonsyn","nonsyn","nonsyn",1.7e-05,1.07e-06,1.21e-06,1.21e-06,"0.0021579375","0.001228755","0.00144878","0.00491502000000001","S","S","P","T","A",1,0,1,0,1,0,1
"6740",7003,4102,4105,"c","c","t","t",0.000975134080936129,0.000975134080936129,0.000243783520234032,0.000243783520234032,0.000243783520234032,0,0.000243783520234032,0,0.00121891760117016,0.00121891760117016,0.00121802679658952,0.00121802679658952,"nonsyn","nonsyn","nonsyn",4.58e-06,8.37e-07,4.33e-07,4.33e-07,"0.00469679","0.001776166","0.003433374","1","S","S","F","Y","C",1,1,1,0,0,0,0
"6741",7004,4124,4124,"c","c","t","t",0.00121241513094083,0.00121241513094083,0.000969932104752667,0.000969932104752667,0.000969932104752667,0,0.000969932104752667,0,0.0021823472356935,0.0021823472356935,0.0021823472356935,0.0021823472356935,"syn","syn","syn",4.58e-06,8.37e-07,4.33e-07,4.33e-07,"0.00377758400000001","0.000446423","0.000862947","1","S","S","S","S","S",0,0,0,0,1,0,1
"6742",7005,4122,4122,"c","c","t","t",0.00194080543425522,0.00194080543425522,0,0,0,0,0,0,0.00194080543425522,0.00194080543425522,0.00194080543425522,0.00194080543425522,"nonsyn","nonsyn","nonsyn",4.58e-06,8.37e-07,4.33e-07,4.33e-07,"0.00235984499999999","1","1","1","P","P","S","T","A",1,1,1,0,1,0,1
"6743",7006,4042,4042,"c","c","t","t",0.00197921820880752,0.00197921820880752,0.0856011875309253,0.0856011875309253,0.0848589807026225,0.00074220682830282,0.0848589807026225,0.00074220682830282,0.0875804057397328,0.0875804057397328,0.0875804057397328,0.0875804057397328,"nonsyn","nonsyn","nonsyn",4.58e-06,8.37e-07,4.33e-07,4.33e-07,"0.002314045","5.05834104046243e-06","9.86342274052478e-06","0.000583395333333334","P","P","L","H","R",1,1,1,0,1,0,1
"6744",7007,4082,4082,"t","t","c","c",0.00220480156785889,0.00220480156785889,0.00269475747182754,0.00269475747182754,0.00122488975992161,0.00146986771190593,0.00122488975992161,0.00146986771190593,0.00489955903968643,0.00489955903968643,0.00489955903968643,0.00489955903968643,"syn","syn","syn",1.7e-05,1.07e-06,1.21e-06,1.21e-06,"0.00771044444444445","0.000449019999999999","0.000873547999999998","0.000823203333333333","P","P","P","P","P",0,0,0,1,1,0,1
"6745",7008,4083,4083,"g","g","a","a",0.000979671809943669,0.000979671809943669,0,0,0,0,0,0,0.000979671809943669,0.000979671809943669,0.000979671809943669,0.000979671809943669,"nonsyn","nonsyn","nonsyn",4.2e-06,5.36e-07,1.17e-06,1.17e-06,"0.00428715","1","1","1","D","D","N","H","Y",1,1,1,0,0,0,0
"6746",7009,4059,4059,"a","a","g","g",0.00492732200049273,0.00492732200049273,0,0,0,0,0,0,0.00492732200049273,0.00492732200049273,0.00492732200049273,0.00492732200049273,"nonsyn","nonsyn","nonsyn",1.77e-05,1.76e-06,1.7e-06,1.7e-06,"0.003592215","1","1","1","D","D","G","A","V",1,1,1,0,0,0,0
"6747",7010,4070,4070,"c","c","t","t",0.000737100737100737,0.000737100737100737,0,0,0,0,0,0,0.000737100737100737,0.000737100737100737,0.000737100737100737,0.000737100737100737,"syn","nonsyn","nonsyn",4.58e-06,8.37e-07,4.33e-07,4.33e-07,"0.00621353333333333","1","1","1","D","D","D","E","E",0,0,0,0,0,0,0
"6748",7011,4053,4053,"g","g","a","a",0.00296076980014804,0.00296076980014804,0.000246730816679003,0.000246730816679003,0,0.000246730816679003,0,0.000246730816679003,0.00320750061682704,0.00320750061682704,0.00320750061682704,0.00320750061682704,"nonsyn","nonsyn","nonsyn",4.2e-06,5.36e-07,1.17e-06,1.17e-06,"0.00141855","0.00474201","1","0.00474201","A","A","T","P","S",1,1,1,0,0,0,0
"6749",7012,3998,3998,"c","c","t","t",0.00225112556278139,0.00225112556278139,0.000250125062531266,0.000250125062531266,0,0.000250125062531266,0,0.000250125062531266,0.00250125062531266,0.00250125062531266,0.00250125062531266,0.00250125062531266,"nonsyn","nonsyn","nonsyn",4.58e-06,8.37e-07,4.33e-07,4.33e-07,"0.00203453777777778","0.001731134","1","0.001731134","A","A","V","D","G",0,1,1,0,0,0,0
"6750",7013,4042,4042,"c","c","t","t",0.0024740227610094,0.0024740227610094,0.00074220682830282,0.00074220682830282,0.00074220682830282,0,0.00074220682830282,0,0.00321622958931222,0.00321622958931222,0.00321622958931222,0.00321622958931222,"syn","syn","syn",4.58e-06,8.37e-07,4.33e-07,4.33e-07,"0.001851236","0.000583395333333334","0.001127718","1","A","A","A","A","A",0,0,0,0,1,0,1
"6751",7014,3994,3994,"g","g","a","a",0.00225338007010516,0.00225338007010516,0.00125187781672509,0.00125187781672509,0.000250375563345017,0.00100150225338007,0.000250375563345017,0.00100150225338007,0.00350525788683025,0.00350525788683025,0.00350525788683025,0.00350525788683025,"nonsyn","nonsyn","stop",4.2e-06,5.36e-07,1.17e-06,1.17e-06,"0.00186386666666666","0.000934595999999998","0.002140784","0.001168245","E","E","K","Q","*",1,1,1,0,0,0,0
"6752",7015,3932,3932,"a","a","g","g",0.00305188199389624,0.00305188199389624,0.000508646998982706,0.000508646998982706,0,0.000508646998982706,0,0.000508646998982706,0.00356052899287894,0.00356052899287894,0.00356052899287894,0.00356052899287894,"nonsyn","nonsyn","nonsyn",1.77e-05,1.76e-06,1.7e-06,1.7e-06,"0.00579969999999999","0.0033422","1","0.0033422","E","E","G","A","V",1,1,1,0,1,1,0
"6753",7016,3933,3933,"g","g","a","a",0.00127129417747267,0.00127129417747267,0,0,0,0,0,0,0.00127129417747267,0.00127129417747267,0.00127129417747267,0.00127129417747267,"syn","nonsyn","nonsyn",4.2e-06,5.36e-07,1.17e-06,1.17e-06,"0.00330371999999999","1","1","1","E","E","E","D","D",0,0,0,0,0,0,0
"6754",7017,3936,3936,"c","c","t","t",0.00177845528455285,0.00177845528455285,0,0,0,0,0,0,0.00177845528455285,0.00177845528455285,0.00177845528455285,0.00177845528455285,"nonsyn","nonsyn","nonsyn",4.58e-06,8.37e-07,4.33e-07,4.33e-07,"0.00257526857142856","1","1","1","L","L","F","I","V",0,0,0,0,0,0,0
"6755",7018,3947,3947,"t","t","c","c",0.00380035469977198,0.00380035469977198,0.000253356979984799,0.000253356979984799,0,0.000253356979984799,0,0.000253356979984799,0.00405371167975678,0.00405371167975678,0.00405371167975678,0.00405371167975678,"nonsyn","nonsyn","nonsyn",1.7e-05,1.07e-06,1.21e-06,1.21e-06,"0.00447326666666666","0.00477586999999999","1","0.00477586999999999","L","L","P","H","R",1,1,1,0,1,0,1
"6756",7019,3982,3982,"c","c","t","t",0.00251130085384229,0.00251130085384229,0,0,0,0,0,0,0.00251130085384229,0.00251130085384229,0.00251130085384229,0.00251130085384229,"syn","syn","syn",4.58e-06,8.37e-07,4.33e-07,4.33e-07,"0.001823756","1","1","1","L","L","L","L","L",0,0,0,0,0,0,0
"6757",7020,3986,3986,"g","a","a","g",0.00125439036628199,0.998745609633718,0,0,0,0,0,0,0.00125439036628199,0.998745609633718,0.00125439036628199,0.998745609633718,"nonsyn","nonsyn","nonsyn",1.77e-05,1.76e-06,1.7e-06,1.7e-06,"1.77222305953278e-05","1","1","1","V","I","V","L","L",0,0,0,1,0,0,0
"6758",7021,3965,3965,"t","t","c","c",0.00277427490542245,0.00277427490542245,0.000756620428751576,0.000756620428751576,0.000504413619167718,0.000252206809583859,0.000504413619167718,0.000252206809583859,0.00353089533417402,0.00353089533417402,0.00353089533417402,0.00353089533417402,"nonsyn","nonsyn","nonsyn",1.7e-05,1.07e-06,1.21e-06,1.21e-06,"0.00612772727272726","0.00159921666666667","0.002121275","0.00479765","V","I","T","K","R",1,1,1,0,0,0,0
"6759",7022,3960,3960,"a","a","g","g",0.000252525252525253,0.000252525252525253,0,0,0,0,0,0,0.000252525252525253,0.000252525252525253,0.000252525252525253,0.000252525252525253,"nonsyn","syn","syn",1.77e-05,1.76e-06,1.7e-06,1.7e-06,"0.0700919999999999","1","1","1","V","I","M","I","I",0,0,0,0,1,1,0
"6760",7023,3934,3934,"g","g","a","a",0.000762582613116421,0.000762582613116421,0,0,0,0,0,0,0.000762582613116421,0.000762582613116421,0.000762582613116421,0.000762582613116421,"nonsyn","nonsyn","stop",4.2e-06,5.36e-07,1.17e-06,1.17e-06,"0.0055076","1","1","1","E","E","K","Q","*",1,1,1,0,0,0,0
"6761",7024,3903,3904,"a","a","g","g",0.00281834486292595,0.00281834486292595,0.0051242633871381,0.0051242633871381,0,0.0051242633871381,0,0.0051242633871381,0.00794260825006405,0.00794260825006405,0.0079405737704918,0.0079405737704918,"nonsyn","nonsyn","nonsyn",1.77e-05,1.76e-06,1.7e-06,1.7e-06,"0.00628028181818183","0.000331755","1","0.000331755","E","E","G","A","V",1,1,1,0,1,1,0
"6762",7025,3951,3951,"g","g","a","a",0.00227790432801822,0.00227790432801822,0.000759301442672741,0.000759301442672741,0.000253100480890914,0.000506200961781827,0.000253100480890914,0.000506200961781827,0.00303720577069096,0.00303720577069096,0.00303720577069096,0.00303720577069096,"syn","nonsyn","nonsyn",4.2e-06,5.36e-07,1.17e-06,1.17e-06,"0.0018438","0.00154089","0.002117736","0.002311335","E","E","E","D","D",0,0,0,0,1,1,0
"6763",7026,3948,3948,"g","g","a","a",0.00253292806484296,0.00253292806484296,0.000506585612968592,0.000506585612968592,0.000253292806484296,0.000253292806484296,0.000253292806484296,0.000253292806484296,0.00303951367781155,0.00303951367781155,0.00303951367781155,0.00303951367781155,"nonsyn","nonsyn","nonsyn",4.2e-06,5.36e-07,1.17e-06,1.17e-06,"0.00165816","0.00230958","0.002116128","0.00461916","A","A","T","P","S",1,1,1,0,0,0,0
"6764",7027,3908,3911,"c","c","t","t",0.00332650972364381,0.00332650972364381,0.000255885363357216,0.000255885363357216,0.000255885363357216,0,0.000255885363357216,0,0.00358239508700102,0.00358239508700102,0.00357964714906673,0.00357964714906673,"nonsyn","nonsyn","nonsyn",4.58e-06,8.37e-07,4.33e-07,4.33e-07,"0.00137681846153846","0.001692164","0.003270996","1","A","A","V","D","G",0,1,1,0,0,0,0
"6765",7028,3933,3933,"c","t","t","c",0.0015255530129672,0.997965929316044,0.000508517670989067,0.000508517670989067,0.000508517670989067,0,0.000508517670989067,0,0.00203407068395627,0.998474446987033,0.00203407068395627,0.998474446987033,"syn","syn","syn",1.7e-05,1.07e-06,1.21e-06,1.21e-06,"1.70346496815287e-05","0.002379465","0.002104155","1","A","A","A","A","A",0,0,0,0,1,0,1
"6766",7029,3928,3928,"a","a","g","g",0.00585539714867617,0.00585539714867617,0.00152749490835031,0.00152749490835031,0.000254582484725051,0.00127291242362525,0.000254582484725051,0.00127291242362525,0.00738289205702648,0.00738289205702648,0.00738289205702648,0.00738289205702648,"nonsyn","nonsyn","nonsyn",1.77e-05,1.76e-06,1.7e-06,1.7e-06,"0.00302285217391304","0.00111293333333333","0.00691328","0.00133552","N","N","D","H","Y",1,1,1,0,0,0,0
"6767",7030,3817,3817,"a","a","g","g",0.00445375949698716,0.00445375949698716,0.00130992926381975,0.00130992926381975,0.000261985852763951,0.0010479434110558,0.000261985852763951,0.0010479434110558,0.00576368876080692,0.00576368876080692,0.00576368876080692,0.00576368876080692,"nonsyn","nonsyn","nonsyn",1.77e-05,1.76e-06,1.7e-06,1.7e-06,"0.0039741705882353","0.00129778","0.00671791999999999","0.001622225","N","N","S","T","I",0,0,1,0,0,0,0
"6768",7031,3875,3875,"c","c","t","t",0.00154838709677419,0.00154838709677419,0.000258064516129032,0.000258064516129032,0,0.000258064516129032,0,0.000258064516129032,0.00180645161290323,0.00180645161290323,0.00180645161290323,0.00180645161290323,"syn","nonsyn","nonsyn",4.58e-06,8.37e-07,4.33e-07,4.33e-07,"0.00295791666666667","0.001677875","1","0.001677875","N","N","N","K","K",0,1,1,0,0,0,0
"6769",7032,3910,3910,"c","c","t","t",0.000767263427109974,0.000767263427109974,0,0,0,0,0,0,0.000767263427109974,0.000767263427109974,0.000767263427109974,0.000767263427109974,"nonsyn","nonsyn","nonsyn",4.58e-06,8.37e-07,4.33e-07,4.33e-07,"0.00596926666666667","1","1","1","L","L","F","I","V",0,0,0,0,1,0,1
"6770",7033,3916,3916,"t","t","c","c",0.00255362614913177,0.00255362614913177,0.000255362614913177,0.000255362614913177,0.000255362614913177,0,0.000255362614913177,0,0.00280898876404494,0.00280898876404494,0.00280898876404494,0.00280898876404494,"nonsyn","nonsyn","nonsyn",1.7e-05,1.07e-06,1.21e-06,1.21e-06,"0.00665719999999999","0.00473836","0.00419012","1","L","L","P","H","R",1,1,1,0,1,0,1
"6771",7034,3777,3777,"c","c","t","t",0.00026476039184538,0.00026476039184538,0.0765157532433148,0.0765157532433148,0.0762509928514694,0.00026476039184538,0.0762509928514694,0.00026476039184538,0.0767805136351602,0.0767805136351602,0.0767805136351602,0.0767805136351602,"syn","syn","syn",4.58e-06,8.37e-07,4.33e-07,4.33e-07,"0.01729866","5.65896539792388e-06","1.097690625e-05","0.001635441","L","L","L","L","L",0,0,0,0,0,0,0
"6772",7035,3801,3801,"c","c","t","t",0.000526177321757432,0.000526177321757432,0,0,0,0,0,0,0.000526177321757432,0.000526177321757432,0.000526177321757432,0.000526177321757432,"syn","nonsyn","nonsyn",4.58e-06,8.37e-07,4.33e-07,4.33e-07,"0.00870429000000001","1","1","1","L","L","L","M","V",0,0,0,0,1,0,1
"6773",7036,4049,4049,"t","t","c","c",0.00246974561620153,0.00246974561620153,0.000740923684860459,0.000740923684860459,0.000740923684860459,0,0.000740923684860459,0,0.00321066930106199,0.00321066930106199,0.00321066930106199,0.00321066930106199,"nonsyn","nonsyn","nonsyn",1.7e-05,1.07e-06,1.21e-06,1.21e-06,"0.0068833","0.00163309666666667","0.00144414333333333","1","L","L","P","Q","R",1,1,1,1,1,0,1
"6774",7037,4118,4118,"a","g","g","a",0.00169985429820301,0.998300145701797,0,0,0,0,0,0,0.00169985429820301,0.998300145701797,0.00169985429820301,0.998300145701797,"syn","syn","syn",4.2e-06,5.36e-07,1.17e-06,1.17e-06,"4.20715154463634e-06","1","1","1","L","L","L","L","L",0,0,0,0,0,0,0
"6775",7038,4102,4102,"t","t","c","c",0.00219405168210629,0.00219405168210629,0.000487567040468064,0.000487567040468064,0.000487567040468064,0,0.000487567040468064,0,0.00268161872257435,0.00268161872257435,0.00268161872257435,0.00268161872257435,"nonsyn","nonsyn","nonsyn",1.7e-05,1.07e-06,1.21e-06,1.21e-06,"0.00774822222222222","0.00248171","0.00219457","1","W","W","R","R","G",1,1,1,1,0,0,0
"6776",7039,4132,4133,"g","g","a","a",0.00193610842207164,0.00193610842207164,0.000242013552758955,0.000242013552758955,0,0.000242013552758955,0,0.000242013552758955,0.00217812197483059,0.00217812197483059,0.00217759496733608,0.00217759496733608,"stop","nonsyn","nonsyn",4.2e-06,5.36e-07,1.17e-06,1.17e-06,"0.0021693","0.00483443999999999","1","0.00483443999999999","W","W","*","S","L",1,1,0,0,1,1,0
"6777",7040,4076,4076,"g","g","a","a",0.000490677134445535,0.000490677134445535,0.000245338567222767,0.000245338567222767,0,0.000245338567222767,0,0.000245338567222767,0.000736015701668302,0.000736015701668302,0.000736015701668302,0.000736015701668302,"stop","nonsyn","nonsyn",4.2e-06,5.36e-07,1.17e-06,1.17e-06,"0.0085596","0.00476892000000001","1","0.00476892000000001","W","W","*","C","C",1,1,1,0,0,0,0
"6778",7041,4028,4030,"t","a","c","g",0.00322740814299901,0,0.000744786494538232,0.999255213505462,0.000744786494538232,0,0.00322740814299901,0.996027805362463,0.00397219463753724,0.999255213505462,0.00397022332506203,0.998759305210918,"nonsyn","syn","nonsyn",1.77e-05,1.76e-06,1.7e-06,1.7e-06,"1","1.70126708074534e-06","0.00054532923076923","1.70677966101695e-06","W","R","G","R","W",1,0,1,0,1,1,0
"6779",7042,4035,4035,"g","g","a","a",0.00123915737298637,0.00123915737298637,0,0,0,0,0,0,0.00123915737298637,0.00123915737298637,0.00123915737298637,0.00123915737298637,"nonsyn","nonsyn","nonsyn",4.2e-06,5.36e-07,1.17e-06,1.17e-06,"0.0033894","1","1","1","W","R","K","T","M",0,1,1,0,1,1,0
"6780",7043,4030,4030,"g","g","a","a",0.00148883374689826,0.00148883374689826,0.000496277915632754,0.000496277915632754,0,0.000496277915632754,0,0.000496277915632754,0.00198511166253102,0.00198511166253102,0.00198511166253102,0.00198511166253102,"syn","nonsyn","nonsyn",4.2e-06,5.36e-07,1.17e-06,1.17e-06,"0.00282100000000001","0.00235755","1","0.00235755","W","R","R","S","S",0,1,1,0,0,0,0
"6781",7044,4039,4039,"c","c","t","t",0.00470413468680366,0.00470413468680366,0.000495172072295123,0.000495172072295123,0.000495172072295123,0,0.000495172072295123,0,0.00519930675909879,0.00519930675909879,0.00519930675909879,0.00519930675909879,"stop","nonsyn","nonsyn",4.58e-06,8.37e-07,4.33e-07,4.33e-07,"0.000973611578947369","0.000874443499999999","0.0016903215","1","R","Q","*","K","E",1,1,1,0,0,0,0
"6782",7045,4040,4042,"g","a","a","g",0.00272277227722772,0.996039603960396,0.00123762376237624,0.00123762376237624,0,0.00123762376237624,0,0.00123762376237624,0.00396039603960396,0.997277227722772,0.00395843641761504,0.996783770410688,"nonsyn","nonsyn","nonsyn",1.77e-05,1.76e-06,1.7e-06,1.7e-06,"1.77703777335984e-05","0.0013736","1","0.0013736","R","Q","R","P","L",1,1,1,1,1,1,0
"6783",7046,4052,4052,"g","g","a","a",0.00172754195459033,0.00172754195459033,0.000493583415597236,0.000493583415597236,0,0.000493583415597236,0,0.000493583415597236,0.00222112537018756,0.00222112537018756,0.00222112537018756,0.00222112537018756,"syn","nonsyn","nonsyn",4.2e-06,5.36e-07,1.17e-06,1.17e-06,"0.00243119999999999","0.00237042","1","0.00237042","R","Q","Q","H","H",0,1,1,0,1,1,0
"6784",7047,4036,4036,"g","g","a","a",0.000247770069375619,0.000247770069375619,0.000247770069375619,0.000247770069375619,0,0.000247770069375619,0,0.000247770069375619,0.000495540138751239,0.000495540138751239,0.000495540138751239,0.000495540138751239,"nonsyn","nonsyn","stop",4.2e-06,5.36e-07,1.17e-06,1.17e-06,"0.0169512","0.00472212000000001","1","0.00472212000000001","E","E","K","Q","*",1,1,1,0,0,0,0
"6785",7048,4000,4000,"a","a","g","g",0.00775,0.00775,0,0,0,0,0,0,0.00775,0.00775,0.00775,0.00775,"nonsyn","nonsyn","nonsyn",1.77e-05,1.76e-06,1.7e-06,1.7e-06,"0.00228387096774194","1","1","1","E","E","G","A","V",1,1,1,0,1,1,0
"6786",7049,4019,4019,"g","g","a","a",0.000248818113958696,0.000248818113958696,0.000995272455834785,0.000995272455834785,0,0.000995272455834785,0,0.000995272455834785,0.00124409056979348,0.00124409056979348,0.00124409056979348,0.00124409056979348,"syn","nonsyn","nonsyn",4.2e-06,5.36e-07,1.17e-06,1.17e-06,"0.0168798","0.0011755575","1","0.0011755575","E","E","E","D","D",0,0,0,0,0,0,0
"6787",7050,4019,4019,"a","a","g","g",0.00447872605125653,0.00447872605125653,0.000746454341876089,0.000746454341876089,0,0.000746454341876089,0,0.000746454341876089,0.00522518039313262,0.00522518039313262,0.00522518039313262,0.00522518039313262,"nonsyn","nonsyn","nonsyn",1.77e-05,1.76e-06,1.7e-06,1.7e-06,"0.00395201666666667","0.00227743333333333","1","0.00227743333333333","M","M","V","L","L",0,0,0,0,0,0,0
"6788",7051,4040,4040,"t","t","c","c",0.00198019801980198,0.00198019801980198,0.000495049504950495,0.000495049504950495,0.000247524752475248,0.000247524752475248,0.000247524752475248,0.000247524752475248,0.00247524752475248,0.00247524752475248,0.00247524752475248,0.00247524752475248,"nonsyn","nonsyn","nonsyn",1.7e-05,1.07e-06,1.21e-06,1.21e-06,"0.008585","0.0024442","0.00432279999999999","0.00488839999999999","M","M","T","K","R",1,1,1,1,0,0,0
"6789",7052,4054,4055,"g","g","a","a",0.00148001973359645,0.00148001973359645,0.000246669955599408,0.000246669955599408,0,0.000246669955599408,0,0.000246669955599408,0.00172668968919586,0.00172668968919586,0.00172626387176326,0.00172626387176326,"nonsyn","nonsyn","nonsyn",4.2e-06,5.36e-07,1.17e-06,1.17e-06,"0.0028378","0.00474318","1","0.00474318","M","M","I","I","I",0,0,0,0,1,1,0
"6790",7053,4055,4055,"g","g","a","a",0.00147965474722565,0.00147965474722565,0.000246609124537608,0.000246609124537608,0,0.000246609124537608,0,0.000246609124537608,0.00172626387176326,0.00172626387176326,0.00172626387176326,0.00172626387176326,"nonsyn","nonsyn","nonsyn",4.2e-06,5.36e-07,1.17e-06,1.17e-06,"0.00283849999999999","0.00474435","1","0.00474435","G","G","S","R","C",1,1,0,0,1,1,0
"6791",7054,4056,4056,"g","g","a","a",0.0029585798816568,0.0029585798816568,0.000493096646942801,0.000493096646942801,0.0002465483234714,0.0002465483234714,0.0002465483234714,0.0002465483234714,0.00345167652859961,0.00345167652859961,0.00345167652859961,0.00345167652859961,"nonsyn","nonsyn","nonsyn",4.2e-06,5.36e-07,1.17e-06,1.17e-06,"0.0014196","0.00237276","0.002174016","0.00474552000000001","G","G","D","A","V",1,1,1,0,0,0,0
"6792",7055,4065,4066,"c","c","t","t",0.0022140221402214,0.0022140221402214,0.000984009840098401,0.000984009840098401,0.000738007380073801,0.0002460024600246,0.000738007380073801,0.0002460024600246,0.0031980319803198,0.0031980319803198,0.00319724545007378,0.00319724545007378,"syn","syn","syn",4.58e-06,8.37e-07,4.33e-07,4.33e-07,"0.00206863333333334","0.00044003625","0.001134135","0.001760145","G","G","G","G","G",0,0,0,0,0,0,0
"6793",7056,4087,4087,"g","g","a","a",0.00244678248103744,0.00244678248103744,0.000489356496207487,0.000489356496207487,0,0.000489356496207487,0,0.000489356496207487,0.00293613897724492,0.00293613897724492,0.00293613897724492,0.00293613897724492,"nonsyn","nonsyn","nonsyn",4.2e-06,5.36e-07,1.17e-06,1.17e-06,"0.00171654","0.002390895","1","0.002390895","G","G","S","R","C",1,1,0,0,1,1,0
"6794",7057,4091,4091,"g","g","a","a",0.0024443901246639,0.0024443901246639,0.000733317037399169,0.000733317037399169,0,0.000733317037399169,0,0.000733317037399169,0.00317770716206307,0.00317770716206307,0.00317770716206307,0.00317770716206307,"nonsyn","nonsyn","nonsyn",4.2e-06,5.36e-07,1.17e-06,1.17e-06,"0.00171822","0.00159549","1","0.00159549","G","G","D","A","V",1,1,1,0,0,0,0
"6795",7058,4089,4089,"c","c","t","t",0.00244558571777941,0.00244558571777941,0,0,0,0,0,0,0.00244558571777941,0.00244558571777941,0.00244558571777941,0.00244558571777941,"syn","syn","syn",4.58e-06,8.37e-07,4.33e-07,4.33e-07,"0.001872762","1","1","1","G","G","G","G","G",0,0,0,0,0,0,0
"6796",7059,4111,4111,"a","a","g","g",0.00413524689856483,0.00413524689856483,0.000729749452687911,0.000729749452687911,0,0.000729749452687911,0,0.000729749452687911,0.00486499635125274,0.00486499635125274,0.00486499635125274,0.00486499635125274,"nonsyn","nonsyn","nonsyn",1.77e-05,1.76e-06,1.7e-06,1.7e-06,"0.00428027647058823","0.00232956666666666","1","0.00232956666666666","N","N","D","H","Y",1,1,1,1,0,0,0
"6797",7060,4114,4114,"a","a","g","g",0.00218765192027224,0.00218765192027224,0,0,0,0,0,0,0.00218765192027224,0.00218765192027224,0.00218765192027224,0.00218765192027224,"nonsyn","nonsyn","nonsyn",1.77e-05,1.76e-06,1.7e-06,1.7e-06,"0.00809086666666667","1","1","1","N","N","S","T","I",0,0,1,0,0,0,0
"6798",7061,4130,4130,"c","c","t","t",0.00217917675544794,0.00217917675544794,0.000242130750605327,0.000242130750605327,0.000242130750605327,0,0.000242130750605327,0,0.00242130750605327,0.00242130750605327,0.00242130750605327,0.00242130750605327,"syn","nonsyn","nonsyn",4.58e-06,8.37e-07,4.33e-07,4.33e-07,"0.00210171111111111","0.00178829","0.00345681","1","N","N","N","K","K",0,1,1,0,0,0,0
"6799",7062,4142,4142,"a","a","g","g",0.00217286335103815,0.00217286335103815,0,0,0,0,0,0,0.00217286335103815,0.00217286335103815,0.00217286335103815,0.00217286335103815,"nonsyn","nonsyn","nonsyn",1.77e-05,1.76e-06,1.7e-06,1.7e-06,"0.00814593333333332","1","1","1","I","I","V","L","F",0,0,0,1,0,0,0
"6800",7063,4130,4130,"t","t","c","c",0.00217917675544794,0.00217917675544794,0.000968523002421308,0.000968523002421308,0.000726392251815981,0.000242130750605327,0.000726392251815981,0.000242130750605327,0.00314769975786925,0.00314769975786925,0.00314769975786925,0.00314769975786925,"nonsyn","nonsyn","nonsyn",1.7e-05,1.07e-06,1.21e-06,1.21e-06,"0.00780111111111112","0.001249325","0.00147303333333333","0.0049973","I","I","T","N","S",1,1,1,0,0,0,0
"6801",7064,4122,4122,"c","c","t","t",0.00291120815138282,0.00291120815138282,0,0,0,0,0,0,0.00291120815138282,0.00291120815138282,0.00291120815138282,0.00291120815138282,"syn","syn","nonsyn",4.58e-06,8.37e-07,4.33e-07,4.33e-07,"0.00157323","1","1","1","I","I","I","I","M",0,0,0,0,0,0,0
"6802",7065,4072,4072,"a","a","g","g",0.00245579567779961,0.00245579567779961,0,0,0,0,0,0,0.00245579567779961,0.00245579567779961,0.00245579567779961,0.00245579567779961,"nonsyn","nonsyn","nonsyn",1.77e-05,1.76e-06,1.7e-06,1.7e-06,"0.00720743999999999","1","1","1","T","T","A","P","S",1,1,0,1,0,0,0
"6803",7066,4170,4170,"c","c","t","t",0.00167865707434053,0.00167865707434053,0,0,0,0,0,0,0.00167865707434053,0.00167865707434053,0.00167865707434053,0.00167865707434053,"nonsyn","nonsyn","nonsyn",4.58e-06,8.37e-07,4.33e-07,4.33e-07,"0.00272837142857142","1","1","1","T","T","I","N","S",1,0,0,0,0,0,0
"6804",7067,4193,4193,"c","c","t","t",0.00190794180777486,0.00190794180777486,0.000476985451943716,0.000476985451943716,0.000476985451943716,0,0.000476985451943716,0,0.00238492725971858,0.00238492725971858,0.00238492725971858,0.00238492725971858,"syn","syn","syn",4.58e-06,8.37e-07,4.33e-07,4.33e-07,"0.0024004925","0.0009077845","0.0017547705","1","T","T","T","T","T",0,0,0,0,1,0,1
"6805",7068,4183,4183,"a","a","g","g",0.00334688022950036,0.00334688022950036,0.00047812574707148,0.00047812574707148,0.00023906287353574,0.00023906287353574,0.00023906287353574,0.00023906287353574,0.00382500597657184,0.00382500597657184,0.00382500597657184,0.00382500597657184,"nonsyn","syn","nonsyn",1.77e-05,1.76e-06,1.7e-06,1.7e-06,"0.00528850714285714","0.00355555","0.00736208","0.0071111","R","R","G","R","W",1,0,1,1,1,1,0
"6806",7069,4173,4173,"g","g","a","a",0.00143781452192667,0.00143781452192667,0.000958543014617781,0.000958543014617781,0,0.000958543014617781,0,0.000958543014617781,0.00239635753654445,0.00239635753654445,0.00239635753654445,0.00239635753654445,"nonsyn","nonsyn","nonsyn",4.2e-06,5.36e-07,1.17e-06,1.17e-06,"0.0029211","0.0012206025","1","0.0012206025","R","R","K","T","M",0,1,1,0,1,1,0
"6807",7070,4174,4174,"g","g","a","a",0.00910397700047916,0.00910397700047916,0.000239578342117873,0.000239578342117873,0,0.000239578342117873,0,0.000239578342117873,0.00934355534259703,0.00934355534259703,0.00934355534259703,0.00934355534259703,"syn","nonsyn","nonsyn",4.2e-06,5.36e-07,1.17e-06,1.17e-06,"0.000461336842105263","0.00488357999999999","1","0.00488357999999999","R","R","R","S","S",0,1,1,0,1,1,0
"6808",7071,4181,4181,"g","g","a","a",0.00167424061229371,0.00167424061229371,0,0,0,0,0,0,0.00167424061229371,0.00167424061229371,0.00167424061229371,0.00167424061229371,"nonsyn","nonsyn","nonsyn",4.2e-06,5.36e-07,1.17e-06,1.17e-06,"0.0025086","1","1","1","V","V","I","L","F",0,0,0,0,0,0,0
"6809",7072,4184,4184,"t","t","c","c",0.00310707456978968,0.00310707456978968,0.000239005736137667,0.000239005736137667,0.000239005736137667,0,0.000239005736137667,0,0.00334608030592734,0.00334608030592734,0.00334608030592734,0.00334608030592734,"nonsyn","nonsyn","nonsyn",1.7e-05,1.07e-06,1.21e-06,1.21e-06,"0.00547138461538461","0.00506264000000001","0.00447688000000001","1","V","V","A","D","G",0,1,1,0,0,0,0
"6810",7073,4193,4193,"t","t","c","c",0.00286191271166229,0.00286191271166229,0,0,0,0,0,0,0.00286191271166229,0.00286191271166229,0.00286191271166229,0.00286191271166229,"syn","syn","syn",1.7e-05,1.07e-06,1.21e-06,1.21e-06,"0.00594008333333334","1","1","1","V","V","V","V","V",0,0,0,1,0,0,0
"6811",7074,4130,4130,"g","g","a","a",0.000968523002421308,0.000968523002421308,0,0,0,0,0,0,0.000968523002421308,0.000968523002421308,0.000968523002421308,0.000968523002421308,"nonsyn","nonsyn","stop",4.2e-06,5.36e-07,1.17e-06,1.17e-06,"0.0043365","1","1","1","E","E","K","Q","*",1,1,1,0,0,0,0
"6812",7075,4206,4206,"a","a","g","g",0.00665715644317641,0.00665715644317641,0.0011887779362815,0.0011887779362815,0.000475511174512601,0.000713266761768902,0.000475511174512601,0.000713266761768902,0.00784593437945792,0.00784593437945792,0.00784593437945792,0.00784593437945792,"nonsyn","nonsyn","nonsyn",1.77e-05,1.76e-06,1.7e-06,1.7e-06,"0.00265879285714286","0.00143004","0.00370128","0.0023834","E","E","G","A","V",1,1,1,0,1,1,0
"6813",7076,4221,4221,"g","g","a","a",0.00236910684671879,0.00236910684671879,0,0,0,0,0,0,0.00236910684671879,0.00236910684671879,0.00236910684671879,0.00236910684671879,"syn","nonsyn","nonsyn",4.2e-06,5.36e-07,1.17e-06,1.17e-06,"0.00177282","1","1","1","E","E","E","D","D",0,0,0,0,0,0,0
"6814",7077,4215,4215,"t","t","c","c",0.00545670225385528,0.00545670225385528,0.00118623962040332,0.00118623962040332,0.00118623962040332,0,0.00118623962040332,0,0.0066429418742586,0.0066429418742586,0.0066429418742586,0.0066429418742586,"nonsyn","nonsyn","nonsyn",1.7e-05,1.07e-06,1.21e-06,1.21e-06,"0.0031154347826087","0.00102003","0.000902010000000001","1","S","S","P","T","A",1,0,1,0,0,0,0
"6815",7078,4214,4214,"c","c","t","t",0.000474608448030375,0.000474608448030375,0,0,0,0,0,0,0.000474608448030375,0.000474608448030375,0.000474608448030375,0.000474608448030375,"nonsyn","stop","stop",4.58e-06,8.37e-07,4.33e-07,4.33e-07,"0.00965006","1","1","1","S","S","L","*","*",1,1,1,0,0,0,0
"6816",7079,4222,4222,"a","a","g","g",0.00497394599715774,0.00497394599715774,0.000473709142586452,0.000473709142586452,0.000236854571293226,0.000236854571293226,0.000236854571293226,0.000236854571293226,0.0054476551397442,0.0054476551397442,0.0054476551397442,0.0054476551397442,"syn","syn","syn",1.77e-05,1.76e-06,1.7e-06,1.7e-06,"0.00355854285714286","0.0035887","0.00743072","0.0071774","S","S","S","S","S",0,0,0,1,1,1,0
"6817",7080,4236,4236,"g","g","a","a",0,0,0.000944287063267233,0.000944287063267233,0,0.000944287063267233,0,0.000944287063267233,0.000944287063267233,0.000944287063267233,0.000944287063267233,0.000944287063267233,"nonsyn","nonsyn","stop",4.2e-06,5.36e-07,1.17e-06,1.17e-06,"1","0.00123903","1","0.00123903","E","E","K","Q","*",1,1,1,0,0,0,0
"6818",7081,4196,4196,"a","a","g","g",0.00381315538608198,0.00381315538608198,0.000238322211630124,0.000238322211630124,0,0.000238322211630124,0,0.000238322211630124,0.00405147759771211,0.00405147759771211,0.00405147759771211,0.00405147759771211,"nonsyn","nonsyn","nonsyn",1.77e-05,1.76e-06,1.7e-06,1.7e-06,"0.004641825","0.0071332","1","0.0071332","E","E","G","A","V",1,1,1,0,1,1,0
"6819",7082,4202,4202,"g","g","a","a",0.00166587339362208,0.00166587339362208,0.000237981913374584,0.000237981913374584,0,0.000237981913374584,0,0.000237981913374584,0.00190385530699667,0.00190385530699667,0.00190385530699667,0.00190385530699667,"syn","nonsyn","nonsyn",4.2e-06,5.36e-07,1.17e-06,1.17e-06,"0.00252120000000001","0.00491633999999999","1","0.00491633999999999","E","E","E","D","D",0,0,0,0,0,0,0
"6820",7083,4114,4114,"a","a","g","g",0.496353913466213,0.496353913466213,0,0,0,0,0,0,0.496353913466213,0.496353913466213,0.496353913466213,0.496353913466213,"nonsyn","nonsyn","nonsyn",1.77e-05,1.76e-06,1.7e-06,1.7e-06,"3.56600391772772e-05","1","1","1","N","N","D","H","Y",1,1,1,0,0,0,0
"6821",7084,4163,4163,"a","a","g","g",0.00456401633437425,0.00456401633437425,0,0,0,0,0,0,0.00456401633437425,0.00456401633437425,0.00456401633437425,0.00456401633437425,"nonsyn","nonsyn","nonsyn",1.77e-05,1.76e-06,1.7e-06,1.7e-06,"0.00387816315789474","1","1","1","N","N","S","T","I",0,0,1,0,0,0,0
"6822",7085,4158,4158,"c","c","t","t",0.000962000962000962,0.000962000962000962,0,0,0,0,0,0,0.000962000962000962,0.000962000962000962,0.000962000962000962,0.000962000962000962,"syn","nonsyn","nonsyn",4.58e-06,8.37e-07,4.33e-07,4.33e-07,"0.00476091","1","1","1","N","N","N","K","K",0,1,1,0,0,0,0
"6823",7086,4163,4165,"a","a","g","g",0.0110497237569061,0.0110497237569061,0.000960845544078789,0.000960845544078789,0.000720634158059092,0.000240211386019697,0.000720634158059092,0.000240211386019697,0.0120105693009849,0.0120105693009849,0.0120048019207683,0.0120048019207683,"nonsyn","nonsyn","stop",1.77e-05,1.76e-06,1.7e-06,1.7e-06,"0.00160185","0.001769275","0.00244229333333333","0.00707710000000001","K","K","E","Q","*",1,1,1,1,0,0,0
"6824",7087,4216,4216,"a","a","g","g",0.0047438330170778,0.0047438330170778,0.00071157495256167,0.00071157495256167,0,0.00071157495256167,0,0.00071157495256167,0.00545540796963947,0.00545540796963947,0.00545540796963947,0.00545540796963947,"nonsyn","nonsyn","nonsyn",1.77e-05,1.76e-06,1.7e-06,1.7e-06,"0.00373116","0.00238906666666667","1","0.00238906666666667","K","K","R","T","I",0,1,1,0,0,0,0
"6825",7088,4198,4198,"a","a","g","g",0.00428775607432111,0.00428775607432111,0.000476417341591234,0.000476417341591234,0.000238208670795617,0.000238208670795617,0.000238208670795617,0.000238208670795617,0.00476417341591234,0.00476417341591234,0.00476417341591234,0.00476417341591234,"syn","nonsyn","nonsyn",1.77e-05,1.76e-06,1.7e-06,1.7e-06,"0.00412803333333333","0.0035683","0.00738848","0.0071366","K","K","K","N","N",0,1,1,0,1,1,0
"6826",7089,4203,4203,"g","g","a","a",0.000475850582916964,0.000475850582916964,0.000713775874375446,0.000713775874375446,0,0.000713775874375446,0,0.000713775874375446,0.00118962645729241,0.00118962645729241,0.00118962645729241,0.00118962645729241,"nonsyn","nonsyn","nonsyn",4.2e-06,5.36e-07,1.17e-06,1.17e-06,"0.0088263","0.00163917","1","0.00163917","V","V","M","L","L",0,0,0,0,0,0,0
"6827",7090,4140,4140,"t","t","c","c",0.00507246376811594,0.00507246376811594,0.000241545893719807,0.000241545893719807,0.000241545893719807,0,0.000241545893719807,0,0.00531400966183575,0.00531400966183575,0.00531400966183575,0.00531400966183575,"nonsyn","nonsyn","nonsyn",1.7e-05,1.07e-06,1.21e-06,1.21e-06,"0.00335142857142857","0.0050094","0.0044298","1","V","V","A","E","G",0,1,1,1,0,0,0
"6828",7091,4163,4163,"g","g","a","a",0.0153735287052606,0.0153735287052606,0.000720634158059092,0.000720634158059092,0.000240211386019697,0.000480422772039395,0.000240211386019697,0.000480422772039395,0.0160941628633197,0.0160941628633197,0.0160941628633197,0.0160941628633197,"syn","syn","syn",4.2e-06,5.36e-07,1.17e-06,1.17e-06,"0.000273196875","0.00162357","0.002231368","0.002435355","V","V","V","V","V",0,0,0,0,1,1,0
"6829",7092,4184,4184,"g","g","a","a",0.00119502868068834,0.00119502868068834,0.000478011472275335,0.000478011472275335,0,0.000478011472275335,0,0.000478011472275335,0.00167304015296367,0.00167304015296367,0.00167304015296367,0.00167304015296367,"nonsyn","nonsyn","nonsyn",4.2e-06,5.36e-07,1.17e-06,1.17e-06,"0.00351455999999999","0.00244764","1","0.00244764","V","V","M","L","L",0,0,0,0,0,0,0
"6830",7093,4142,4142,"t","t","c","c",0.00338000965717045,0.00338000965717045,0.000724287783679382,0.000724287783679382,0.000241429261226461,0.000482858522452921,0.000241429261226461,0.000482858522452921,0.00410429744084983,0.00410429744084983,0.00410429744084983,0.00410429744084983,"nonsyn","nonsyn","nonsyn",1.7e-05,1.07e-06,1.21e-06,1.21e-06,"0.00502957142857143","0.00167060666666667","0.00443193999999999","0.00250591","V","V","A","E","G",0,1,1,1,0,0,0
"6831",7094,4184,4184,"g","g","a","a",0.00262906309751434,0.00262906309751434,0.000239005736137667,0.000239005736137667,0.000239005736137667,0,0.000239005736137667,0,0.00286806883365201,0.00286806883365201,0.00286806883365201,0.00286806883365201,"syn","syn","syn",4.2e-06,5.36e-07,1.17e-06,1.17e-06,"0.00159752727272727","0.00489528000000001","0.002242624","1","V","V","V","V","V",0,0,0,0,0,0,0
"6832",7095,4227,4227,"a","a","g","g",0.00733380648213863,0.00733380648213863,0.000236574402649633,0.000236574402649633,0,0.000236574402649633,0,0.000236574402649633,0.00757038088478827,0.00757038088478827,0.00757038088478827,0.00757038088478827,"nonsyn","nonsyn","nonsyn",1.77e-05,1.76e-06,1.7e-06,1.7e-06,"0.00241348064516129","0.00718590000000001","1","0.00718590000000001","I","I","V","L","F",0,0,0,0,0,0,0
"6833",7096,4244,4244,"t","t","c","c",0.00188501413760603,0.00188501413760603,0,0,0,0,0,0,0.00188501413760603,0.00188501413760603,0.00188501413760603,0.00188501413760603,"nonsyn","nonsyn","nonsyn",1.7e-05,1.07e-06,1.21e-06,1.21e-06,"0.00901850000000001","1","1","1","I","I","T","N","S",1,1,1,0,0,0,0
"6834",7097,4252,4252,"t","t","c","c",0.00329256820319849,0.00329256820319849,0.000235183443085607,0.000235183443085607,0.000235183443085607,0,0.000235183443085607,0,0.0035277516462841,0.0035277516462841,0.0035277516462841,0.0035277516462841,"syn","syn","nonsyn",1.7e-05,1.07e-06,1.21e-06,1.21e-06,"0.00516314285714286","0.00514492","0.00454964","1","I","I","I","I","M",0,0,0,0,0,0,0
"6835",7098,4258,4258,"c","c","t","t",0.00117426021606388,0.00117426021606388,0.000704556129638328,0.000704556129638328,0.000704556129638328,0,0.000704556129638328,0,0.00187881634570221,0.00187881634570221,0.00187881634570221,0.00187881634570221,"syn","nonsyn","nonsyn",4.58e-06,8.37e-07,4.33e-07,4.33e-07,"0.003900328","0.000614571333333333","0.001187982","1","L","L","L","M","V",0,0,0,0,0,0,0
"6836",7099,4185,4185,"t","t","c","c",0.003584229390681,0.003584229390681,0.0016726403823178,0.0016726403823178,0.0016726403823178,0,0.0016726403823178,0,0.00525686977299881,0.00525686977299881,0.00525686977299881,0.00525686977299881,"nonsyn","nonsyn","nonsyn",1.7e-05,1.07e-06,1.21e-06,1.21e-06,"0.004743","0.000723407142857144","0.000639707142857143","1","L","L","P","Q","R",1,1,1,1,1,0,1
"6837",7100,4259,4259,"g","g","a","a",0.00140878140408547,0.00140878140408547,0.000469593801361822,0.000469593801361822,0,0.000469593801361822,0,0.000469593801361822,0.00187837520544729,0.00187837520544729,0.00187837520544729,0.00187837520544729,"syn","syn","syn",4.2e-06,5.36e-07,1.17e-06,1.17e-06,"0.00298129999999999","0.002491515","1","0.002491515","L","L","L","L","L",0,0,0,0,1,1,0
"6838",7101,4262,4262,"g","g","a","a",0.000703894885030502,0.000703894885030502,0.000469263256687001,0.000469263256687001,0,0.000469263256687001,0,0.000469263256687001,0.0011731581417175,0.0011731581417175,0.0011731581417175,0.0011731581417175,"nonsyn","nonsyn","nonsyn",4.2e-06,5.36e-07,1.17e-06,1.17e-06,"0.0059668","0.00249327","1","0.00249327","D","D","N","H","Y",1,1,1,0,0,0,0
"6839",7102,4236,4236,"a","a","g","g",0.00354107648725212,0.00354107648725212,0.000708215297450425,0.000708215297450425,0,0.000708215297450425,0,0.000708215297450425,0.00424929178470255,0.00424929178470255,0.00424929178470255,0.00424929178470255,"nonsyn","nonsyn","nonsyn",1.77e-05,1.76e-06,1.7e-06,1.7e-06,"0.00499848000000001","0.0024004","1","0.0024004","D","D","G","A","V",1,1,1,0,0,0,0
"6840",7103,4156,4156,"c","c","t","t",0.00577478344562079,0.00577478344562079,0,0,0,0,0,0,0.00577478344562079,0.00577478344562079,0.00577478344562079,0.00577478344562079,"syn","nonsyn","nonsyn",4.58e-06,8.37e-07,4.33e-07,4.33e-07,"0.000793103333333333","1","1","1","D","D","D","E","E",0,0,0,0,0,0,0
"6841",7104,4159,4159,"t","t","c","c",0.00480884828083674,0.00480884828083674,0.000240442414041837,0.000240442414041837,0.000240442414041837,0,0.000240442414041837,0,0.00504929069487858,0.00504929069487858,0.00504929069487858,0.00504929069487858,"nonsyn","nonsyn","nonsyn",1.7e-05,1.07e-06,1.21e-06,1.21e-06,"0.00353515","0.00503239","0.00445013","1","S","S","P","T","A",1,0,1,0,1,0,1
"6842",7105,4146,4147,"c","c","t","t",0.00144717800289436,0.00144717800289436,0,0,0,0,0,0,0.00144717800289436,0.00144717800289436,0.00144682903303593,0.00144682903303593,"nonsyn","nonsyn","nonsyn",4.58e-06,8.37e-07,4.33e-07,4.33e-07,"0.00316477999999999","1","1","1","S","S","F","Y","C",1,1,1,0,0,0,0
"6843",7106,4148,4148,"c","c","t","t",0.000723240115718419,0.000723240115718419,0,0,0,0,0,0,0.000723240115718419,0.000723240115718419,0.000723240115718419,0.000723240115718419,"syn","syn","syn",4.58e-06,8.37e-07,4.33e-07,4.33e-07,"0.00633261333333333","1","1","1","S","S","S","S","S",0,0,0,0,1,0,1
"6844",7107,4131,4134,"t","t","c","c",0.00629387557492133,0.00629387557492133,0.000726216412490922,0.000726216412490922,0.000726216412490922,0,0.000726216412490922,0,0.00702009198741225,0.00702009198741225,0.00701499758103532,0.00701499758103532,"nonsyn","nonsyn","nonsyn",1.7e-05,1.07e-06,1.21e-06,1.21e-06,"0.00270103846153846","0.00166617","0.00147339","1","F","F","L","I","V",0,0,0,0,1,0,1
"6845",7108,4124,4124,"t","t","c","c",0.00266731328806984,0.00266731328806984,0.000727449078564501,0.000727449078564501,0.000484966052376334,0.000242483026188167,0.000484966052376334,0.000242483026188167,0.00339476236663434,0.00339476236663434,0.00339476236663434,0.00339476236663434,"nonsyn","nonsyn","nonsyn",1.7e-05,1.07e-06,1.21e-06,1.21e-06,"0.00637345454545453","0.00166334666666667","0.00220634","0.00499004","F","F","S","Y","C",1,0,1,0,0,0,0
"6846",7109,3948,3948,"c","c","t","t",0.0939716312056738,0.0939716312056738,0.000253292806484296,0.000253292806484296,0.000253292806484296,0,0.000253292806484296,0,0.0942249240121581,0.0942249240121581,0.0942249240121581,0.0942249240121581,"syn","nonsyn","nonsyn",4.58e-06,8.37e-07,4.33e-07,4.33e-07,"4.87381132075472e-05","0.001709484","0.003304476","1","F","F","F","L","L",0,0,0,0,0,0,0
"6847",7110,3993,3993,"g","g","a","a",0.00100175306786877,0.00100175306786877,0.000250438266967193,0.000250438266967193,0.000250438266967193,0,0.000250438266967193,0,0.00125219133483596,0.00125219133483596,0.00125219133483596,0.00125219133483596,"nonsyn","nonsyn","nonsyn",4.2e-06,5.36e-07,1.17e-06,1.17e-06,"0.00419265","0.00467180999999999","0.002140248","1","D","D","N","H","Y",1,1,1,0,0,0,0
"6848",7111,3964,3964,"a","a","g","g",0.00227043390514632,0.00227043390514632,0.000756811301715439,0.000756811301715439,0,0.000756811301715439,0,0.000756811301715439,0.00302724520686176,0.00302724520686176,0.00302724520686176,0.00302724520686176,"nonsyn","nonsyn","nonsyn",1.77e-05,1.76e-06,1.7e-06,1.7e-06,"0.00779586666666666","0.00224626666666667","1","0.00224626666666667","D","D","G","A","V",1,1,1,0,0,0,0
"6849",7112,4077,4077,"t","t","c","c",0.00392445425558008,0.00392445425558008,0.000245278390973755,0.000245278390973755,0,0.000245278390973755,0,0.000245278390973755,0.00416973264655384,0.00416973264655384,0.00416973264655384,0.00416973264655384,"syn","nonsyn","nonsyn",1.7e-05,1.07e-06,1.21e-06,1.21e-06,"0.0043318125","0.00493317","1","0.00493317","D","D","D","E","E",0,0,0,0,0,0,0
"6850",7113,4071,4071,"c","c","t","t",0.00196511913534758,0.00196511913534758,0,0,0,0,0,0,0.00196511913534758,0.00196511913534758,0.00196511913534758,0.00196511913534758,"nonsyn","nonsyn","nonsyn",4.58e-06,8.37e-07,4.33e-07,4.33e-07,"0.0023306475","1","1","1","P","P","S","T","A",1,1,1,0,0,0,0
"6851",7114,4083,4083,"c","c","t","t",0.00195934361988734,0.00195934361988734,0,0,0,0,0,0,0.00195934361988734,0.00195934361988734,0.00195934361988734,0.00195934361988734,"nonsyn","nonsyn","nonsyn",4.58e-06,8.37e-07,4.33e-07,4.33e-07,"0.0023375175","1","1","1","P","P","L","Q","R",1,1,1,0,1,0,1
"6852",7115,4087,4087,"g","g","a","a",0.00269146072914118,0.00269146072914118,0,0,0,0,0,0,0.00269146072914118,0.00269146072914118,0.00269146072914118,0.00269146072914118,"syn","syn","syn",4.2e-06,5.36e-07,1.17e-06,1.17e-06,"0.00156049090909091","1","1","1","P","P","P","P","P",0,0,0,0,0,0,0
"6853",7116,4088,4088,"c","c","t","t",0.000489236790606654,0.000489236790606654,0.000978473581213307,0.000978473581213307,0.000978473581213307,0,0.000978473581213307,0,0.00146771037181996,0.00146771037181996,0.00146771037181996,0.00146771037181996,"nonsyn","nonsyn","nonsyn",4.58e-06,8.37e-07,4.33e-07,4.33e-07,"0.00936151999999999","0.000442526","0.000855414","1","L","L","F","I","V",0,0,0,0,0,0,0
"6854",7117,4170,4170,"t","t","c","c",0.00359712230215827,0.00359712230215827,0.00143884892086331,0.00143884892086331,0.00119904076738609,0.000239808153477218,0.00119904076738609,0.000239808153477218,0.00503597122302158,0.00503597122302158,0.00503597122302158,0.00503597122302158,"nonsyn","nonsyn","nonsyn",1.7e-05,1.07e-06,1.21e-06,1.21e-06,"0.004726","0.00084095","0.000892380000000001","0.00504570000000001","L","L","P","H","R",1,1,1,0,1,0,1
"6855",7118,4182,4182,"t","t","c","c",0.00430416068866571,0.00430416068866571,0.00119560019129603,0.00119560019129603,0.00119560019129603,0,0.00119560019129603,0,0.00549976087996174,0.00549976087996174,0.00549976087996174,0.00549976087996174,"syn","syn","syn",1.7e-05,1.07e-06,1.21e-06,1.21e-06,"0.00394966666666667","0.001012044","0.000894948","1","L","L","L","L","L",0,0,0,1,0,0,0
"6856",7119,4161,4161,"g","g","a","a",0.000961307378034126,0.000961307378034126,0,0,0,0,0,0,0.000961307378034126,0.000961307378034126,0.000961307378034126,0.000961307378034126,"nonsyn","nonsyn","nonsyn",4.2e-06,5.36e-07,1.17e-06,1.17e-06,"0.00436905","1","1","1","V","V","M","L","L",0,0,0,0,0,0,0
"6857",7120,4158,4158,"t","t","c","c",0.00288600288600289,0.00288600288600289,0.000481000481000481,0.000481000481000481,0.000240500240500241,0.000240500240500241,0.000240500240500241,0.000240500240500241,0.00336700336700337,0.00336700336700337,0.00336700336700337,0.00336700336700337,"nonsyn","nonsyn","nonsyn",1.7e-05,1.07e-06,1.21e-06,1.21e-06,"0.00589049999999999","0.00251559","0.00444905999999999","0.00503117999999999","V","V","A","E","G",0,1,1,1,0,0,0
"6858",7121,4175,4175,"g","g","a","a",0.00119760479041916,0.00119760479041916,0,0,0,0,0,0,0.00119760479041916,0.00119760479041916,0.00119760479041916,0.00119760479041916,"syn","syn","syn",4.2e-06,5.36e-07,1.17e-06,1.17e-06,"0.003507","1","1","1","V","V","V","V","V",0,0,0,0,1,1,0
"6859",7122,4168,4168,"g","g","a","a",0.00167946257197697,0.00167946257197697,0,0,0,0,0,0,0.00167946257197697,0.00167946257197697,0.00167946257197697,0.00167946257197697,"nonsyn","nonsyn","nonsyn",4.2e-06,5.36e-07,1.17e-06,1.17e-06,"0.0025008","1","1","1","A","A","T","P","S",1,1,1,0,0,0,0
"6860",7123,4165,4165,"c","c","t","t",0.00264105642256903,0.00264105642256903,0.000960384153661465,0.000960384153661465,0.000480192076830732,0.000480192076830732,0.000480192076830732,0.000480192076830732,0.00360144057623049,0.00360144057623049,0.00360144057623049,0.00360144057623049,"nonsyn","nonsyn","nonsyn",4.58e-06,8.37e-07,4.33e-07,4.33e-07,"0.00173415454545454","0.00045086125","0.0017430525","0.000901722500000001","A","A","V","E","G",0,1,1,0,0,0,0
"6861",7124,4170,4170,"g","a","a","g",0.00959232613908873,0.990167865707434,0.000239808153477218,0.000239808153477218,0,0.000239808153477218,0,0.000239808153477218,0.00983213429256595,0.990407673860911,0.00983213429256595,0.990407673860911,"syn","syn","syn",1.77e-05,1.76e-06,1.7e-06,1.7e-06,"1.78757568418503e-05","0.00708900000000001","1","0.00708900000000001","A","A","A","A","A",0,0,0,1,1,1,0
"6862",7125,4160,4160,"a","g","g","a",0.00240384615384615,0.997115384615385,0.000480769230769231,0.000480769230769231,0.000240384615384615,0.000240384615384615,0.000240384615384615,0.000240384615384615,0.00288461538461538,0.997596153846154,0.00288461538461538,0.997596153846154,"nonsyn","nonsyn","stop",4.2e-06,5.36e-07,1.17e-06,1.17e-06,"4.21215043394407e-06","0.0024336","0.00222976","0.00486720000000001","R","E","K","Q","*",1,1,1,0,0,0,0
"6863",7126,4170,4170,"g","a","a","g",0.00119904076738609,0.998321342925659,0.000479616306954436,0.000479616306954436,0,0.000479616306954436,0,0.000479616306954436,0.00167865707434053,0.998800959232614,0.00167865707434053,0.998800959232614,"nonsyn","nonsyn","nonsyn",1.77e-05,1.76e-06,1.7e-06,1.7e-06,"1.77297621907278e-05","0.0035445","1","0.0035445","R","E","G","A","V",1,1,1,0,1,1,0
"6864",7127,4174,4174,"g","g","a","a",0.00167704839482511,0.00167704839482511,0.000479156684235745,0.000479156684235745,0,0.000479156684235745,0,0.000479156684235745,0.00215620507906085,0.00215620507906085,0.00215620507906085,0.00215620507906085,"syn","nonsyn","nonsyn",4.2e-06,5.36e-07,1.17e-06,1.17e-06,"0.0025044","0.00244179","1","0.00244179","R","E","E","D","D",0,0,0,0,1,1,0
"6865",7128,4174,4174,"g","g","a","a",0.00143747005270724,0.00143747005270724,0.000479156684235745,0.000479156684235745,0,0.000479156684235745,0,0.000479156684235745,0.00191662673694298,0.00191662673694298,0.00191662673694298,0.00191662673694298,"nonsyn","nonsyn","stop",4.2e-06,5.36e-07,1.17e-06,1.17e-06,"0.00292179999999999","0.00244179","1","0.00244179","E","E","K","Q","*",1,1,1,0,0,0,0
"6866",7129,4167,4167,"a","a","g","g",0.00695944324454044,0.00695944324454044,0.000479961603071754,0.000479961603071754,0,0.000479961603071754,0,0.000479961603071754,0.00743940484761219,0.00743940484761219,0.00743940484761219,0.00743940484761219,"nonsyn","nonsyn","nonsyn",1.77e-05,1.76e-06,1.7e-06,1.7e-06,"0.00254330689655172","0.00354195","1","0.00354195","E","E","G","A","V",1,1,1,0,1,1,0
"6867",7130,4163,4163,"g","g","a","a",0.000960845544078789,0.000960845544078789,0.00120105693009849,0.00120105693009849,0.000240211386019697,0.000960845544078789,0.000240211386019697,0.000960845544078789,0.00216190247417728,0.00216190247417728,0.00216190247417728,0.00216190247417728,"syn","nonsyn","nonsyn",4.2e-06,5.36e-07,1.17e-06,1.17e-06,"0.00437115","0.000974141999999997","0.002231368","0.0012176775","E","E","E","D","D",0,0,0,0,1,1,0
"6868",7131,4161,4161,"g","g","a","a",0.000720980533525595,0.000720980533525595,0.000240326844508532,0.000240326844508532,0,0.000240326844508532,0,0.000240326844508532,0.000961307378034126,0.000961307378034126,0.000961307378034126,0.000961307378034126,"nonsyn","nonsyn","nonsyn",4.2e-06,5.36e-07,1.17e-06,1.17e-06,"0.0058254","0.00486836999999999","1","0.00486836999999999","D","D","N","H","Y",1,1,1,0,0,0,0
"6869",7132,4146,4146,"a","a","g","g",0.00482392667631452,0.00482392667631452,0.000241196333815726,0.000241196333815726,0.000241196333815726,0,0.000241196333815726,0,0.00506512301013025,0.00506512301013025,0.00506512301013025,0.00506512301013025,"nonsyn","nonsyn","nonsyn",1.77e-05,1.76e-06,1.7e-06,1.7e-06,"0.00366921","0.0070482","0.00729696","1","D","D","G","A","V",1,1,1,0,0,0,0
"6870",7133,4132,4133,"t","t","c","c",0.00193610842207164,0.00193610842207164,0,0,0,0,0,0,0.00193610842207164,0.00193610842207164,0.0019356399709654,0.0019356399709654,"syn","nonsyn","nonsyn",1.7e-05,1.07e-06,1.21e-06,1.21e-06,"0.00878049999999998","1","1","1","D","D","D","E","E",0,0,0,1,0,0,0
"6871",7134,4115,4115,"g","g","a","a",0.000486026731470231,0.000486026731470231,0,0,0,0,0,0,0.000486026731470231,0.000486026731470231,0.000486026731470231,0.000486026731470231,"nonsyn","nonsyn","stop",4.2e-06,5.36e-07,1.17e-06,1.17e-06,"0.0086415","1","1","1","E","E","K","Q","*",1,1,1,0,0,0,0
"6872",7135,4119,4119,"a","a","g","g",0.00558387958242292,0.00558387958242292,0.000728332119446468,0.000728332119446468,0,0.000728332119446468,0,0.000728332119446468,0.00631221170186939,0.00631221170186939,0.00631221170186939,0.00631221170186939,"nonsyn","nonsyn","nonsyn",1.77e-05,1.76e-06,1.7e-06,1.7e-06,"0.00316983913043478","0.0023341","1","0.0023341","E","E","G","A","V",1,1,1,0,1,1,0
"6873",7136,4106,4106,"g","g","a","a",0.00925474914758889,0.00925474914758889,0.000487092060399416,0.000487092060399416,0,0.000487092060399416,0,0.000487092060399416,0.00974184120798831,0.00974184120798831,0.00974184120798831,0.00974184120798831,"syn","nonsyn","nonsyn",4.2e-06,5.36e-07,1.17e-06,1.17e-06,"0.000453821052631579","0.00240201","1","0.00240201","E","E","E","D","D",0,0,0,0,0,0,0
"6874",7137,4102,4102,"c","c","t","t",0.00560702096538274,0.00560702096538274,0.000243783520234032,0.000243783520234032,0.000243783520234032,0,0.000243783520234032,0,0.00585080448561677,0.00585080448561677,0.00585080448561677,0.00585080448561677,"nonsyn","syn","nonsyn",4.58e-06,8.37e-07,4.33e-07,4.33e-07,"0.000816833043478261","0.001776166","0.003433374","1","R","R","W","R","G",1,0,1,0,0,0,0
"6875",7138,4097,4098,"g","g","a","a",0.000976324139614352,0.000976324139614352,0,0,0,0,0,0,0.000976324139614352,0.000976324139614352,0.000976085895558809,0.000976085895558809,"nonsyn","nonsyn","nonsyn",4.2e-06,5.36e-07,1.17e-06,1.17e-06,"0.00430185","1","1","1","R","R","Q","P","L",1,1,1,0,1,1,0
"6876",7139,4092,4092,"g","g","a","a",0.00146627565982405,0.00146627565982405,0.000488758553274682,0.000488758553274682,0,0.000488758553274682,0,0.000488758553274682,0.00195503421309873,0.00195503421309873,0.00195503421309873,0.00195503421309873,"syn","syn","syn",4.2e-06,5.36e-07,1.17e-06,1.17e-06,"0.00286439999999999","0.00239382","1","0.00239382","R","R","R","R","R",0,0,0,0,1,1,0
"6877",7140,4088,4088,"g","g","a","a",0.00122309197651663,0.00122309197651663,0.000489236790606654,0.000489236790606654,0,0.000489236790606654,0,0.000489236790606654,0.00171232876712329,0.00171232876712329,0.00171232876712329,0.00171232876712329,"nonsyn","nonsyn","stop",4.2e-06,5.36e-07,1.17e-06,1.17e-06,"0.00343392000000001","0.00239148","1","0.00239148","E","E","K","Q","*",1,1,1,0,0,0,0
"6878",7141,4057,4057,"a","a","g","g",0.00468326349519349,0.00468326349519349,0.000246487552378605,0.000246487552378605,0,0.000246487552378605,0,0.000246487552378605,0.0049297510475721,0.0049297510475721,0.0049297510475721,0.0049297510475721,"nonsyn","nonsyn","nonsyn",1.77e-05,1.76e-06,1.7e-06,1.7e-06,"0.00377941578947369","0.0068969","1","0.0068969","E","E","G","A","V",1,1,1,0,1,1,0
"6879",7142,4057,4057,"g","g","a","a",0.00147892531427163,0.00147892531427163,0,0,0,0,0,0,0.00147892531427163,0.00147892531427163,0.00147892531427163,0.00147892531427163,"syn","nonsyn","nonsyn",4.2e-06,5.36e-07,1.17e-06,1.17e-06,"0.0028399","1","1","1","E","E","E","D","D",0,0,0,0,1,1,0
"6880",7143,4035,4035,"a","g","g","a",0.0118959107806691,0.988104089219331,0,0,0,0,0,0,0.0118959107806691,0.988104089219331,0.0118959107806691,0.988104089219331,"nonsyn","nonsyn","nonsyn",4.2e-06,5.36e-07,1.17e-06,1.17e-06,"4.25056433408578e-06","1","1","1","I","V","I","L","F",0,0,0,0,0,0,0
"6881",7144,3977,3977,"t","t","c","c",0.00176012069399044,0.00176012069399044,0.000251445813427206,0.000251445813427206,0.000251445813427206,0,0.000251445813427206,0,0.00201156650741765,0.00201156650741765,0.00201156650741765,0.00201156650741765,"nonsyn","nonsyn","nonsyn",1.7e-05,1.07e-06,1.21e-06,1.21e-06,"0.0096584285714286","0.00481217000000001","0.00425539000000001","1","I","V","A","D","G",0,1,1,0,0,0,0
"6882",7145,3986,3986,"c","c","t","t",0.00100351229302559,0.00100351229302559,0,0,0,0,0,0,0.00100351229302559,0.00100351229302559,0.00100351229302559,0.00100351229302559,"syn","syn","syn",4.58e-06,8.37e-07,4.33e-07,4.33e-07,"0.00456397","1","1","1","I","V","V","V","V",0,0,0,0,0,0,0
"6883",7146,3986,3986,"t","t","c","c",0.00577019568489714,0.00577019568489714,0.000250878073256397,0.000250878073256397,0.000250878073256397,0,0.000250878073256397,0,0.00602107375815354,0.00602107375815354,0.00602107375815354,0.00602107375815354,"nonsyn","nonsyn","nonsyn",1.7e-05,1.07e-06,1.21e-06,1.21e-06,"0.00294617391304348","0.00482306000000001","0.00426502000000001","1","S","S","P","T","A",1,0,1,0,1,0,1
"6884",7147,3987,3987,"c","c","t","t",0.000752445447705041,0.000752445447705041,0,0,0,0,0,0,0.000752445447705041,0.000752445447705041,0.000752445447705041,0.000752445447705041,"nonsyn","nonsyn","nonsyn",4.58e-06,8.37e-07,4.33e-07,4.33e-07,"0.00608682","1","1","1","S","S","F","Y","C",1,1,1,0,0,0,0
"6885",7148,3988,3988,"c","c","t","t",0.00250752256770311,0.00250752256770311,0.000501504513540622,0.000501504513540622,0.000501504513540622,0,0.000501504513540622,0,0.00300902708124373,0.00300902708124373,0.00300902708124373,0.00300902708124373,"syn","syn","syn",4.58e-06,8.37e-07,4.33e-07,4.33e-07,"0.001826504","0.000863402","0.001668978","1","S","S","S","S","S",0,0,0,0,1,0,1
"6886",7149,3973,3973,"g","g","a","a",0.00176189277623962,0.00176189277623962,0.000503397936068462,0.000503397936068462,0,0.000503397936068462,0,0.000503397936068462,0.00226529071230808,0.00226529071230808,0.00226529071230808,0.00226529071230808,"nonsyn","nonsyn","nonsyn",4.2e-06,5.36e-07,1.17e-06,1.17e-06,"0.0023838","0.002324205","1","0.002324205","V","V","I","L","L",0,0,0,0,0,0,0
"6887",7150,3934,3934,"t","t","c","c",0.0012709710218607,0.0012709710218607,0.00025419420437214,0.00025419420437214,0.00025419420437214,0,0.00025419420437214,0,0.00152516522623284,0.00152516522623284,0.00152516522623284,0.00152516522623284,"nonsyn","nonsyn","nonsyn",1.7e-05,1.07e-06,1.21e-06,1.21e-06,"0.0133756","0.00476014000000001","0.00420938","1","V","V","A","E","G",0,1,1,0,0,0,0
"6888",7151,3920,3920,"a","a","g","g",0.00280612244897959,0.00280612244897959,0.000255102040816327,0.000255102040816327,0,0.000255102040816327,0,0.000255102040816327,0.00306122448979592,0.00306122448979592,0.00306122448979592,0.00306122448979592,"syn","syn","syn",1.77e-05,1.76e-06,1.7e-06,1.7e-06,"0.00630763636363637","0.00666399999999999","1","0.00666399999999999","V","V","V","V","V",0,0,0,0,0,0,0
"6889",7152,3955,3955,"c","c","t","t",0.00101137800252844,0.00101137800252844,0.000758533501896334,0.000758533501896334,0.000758533501896334,0,0.000758533501896334,0,0.00176991150442478,0.00176991150442478,0.00176991150442478,0.00176991150442478,"nonsyn","nonsyn","nonsyn",4.58e-06,8.37e-07,4.33e-07,4.33e-07,"0.00452847500000002","0.000570838333333333","0.001103445","1","P","P","S","T","A",1,1,1,0,0,0,0
"6890",7153,3962,3962,"c","c","t","t",0.000504795557799091,0.000504795557799091,0.000504795557799091,0.000504795557799091,0.000504795557799091,0,0.000504795557799091,0,0.00100959111559818,0.00100959111559818,0.00100959111559818,0.00100959111559818,"nonsyn","nonsyn","nonsyn",4.58e-06,8.37e-07,4.33e-07,4.33e-07,"0.00907298000000001","0.000857773000000001","0.001658097","1","P","P","L","H","R",1,1,1,0,1,0,1
"6891",7154,3997,3997,"c","t","t","c",0.00150112584438329,0.997748311233425,0.000750562922191644,0.000750562922191644,0.000750562922191644,0,0.000750562922191644,0,0.00225168876657493,0.998498874155617,0.00225168876657493,0.998498874155617,"syn","syn","syn",1.7e-05,1.07e-06,1.21e-06,1.21e-06,"1.70383650952859e-05","0.00161212333333333","0.00142559666666667","1","P","P","P","P","P",0,0,0,1,1,0,1
"6892",7155,4010,4010,"g","g","a","a",0.00124688279301746,0.00124688279301746,0.000249376558603491,0.000249376558603491,0.000249376558603491,0,0.000249376558603491,0,0.00149625935162095,0.00149625935162095,0.00149625935162095,0.00149625935162095,"nonsyn","nonsyn","nonsyn",4.2e-06,5.36e-07,1.17e-06,1.17e-06,"0.00336839999999999","0.00469170000000001","0.00214936","1","A","A","T","P","S",1,1,1,0,0,0,0
"6893",7156,4010,4010,"c","c","t","t",0.000748129675810474,0.000748129675810474,0.000498753117206983,0.000498753117206983,0.000249376558603491,0.000249376558603491,0.000249376558603491,0.000249376558603491,0.00124688279301746,0.00124688279301746,0.00124688279301746,0.00124688279301746,"nonsyn","nonsyn","nonsyn",4.58e-06,8.37e-07,4.33e-07,4.33e-07,"0.00612193333333333","0.000868164999999999","0.00335637","0.00173633","A","A","V","E","G",0,1,1,0,0,0,0
"6894",7157,4030,4030,"a","a","g","g",0.00198511166253102,0.00198511166253102,0.000248138957816377,0.000248138957816377,0,0.000248138957816377,0,0.000248138957816377,0.00223325062034739,0.00223325062034739,0.00223325062034739,0.00223325062034739,"syn","syn","syn",1.77e-05,1.76e-06,1.7e-06,1.7e-06,"0.00891637499999999","0.006851","1","0.006851","A","A","A","A","A",0,0,0,1,1,1,0
"6895",7158,4020,4020,"g","g","a","a",0.00099502487562189,0.00099502487562189,0.000497512437810945,0.000497512437810945,0,0.000497512437810945,0,0.000497512437810945,0.00149253731343284,0.00149253731343284,0.00149253731343284,0.00149253731343284,"nonsyn","nonsyn","stop",4.2e-06,5.36e-07,1.17e-06,1.17e-06,"0.004221","0.0023517","1","0.0023517","E","E","K","Q","*",1,1,1,0,0,0,0
"6896",7159,4012,4012,"a","a","g","g",0.00423728813559322,0.00423728813559322,0.000498504486540379,0.000498504486540379,0.000498504486540379,0,0.000498504486540379,0,0.0047357926221336,0.0047357926221336,0.0047357926221336,0.0047357926221336,"nonsyn","nonsyn","nonsyn",1.77e-05,1.76e-06,1.7e-06,1.7e-06,"0.0041772","0.0034102","0.00353056","1","E","E","G","A","V",1,1,1,0,0,0,0
"6897",7160,3987,3987,"g","a","a","g",0.00100326059694006,0.99899673940306,0,0,0,0,0,0,0.00100326059694006,0.99899673940306,0.00100326059694006,0.99899673940306,"syn","nonsyn","nonsyn",1.77e-05,1.76e-06,1.7e-06,1.7e-06,"1.77177755460708e-05","1","1","1","E","E","E","D","D",0,0,0,0,0,0,0
"6898",7161,4035,4035,"a","a","g","g",0.00247831474597274,0.00247831474597274,0,0,0,0,0,0,0.00247831474597274,0.00247831474597274,0.00247831474597274,0.00247831474597274,"nonsyn","nonsyn","nonsyn",1.77e-05,1.76e-06,1.7e-06,1.7e-06,"0.00714195","1","1","1","I","I","V","L","F",0,0,0,0,0,0,0
"6899",7162,3963,3963,"t","t","c","c",0.00353267726469846,0.00353267726469846,0.000252334090335604,0.000252334090335604,0.000252334090335604,0,0.000252334090335604,0,0.00378501135503407,0.00378501135503407,0.00378501135503407,0.00378501135503407,"nonsyn","nonsyn","nonsyn",1.7e-05,1.07e-06,1.21e-06,1.21e-06,"0.00481221428571429","0.00479523000000001","0.00424041000000001","1","I","I","T","N","S",1,1,1,0,0,0,0
"6900",7163,3959,3959,"c","t","t","c",0.0007577671129073,0.998737054811821,0.000505178075271533,0.000505178075271533,0.000252589037635767,0.000252589037635767,0.000252589037635767,0.000252589037635767,0.00126294518817883,0.999242232887093,0.00126294518817883,0.999242232887093,"syn","syn","nonsyn",1.7e-05,1.07e-06,1.21e-06,1.21e-06,"1.70214972180071e-05","0.002395195","0.00423612999999999","0.00479038999999999","I","I","I","I","M",0,0,0,0,0,0,0
"6901",7164,3963,3964,"c","c","t","t",0.000757002271006813,0.000757002271006813,0,0,0,0,0,0,0.000757002271006813,0.000757002271006813,0.000756811301715439,0.000756811301715439,"syn","nonsyn","nonsyn",4.58e-06,8.37e-07,4.33e-07,4.33e-07,"0.00605018","1","1","1","L","L","L","M","V",0,0,0,0,0,0,0
"6902",7165,3977,3977,"t","t","c","c",0.00326879557455368,0.00326879557455368,0.00226301232084486,0.00226301232084486,0.00176012069399044,0.000502891626854413,0.00176012069399044,0.000502891626854413,0.00553180789539854,0.00553180789539854,0.00553180789539854,0.00553180789539854,"nonsyn","nonsyn","nonsyn",1.7e-05,1.07e-06,1.21e-06,1.21e-06,"0.00520069230769231","0.000534685555555555","0.000607912857142859","0.002406085","L","L","P","Q","R",1,1,1,1,1,0,1
"6903",7166,3994,3994,"g","g","a","a",0.00100150225338007,0.00100150225338007,0.000250375563345017,0.000250375563345017,0.000250375563345017,0,0.000250375563345017,0,0.00125187781672509,0.00125187781672509,0.00125187781672509,0.00125187781672509,"syn","syn","syn",4.2e-06,5.36e-07,1.17e-06,1.17e-06,"0.0041937","0.00467298000000001","0.002140784","1","L","L","L","L","L",0,0,0,0,0,0,0
"6904",7167,3983,3983,"c","c","t","t",0.00225960331408486,0.00225960331408486,0.000251067034898318,0.000251067034898318,0.000251067034898318,0,0.000251067034898318,0,0.00251067034898318,0.00251067034898318,0.00251067034898318,0.00251067034898318,"nonsyn","syn","nonsyn",4.58e-06,8.37e-07,4.33e-07,4.33e-07,"0.00202690444444445","0.001724639","0.003333771","1","R","R","W","R","G",1,0,1,0,0,0,0
"6905",7168,3978,3978,"g","g","a","a",0.00100553041729512,0.00100553041729512,0.000251382604323781,0.000251382604323781,0,0.000251382604323781,0,0.000251382604323781,0.0012569130216189,0.0012569130216189,0.0012569130216189,0.0012569130216189,"nonsyn","nonsyn","nonsyn",4.2e-06,5.36e-07,1.17e-06,1.17e-06,"0.00417690000000001","0.00465426","1","0.00465426","R","R","Q","P","L",1,1,1,0,1,1,0
"6906",7169,3971,3971,"g","g","a","a",0.00100730294636112,0.00100730294636112,0.00025182573659028,0.00025182573659028,0,0.00025182573659028,0,0.00025182573659028,0.0012591286829514,0.0012591286829514,0.0012591286829514,0.0012591286829514,"syn","syn","syn",4.2e-06,5.36e-07,1.17e-06,1.17e-06,"0.00416954999999999","0.00464606999999999","1","0.00464606999999999","R","R","R","R","R",0,0,0,0,0,0,0
"6907",7170,3943,3944,"a","a","g","g",0.00684757798630484,0.00684757798630484,0.000507227998985544,0.000507227998985544,0,0.000507227998985544,0,0.000507227998985544,0.00735480598529039,0.00735480598529039,0.00735294117647059,0.00735294117647059,"nonsyn","nonsyn","stop",1.77e-05,1.76e-06,1.7e-06,1.7e-06,"0.00258485555555556","0.00335155","1","0.00335155","K","K","E","Q","*",1,1,1,0,0,0,0
"6908",7171,3932,3932,"a","a","g","g",0.0618006103763988,0.0618006103763988,0.000254323499491353,0.000254323499491353,0,0.000254323499491353,0,0.000254323499491353,0.0620549338758901,0.0620549338758901,0.0620549338758901,0.0620549338758901,"nonsyn","nonsyn","nonsyn",1.77e-05,1.76e-06,1.7e-06,1.7e-06,"0.000286404938271605","0.0066844","1","0.0066844","K","K","R","T","M",0,1,1,0,1,1,0
"6909",7172,3889,3889,"g","g","a","a",0,0,0.000257135510413988,0.000257135510413988,0.000257135510413988,0,0.000257135510413988,0,0.000257135510413988,0.000257135510413988,0.000257135510413988,0.000257135510413988,"syn","nonsyn","nonsyn",4.2e-06,5.36e-07,1.17e-06,1.17e-06,"1","0.00455013","0.002084504","1","K","K","K","N","N",0,1,1,0,0,0,0
"6910",7173,3912,3912,"t","t","c","c",0.00383435582822086,0.00383435582822086,0.000511247443762781,0.000511247443762781,0,0.000511247443762781,0,0.000511247443762781,0.00434560327198364,0.00434560327198364,0.00434560327198364,0.00434560327198364,"nonsyn","nonsyn","nonsyn",1.7e-05,1.07e-06,1.21e-06,1.21e-06,"0.0044336","0.00236676","1","0.00236676","S","S","P","T","A",1,0,1,0,0,0,0
"6911",7174,3926,3926,"c","c","t","t",0.000509424350483953,0.000509424350483953,0,0,0,0,0,0,0.000509424350483953,0.000509424350483953,0.000509424350483953,0.000509424350483953,"nonsyn","nonsyn","nonsyn",4.58e-06,8.37e-07,4.33e-07,4.33e-07,"0.00899054","1","1","1","S","S","F","Y","C",1,1,1,0,0,0,0
"6912",7175,3928,3928,"t","t","c","c",0.00356415478615071,0.00356415478615071,0.0010183299389002,0.0010183299389002,0.000763747454175153,0.000254582484725051,0.000763747454175153,0.000254582484725051,0.00458248472505092,0.00458248472505092,0.00458248472505092,0.00458248472505092,"syn","syn","syn",1.7e-05,1.07e-06,1.21e-06,1.21e-06,"0.00476971428571429","0.00118822","0.00140098666666667","0.00475288","S","S","S","S","S",0,0,0,0,1,0,1
"6913",7176,3950,3950,"c","c","t","t",0.0010126582278481,0.0010126582278481,0.000253164556962025,0.000253164556962025,0,0.000253164556962025,0,0.000253164556962025,0.00126582278481013,0.00126582278481013,0.00126582278481013,0.00126582278481013,"nonsyn","syn","nonsyn",4.58e-06,8.37e-07,4.33e-07,4.33e-07,"0.00452275000000001","0.00171035","1","0.00171035","R","R","W","R","G",1,0,1,0,0,0,0
"6914",7177,3953,3953,"g","g","a","a",0.00177080698203896,0.00177080698203896,0.000252972426005565,0.000252972426005565,0,0.000252972426005565,0,0.000252972426005565,0.00202377940804452,0.00202377940804452,0.00202377940804452,0.00202377940804452,"nonsyn","nonsyn","nonsyn",4.2e-06,5.36e-07,1.17e-06,1.17e-06,"0.0023718","0.00462501000000001","1","0.00462501000000001","R","R","Q","P","L",1,1,1,0,1,1,0
"6915",7178,3953,3953,"g","g","a","a",0.00126486213002783,0.00126486213002783,0,0,0,0,0,0,0.00126486213002783,0.00126486213002783,0.00126486213002783,0.00126486213002783,"syn","syn","syn",4.2e-06,5.36e-07,1.17e-06,1.17e-06,"0.00332051999999999","1","1","1","R","R","R","R","R",0,0,0,0,0,0,0
"6916",7179,3936,3936,"a","a","g","g",0.0038109756097561,0.0038109756097561,0.000254065040650407,0.000254065040650407,0,0.000254065040650407,0,0.000254065040650407,0.0040650406504065,0.0040650406504065,0.0040650406504065,0.0040650406504065,"nonsyn","syn","stop",1.77e-05,1.76e-06,1.7e-06,1.7e-06,"0.00464448","0.00669119999999999","1","0.00669119999999999","R","R","G","R","*",1,0,1,0,1,1,0
"6917",7180,3937,3937,"g","g","a","a",0.00228600457200914,0.00228600457200914,0,0,0,0,0,0,0.00228600457200914,0.00228600457200914,0.00228600457200914,0.00228600457200914,"nonsyn","nonsyn","nonsyn",4.2e-06,5.36e-07,1.17e-06,1.17e-06,"0.00183726666666667","1","1","1","R","R","K","T","I",0,1,1,0,0,0,0
"6918",7181,3929,3929,"a","a","g","g",0.00279969457877322,0.00279969457877322,0,0,0,0,0,0,0.00279969457877322,0.00279969457877322,0.00279969457877322,0.00279969457877322,"syn","nonsyn","nonsyn",1.77e-05,1.76e-06,1.7e-06,1.7e-06,"0.00632211818181819","1","1","1","R","R","R","S","S",0,1,1,0,0,0,0
"6919",7182,3918,3920,"t","t","c","c",0.0035732516590097,0.0035732516590097,0.000255232261357836,0.000255232261357836,0,0.000255232261357836,0,0.000255232261357836,0.00382848392036753,0.00382848392036753,0.0038265306122449,0.0038265306122449,"nonsyn","nonsyn","nonsyn",1.7e-05,1.07e-06,1.21e-06,1.21e-06,"0.00475757142857143","0.00474077999999999","1","0.00474077999999999","F","F","L","I","V",0,0,0,0,0,0,0
"6920",7183,3935,3935,"t","t","c","c",0.00660736975857687,0.00660736975857687,0.00559085133418043,0.00559085133418043,0.00559085133418043,0,0.00559085133418043,0,0.0121982210927573,0.0121982210927573,0.0121982210927573,0.0121982210927573,"nonsyn","nonsyn","nonsyn",1.7e-05,1.07e-06,1.21e-06,1.21e-06,"0.00257288461538462","0.000216425","0.000191384090909091","1","F","F","S","Y","C",1,0,1,0,0,0,0
"6921",7184,3409,3409,"t","c","c","t",0.413611029627457,0.584628923437958,0.00176004693458492,0.00176004693458492,0.00146670577882077,0.000293341155764154,0.00146670577882077,0.000293341155764154,0.415371076562042,0.586388970372543,0.415371076562042,0.586388970372543,"syn","nonsyn","nonsyn",4.58e-06,8.37e-07,4.33e-07,4.33e-07,"7.8340291018565e-06","0.000246016166666667","0.000570666599999999","0.001476097","F","F","F","L","L",0,0,0,0,0,0,0
"6922",7185,3658,3658,"a","g","g","a",0.00355385456533625,0.995899398578458,0.000546746856205577,0.000546746856205577,0.000273373428102788,0.000273373428102788,0.000273373428102788,0.000273373428102788,0.00410060142154183,0.996446145434664,0.00410060142154183,0.996446145434664,"nonsyn","nonsyn","nonsyn",4.2e-06,5.36e-07,1.17e-06,1.17e-06,"4.21729343947296e-06","0.00213993","0.001960688","0.00427986000000001","T","A","T","P","S",1,1,1,0,0,0,0
"6923",7186,3665,3665,"c","c","t","t",0.000545702592087312,0.000545702592087312,0.000272851296043656,0.000272851296043656,0,0.000272851296043656,0,0.000272851296043656,0.000818553888130969,0.000818553888130969,0.000818553888130969,0.000818553888130969,"nonsyn","nonsyn","nonsyn",4.58e-06,8.37e-07,4.33e-07,4.33e-07,"0.00839285000000001","0.001586945","1","0.001586945","T","A","V","D","G",0,1,1,0,0,0,0
"6924",7187,3654,3655,"t","c","c","t",0.00246305418719212,0.996989600437876,0.000547345374931582,0.000547345374931582,0.000273672687465791,0.000273672687465791,0.000273672687465791,0.000273672687465791,0.0030103995621237,0.997536945812808,0.00300957592339261,0.997264021887825,"syn","syn","syn",4.58e-06,8.37e-07,4.33e-07,4.33e-07,"4.59382926159759e-06","0.000791091","0.003058398","0.001582182","T","A","A","A","A",0,0,0,0,1,0,1
"6925",7188,3636,3636,"c","c","t","t",0.00055005500550055,0.00055005500550055,0.000275027502750275,0.000275027502750275,0.000275027502750275,0,0.000275027502750275,0,0.000825082508250825,0.000825082508250825,0.000825082508250825,0.000825082508250825,"nonsyn","syn","nonsyn",4.58e-06,8.37e-07,4.33e-07,4.33e-07,"0.00832644","0.001574388","0.003043332","1","P","R","W","R","G",1,0,1,0,1,0,1
"6926",7189,3617,3617,"c","g","t","a",0.00248824993088195,0.00110588885816975,0.00110588885816975,0.99889411114183,0.00110588885816975,0,0.996405861210948,0.00248824993088195,0.0035941387890517,1,0.0035941387890517,1,"nonsyn","nonsyn","nonsyn",4.2e-06,5.36e-07,1.17e-06,1.17e-06,"0.00379785000000001","1.17129532244672e-06","5.37933407325194e-07","0.000470209999999999","P","R","Q","P","L",1,1,1,0,1,1,0
"6927",7190,3601,3601,"g","g","a","a",0.00222160510969175,0.00222160510969175,0,0,0,0,0,0,0.00222160510969175,0.00222160510969175,0.00222160510969175,0.00222160510969175,"syn","syn","syn",4.2e-06,5.36e-07,1.17e-06,1.17e-06,"0.001890525","1","1","1","P","R","R","R","R",0,0,0,0,1,1,0
"6928",7191,3569,3569,"g","g","a","a",0.00196133370692071,0.00196133370692071,0,0,0,0,0,0,0.00196133370692071,0.00196133370692071,0.00196133370692071,0.00196133370692071,"nonsyn","nonsyn","nonsyn",4.2e-06,5.36e-07,1.17e-06,1.17e-06,"0.0021414","1","1","1","A","A","T","P","S",1,1,1,0,0,0,0
"6929",7192,3628,3628,"c","c","t","t",0.00330760749724366,0.00330760749724366,0.000275633958103638,0.000275633958103638,0,0.000275633958103638,0,0.000275633958103638,0.0035832414553473,0.0035832414553473,0.0035832414553473,0.0035832414553473,"nonsyn","nonsyn","nonsyn",4.58e-06,8.37e-07,4.33e-07,4.33e-07,"0.00138468666666667","0.001570924","1","0.001570924","A","A","V","D","G",0,1,1,0,0,0,0
"6930",7193,3635,3635,"c","c","t","t",0.000825309491059147,0.000825309491059147,0.000550206327372765,0.000550206327372765,0.000550206327372765,0,0.000550206327372765,0,0.00137551581843191,0.00137551581843191,0.00137551581843191,0.00137551581843191,"syn","syn","syn",4.58e-06,8.37e-07,4.33e-07,4.33e-07,"0.00554943333333334","0.0007869775","0.0015212475","1","A","A","A","A","A",0,0,0,0,1,0,1
"6931",7194,3680,3680,"c","c","t","t",0.000543478260869565,0.000543478260869565,0.000271739130434783,0.000271739130434783,0,0.000271739130434783,0,0.000271739130434783,0.000815217391304348,0.000815217391304348,0.000815217391304348,0.000815217391304348,"syn","nonsyn","nonsyn",4.58e-06,8.37e-07,4.33e-07,4.33e-07,"0.0084272","0.00159344","1","0.00159344","L","L","L","M","V",0,0,0,0,1,0,1
"6932",7195,3698,3699,"t","t","c","c",0.00297458085451595,0.00297458085451595,0.00243374797187669,0.00243374797187669,0.00216333153055706,0.000270416441319632,0.00216333153055706,0.000270416441319632,0.00540832882639264,0.00540832882639264,0.00540686672073533,0.00540686672073533,"nonsyn","nonsyn","nonsyn",1.7e-05,1.07e-06,1.21e-06,1.21e-06,"0.00571509090909092","0.000497175555555556","0.000494607499999999","0.00447458","L","L","P","Q","R",1,1,1,1,1,0,1
"6933",7196,3775,3775,"g","g","a","a",0.00158940397350993,0.00158940397350993,0,0,0,0,0,0,0.00158940397350993,0.00158940397350993,0.00158940397350993,0.00158940397350993,"syn","syn","syn",4.2e-06,5.36e-07,1.17e-06,1.17e-06,"0.00264250000000001","1","1","1","L","L","L","L","L",0,0,0,0,0,0,0
"6934",7197,3782,3782,"c","c","t","t",0.00423056583818086,0.00423056583818086,0.000264410364886304,0.000264410364886304,0,0.000264410364886304,0,0.000264410364886304,0.00449497620306716,0.00449497620306716,0.00449497620306716,0.00449497620306716,"nonsyn","nonsyn","nonsyn",4.58e-06,8.37e-07,4.33e-07,4.33e-07,"0.0010825975","0.001637606","1","0.001637606","P","P","S","T","A",1,1,1,0,0,0,0
"6935",7198,3813,3813,"c","c","t","t",0.002098085496984,0.002098085496984,0.001049042748492,0.001049042748492,0.000786782061369001,0.000262260687123,0.000786782061369001,0.000262260687123,0.003147128245476,0.003147128245476,0.003147128245476,0.003147128245476,"nonsyn","nonsyn","nonsyn",4.58e-06,8.37e-07,4.33e-07,4.33e-07,"0.0021829425","0.00041275725","0.001063827","0.001651029","P","P","L","H","R",1,1,1,0,1,0,1
"6936",7199,3816,3816,"c","c","t","t",0.00183438155136268,0.00183438155136268,0.000786163522012579,0.000786163522012579,0.000524109014675052,0.000262054507337526,0.000524109014675052,0.000262054507337526,0.00262054507337526,0.00262054507337526,0.00262054507337526,0.00262054507337526,"syn","syn","syn",4.58e-06,8.37e-07,4.33e-07,4.33e-07,"0.00249675428571429","0.000550776","0.001596996","0.001652328","P","P","P","P","P",0,0,0,0,1,0,1
"6937",7200,3792,3793,"a","g","g","a",0.00105485232067511,0.998681434599156,0.000263713080168776,0.000263713080168776,0,0.000263713080168776,0,0.000263713080168776,0.00131856540084388,0.998945147679325,0.00131821776957553,0.998681782230424,"nonsyn","nonsyn","nonsyn",4.2e-06,5.36e-07,1.17e-06,1.17e-06,"4.20554528650647e-06","0.00443664000000001","1","0.00443664000000001","I","V","I","L","F",0,0,0,0,0,0,0
"6938",7201,3817,3819,"t","t","c","c",0.00366780193869531,0.00366780193869531,0.000261985852763951,0.000261985852763951,0.000261985852763951,0,0.000261985852763951,0,0.00392978779145926,0.00392978779145926,0.00392772977219167,0.00392772977219167,"nonsyn","nonsyn","nonsyn",1.7e-05,1.07e-06,1.21e-06,1.21e-06,"0.00463492857142857","0.00461857","0.00408419","1","I","V","A","D","G",0,1,1,0,0,0,0
"6939",7202,3792,3792,"t","c","c","t",0.00263713080168776,0.996835443037975,0.000527426160337553,0.000527426160337553,0.000527426160337553,0,0.000527426160337553,0,0.00316455696202532,0.997362869198312,0.00316455696202532,0.997362869198312,"syn","syn","syn",4.58e-06,8.37e-07,4.33e-07,4.33e-07,"4.59453968253968e-06","0.000820968","0.001586952","1","I","V","V","V","V",0,0,0,0,0,0,0
"6940",7203,3796,3796,"t","t","c","c",0.000526870389884088,0.000526870389884088,0.000263435194942044,0.000263435194942044,0.000263435194942044,0,0.000263435194942044,0,0.000790305584826133,0.000790305584826133,0.000790305584826133,0.000790305584826133,"nonsyn","nonsyn","nonsyn",1.7e-05,1.07e-06,1.21e-06,1.21e-06,"0.032266","0.00459316","0.00406172","1","W","W","R","R","G",1,1,1,1,1,0,1
"6941",7204,3795,3795,"g","g","a","a",0.000527009222661397,0.000527009222661397,0.000790513833992095,0.000790513833992095,0,0.000790513833992095,0,0.000790513833992095,0.00131752305665349,0.00131752305665349,0.00131752305665349,0.00131752305665349,"stop","nonsyn","nonsyn",4.2e-06,5.36e-07,1.17e-06,1.17e-06,"0.00796949999999999","0.00148005","1","0.00148005","W","W","*","S","L",1,1,0,0,1,1,0
"6942",7205,3789,3789,"g","g","a","a",0.00184745315386646,0.00184745315386646,0.000527843758247559,0.000527843758247559,0,0.000527843758247559,0,0.000527843758247559,0.00237529691211401,0.00237529691211401,0.00237529691211401,0.00237529691211401,"stop","nonsyn","nonsyn",4.2e-06,5.36e-07,1.17e-06,1.17e-06,"0.00227339999999999","0.002216565","1","0.002216565","W","W","*","C","C",1,1,1,0,1,1,0
"6943",7206,3740,3740,"g","g","a","a",0.00267379679144385,0.00267379679144385,0,0,0,0,0,0,0.00267379679144385,0.00267379679144385,0.00267379679144385,0.00267379679144385,"nonsyn","nonsyn","nonsyn",4.2e-06,5.36e-07,1.17e-06,1.17e-06,"0.0015708","1","1","1","A","A","T","P","S",1,1,1,0,0,0,0
"6944",7207,3727,3727,"c","c","t","t",0.00295143547088811,0.00295143547088811,0,0,0,0,0,0,0.00295143547088811,0.00295143547088811,0.00295143547088811,0.00295143547088811,"nonsyn","nonsyn","nonsyn",4.58e-06,8.37e-07,4.33e-07,4.33e-07,"0.00155178727272727","1","1","1","A","A","V","E","G",0,1,1,0,0,0,0
"6945",7208,3697,3697,"g","g","a","a",0.00216391668920747,0.00216391668920747,0.000270489586150933,0.000270489586150933,0,0.000270489586150933,0,0.000270489586150933,0.0024344062753584,0.0024344062753584,0.0024344062753584,0.0024344062753584,"syn","syn","syn",4.2e-06,5.36e-07,1.17e-06,1.17e-06,"0.001940925","0.00432549","1","0.00432549","A","A","A","A","A",0,0,0,0,0,0,0
"6946",7209,3689,3689,"c","c","t","t",0.00243968555164001,0.00243968555164001,0.000542152344808891,0.000542152344808891,0,0.000542152344808891,0,0.000542152344808891,0.0029818378964489,0.0029818378964489,0.0029818378964489,0.0029818378964489,"nonsyn","syn","nonsyn",4.58e-06,8.37e-07,4.33e-07,4.33e-07,"0.00187729111111111","0.0007986685","1","0.0007986685","R","R","W","R","G",1,0,1,0,0,0,0
"6947",7210,3699,3699,"g","g","a","a",0.0016220600162206,0.0016220600162206,0,0,0,0,0,0,0.0016220600162206,0.0016220600162206,0.0016220600162206,0.0016220600162206,"nonsyn","nonsyn","nonsyn",4.2e-06,5.36e-07,1.17e-06,1.17e-06,"0.0025893","1","1","1","R","R","Q","P","L",1,1,1,0,1,1,0
"6948",7211,3701,3701,"g","g","a","a",0.00378276141583356,0.00378276141583356,0.00135098621994056,0.00135098621994056,0.000810591731964334,0.000540394487976223,0.000810591731964334,0.000540394487976223,0.00513374763577411,0.00513374763577411,0.00513374763577411,0.00513374763577411,"syn","syn","syn",4.2e-06,5.36e-07,1.17e-06,1.17e-06,"0.0011103","0.000866033999999998","0.000661245333333333","0.002165085","R","R","R","R","R",0,0,0,0,0,0,0
"6949",7212,3699,3699,"c","c","t","t",0.0016220600162206,0.0016220600162206,0.000540686672073533,0.000540686672073533,0.000540686672073533,0,0.000540686672073533,0,0.00216274668829413,0.00216274668829413,0.00216274668829413,0.00216274668829413,"nonsyn","nonsyn","nonsyn",4.58e-06,8.37e-07,4.33e-07,4.33e-07,"0.00282357","0.000800833500000001","0.0015480315","1","P","P","S","T","A",1,1,1,0,0,0,0
"6950",7213,3715,3715,"c","c","t","t",0.00107671601615074,0.00107671601615074,0,0,0,0,0,0,0.00107671601615074,0.00107671601615074,0.00107671601615074,0.00107671601615074,"nonsyn","nonsyn","nonsyn",4.58e-06,8.37e-07,4.33e-07,4.33e-07,"0.004253675","1","1","1","P","P","L","Q","R",1,1,1,0,1,0,1
"6951",7214,3729,3729,"g","g","a","a",0.00214534727809064,0.00214534727809064,0.00080450522928399,0.00080450522928399,0,0.00080450522928399,0,0.00080450522928399,0.00294985250737463,0.00294985250737463,0.00294985250737463,0.00294985250737463,"syn","syn","syn",4.2e-06,5.36e-07,1.17e-06,1.17e-06,"0.001957725","0.00145431","1","0.00145431","P","P","P","P","P",0,0,0,0,1,1,0
"6952",7215,3724,3724,"g","g","a","a",0.00134264232008593,0.00134264232008593,0.000268528464017186,0.000268528464017186,0,0.000268528464017186,0,0.000268528464017186,0.00161117078410311,0.00161117078410311,0.00161117078410311,0.00161117078410311,"nonsyn","nonsyn","nonsyn",4.2e-06,5.36e-07,1.17e-06,1.17e-06,"0.00312816","0.00435708","1","0.00435708","D","D","N","H","Y",1,1,1,0,0,0,0
"6953",7216,3711,3711,"a","a","g","g",0.00538938291565616,0.00538938291565616,0.000269469145782808,0.000269469145782808,0,0.000269469145782808,0,0.000269469145782808,0.00565885206143896,0.00565885206143896,0.00565885206143896,0.00565885206143896,"nonsyn","nonsyn","nonsyn",1.77e-05,1.76e-06,1.7e-06,1.7e-06,"0.003284235","0.0063087","1","0.0063087","D","D","G","A","V",1,1,1,0,0,0,0
"6954",7217,3732,3732,"c","c","t","t",0.000803858520900322,0.000803858520900322,0,0,0,0,0,0,0.000803858520900322,0.000803858520900322,0.000803858520900322,0.000803858520900322,"syn","nonsyn","nonsyn",4.58e-06,8.37e-07,4.33e-07,4.33e-07,"0.00569752","1","1","1","D","D","D","E","E",0,0,0,0,0,0,0
"6955",7218,3722,3722,"t","t","c","c",0.00188070929607738,0.00188070929607738,0.000537345513164965,0.000537345513164965,0.000537345513164965,0,0.000537345513164965,0,0.00241805480924234,0.00241805480924234,0.00241805480924234,0.00241805480924234,"nonsyn","nonsyn","nonsyn",1.7e-05,1.07e-06,1.21e-06,1.21e-06,"0.00903914285714285","0.00225181","0.00199127","1","Y","Y","H","N","D",1,1,1,0,1,0,1
"6956",7219,3672,3672,"a","a","g","g",0.00190631808278867,0.00190631808278867,0,0,0,0,0,0,0.00190631808278867,0.00190631808278867,0.00190631808278867,0.00190631808278867,"nonsyn","nonsyn","nonsyn",1.77e-05,1.76e-06,1.7e-06,1.7e-06,"0.00928491428571429","1","1","1","Y","Y","C","S","F",1,1,0,0,0,0,0
"6957",7220,3641,3641,"t","c","c","t",0.00302114803625378,0.996704202142269,0.000274649821477616,0.000274649821477616,0.000274649821477616,0,0.000274649821477616,0,0.00329579785773139,0.996978851963746,0.00329579785773139,0.996978851963746,"syn","stop","stop",4.58e-06,8.37e-07,4.33e-07,4.33e-07,"4.5951446679526e-06","0.001576553","0.003047517","1","Y","Y","Y","*","*",0,1,1,0,0,0,0
"6958",7221,3590,3592,"a","a","g","g",0.00417827298050139,0.00417827298050139,0.0011142061281337,0.0011142061281337,0.000557103064066852,0.000557103064066852,0.000557103064066852,0.000557103064066852,0.0052924791086351,0.0052924791086351,0.00528953229398664,0.00528953229398664,"nonsyn","nonsyn","nonsyn",1.77e-05,1.76e-06,1.7e-06,1.7e-06,"0.0042362","0.00152575000000001","0.0031592","0.0030515","N","N","D","H","Y",1,1,1,1,0,0,0
"6959",7222,3557,3558,"a","a","g","g",0.00618498734888951,0.00618498734888951,0.00112454315434355,0.00112454315434355,0.000562271577171774,0.000562271577171774,0.000562271577171774,0.000562271577171774,0.00730953050323306,0.00730953050323306,0.00730747611017426,0.00730747611017426,"nonsyn","nonsyn","nonsyn",1.77e-05,1.76e-06,1.7e-06,1.7e-06,"0.00286176818181818","0.001511725","0.00313016","0.00302345","N","N","S","T","I",0,0,1,0,0,0,0
"6960",7223,3613,3634,"c","c","t","t",0.0434541931912538,0.0434541931912538,0.000830334901743703,0.000830334901743703,0.000830334901743703,0,0.000830334901743703,0,0.0442845280929975,0.0442845280929975,0.0440286186020914,0.0440286186020914,"syn","nonsyn","nonsyn",4.58e-06,8.37e-07,4.33e-07,4.33e-07,"0.000105398343949045","0.000521476333333334","0.001008027","1","N","N","N","K","K",0,1,1,0,0,0,0
"6961",7224,3651,3651,"c","c","t","t",0.000547795124623391,0.000547795124623391,0.000547795124623391,0.000547795124623391,0.000547795124623391,0,0.000547795124623391,0,0.00109559024924678,0.00109559024924678,0.00109559024924678,0.00109559024924678,"nonsyn","nonsyn","nonsyn",4.58e-06,8.37e-07,4.33e-07,4.33e-07,"0.00836079","0.0007904415","0.0015279435","1","P","P","S","T","A",1,1,1,0,1,0,1
"6962",7225,3616,3616,"c","c","t","t",0.00138274336283186,0.00138274336283186,0.000553097345132743,0.000553097345132743,0.000553097345132743,0,0.000553097345132743,0,0.0019358407079646,0.0019358407079646,0.0019358407079646,0.0019358407079646,"nonsyn","nonsyn","nonsyn",4.58e-06,8.37e-07,4.33e-07,4.33e-07,"0.003312256","0.000782864000000001","0.001513296","1","P","P","L","H","R",1,1,1,0,1,0,1
"6963",7226,3583,3583,"c","c","t","t",0.00139547864917667,0.00139547864917667,0.00139547864917667,0.00139547864917667,0.00111638291934133,0.000279095729835334,0.00111638291934133,0.000279095729835334,0.00279095729835334,0.00279095729835334,0.00279095729835334,0.00279095729835334,"syn","syn","syn",4.58e-06,8.37e-07,4.33e-07,4.33e-07,"0.00328202799999999","0.000310287799999999","0.000749742750000003","0.001551439","P","P","P","P","P",0,0,0,0,1,0,1
"6964",7227,3549,3549,"c","c","t","t",0.00140884756269372,0.00140884756269372,0.000281769512538743,0.000281769512538743,0.000281769512538743,0,0.000281769512538743,0,0.00169061707523246,0.00169061707523246,0.00169061707523246,0.00169061707523246,"nonsyn","nonsyn","nonsyn",4.58e-06,8.37e-07,4.33e-07,4.33e-07,"0.00325088399999999","0.001536717","0.002970513","1","P","P","S","T","A",1,1,1,0,1,0,1
"6965",7228,3551,3551,"c","c","t","t",0.00140805406927626,0.00140805406927626,0.000281610813855252,0.000281610813855252,0.000281610813855252,0,0.000281610813855252,0,0.00168966488313151,0.00168966488313151,0.00168966488313151,0.00168966488313151,"nonsyn","nonsyn","nonsyn",4.58e-06,8.37e-07,4.33e-07,4.33e-07,"0.003252716","0.001537583","0.002972187","1","P","P","L","Q","R",1,1,1,0,1,0,1
"6966",7229,3570,3570,"g","g","a","a",0.00140056022408964,0.00140056022408964,0.000280112044817927,0.000280112044817927,0,0.000280112044817927,0,0.000280112044817927,0.00168067226890756,0.00168067226890756,0.00168067226890756,0.00168067226890756,"syn","syn","syn",4.2e-06,5.36e-07,1.17e-06,1.17e-06,"0.00299879999999999","0.0041769","1","0.0041769","P","P","P","P","P",0,0,0,0,0,0,0
"6967",7230,3568,3568,"c","c","t","t",0.000840807174887892,0.000840807174887892,0,0,0,0,0,0,0.000840807174887892,0.000840807174887892,0.000840807174887892,0.000840807174887892,"syn","nonsyn","nonsyn",4.58e-06,8.37e-07,4.33e-07,4.33e-07,"0.00544714666666667","1","1","1","L","L","L","I","V",0,0,0,0,0,0,0
"6968",7231,3618,3618,"t","t","c","c",0.0033167495854063,0.0033167495854063,0.000829187396351575,0.000829187396351575,0.000552791597567717,0.000276395798783858,0.000552791597567717,0.000276395798783858,0.00414593698175788,0.00414593698175788,0.00414593698175788,0.00414593698175788,"nonsyn","nonsyn","nonsyn",1.7e-05,1.07e-06,1.21e-06,1.21e-06,"0.0051255","0.00145926","0.00193563","0.00437778000000001","L","L","P","Q","R",1,1,1,0,1,0,1
"6969",7232,3595,3595,"g","a","a","g",0.000556328233657858,0.999443671766342,0,0,0,0,0,0,0.000556328233657858,0.999443671766342,0.000556328233657858,0.999443671766342,"syn","syn","syn",1.77e-05,1.76e-06,1.7e-06,1.7e-06,"1.77098524909546e-05","1","1","1","L","L","L","L","L",0,0,0,0,1,1,0
"6970",7233,3553,3553,"a","g","g","a",0.0920349000844357,0.907683647621728,0.000281452293836195,0.000281452293836195,0,0.000281452293836195,0,0.000281452293836195,0.0923163523782719,0.907965099915564,0.0923163523782719,0.907965099915564,"nonsyn","nonsyn","nonsyn",4.2e-06,5.36e-07,1.17e-06,1.17e-06,"4.62716279069767e-06","0.00415701","1","0.00415701","I","V","I","L","L",0,0,0,0,0,0,0
"6971",7234,3572,3572,"t","t","c","c",0.00279955207166853,0.00279955207166853,0,0,0,0,0,0,0.00279955207166853,0.00279955207166853,0.00279955207166853,0.00279955207166853,"nonsyn","nonsyn","nonsyn",1.7e-05,1.07e-06,1.21e-06,1.21e-06,"0.00607240000000001","1","1","1","I","V","A","E","G",0,1,1,0,0,0,0
"6972",7235,3618,3618,"a","a","g","g",0.00608070757324489,0.00608070757324489,0.000552791597567717,0.000552791597567717,0,0.000552791597567717,0,0.000552791597567717,0.0066334991708126,0.0066334991708126,0.0066334991708126,0.0066334991708126,"syn","syn","syn",1.77e-05,1.76e-06,1.7e-06,1.7e-06,"0.00291084545454545","0.0030753","1","0.0030753","I","V","V","V","V",0,0,0,0,1,1,0
"6973",7236,3551,3551,"g","g","a","a",0,0,0.000563221627710504,0.000563221627710504,0,0.000563221627710504,0,0.000563221627710504,0.000563221627710504,0.000563221627710504,0.000563221627710504,0.000563221627710504,"nonsyn","nonsyn","stop",4.2e-06,5.36e-07,1.17e-06,1.17e-06,"1","0.002077335","1","0.002077335","E","E","K","Q","*",1,1,1,0,0,0,0
"6974",7237,3553,3553,"a","a","g","g",0.00225161835068956,0.00225161835068956,0.00112580917534478,0.00112580917534478,0.000281452293836195,0.000844356881508584,0.000281452293836195,0.000844356881508584,0.00337742752603434,0.00337742752603434,0.00337742752603434,0.00337742752603434,"nonsyn","nonsyn","nonsyn",1.77e-05,1.76e-06,1.7e-06,1.7e-06,"0.00786101249999999","0.001510025","0.00625328","0.00201336666666667","E","E","G","A","V",1,1,1,0,1,1,0
"6975",7238,3515,3515,"g","g","a","a",0.00142247510668563,0.00142247510668563,0.000284495021337127,0.000284495021337127,0,0.000284495021337127,0,0.000284495021337127,0.00170697012802276,0.00170697012802276,0.00170697012802276,0.00170697012802276,"syn","nonsyn","nonsyn",4.2e-06,5.36e-07,1.17e-06,1.17e-06,"0.00295260000000001","0.00411254999999999","1","0.00411254999999999","E","E","E","D","D",0,0,0,0,0,0,0
"6976",7239,3511,3511,"a","a","g","g",0.00598120193677015,0.00598120193677015,0,0,0,0,0,0,0.00598120193677015,0.00598120193677015,0.00598120193677015,0.00598120193677015,"nonsyn","nonsyn","nonsyn",1.77e-05,1.76e-06,1.7e-06,1.7e-06,"0.00295927142857143","1","1","1","T","T","A","P","S",1,1,0,0,0,0,0
"6977",7240,3518,3518,"c","c","t","t",0.00255827174530984,0.00255827174530984,0,0,0,0,0,0,0.00255827174530984,0.00255827174530984,0.00255827174530984,0.00255827174530984,"nonsyn","nonsyn","nonsyn",4.58e-06,8.37e-07,4.33e-07,4.33e-07,"0.00179027111111111","1","1","1","T","T","M","K","R",1,1,1,0,0,0,0
"6978",7241,3506,3506,"g","g","a","a",0.00456360524814604,0.00456360524814604,0.00256702795208214,0.00256702795208214,0.00228180262407302,0.000285225328009127,0.00228180262407302,0.000285225328009127,0.00713063320022818,0.00713063320022818,0.00713063320022818,0.00713063320022818,"syn","syn","syn",4.2e-06,5.36e-07,1.17e-06,1.17e-06,"0.000920324999999999","0.000455780000000001","0.000234902","0.00410202","T","T","T","T","T",0,0,0,0,0,0,0
"6979",7242,3488,3488,"t","t","c","c",0.00200688073394495,0.00200688073394495,0.000573394495412844,0.000573394495412844,0.000573394495412844,0,0.000573394495412844,0,0.0025802752293578,0.0025802752293578,0.0025802752293578,0.0025802752293578,"nonsyn","nonsyn","nonsyn",1.7e-05,1.07e-06,1.21e-06,1.21e-06,"0.00847085714285716","0.00211024","0.00186608","1","W","W","R","R","G",1,1,1,1,0,0,0
"6980",7243,3497,3497,"g","g","a","a",0.000285959393766085,0.000285959393766085,0.000285959393766085,0.000285959393766085,0,0.000285959393766085,0,0.000285959393766085,0.00057191878753217,0.00057191878753217,0.00057191878753217,0.00057191878753217,"stop","nonsyn","nonsyn",4.2e-06,5.36e-07,1.17e-06,1.17e-06,"0.0146874","0.00409149","1","0.00409149","W","W","*","S","L",1,1,0,0,1,1,0
"6981",7244,3549,3549,"g","g","a","a",0.00140884756269372,0.00140884756269372,0.000281769512538743,0.000281769512538743,0,0.000281769512538743,0,0.000281769512538743,0.00169061707523246,0.00169061707523246,0.00169061707523246,0.00169061707523246,"stop","nonsyn","nonsyn",4.2e-06,5.36e-07,1.17e-06,1.17e-06,"0.00298115999999999","0.00415233","1","0.00415233","W","W","*","C","C",1,1,1,0,0,0,0
"6982",7245,3525,3538,"a","a","g","g",0.0051063829787234,0.0051063829787234,0.000283687943262411,0.000283687943262411,0,0.000283687943262411,0,0.000283687943262411,0.00539007092198582,0.00539007092198582,0.00537026568682872,0.00537026568682872,"nonsyn","nonsyn","stop",1.77e-05,1.76e-06,1.7e-06,1.7e-06,"0.00346625","0.00599250000000001","1","0.00599250000000001","K","K","E","Q","*",1,1,1,0,0,0,0
"6983",7246,3516,3516,"a","a","g","g",0.0187713310580205,0.0187713310580205,0.000853242320819113,0.000853242320819113,0,0.000853242320819113,0,0.000853242320819113,0.0196245733788396,0.0196245733788396,0.0196245733788396,0.0196245733788396,"nonsyn","nonsyn","nonsyn",1.77e-05,1.76e-06,1.7e-06,1.7e-06,"0.000942927272727272","0.0019924","1","0.0019924","K","K","R","T","I",0,1,1,0,0,0,0
"6984",7247,3450,3450,"a","a","g","g",0.396231884057971,0.396231884057971,0.000289855072463768,0.000289855072463768,0,0.000289855072463768,0,0.000289855072463768,0.396521739130435,0.396521739130435,0.396521739130435,0.396521739130435,"syn","nonsyn","nonsyn",1.77e-05,1.76e-06,1.7e-06,1.7e-06,"4.46708119970739e-05","0.005865","1","0.005865","K","K","K","N","N",0,1,1,0,0,0,0
"6985",7248,3293,3293,"a","a","g","g",0.00212572122684482,0.00212572122684482,0,0,0,0,0,0,0.00212572122684482,0.00212572122684482,0.00212572122684482,0.00212572122684482,"nonsyn","nonsyn","stop",1.77e-05,1.76e-06,1.7e-06,1.7e-06,"0.00832658571428572","1","1","1","K","K","E","Q","*",1,1,1,0,0,0,0
"6986",7249,3377,3377,"a","a","g","g",0.0053301747112822,0.0053301747112822,0.000296120817293456,0.000296120817293456,0,0.000296120817293456,0,0.000296120817293456,0.00562629552857566,0.00562629552857566,0.00562629552857566,0.00562629552857566,"nonsyn","nonsyn","nonsyn",1.77e-05,1.76e-06,1.7e-06,1.7e-06,"0.00332071666666667","0.00574089999999999","1","0.00574089999999999","K","K","R","T","M",0,1,1,0,1,1,0
"6987",7250,3368,3368,"g","g","a","a",0.00118764845605701,0.00118764845605701,0.000296912114014252,0.000296912114014252,0,0.000296912114014252,0,0.000296912114014252,0.00148456057007126,0.00148456057007126,0.00148456057007126,0.00148456057007126,"syn","nonsyn","nonsyn",4.2e-06,5.36e-07,1.17e-06,1.17e-06,"0.00353639999999999","0.00394056","1","0.00394056","K","K","K","N","N",0,1,1,0,0,0,0
"6988",7251,3540,3541,"c","c","t","t",0.00367231638418079,0.00367231638418079,0.000282485875706215,0.000282485875706215,0.000282485875706215,0,0.000282485875706215,0,0.00395480225988701,0.00395480225988701,0.00395368539960463,0.00395368539960463,"nonsyn","nonsyn","nonsyn",4.58e-06,8.37e-07,4.33e-07,4.33e-07,"0.00124716923076923","0.00153282","0.00296298","1","P","P","S","T","A",1,1,1,0,0,0,0
"6989",7252,3530,3530,"c","c","t","t",0.00141643059490085,0.00141643059490085,0.00141643059490085,0.00141643059490085,0.00141643059490085,0,0.00141643059490085,0,0.0028328611898017,0.0028328611898017,0.0028328611898017,0.0028328611898017,"nonsyn","nonsyn","nonsyn",4.58e-06,8.37e-07,4.33e-07,4.33e-07,"0.00323348","0.000305698","0.000590922","1","P","P","L","H","R",1,1,1,0,1,0,1
"6990",7253,3537,3537,"a","t","g","c",0.00282725473565168,0,0.00141362736782584,0.998586372632174,0,0.00141362736782584,0.995759117896522,0.00282725473565168,0.00424088210347752,0.998586372632174,0.00424088210347752,0.998586372632174,"syn","syn","syn",1.7e-05,1.07e-06,1.21e-06,1.21e-06,"1","1.21171291053228e-06","1.07455706984668e-06","0.000427977","P","P","P","P","P",0,0,0,1,1,0,1
"6991",7254,3536,3536,"g","g","a","a",0.00141402714932127,0.00141402714932127,0,0,0,0,0,0,0.00141402714932127,0.00141402714932127,0.00141402714932127,0.00141402714932127,"nonsyn","nonsyn","nonsyn",4.2e-06,5.36e-07,1.17e-06,1.17e-06,"0.00297023999999999","1","1","1","D","D","N","H","Y",1,1,1,0,0,0,0
"6992",7255,3453,3453,"a","a","g","g",0.00376484216623226,0.00376484216623226,0.000289603243556328,0.000289603243556328,0.000289603243556328,0,0.000289603243556328,0,0.00405444540978859,0.00405444540978859,0.00405444540978859,0.00405444540978859,"nonsyn","nonsyn","nonsyn",1.77e-05,1.76e-06,1.7e-06,1.7e-06,"0.00470139230769231","0.0058701","0.00607728","1","D","D","G","A","V",1,1,1,0,0,0,0
"6993",7256,3447,3447,"c","c","t","t",0.00058021467943139,0.00058021467943139,0,0,0,0,0,0,0.00058021467943139,0.00058021467943139,0.00058021467943139,0.00058021467943139,"syn","nonsyn","nonsyn",4.58e-06,8.37e-07,4.33e-07,4.33e-07,"0.00789363","1","1","1","D","D","D","E","E",0,0,0,0,0,0,0
"6994",7257,3442,3442,"t","t","c","c",0.00348634514816967,0.00348634514816967,0.000290528762347472,0.000290528762347472,0,0.000290528762347472,0,0.000290528762347472,0.00377687391051714,0.00377687391051714,0.00377687391051714,0.00377687391051714,"nonsyn","nonsyn","nonsyn",1.7e-05,1.07e-06,1.21e-06,1.21e-06,"0.00487616666666666","0.00416482000000001","1","0.00416482000000001","Y","Y","H","N","D",1,1,1,0,1,0,1
"6995",7258,3386,3386,"a","a","g","g",0.00177200236266982,0.00177200236266982,0.000295333727111636,0.000295333727111636,0,0.000295333727111636,0,0.000295333727111636,0.00206733608978145,0.00206733608978145,0.00206733608978145,0.00206733608978145,"nonsyn","nonsyn","nonsyn",1.77e-05,1.76e-06,1.7e-06,1.7e-06,"0.00998869999999998","0.0057562","1","0.0057562","Y","Y","C","S","F",1,1,0,0,0,0,0
"6996",7259,3376,3376,"c","c","t","t",0.0023696682464455,0.0023696682464455,0,0,0,0,0,0,0.0023696682464455,0.0023696682464455,0.0023696682464455,0.0023696682464455,"syn","stop","stop",4.58e-06,8.37e-07,4.33e-07,4.33e-07,"0.00193276","1","1","1","Y","Y","Y","*","*",0,1,1,0,0,0,0
"6997",7260,3367,3367,"g","g","a","a",0.000297000297000297,0.000297000297000297,0.000891000891000891,0.000891000891000891,0,0.000891000891000891,0,0.000891000891000891,0.00118800118800119,0.00118800118800119,0.00118800118800119,0.00118800118800119,"nonsyn","nonsyn","stop",4.2e-06,5.36e-07,1.17e-06,1.17e-06,"0.0141414","0.00131313","1","0.00131313","E","E","K","Q","*",1,1,1,0,0,0,0
"6998",7261,3296,3296,"a","a","g","g",0.0033373786407767,0.0033373786407767,0.00182038834951456,0.00182038834951456,0.000303398058252427,0.00151699029126214,0.000303398058252427,0.00151699029126214,0.00515776699029126,0.00515776699029126,0.00515776699029126,0.00515776699029126,"nonsyn","nonsyn","nonsyn",1.77e-05,1.76e-06,1.7e-06,1.7e-06,"0.00530356363636363","0.000933866666666668","0.00580096","0.00112064","E","E","G","A","V",1,1,1,0,0,0,0
"6999",7262,3259,3259,"a","a","g","g",0.00122737035900583,0.00122737035900583,0,0,0,0,0,0,0.00122737035900583,0.00122737035900583,0.00122737035900583,0.00122737035900583,"syn","nonsyn","nonsyn",1.77e-05,1.76e-06,1.7e-06,1.7e-06,"0.014421075","1","1","1","E","E","E","D","D",0,0,0,0,0,0,0
"7000",7263,3242,3242,"c","c","t","t",0.00185070943861814,0.00185070943861814,0.000616903146206046,0.000616903146206046,0.000616903146206046,0,0.000616903146206046,0,0.00246761258482418,0.00246761258482418,0.00246761258482418,0.00246761258482418,"nonsyn","nonsyn","nonsyn",4.58e-06,8.37e-07,4.33e-07,4.33e-07,"0.00247472666666666","0.000701893","0.001356777","1","P","P","S","T","A",1,1,1,0,0,0,0
"7001",7264,3226,3226,"c","c","t","t",0.00123992560446373,0.00123992560446373,0.000309981401115933,0.000309981401115933,0.000309981401115933,0,0.000309981401115933,0,0.00154990700557967,0.00154990700557967,0.00154990700557967,0.00154990700557967,"nonsyn","nonsyn","nonsyn",4.58e-06,8.37e-07,4.33e-07,4.33e-07,"0.00369377000000001","0.001396858","0.002700162","1","P","P","L","Q","R",1,1,1,0,1,0,1
"7002",7265,3254,3255,"a","a","g","g",0.00184388444990781,0.00184388444990781,0.00122925629993854,0.00122925629993854,0.000307314074984634,0.000921942224953903,0.000307314074984634,0.000921942224953903,0.00307314074984634,0.00307314074984634,0.00307219662058372,0.00307219662058372,"syn","syn","syn",1.77e-05,1.76e-06,1.7e-06,1.7e-06,"0.00959929999999998","0.00138295","0.00572704000000001","0.00184393333333333","P","P","P","P","P",0,0,0,1,0,0,0
"7003",7266,3312,3312,"c","c","t","t",0.00120772946859903,0.00120772946859903,0.000301932367149758,0.000301932367149758,0.000301932367149758,0,0.000301932367149758,0,0.00150966183574879,0.00150966183574879,0.00150966183574879,0.00150966183574879,"nonsyn","nonsyn","nonsyn",4.58e-06,8.37e-07,4.33e-07,4.33e-07,"0.00379224000000001","0.001434096","0.002772144","1","P","P","S","T","A",1,1,1,0,0,0,0
"7004",7267,3326,3326,"c","c","t","t",0.00090198436560433,0.00090198436560433,0,0,0,0,0,0,0.00090198436560433,0.00090198436560433,0.00090198436560433,0.00090198436560433,"nonsyn","nonsyn","nonsyn",4.58e-06,8.37e-07,4.33e-07,4.33e-07,"0.00507769333333333","1","1","1","P","P","L","H","R",1,1,1,0,1,0,1
"7005",7268,3366,3366,"t","t","c","c",0.00564468211527035,0.00564468211527035,0.00267379679144385,0.00267379679144385,0.0017825311942959,0.00089126559714795,0.0017825311942959,0.00089126559714795,0.0083184789067142,0.0083184789067142,0.0083184789067142,0.0083184789067142,"syn","syn","syn",1.7e-05,1.07e-06,1.21e-06,1.21e-06,"0.00301168421052632","0.00045254","0.00060027","0.00135762","P","P","P","P","P",0,0,0,1,1,0,1
"7006",7269,3357,3357,"g","g","a","a",0.0011915400655347,0.0011915400655347,0,0,0,0,0,0,0.0011915400655347,0.0011915400655347,0.0011915400655347,0.0011915400655347,"nonsyn","nonsyn","nonsyn",4.2e-06,5.36e-07,1.17e-06,1.17e-06,"0.00352485000000001","1","1","1","V","V","M","L","L",0,0,0,0,0,0,0
"7007",7270,3351,3351,"t","t","c","c",0.00298418382572366,0.00298418382572366,0.000596836765144733,0.000596836765144733,0,0.000596836765144733,0,0.000596836765144733,0.0035810205908684,0.0035810205908684,0.0035810205908684,0.0035810205908684,"nonsyn","nonsyn","nonsyn",1.7e-05,1.07e-06,1.21e-06,1.21e-06,"0.00569670000000001","0.002027355","1","0.002027355","V","V","A","E","G",0,1,1,1,0,0,0
"7008",7271,3427,3427,"g","g","a","a",0.00262620367668515,0.00262620367668515,0.000291800408520572,0.000291800408520572,0.000291800408520572,0,0.000291800408520572,0,0.00291800408520572,0.00291800408520572,0.00291800408520572,0.00291800408520572,"syn","syn","syn",4.2e-06,5.36e-07,1.17e-06,1.17e-06,"0.00159926666666667","0.00400959","0.001836872","1","V","V","V","V","V",0,0,0,0,1,1,0
"7009",7272,3437,3437,"g","g","a","a",0.000290951411114344,0.000290951411114344,0.000290951411114344,0.000290951411114344,0,0.000290951411114344,0,0.000290951411114344,0.000581902822228688,0.000581902822228688,0.000581902822228688,0.000581902822228688,"nonsyn","nonsyn","nonsyn",4.2e-06,5.36e-07,1.17e-06,1.17e-06,"0.0144354","0.00402129","1","0.00402129","V","V","I","L","F",0,0,0,0,0,0,0
"7010",7273,3442,3442,"t","t","c","c",0.00348634514816967,0.00348634514816967,0.000290528762347472,0.000290528762347472,0.000290528762347472,0,0.000290528762347472,0,0.00377687391051714,0.00377687391051714,0.00377687391051714,0.00377687391051714,"nonsyn","nonsyn","nonsyn",1.7e-05,1.07e-06,1.21e-06,1.21e-06,"0.00487616666666666","0.00416482000000001","0.00368294","1","V","V","A","D","G",0,1,1,0,0,0,0
"7011",7274,3486,3486,"c","c","t","t",0.00315547905909352,0.00315547905909352,0.00114744693057946,0.00114744693057946,0.000860585197934596,0.000286861732644865,0.000860585197934596,0.000286861732644865,0.00430292598967298,0.00430292598967298,0.00430292598967298,0.00430292598967298,"syn","syn","syn",4.58e-06,8.37e-07,4.33e-07,4.33e-07,"0.00145144363636363","0.0003773595","0.000972593999999999","0.001509438","V","V","V","V","V",0,0,0,0,0,0,0
"7012",7275,3484,3484,"c","c","t","t",0.00200918484500574,0.00200918484500574,0.000574052812858783,0.000574052812858783,0.000574052812858783,0,0.000574052812858783,0,0.00258323765786452,0.00258323765786452,0.00258323765786452,0.00258323765786452,"nonsyn","nonsyn","nonsyn",4.58e-06,8.37e-07,4.33e-07,4.33e-07,"0.00227953142857143","0.000754286","0.001458054","1","H","H","Y","N","D",1,1,1,0,1,0,1
"7013",7276,3377,3377,"a","a","g","g",0.00325732899022801,0.00325732899022801,0.00118448326917382,0.00118448326917382,0.000296120817293456,0.000888362451880367,0.000296120817293456,0.000888362451880367,0.00444181225940184,0.00444181225940184,0.00444181225940184,0.00444181225940184,"nonsyn","nonsyn","nonsyn",1.77e-05,1.76e-06,1.7e-06,1.7e-06,"0.0054339","0.001435225","0.00594352","0.00191363333333333","H","H","R","P","L",0,1,1,1,0,0,0
"7014",7277,3471,3471,"t","t","c","c",0.00374531835205993,0.00374531835205993,0,0,0,0,0,0,0.00374531835205993,0.00374531835205993,0.00374531835205993,0.00374531835205993,"syn","nonsyn","nonsyn",1.7e-05,1.07e-06,1.21e-06,1.21e-06,"0.00453899999999999","1","1","1","H","H","H","Q","Q",0,1,1,1,0,0,0
"7015",7278,3455,3456,"g","g","a","a",0.00144717800289436,0.00144717800289436,0,0,0,0,0,0,0.00144717800289436,0.00144717800289436,0.00144675925925926,0.00144675925925926,"nonsyn","nonsyn","nonsyn",4.2e-06,5.36e-07,1.17e-06,1.17e-06,"0.00290219999999999","1","1","1","G","G","S","R","C",1,1,0,0,1,1,0
"7016",7279,3446,3446,"g","g","a","a",0.00232153221125943,0.00232153221125943,0.000870574579222287,0.000870574579222287,0.000290191526407429,0.000580383052814858,0.000290191526407429,0.000580383052814858,0.00319210679048172,0.00319210679048172,0.00319210679048172,0.00319210679048172,"nonsyn","nonsyn","nonsyn",4.2e-06,5.36e-07,1.17e-06,1.17e-06,"0.00180915","0.00134394","0.001847056","0.00201591","G","G","D","A","V",1,1,1,0,0,0,0
"7017",7280,3437,3437,"c","c","t","t",0.00174570846668606,0.00174570846668606,0.000290951411114344,0.000290951411114344,0.000290951411114344,0,0.000290951411114344,0,0.00203665987780041,0.00203665987780041,0.00203665987780041,0.00203665987780041,"syn","syn","syn",4.58e-06,8.37e-07,4.33e-07,4.33e-07,"0.00262357666666667","0.001488221","0.002876769","1","G","G","G","G","G",0,0,0,0,0,0,0
"7018",7281,3426,3426,"t","t","c","c",0.00145942790426153,0.00145942790426153,0.000583771161704612,0.000583771161704612,0.000291885580852306,0.000291885580852306,0.000291885580852306,0.000291885580852306,0.00204319906596614,0.00204319906596614,0.00204319906596614,0.00204319906596614,"nonsyn","nonsyn","nonsyn",1.7e-05,1.07e-06,1.21e-06,1.21e-06,"0.0116484","0.00207273","0.00366582","0.00414546","C","C","R","S","G",1,1,0,1,1,0,1
"7019",7282,3418,3418,"g","g","a","a",0.000877706260971328,0.000877706260971328,0.000292568753657109,0.000292568753657109,0.000292568753657109,0,0.000292568753657109,0,0.00117027501462844,0.00117027501462844,0.00117027501462844,0.00117027501462844,"nonsyn","nonsyn","nonsyn",4.2e-06,5.36e-07,1.17e-06,1.17e-06,"0.0047852","0.00399906000000001","0.001832048","1","C","C","Y","S","F",1,1,1,0,0,0,0
"7020",7283,3404,3406,"c","c","t","t",0.000587544065804935,0.000587544065804935,0,0,0,0,0,0,0.000587544065804935,0.000587544065804935,0.000587199060481503,0.000587199060481503,"syn","stop","nonsyn",4.58e-06,8.37e-07,4.33e-07,4.33e-07,"0.00779516","1","1","1","C","C","C","*","W",0,1,1,0,0,0,0
"7021",7284,3422,3422,"c","c","t","t",0.00263004091174752,0.00263004091174752,0.00116890707188778,0.00116890707188778,0.000876680303915839,0.000292226767971946,0.000876680303915839,0.000292226767971946,0.0037989479836353,0.0037989479836353,0.0037989479836353,0.0037989479836353,"nonsyn","nonsyn","nonsyn",4.58e-06,8.37e-07,4.33e-07,4.33e-07,"0.00174141777777778","0.000370431500000002","0.000954738","0.001481726","P","P","S","T","A",1,1,1,0,1,0,1
"7022",7285,3418,3418,"c","c","t","t",0.0032182562902282,0.0032182562902282,0.000292568753657109,0.000292568753657109,0.000292568753657109,0,0.000292568753657109,0,0.00351082504388531,0.00351082504388531,0.00351082504388531,0.00351082504388531,"nonsyn","nonsyn","nonsyn",4.58e-06,8.37e-07,4.33e-07,4.33e-07,"0.00142313090909091","0.001479994","0.002860866","1","P","P","L","Q","R",1,1,1,0,1,0,1
"7023",7286,3416,3416,"g","g","a","a",0.00146370023419204,0.00146370023419204,0,0,0,0,0,0,0.00146370023419204,0.00146370023419204,0.00146370023419204,0.00146370023419204,"syn","syn","syn",4.2e-06,5.36e-07,1.17e-06,1.17e-06,"0.00286943999999999","1","1","1","P","P","P","P","P",0,0,0,0,0,0,0
"7024",7287,3413,3413,"c","c","t","t",0.000878992089071198,0.000878992089071198,0.000292997363023733,0.000292997363023733,0.000292997363023733,0,0.000292997363023733,0,0.00117198945209493,0.00117198945209493,0.00117198945209493,0.00117198945209493,"syn","nonsyn","nonsyn",4.58e-06,8.37e-07,4.33e-07,4.33e-07,"0.00521051333333334","0.001477829","0.002856681","1","L","L","L","I","V",0,0,0,0,0,0,0
"7025",7288,3425,3425,"t","t","c","c",0.00496350364963504,0.00496350364963504,0.00175182481751825,0.00175182481751825,0.00116788321167883,0.000583941605839416,0.00116788321167883,0.000583941605839416,0.00671532846715328,0.00671532846715328,0.00671532846715328,0.00671532846715328,"nonsyn","nonsyn","nonsyn",1.7e-05,1.07e-06,1.21e-06,1.21e-06,"0.003425","0.000690708333333333","0.000916187500000002","0.002072125","L","L","P","Q","R",1,1,1,0,1,0,1
"7026",7289,3394,3394,"t","a","c","g",0.00913376546847378,0,0.000883912787271656,0.999116087212728,0.000883912787271656,0,0.00913376546847378,0.989982321744255,0.0100176782557454,0.999116087212728,0.0100176782557454,0.999116087212728,"syn","syn","syn",1.77e-05,1.76e-06,1.7e-06,1.7e-06,"1","1.70150398112651e-06","0.000192691612903226","1.71720238095238e-06","L","L","L","L","L",0,0,0,0,0,0,0
"7027",7290,3382,3382,"c","c","t","t",0.00147841513897102,0.00147841513897102,0.000295683027794205,0.000295683027794205,0.000295683027794205,0,0.000295683027794205,0,0.00177409816676523,0.00177409816676523,0.00177409816676523,0.00177409816676523,"nonsyn","nonsyn","nonsyn",4.58e-06,8.37e-07,4.33e-07,4.33e-07,"0.00309791200000001","0.001464406","0.002830734","1","P","P","S","T","A",1,1,1,0,0,0,0
"7028",7291,3368,3368,"c","c","t","t",0.00682897862232779,0.00682897862232779,0.000296912114014252,0.000296912114014252,0.000296912114014252,0,0.000296912114014252,0,0.00712589073634204,0.00712589073634204,0.00712589073634204,0.00712589073634204,"nonsyn","nonsyn","nonsyn",4.58e-06,8.37e-07,4.33e-07,4.33e-07,"0.000670671304347826","0.001458344","0.002819016","1","P","P","L","Q","R",1,1,1,0,1,0,1
"7029",7292,3379,3379,"a","a","g","g",0.00384729209825392,0.00384729209825392,0.000295945546019532,0.000295945546019532,0,0.000295945546019532,0,0.000295945546019532,0.00414323764427345,0.00414323764427345,0.00414323764427345,0.00414323764427345,"syn","syn","syn",1.77e-05,1.76e-06,1.7e-06,1.7e-06,"0.00460063846153846","0.00574430000000001","1","0.00574430000000001","P","P","P","P","P",0,0,0,1,0,0,0
"7030",7293,3466,3466,"c","c","t","t",0.00144258511252164,0.00144258511252164,0,0,0,0,0,0,0.00144258511252164,0.00144258511252164,0.00144258511252164,0.00144258511252164,"nonsyn","nonsyn","nonsyn",4.58e-06,8.37e-07,4.33e-07,4.33e-07,"0.003174856","1","1","1","P","P","S","T","A",1,1,1,0,0,0,0
"7031",7294,3480,3480,"c","c","t","t",0,0,0.000574712643678161,0.000574712643678161,0.000574712643678161,0,0.000574712643678161,0,0.000574712643678161,0.000574712643678161,0.000574712643678161,0.000574712643678161,"nonsyn","nonsyn","nonsyn",4.58e-06,8.37e-07,4.33e-07,4.33e-07,"1","0.00075342","0.00145638","1","P","P","L","H","R",1,1,1,0,1,0,1
"7032",7295,3491,3491,"t","t","c","c",0.00200515611572615,0.00200515611572615,0.00114580349470066,0.00114580349470066,0.000859352621025494,0.000286450873675165,0.000859352621025494,0.000286450873675165,0.00315095961042681,0.00315095961042681,0.00315095961042681,0.00315095961042681,"syn","syn","syn",1.7e-05,1.07e-06,1.21e-06,1.21e-06,"0.00847814285714287","0.0010560275","0.00124512333333333","0.00422411","P","P","P","P","P",0,0,0,0,1,0,1
"7033",7296,3519,3519,"c","c","t","t",0.000568343279340722,0.000568343279340722,0.00113668655868144,0.00113668655868144,0.00113668655868144,0,0.00113668655868144,0,0.00170502983802217,0.00170502983802217,0.00170502983802217,0.00170502983802217,"nonsyn","nonsyn","nonsyn",4.58e-06,8.37e-07,4.33e-07,4.33e-07,"0.00805851","0.000380931750000001","0.000736350750000002","1","P","P","S","T","A",1,1,1,0,0,0,0
"7034",7297,3523,3523,"c","c","t","t",0.000283848992336077,0.000283848992336077,0.000283848992336077,0.000283848992336077,0.000283848992336077,0,0.000283848992336077,0,0.000567697984672154,0.000567697984672154,0.000567697984672154,0.000567697984672154,"nonsyn","nonsyn","nonsyn",4.58e-06,8.37e-07,4.33e-07,4.33e-07,"0.01613534","0.001525459","0.002948751","1","P","P","L","Q","R",1,1,1,0,1,0,1
"7035",7298,3550,3550,"a","a","g","g",0.00338028169014085,0.00338028169014085,0.00028169014084507,0.00028169014084507,0,0.00028169014084507,0,0.00028169014084507,0.00366197183098592,0.00366197183098592,0.00366197183098592,0.00366197183098592,"syn","syn","syn",1.77e-05,1.76e-06,1.7e-06,1.7e-06,"0.00523624999999999","0.00603500000000001","1","0.00603500000000001","P","P","P","P","P",0,0,0,1,0,0,0
"7036",7299,3578,3578,"c","c","t","t",0.00223588596981554,0.00223588596981554,0,0,0,0,0,0,0.00223588596981554,0.00223588596981554,0.00223588596981554,0.00223588596981554,"nonsyn","syn","nonsyn",4.58e-06,8.37e-07,4.33e-07,4.33e-07,"0.002048405","1","1","1","Q","R","W","R","G",1,0,1,0,0,0,0
"7037",7300,3554,3554,"a","g","g","a",0.0028137310073157,0.996904895891953,0.00028137310073157,0.00028137310073157,0,0.00028137310073157,0,0.00028137310073157,0.00309510410804727,0.997186268992684,0.00309510410804727,0.997186268992684,"nonsyn","nonsyn","nonsyn",4.2e-06,5.36e-07,1.17e-06,1.17e-06,"4.21303979678239e-06","0.00415818","1","0.00415818","Q","R","Q","P","L",1,1,1,0,1,1,0
"7038",7301,3446,3446,"a","g","g","a",0.00174114915844457,0.996807893209518,0.00145095763203714,0.00145095763203714,0.00116076610562972,0.000290191526407429,0.00116076610562972,0.000290191526407429,0.00319210679048172,0.998258850841555,0.00319210679048172,0.998258850841555,"syn","syn","syn",4.2e-06,5.36e-07,1.17e-06,1.17e-06,"4.21344978165939e-06","0.000806364000000003","0.000461763999999998","0.00403182","Q","R","R","R","R",0,0,0,0,0,0,0
"7039",7302,3500,3500,"t","t","c","c",0.00257142857142857,0.00257142857142857,0,0,0,0,0,0,0.00257142857142857,0.00257142857142857,0.00257142857142857,0.00257142857142857,"nonsyn","nonsyn","nonsyn",1.7e-05,1.07e-06,1.21e-06,1.21e-06,"0.00661111111111111","1","1","1","S","S","P","T","A",1,0,1,0,0,0,0
"7040",7303,3517,3520,"c","c","t","t",0.00113733295422235,0.00113733295422235,0,0,0,0,0,0,0.00113733295422235,0.00113733295422235,0.00113636363636364,0.00113636363636364,"nonsyn","nonsyn","nonsyn",4.58e-06,8.37e-07,4.33e-07,4.33e-07,"0.004026965","1","1","1","S","S","F","Y","C",1,1,1,0,0,0,0
"7041",7304,3517,3517,"c","c","t","t",0.000852999715666761,0.000852999715666761,0.000284333238555587,0.000284333238555587,0.000284333238555587,0,0.000284333238555587,0,0.00113733295422235,0.00113733295422235,0.00113733295422235,0.00113733295422235,"syn","syn","syn",4.58e-06,8.37e-07,4.33e-07,4.33e-07,"0.00536928666666667","0.001522861","0.002943729","1","S","S","S","S","S",0,0,0,0,1,0,1
"7042",7305,3532,3532,"c","c","t","t",0.00169875424688562,0.00169875424688562,0.000566251415628539,0.000566251415628539,0.000566251415628539,0,0.000566251415628539,0,0.00226500566251416,0.00226500566251416,0.00226500566251416,0.00226500566251416,"nonsyn","nonsyn","nonsyn",4.58e-06,8.37e-07,4.33e-07,4.33e-07,"0.00269609333333333","0.000764678","0.001478142","1","P","P","S","T","A",1,1,1,0,1,0,1
"7043",7306,3529,3529,"c","c","t","t",0.00198356474922074,0.00198356474922074,0.000566732785491641,0.000566732785491641,0.000566732785491641,0,0.000566732785491641,0,0.00255029753471238,0.00255029753471238,0.00255029753471238,0.00255029753471238,"nonsyn","nonsyn","nonsyn",4.58e-06,8.37e-07,4.33e-07,4.33e-07,"0.00230897428571429","0.0007640285","0.0014768865","1","P","P","L","H","R",1,1,1,0,1,0,1
"7044",7307,3551,3551,"t","t","c","c",0.00225288651084202,0.00225288651084202,0,0,0,0,0,0,0.00225288651084202,0.00225288651084202,0.00225288651084202,0.00225288651084202,"syn","syn","syn",1.7e-05,1.07e-06,1.21e-06,1.21e-06,"0.00754587499999999","1","1","1","P","P","P","P","P",0,0,0,0,1,0,1
"7045",7308,3577,3577,"c","c","t","t",0,0,0.000279563880346659,0.000279563880346659,0.000279563880346659,0,0.000279563880346659,0,0.000279563880346659,0.000279563880346659,0.000279563880346659,0.000279563880346659,"nonsyn","nonsyn","nonsyn",4.58e-06,8.37e-07,4.33e-07,4.33e-07,"1","0.001548841","0.002993949","1","P","P","S","T","A",1,1,1,0,0,0,0
"7046",7309,3578,3578,"c","c","t","t",0,0,0.000838457238680827,0.000838457238680827,0.000838457238680827,0,0.000838457238680827,0,0.000838457238680827,0.000838457238680827,0.000838457238680827,0.000838457238680827,"nonsyn","nonsyn","nonsyn",4.58e-06,8.37e-07,4.33e-07,4.33e-07,"1","0.000516424666666667","0.000998262","1","P","P","L","H","R",1,1,1,0,1,0,1
"7047",7310,3657,3657,"t","t","c","c",0.00410172272354389,0.00410172272354389,0.0038282745419743,0.0038282745419743,0.00273448181569593,0.00109379272627837,0.00273448181569593,0.00109379272627837,0.00792999726551818,0.00792999726551818,0.00792999726551818,0.00792999726551818,"syn","syn","syn",1.7e-05,1.07e-06,1.21e-06,1.21e-06,"0.0041446","0.000316069285714285","0.000391298999999999","0.0011062425","P","P","P","P","P",0,0,0,1,1,0,1
"7048",7311,3678,3678,"g","g","a","a",0.00163132137030995,0.00163132137030995,0.000271886895051658,0.000271886895051658,0.000271886895051658,0,0.000271886895051658,0,0.00190320826536161,0.00190320826536161,0.00190320826536161,0.00190320826536161,"nonsyn","nonsyn","nonsyn",4.2e-06,5.36e-07,1.17e-06,1.17e-06,"0.0025746","0.00430326000000001","0.001971408","1","V","V","M","L","L",0,0,0,0,0,0,0
"7049",7312,3654,3654,"t","t","c","c",0.0060207991242474,0.0060207991242474,0.000273672687465791,0.000273672687465791,0.000273672687465791,0,0.000273672687465791,0,0.00629447181171319,0.00629447181171319,0.00629447181171319,0.00629447181171319,"nonsyn","nonsyn","nonsyn",1.7e-05,1.07e-06,1.21e-06,1.21e-06,"0.00282354545454545","0.00442134","0.00390978","1","V","V","A","E","G",0,1,1,1,0,0,0
"7050",7313,3672,3672,"g","g","a","a",0.00245098039215686,0.00245098039215686,0,0,0,0,0,0,0.00245098039215686,0.00245098039215686,0.00245098039215686,0.00245098039215686,"syn","syn","syn",4.2e-06,5.36e-07,1.17e-06,1.17e-06,"0.0017136","1","1","1","V","V","V","V","V",0,0,0,0,0,0,0
"7051",7314,3676,3676,"c","c","t","t",0.0029923830250272,0.0029923830250272,0,0,0,0,0,0,0.0029923830250272,0.0029923830250272,0.0029923830250272,0.0029923830250272,"nonsyn","nonsyn","nonsyn",4.58e-06,8.37e-07,4.33e-07,4.33e-07,"0.00153055272727273","1","1","1","P","P","S","T","A",1,1,1,0,0,0,0
"7052",7315,3672,3672,"c","c","t","t",0.000816993464052288,0.000816993464052288,0,0,0,0,0,0,0.000816993464052288,0.000816993464052288,0.000816993464052288,0.000816993464052288,"nonsyn","nonsyn","nonsyn",4.58e-06,8.37e-07,4.33e-07,4.33e-07,"0.00560592","1","1","1","P","P","L","H","R",1,1,1,0,1,0,1
"7053",7316,3675,3677,"t","t","c","c",0.0182312925170068,0.0182312925170068,0.000816326530612245,0.000816326530612245,0.00054421768707483,0.000272108843537415,0.00054421768707483,0.000272108843537415,0.019047619047619,0.019047619047619,0.0190372586347566,0.0190372586347566,"syn","syn","syn",1.7e-05,1.07e-06,1.21e-06,1.21e-06,"0.000932462686567164","0.00148225","0.001966125","0.00444675","P","P","P","P","P",0,0,0,0,1,0,1
"7054",7317,3684,3684,"c","c","t","t",0.000814332247557003,0.000814332247557003,0.000271444082519001,0.000271444082519001,0.000271444082519001,0,0.000271444082519001,0,0.001085776330076,0.001085776330076,0.001085776330076,0.001085776330076,"nonsyn","nonsyn","nonsyn",4.58e-06,8.37e-07,4.33e-07,4.33e-07,"0.00562424","0.001595172","0.003083508","1","P","P","S","T","A",1,1,1,0,0,0,0
"7055",7318,3685,3685,"c","c","t","t",0.00298507462686567,0.00298507462686567,0.000271370420624152,0.000271370420624152,0,0.000271370420624152,0,0.000271370420624152,0.00325644504748982,0.00325644504748982,0.00325644504748982,0.00325644504748982,"nonsyn","nonsyn","nonsyn",4.58e-06,8.37e-07,4.33e-07,4.33e-07,"0.0015343","0.001595605","1","0.001595605","P","P","L","Q","R",1,1,1,0,1,0,1
"7056",7319,3670,3670,"g","g","a","a",0.00354223433242507,0.00354223433242507,0,0,0,0,0,0,0.00354223433242507,0.00354223433242507,0.00354223433242507,0.00354223433242507,"syn","syn","syn",4.2e-06,5.36e-07,1.17e-06,1.17e-06,"0.00118569230769231","1","1","1","P","P","P","P","P",0,0,0,0,0,0,0
"7057",7320,3671,3671,"c","c","t","t",0.00490329610460365,0.00490329610460365,0.000272405339144647,0.000272405339144647,0,0.000272405339144647,0,0.000272405339144647,0.0051757014437483,0.0051757014437483,0.0051757014437483,0.0051757014437483,"nonsyn","nonsyn","nonsyn",4.58e-06,8.37e-07,4.33e-07,4.33e-07,"0.000934065555555556","0.001589543","1","0.001589543","P","P","S","T","A",1,1,1,0,0,0,0
"7058",7321,3672,3672,"c","c","t","t",0.000544662309368192,0.000544662309368192,0,0,0,0,0,0,0.000544662309368192,0.000544662309368192,0.000544662309368192,0.000544662309368192,"nonsyn","nonsyn","nonsyn",4.58e-06,8.37e-07,4.33e-07,4.33e-07,"0.00840888","1","1","1","P","P","L","H","R",1,1,1,0,1,0,1
"7059",7322,3670,3670,"t","t","c","c",0.00299727520435967,0.00299727520435967,0.0119891008174387,0.0119891008174387,0.011716621253406,0.000272479564032698,0.011716621253406,0.000272479564032698,0.0149863760217984,0.0149863760217984,0.0149863760217984,0.0149863760217984,"syn","syn","syn",1.7e-05,1.07e-06,1.21e-06,1.21e-06,"0.00567181818181819","0.000100925","9.13232558139534e-05","0.00444069999999999","P","P","P","P","P",0,0,0,0,1,0,1
"7060",7323,3705,3705,"c","c","t","t",0.000809716599190283,0.000809716599190283,0.000269905533063428,0.000269905533063428,0,0.000269905533063428,0,0.000269905533063428,0.00107962213225371,0.00107962213225371,0.00107962213225371,0.00107962213225371,"nonsyn","syn","nonsyn",4.58e-06,8.37e-07,4.33e-07,4.33e-07,"0.0056563","0.001604265","1","0.001604265","R","R","W","R","G",1,0,1,0,0,0,0
"7061",7324,3708,3708,"g","g","a","a",0.00161812297734628,0.00161812297734628,0.000539374325782093,0.000539374325782093,0,0.000539374325782093,0,0.000539374325782093,0.00215749730312837,0.00215749730312837,0.00215749730312837,0.00215749730312837,"nonsyn","nonsyn","nonsyn",4.2e-06,5.36e-07,1.17e-06,1.17e-06,"0.0025956","0.00216918","1","0.00216918","R","R","Q","P","L",1,1,1,0,1,1,0
"7062",7325,3705,3705,"g","g","a","a",0.00107962213225371,0.00107962213225371,0,0,0,0,0,0,0.00107962213225371,0.00107962213225371,0.00107962213225371,0.00107962213225371,"syn","syn","syn",4.2e-06,5.36e-07,1.17e-06,1.17e-06,"0.00389025","1","1","1","R","R","R","R","R",0,0,0,0,0,0,0
"7063",7326,3640,3640,"a","a","g","g",0.0021978021978022,0.0021978021978022,0.000549450549450549,0.000549450549450549,0,0.000549450549450549,0,0.000549450549450549,0.00274725274725275,0.00274725274725275,0.00274725274725275,0.00274725274725275,"nonsyn","nonsyn","stop",1.77e-05,1.76e-06,1.7e-06,1.7e-06,"0.00805349999999999","0.003094","1","0.003094","K","K","E","Q","*",1,1,1,0,0,0,0
"7064",7327,3630,3630,"a","a","g","g",0.0046831955922865,0.0046831955922865,0.000275482093663912,0.000275482093663912,0,0.000275482093663912,0,0.000275482093663912,0.00495867768595041,0.00495867768595041,0.00495867768595041,0.00495867768595041,"nonsyn","nonsyn","nonsyn",1.77e-05,1.76e-06,1.7e-06,1.7e-06,"0.0037794705882353","0.006171","1","0.006171","K","K","R","T","I",0,1,1,0,0,0,0
"7065",7328,3620,3621,"g","a","a","g",0.0204419889502762,0.979558011049724,0,0,0,0,0,0,0.0204419889502762,0.979558011049724,0.0204363435515051,0.979287489643745,"syn","nonsyn","nonsyn",1.77e-05,1.76e-06,1.7e-06,1.7e-06,"1.80693739424704e-05","1","1","1","K","K","K","N","N",0,1,1,0,0,0,0
"7066",7329,3638,3638,"a","a","g","g",0.00384826827927433,0.00384826827927433,0,0,0,0,0,0,0.00384826827927433,0.00384826827927433,0.00384826827927433,0.00384826827927433,"nonsyn","nonsyn","stop",1.77e-05,1.76e-06,1.7e-06,1.7e-06,"0.00459947142857142","1","1","1","K","K","E","Q","*",1,1,1,0,0,0,0
"7067",7330,3629,3629,"a","a","g","g",0.00468448608432075,0.00468448608432075,0.000275558004960044,0.000275558004960044,0,0.000275558004960044,0,0.000275558004960044,0.00496004408928079,0.00496004408928079,0.00496004408928079,0.00496004408928079,"nonsyn","nonsyn","nonsyn",1.77e-05,1.76e-06,1.7e-06,1.7e-06,"0.00377842941176471","0.0061693","1","0.0061693","K","K","R","T","M",0,1,1,0,1,1,0
"7068",7331,3576,3576,"a","g","g","a",0.00559284116331096,0.993568232662192,0.000838926174496644,0.000838926174496644,0.000559284116331096,0.000279642058165548,0.000559284116331096,0.000279642058165548,0.00643176733780761,0.994407158836689,0.00643176733780761,0.994407158836689,"syn","nonsyn","nonsyn",4.2e-06,5.36e-07,1.17e-06,1.17e-06,"4.22718829158458e-06","0.00139464","0.000958368","0.00418392","K","K","K","N","N",0,1,1,0,0,0,0
"7069",7332,3556,3556,"c","c","t","t",0.00253093363329584,0.00253093363329584,0.000281214848143982,0.000281214848143982,0,0.000281214848143982,0,0.000281214848143982,0.00281214848143982,0.00281214848143982,0.00281214848143982,0.00281214848143982,"nonsyn","nonsyn","nonsyn",4.58e-06,8.37e-07,4.33e-07,4.33e-07,"0.00180960888888889","0.001539748","1","0.001539748","R","R","C","S","G",1,1,1,0,0,0,0
"7070",7333,3526,3526,"g","g","a","a",0.00113442994895065,0.00113442994895065,0.000283607487237663,0.000283607487237663,0,0.000283607487237663,0,0.000283607487237663,0.00141803743618832,0.00141803743618832,0.00141803743618832,0.00141803743618832,"nonsyn","nonsyn","nonsyn",4.2e-06,5.36e-07,1.17e-06,1.17e-06,"0.00370230000000001","0.00412542","1","0.00412542","R","R","H","P","L",0,1,1,0,0,0,0
"7071",7334,3506,3506,"g","t","a","c",0.00228180262407302,0,0.000855675984027382,0.999144324015973,0,0.000855675984027382,0.00228180262407302,0.9968625213919,0.0031374786081004,0.999144324015973,0.0031374786081004,0.999144324015973,"syn","syn","syn",1.7e-05,1.07e-06,1.21e-06,1.21e-06,"1","1.21103625463888e-06","0.000468927499999999","1.21380829756795e-06","R","R","R","R","R",0,0,0,0,0,0,0
"7072",7335,3487,3487,"a","a","g","g",0.00430169199885288,0.00430169199885288,0.000573558933180384,0.000573558933180384,0,0.000573558933180384,0,0.000573558933180384,0.00487525093203327,0.00487525093203327,0.00487525093203327,0.00487525093203327,"nonsyn","nonsyn","nonsyn",1.77e-05,1.76e-06,1.7e-06,1.7e-06,"0.00411466","0.00296395","1","0.00296395","T","T","A","P","S",1,1,0,0,0,0,0
"7073",7336,3454,3454,"c","c","t","t",0.00115807759119861,0.00115807759119861,0,0,0,0,0,0,0.00115807759119861,0.00115807759119861,0.00115807759119861,0.00115807759119861,"nonsyn","nonsyn","nonsyn",4.58e-06,8.37e-07,4.33e-07,4.33e-07,"0.00395483","1","1","1","T","T","M","K","R",1,1,1,0,0,0,0
"7074",7337,3417,3417,"g","g","a","a",0.000585308750365818,0.000585308750365818,0.000292654375182909,0.000292654375182909,0,0.000292654375182909,0,0.000292654375182909,0.000877963125548727,0.000877963125548727,0.000877963125548727,0.000877963125548727,"syn","syn","syn",4.2e-06,5.36e-07,1.17e-06,1.17e-06,"0.0071757","0.00399789","1","0.00399789","T","T","T","T","T",0,0,0,0,1,1,0
"7075",7338,3379,3379,"g","g","a","a",0.00414323764427345,0.00414323764427345,0.0435039952648713,0.0435039952648713,0.0432080497188517,0.000295945546019532,0.0432080497188517,0.000295945546019532,0.0476472329091447,0.0476472329091447,0.0476472329091447,0.0476472329091447,"nonsyn","nonsyn","nonsyn",4.2e-06,5.36e-07,1.17e-06,1.17e-06,"0.0010137","2.6894081632653e-05","1.2405095890411e-05","0.00395343000000001","V","V","M","L","L",0,0,0,0,0,0,0
"7076",7339,3344,3344,"t","t","c","c",0.00269138755980861,0.00269138755980861,0.000598086124401914,0.000598086124401914,0.000299043062200957,0.000299043062200957,0.000299043062200957,0.000299043062200957,0.00328947368421053,0.00328947368421053,0.00328947368421053,0.00328947368421053,"nonsyn","nonsyn","nonsyn",1.7e-05,1.07e-06,1.21e-06,1.21e-06,"0.00631644444444445","0.00202312","0.00357808","0.00404624","V","V","A","E","G",0,1,1,1,0,0,0
"7077",7340,3363,3364,"g","g","a","a",0.00297353553374963,0.00297353553374963,0.000892060660124889,0.000892060660124889,0,0.000892060660124889,0,0.000892060660124889,0.00386559619387452,0.00386559619387452,0.00386444708680143,0.00386444708680143,"syn","syn","syn",4.2e-06,5.36e-07,1.17e-06,1.17e-06,"0.00141246","0.00131157","1","0.00131157","V","V","V","V","V",0,0,0,0,1,1,0
"7078",7341,3368,3368,"g","g","a","a",0.00178147268408551,0.00178147268408551,0,0,0,0,0,0,0.00178147268408551,0.00178147268408551,0.00178147268408551,0.00178147268408551,"nonsyn","nonsyn","nonsyn",4.2e-06,5.36e-07,1.17e-06,1.17e-06,"0.0023576","1","1","1","V","V","I","L","F",0,0,0,0,0,0,0
"7079",7342,3421,3421,"t","t","c","c",0.00438468284127448,0.00438468284127448,0.000292312189418299,0.000292312189418299,0.000292312189418299,0,0.000292312189418299,0,0.00467699503069278,0.00467699503069278,0.00467699503069278,0.00467699503069278,"nonsyn","nonsyn","nonsyn",1.7e-05,1.07e-06,1.21e-06,1.21e-06,"0.00387713333333333","0.00413941","0.00366047","1","V","V","A","D","G",0,1,1,0,0,0,0
"7080",7343,3487,3488,"c","c","t","t",0.00802982506452538,0.00802982506452538,0.000573558933180384,0.000573558933180384,0.000286779466590192,0.000286779466590192,0.000286779466590192,0.000286779466590192,0.00860338399770576,0.00860338399770576,0.00860091743119266,0.00860091743119266,"syn","syn","syn",4.58e-06,8.37e-07,4.33e-07,4.33e-07,"0.000570373571428571","0.0007549355","0.002918619","0.001509871","V","V","V","V","V",0,0,0,0,0,0,0
"7081",7344,3490,3490,"c","c","t","t",0,0,0.000573065902578797,0.000573065902578797,0.000573065902578797,0,0.000573065902578797,0,0.000573065902578797,0.000573065902578797,0.000573065902578797,0.000573065902578797,"nonsyn","nonsyn","nonsyn",4.58e-06,8.37e-07,4.33e-07,4.33e-07,"1","0.000755584999999999","0.001460565","1","L","L","F","I","V",0,0,0,0,1,0,1
"7082",7345,3436,3436,"t","t","c","c",0.00436554132712456,0.00436554132712456,0.000873108265424913,0.000873108265424913,0.000582072176949942,0.000291036088474971,0.000582072176949942,0.000291036088474971,0.00523864959254948,0.00523864959254948,0.00523864959254948,0.00523864959254948,"nonsyn","nonsyn","nonsyn",1.7e-05,1.07e-06,1.21e-06,1.21e-06,"0.00389413333333334","0.00138585333333333","0.00183826","0.00415756","L","L","P","H","R",1,1,1,0,1,0,1
"7083",7346,3431,3431,"c","c","t","t",0.000874380647041679,0.000874380647041679,0.000582920431361119,0.000582920431361119,0.000582920431361119,0,0.000582920431361119,0,0.0014573010784028,0.0014573010784028,0.0014573010784028,0.0014573010784028,"syn","syn","syn",4.58e-06,8.37e-07,4.33e-07,4.33e-07,"0.00523799333333333","0.0007428115","0.0014358735","1","L","L","L","L","L",0,0,0,0,0,0,0
"7084",7347,3413,3413,"a","a","g","g",0.00234397890418986,0.00234397890418986,0.000585994726047466,0.000585994726047466,0,0.000585994726047466,0,0.000585994726047466,0.00292997363023733,0.00292997363023733,0.00292997363023733,0.00292997363023733,"nonsyn","nonsyn","nonsyn",1.77e-05,1.76e-06,1.7e-06,1.7e-06,"0.00755126250000001","0.00290105","1","0.00290105","T","T","A","P","S",1,1,0,1,0,0,0
"7085",7348,3417,3417,"c","c","t","t",0.00146327187591454,0.00146327187591454,0.000585308750365818,0.000585308750365818,0.000292654375182909,0.000292654375182909,0.000292654375182909,0.000292654375182909,0.00204858062628036,0.00204858062628036,0.00204858062628036,0.00204858062628036,"nonsyn","nonsyn","nonsyn",4.58e-06,8.37e-07,4.33e-07,4.33e-07,"0.00312997200000001","0.0007397805","0.002860029","0.001479561","T","T","I","N","S",1,0,0,0,0,0,0
"7086",7349,3425,3425,"c","c","t","t",0.00204379562043796,0.00204379562043796,0,0,0,0,0,0,0.00204379562043796,0.00204379562043796,0.00204379562043796,0.00204379562043796,"syn","syn","syn",4.58e-06,8.37e-07,4.33e-07,4.33e-07,"0.00224092857142857","1","1","1","T","T","T","T","T",0,0,0,0,1,0,1
"7087",7350,3412,3412,"g","g","a","a",0.00117233294255569,0.00117233294255569,0.000293083235638921,0.000293083235638921,0,0.000293083235638921,0,0.000293083235638921,0.00146541617819461,0.00146541617819461,0.00146541617819461,0.00146541617819461,"nonsyn","nonsyn","stop",4.2e-06,5.36e-07,1.17e-06,1.17e-06,"0.00358259999999999","0.00399204000000001","1","0.00399204000000001","E","E","K","Q","*",1,1,1,0,0,0,0
"7088",7351,3382,3382,"a","a","g","g",0.00295683027794205,0.00295683027794205,0.00236546422235364,0.00236546422235364,0,0.00236546422235364,0,0.00236546422235364,0.00532229450029568,0.00532229450029568,0.00532229450029568,0.00532229450029568,"nonsyn","nonsyn","nonsyn",1.77e-05,1.76e-06,1.7e-06,1.7e-06,"0.00598613999999999","0.000718674999999999","1","0.000718674999999999","E","E","G","A","V",1,1,1,0,0,0,0
"7089",7352,3410,3410,"g","a","a","g",0.00146627565982405,0.998533724340176,0,0,0,0,0,0,0.00146627565982405,0.998533724340176,0.00146627565982405,0.998533724340176,"syn","nonsyn","nonsyn",1.77e-05,1.76e-06,1.7e-06,1.7e-06,"1.77259911894273e-05","1","1","1","E","E","E","D","D",0,0,0,0,0,0,0
"7090",7353,3432,3432,"t","t","c","c",0.00407925407925408,0.00407925407925408,0.000291375291375291,0.000291375291375291,0.000291375291375291,0,0.000291375291375291,0,0.00437062937062937,0.00437062937062937,0.00437062937062937,0.00437062937062937,"nonsyn","nonsyn","nonsyn",1.7e-05,1.07e-06,1.21e-06,1.21e-06,"0.00416742857142857","0.00415272000000001","0.00367224","1","S","S","P","T","A",1,0,1,0,0,0,0
"7091",7354,3384,3384,"c","c","t","t",0,0,0.000295508274231678,0.000295508274231678,0,0.000295508274231678,0,0.000295508274231678,0.000295508274231678,0.000295508274231678,0.000295508274231678,0.000295508274231678,"nonsyn","stop","stop",4.58e-06,8.37e-07,4.33e-07,4.33e-07,"1","0.001465272","1","0.001465272","S","S","L","*","*",1,1,1,0,0,0,0
"7092",7355,3394,3394,"a","a","g","g",0.00383028874484384,0.00383028874484384,0.000294637595757219,0.000294637595757219,0,0.000294637595757219,0,0.000294637595757219,0.00412492634060106,0.00412492634060106,0.00412492634060106,0.00412492634060106,"syn","syn","syn",1.77e-05,1.76e-06,1.7e-06,1.7e-06,"0.00462106153846154","0.00576979999999999","1","0.00576979999999999","S","S","S","S","S",0,0,0,1,0,0,0
"7093",7356,3398,3398,"a","a","g","g",0.00323719835197175,0.00323719835197175,0.000294290759270159,0.000294290759270159,0,0.000294290759270159,0,0.000294290759270159,0.00353148911124191,0.00353148911124191,0.00353148911124191,0.00353148911124191,"nonsyn","nonsyn","nonsyn",1.77e-05,1.76e-06,1.7e-06,1.7e-06,"0.00546769090909091","0.0057766","1","0.0057766","T","T","A","P","S",1,1,0,0,0,0,0
"7094",7357,3275,3275,"c","c","t","t",0.00152671755725191,0.00152671755725191,0,0,0,0,0,0,0.00152671755725191,0.00152671755725191,0.00152671755725191,0.00152671755725191,"nonsyn","nonsyn","nonsyn",4.58e-06,8.37e-07,4.33e-07,4.33e-07,"0.0029999","1","1","1","T","T","I","N","S",1,0,0,0,0,0,0
"7095",7358,3274,3274,"c","c","t","t",0.000916310323762981,0.000916310323762981,0.00030543677458766,0.00030543677458766,0.00030543677458766,0,0.00030543677458766,0,0.00122174709835064,0.00122174709835064,0.00122174709835064,0.00122174709835064,"syn","syn","syn",4.58e-06,8.37e-07,4.33e-07,4.33e-07,"0.00499830666666667","0.001417642","0.002740338","1","T","T","T","T","T",0,0,0,0,1,0,1
"7096",7359,3275,3275,"c","c","t","t",0.000610687022900763,0.000610687022900763,0.00152671755725191,0.00152671755725191,0.00152671755725191,0,0.00152671755725191,0,0.00213740458015267,0.00213740458015267,0.00213740458015267,0.00213740458015267,"syn","nonsyn","nonsyn",4.58e-06,8.37e-07,4.33e-07,4.33e-07,"0.00749975","0.000283615","0.000548234999999999","1","L","L","L","I","V",0,0,0,0,1,0,1
"7097",7360,3258,3258,"t","t","c","c",0.00214855739717618,0.00214855739717618,0.000613873542050338,0.000613873542050338,0.000613873542050338,0,0.000613873542050338,0,0.00276243093922652,0.00276243093922652,0.00276243093922652,0.00276243093922652,"nonsyn","nonsyn","nonsyn",1.7e-05,1.07e-06,1.21e-06,1.21e-06,"0.00791228571428572","0.00197109","0.00174303","1","L","L","P","Q","R",1,1,1,0,1,0,1
"7098",7361,3336,3336,"a","a","g","g",0.00179856115107914,0.00179856115107914,0,0,0,0,0,0,0.00179856115107914,0.00179856115107914,0.00179856115107914,0.00179856115107914,"syn","syn","syn",1.77e-05,1.76e-06,1.7e-06,1.7e-06,"0.00984119999999998","1","1","1","L","L","L","L","L",0,0,0,0,0,0,0
"7099",7362,3409,3409,"c","t","t","c",0.000293341155764154,0.999119976532708,0.000586682311528307,0.000586682311528307,0.000586682311528307,0,0.000586682311528307,0,0.000880023467292461,0.999706658844236,0.000880023467292461,0.999706658844236,"nonsyn","nonsyn","nonsyn",1.7e-05,1.07e-06,1.21e-06,1.21e-06,"1.70149735760423e-05","0.002062445","0.001823815","1","P","S","P","T","A",1,0,1,0,0,0,0
"7100",7363,3423,3423,"c","c","t","t",0.00204498977505112,0.00204498977505112,0.0011685655857435,0.0011685655857435,0.0011685655857435,0,0.0011685655857435,0,0.00321355536079462,0.00321355536079462,0.00321355536079462,0.00321355536079462,"nonsyn","nonsyn","nonsyn",4.58e-06,8.37e-07,4.33e-07,4.33e-07,"0.00223962000000001","0.00037053975","0.00071626275","1","P","S","F","Y","C",1,1,1,0,0,0,0
"7101",7364,3423,3423,"t","t","c","c",0.00408997955010225,0.00408997955010225,0.00146070698217937,0.00146070698217937,0.0011685655857435,0.000292141396435875,0.0011685655857435,0.000292141396435875,0.00555068653228162,0.00555068653228162,0.00555068653228162,0.00555068653228162,"syn","syn","syn",1.7e-05,1.07e-06,1.21e-06,1.21e-06,"0.0041565","0.000828366000000003","0.0009156525","0.00414183","P","S","S","S","S",0,0,0,0,1,0,1
"7102",7365,3398,3399,"a","a","g","g",0.00147145379635079,0.00147145379635079,0.000294290759270159,0.000294290759270159,0,0.000294290759270159,0,0.000294290759270159,0.00176574455562095,0.00176574455562095,0.00176522506619594,0.00176522506619594,"nonsyn","nonsyn","nonsyn",1.77e-05,1.76e-06,1.7e-06,1.7e-06,"0.01202892","0.0057766","1","0.0057766","T","T","A","P","S",1,1,0,0,0,0,0
"7103",7366,3434,3435,"c","c","t","t",0.0005824111822947,0.0005824111822947,0.00029120559114735,0.00029120559114735,0,0.00029120559114735,0,0.00029120559114735,0.00087361677344205,0.00087361677344205,0.000873362445414847,0.000873362445414847,"nonsyn","nonsyn","nonsyn",4.58e-06,8.37e-07,4.33e-07,4.33e-07,"0.00786386","0.001486922","1","0.001486922","T","T","I","N","S",1,0,0,0,0,0,0
"7104",7367,3440,3440,"t","t","c","c",0.00436046511627907,0.00436046511627907,0.00174418604651163,0.00174418604651163,0.00116279069767442,0.000581395348837209,0.00116279069767442,0.000581395348837209,0.0061046511627907,0.0061046511627907,0.0061046511627907,0.0061046511627907,"syn","syn","syn",1.7e-05,1.07e-06,1.21e-06,1.21e-06,"0.00389866666666667","0.000693733333333332","0.000920199999999999","0.0020812","T","T","T","T","T",0,0,0,1,1,0,1
"7105",7368,3476,3476,"g","g","a","a",0.00230149597238205,0.00230149597238205,0.00115074798619102,0.00115074798619102,0,0.00115074798619102,0,0.00115074798619102,0.00345224395857307,0.00345224395857307,0.00345224395857307,0.00345224395857307,"nonsyn","nonsyn","nonsyn",4.2e-06,5.36e-07,1.17e-06,1.17e-06,"0.0018249","0.00101673","1","0.00101673","A","A","T","P","S",1,1,1,0,0,0,0
"7106",7369,3464,3465,"c","c","t","t",0.00144341801385681,0.00144341801385681,0.000288683602771363,0.000288683602771363,0.000288683602771363,0,0.000288683602771363,0,0.00173210161662818,0.00173210161662818,0.00173160173160173,0.00173160173160173,"nonsyn","nonsyn","nonsyn",4.58e-06,8.37e-07,4.33e-07,4.33e-07,"0.00317302400000001","0.001499912","0.002899368","1","A","A","V","D","G",0,1,1,0,0,0,0
"7107",7370,3461,3461,"c","c","t","t",0.000577867668303958,0.000577867668303958,0.00115573533660792,0.00115573533660792,0.00115573533660792,0,0.00115573533660792,0,0.00173360300491188,0.00173360300491188,0.00173360300491188,0.00173360300491188,"syn","syn","syn",4.58e-06,8.37e-07,4.33e-07,4.33e-07,"0.00792569000000001","0.000374653249999999","0.000724214249999998","1","A","A","A","A","A",0,0,0,0,1,0,1
"7108",7371,3453,3454,"t","t","c","c",0.00579206487112656,0.00579206487112656,0.000868809730668983,0.000868809730668983,0.000868809730668983,0,0.000868809730668983,0,0.00666087460179554,0.00666087460179554,0.00665894614939201,0.00665894614939201,"syn","nonsyn","nonsyn",1.7e-05,1.07e-06,1.21e-06,1.21e-06,"0.00293505","0.00139271","0.00123157","1","L","L","L","M","V",0,0,0,0,1,0,1
"7109",7372,3451,3451,"t","t","c","c",0.00202839756592292,0.00202839756592292,0,0,0,0,0,0,0.00202839756592292,0.00202839756592292,0.00202839756592292,0.00202839756592292,"nonsyn","stop","nonsyn",1.7e-05,1.07e-06,1.21e-06,1.21e-06,"0.008381","1","1","1","L","L","S","*","W",1,1,0,1,0,0,0
"7110",7373,3450,3452,"g","g","a","a",0.00144927536231884,0.00144927536231884,0.000289855072463768,0.000289855072463768,0,0.000289855072463768,0,0.000289855072463768,0.00173913043478261,0.00173913043478261,0.00173812282734647,0.00173812282734647,"syn","nonsyn","nonsyn",4.2e-06,5.36e-07,1.17e-06,1.17e-06,"0.002898","0.0040365","1","0.0040365","L","L","L","F","F",0,0,0,0,1,1,0
"7111",7374,3433,3433,"g","g","a","a",0.000582580833090591,0.000582580833090591,0.000291290416545296,0.000291290416545296,0,0.000291290416545296,0,0.000291290416545296,0.000873871249635887,0.000873871249635887,0.000873871249635887,0.000873871249635887,"nonsyn","nonsyn","nonsyn",4.2e-06,5.36e-07,1.17e-06,1.17e-06,"0.0072093","0.00401661","1","0.00401661","A","A","T","P","S",1,1,1,0,0,0,0
"7112",7375,3440,3440,"c","c","t","t",0.00319767441860465,0.00319767441860465,0.000872093023255814,0.000872093023255814,0.000872093023255814,0,0.000872093023255814,0,0.00406976744186047,0.00406976744186047,0.00406976744186047,0.00406976744186047,"nonsyn","nonsyn","nonsyn",4.58e-06,8.37e-07,4.33e-07,4.33e-07,"0.00143229090909091","0.000496506666666667","0.00095976","1","A","A","V","D","G",0,1,1,0,0,0,0
"7113",7376,3441,3441,"c","c","t","t",0.00290613193839,0.00290613193839,0.000581226387678001,0.000581226387678001,0.000581226387678001,0,0.000581226387678001,0,0.003487358326068,0.003487358326068,0.003487358326068,0.003487358326068,"syn","syn","syn",4.58e-06,8.37e-07,4.33e-07,4.33e-07,"0.001575978","0.000744976499999999","0.0014400585","1","A","A","A","A","A",0,0,0,0,1,0,1
"7114",7377,3440,3440,"g","g","a","a",0.00145348837209302,0.00145348837209302,0,0,0,0,0,0,0.00145348837209302,0.00145348837209302,0.00145348837209302,0.00145348837209302,"nonsyn","nonsyn","stop",4.2e-06,5.36e-07,1.17e-06,1.17e-06,"0.00288960000000001","1","1","1","E","E","K","Q","*",1,1,1,0,0,0,0
"7115",7378,3423,3423,"a","a","g","g",0.00146070698217937,0.00146070698217937,0,0,0,0,0,0,0.00146070698217937,0.00146070698217937,0.00146070698217937,0.00146070698217937,"nonsyn","nonsyn","nonsyn",1.77e-05,1.76e-06,1.7e-06,1.7e-06,"0.01211742","1","1","1","E","E","G","A","V",1,1,1,0,1,1,0
"7116",7379,3426,3426,"a","g","g","a",0.00700525394045534,0.992702860478692,0.000291885580852306,0.000291885580852306,0,0.000291885580852306,0,0.000291885580852306,0.00729713952130765,0.992994746059545,0.00729713952130765,0.992994746059545,"syn","nonsyn","nonsyn",4.2e-06,5.36e-07,1.17e-06,1.17e-06,"4.23087327256689e-06","0.00400842","1","0.00400842","E","E","E","D","D",0,0,0,0,0,0,0
"7117",7380,3433,3433,"c","c","t","t",0.000582580833090591,0.000582580833090591,0,0,0,0,0,0,0.000582580833090591,0.000582580833090591,0.000582580833090591,0.000582580833090591,"nonsyn","nonsyn","nonsyn",4.58e-06,8.37e-07,4.33e-07,4.33e-07,"0.00786157000000001","1","1","1","L","L","F","I","V",0,0,0,0,0,0,0
"7118",7381,3428,3428,"t","t","c","c",0.00320886814469078,0.00320886814469078,0.0014585764294049,0.0014585764294049,0.000875145857642941,0.00058343057176196,0.000875145857642941,0.00058343057176196,0.00466744457409568,0.00466744457409568,0.00466744457409568,0.00466744457409568,"nonsyn","nonsyn","nonsyn",1.7e-05,1.07e-06,1.21e-06,1.21e-06,"0.00529781818181818","0.000829576000000001","0.00122265333333333","0.00207394","L","L","P","H","R",1,1,1,0,1,0,1
"7119",7382,3456,3456,"t","t","c","c",0.00491898148148148,0.00491898148148148,0.00231481481481481,0.00231481481481481,0.00231481481481481,0,0.00231481481481481,0,0.0072337962962963,0.0072337962962963,0.0072337962962963,0.0072337962962963,"syn","syn","syn",1.7e-05,1.07e-06,1.21e-06,1.21e-06,"0.003456","0.000522720000000001","0.000462240000000001","1","L","L","L","L","L",0,0,0,1,0,0,0
"7120",7383,3459,3459,"g","g","a","a",0.00318010985834056,0.00318010985834056,0.000578201792425557,0.000578201792425557,0.000289100896212778,0.000289100896212778,0.000289100896212778,0.000289100896212778,0.00375831165076612,0.00375831165076612,0.00375831165076612,0.00375831165076612,"nonsyn","nonsyn","nonsyn",4.2e-06,5.36e-07,1.17e-06,1.17e-06,"0.00132070909090909","0.002023515","0.001854024","0.00404703","A","A","T","P","S",1,1,1,0,0,0,0
"7121",7384,3428,3429,"c","c","t","t",0.00350058343057176,0.00350058343057176,0.00058343057176196,0.00058343057176196,0.00029171528588098,0.00029171528588098,0.00029171528588098,0.00029171528588098,0.00408401400233372,0.00408401400233372,0.00408282298046078,0.00408282298046078,"nonsyn","nonsyn","nonsyn",4.58e-06,8.37e-07,4.33e-07,4.33e-07,"0.00130835333333333","0.000742162000000001","0.002869236","0.001484324","A","A","V","D","G",0,1,1,0,0,0,0
"7122",7385,3430,3430,"c","c","t","t",0.00320699708454811,0.00320699708454811,0.000583090379008746,0.000583090379008746,0.000583090379008746,0,0.000583090379008746,0,0.00379008746355685,0.00379008746355685,0.00379008746355685,0.00379008746355685,"syn","syn","syn",4.58e-06,8.37e-07,4.33e-07,4.33e-07,"0.00142812727272727","0.000742595000000001","0.001435455","1","A","A","A","A","A",0,0,0,0,1,0,1
"7123",7386,3420,3420,"a","a","g","g",0.00350877192982456,0.00350877192982456,0.00116959064327485,0.00116959064327485,0.000584795321637427,0.000584795321637427,0.000584795321637427,0.000584795321637427,0.00467836257309942,0.00467836257309942,0.00467836257309942,0.00467836257309942,"nonsyn","nonsyn","nonsyn",1.77e-05,1.76e-06,1.7e-06,1.7e-06,"0.0050445","0.0014535","0.0030096","0.002907","T","T","A","P","S",1,1,0,1,0,0,0
"7124",7387,3457,3457,"c","c","t","t",0.000867804454729534,0.000867804454729534,0,0,0,0,0,0,0.000867804454729534,0.000867804454729534,0.000867804454729534,0.000867804454729534,"nonsyn","nonsyn","nonsyn",4.58e-06,8.37e-07,4.33e-07,4.33e-07,"0.00527768666666667","1","1","1","T","T","I","N","S",1,0,0,0,0,0,0
"7125",7388,3467,3468,"c","c","t","t",0.000865301413325642,0.000865301413325642,0,0,0,0,0,0,0.000865301413325642,0.000865301413325642,0.000865051903114187,0.000865051903114187,"syn","syn","syn",4.58e-06,8.37e-07,4.33e-07,4.33e-07,"0.00529295333333333","1","1","1","T","T","T","T","T",0,0,0,0,1,0,1
"7126",7389,3456,3460,"a","a","g","g",0.00144675925925926,0.00144675925925926,0.000578703703703704,0.000578703703703704,0.000578703703703704,0,0.000578703703703704,0,0.00202546296296296,0.00202546296296296,0.00202312138728324,0.00202312138728324,"nonsyn","nonsyn","stop",1.77e-05,1.76e-06,1.7e-06,1.7e-06,"0.01223424","0.0029376","0.00304128","1","K","K","E","Q","*",1,1,1,1,0,0,0
"7127",7390,3432,3432,"a","a","g","g",0.00291375291375291,0.00291375291375291,0.000582750582750583,0.000582750582750583,0.000291375291375291,0.000291375291375291,0.000291375291375291,0.000291375291375291,0.0034965034965035,0.0034965034965035,0.0034965034965035,0.0034965034965035,"nonsyn","nonsyn","nonsyn",1.77e-05,1.76e-06,1.7e-06,1.7e-06,"0.00607464000000001","0.0029172","0.00604032000000001","0.00583440000000001","K","K","R","T","I",0,1,1,0,0,0,0
"7128",7391,3370,3370,"a","a","g","g",0.0664688427299703,0.0664688427299703,0.00118694362017804,0.00118694362017804,0,0.00118694362017804,0,0.00118694362017804,0.0676557863501484,0.0676557863501484,0.0676557863501484,0.0676557863501484,"syn","nonsyn","nonsyn",1.77e-05,1.76e-06,1.7e-06,1.7e-06,"0.000266290178571429","0.00143225","1","0.00143225","K","K","K","N","N",0,1,1,0,0,0,0
"7129",7392,3352,3352,"a","a","g","g",0.00178997613365155,0.00178997613365155,0.000894988066825776,0.000894988066825776,0.000894988066825776,0,0.000894988066825776,0,0.00268496420047733,0.00268496420047733,0.00268496420047733,0.00268496420047733,"nonsyn","nonsyn","nonsyn",1.77e-05,1.76e-06,1.7e-06,1.7e-06,"0.00988840000000001","0.00189946666666667","0.00196650666666667","1","S","S","G","R","C",1,1,1,0,1,1,0
"7130",7393,3386,3386,"g","g","a","a",0.0106320141760189,0.0106320141760189,0,0,0,0,0,0,0.0106320141760189,0.0106320141760189,0.0106320141760189,0.0106320141760189,"nonsyn","nonsyn","nonsyn",4.2e-06,5.36e-07,1.17e-06,1.17e-06,"0.000395033333333333","1","1","1","S","S","N","T","I",0,0,1,0,0,0,0
"7131",7394,3353,3360,"t","t","c","c",0.0026841634357292,0.0026841634357292,0.000596480763495377,0.000596480763495377,0,0.000596480763495377,0,0.000596480763495377,0.00328064419922457,0.00328064419922457,0.00327380952380952,0.00327380952380952,"syn","nonsyn","nonsyn",1.7e-05,1.07e-06,1.21e-06,1.21e-06,"0.00633344444444444","0.002028565","1","0.002028565","S","S","S","R","R",0,1,1,0,0,0,0
"7132",7395,3368,3368,"t","t","c","c",0.00267220902612827,0.00267220902612827,0.000593824228028504,0.000593824228028504,0.000593824228028504,0,0.000593824228028504,0,0.00326603325415677,0.00326603325415677,0.00326603325415677,0.00326603325415677,"nonsyn","nonsyn","nonsyn",1.7e-05,1.07e-06,1.21e-06,1.21e-06,"0.00636177777777777","0.00203764","0.00180188","1","F","F","L","I","V",0,0,0,0,0,0,0
"7133",7396,3367,3367,"t","t","c","c",0.00148500148500149,0.00148500148500149,0.000297000297000297,0.000297000297000297,0,0.000297000297000297,0,0.000297000297000297,0.00178200178200178,0.00178200178200178,0.00178200178200178,0.00178200178200178,"nonsyn","nonsyn","nonsyn",1.7e-05,1.07e-06,1.21e-06,1.21e-06,"0.0114478","0.00407407","1","0.00407407","F","F","S","Y","C",1,0,1,0,0,0,0
"7134",7397,3366,3366,"t","t","c","c",0.00207961972667855,0.00207961972667855,0,0,0,0,0,0,0.00207961972667855,0.00207961972667855,0.00207961972667855,0.00207961972667855,"syn","nonsyn","nonsyn",1.7e-05,1.07e-06,1.21e-06,1.21e-06,"0.00817457142857143","1","1","1","F","F","F","L","L",0,0,0,1,0,0,0
"7135",7398,3353,3354,"g","g","a","a",0.000894721145243066,0.000894721145243066,0.000596480763495377,0.000596480763495377,0,0.000596480763495377,0,0.000596480763495377,0.00149120190873844,0.00149120190873844,0.00149075730471079,0.00149075730471079,"nonsyn","nonsyn","nonsyn",4.2e-06,5.36e-07,1.17e-06,1.17e-06,"0.0046942","0.001961505","1","0.001961505","G","G","S","R","C",1,1,0,0,1,1,0
"7136",7399,3342,3342,"g","g","a","a",0.000897666068222621,0.000897666068222621,0.000299222022740874,0.000299222022740874,0.000299222022740874,0,0.000299222022740874,0,0.00119688809096349,0.00119688809096349,0.00119688809096349,0.00119688809096349,"nonsyn","nonsyn","nonsyn",4.2e-06,5.36e-07,1.17e-06,1.17e-06,"0.0046788","0.00391014","0.001791312","1","G","G","D","A","V",1,1,1,0,0,0,0
"7137",7400,3353,3353,"c","c","t","t",0.00447360572621533,0.00447360572621533,0,0,0,0,0,0,0.00447360572621533,0.00447360572621533,0.00447360572621533,0.00447360572621533,"syn","syn","syn",4.58e-06,8.37e-07,4.33e-07,4.33e-07,"0.00102378266666667","1","1","1","G","G","G","G","G",0,0,0,0,0,0,0
"7138",7401,3335,3335,"a","a","g","g",0.00659670164917541,0.00659670164917541,0.00299850074962519,0.00299850074962519,0,0.00299850074962519,0,0.00299850074962519,0.0095952023988006,0.0095952023988006,0.0095952023988006,0.0095952023988006,"nonsyn","nonsyn","nonsyn",1.77e-05,1.76e-06,1.7e-06,1.7e-06,"0.00268315909090909","0.00056695","1","0.00056695","S","S","G","R","C",1,1,1,1,1,1,0
"7139",7402,3268,3268,"g","g","a","a",0.00275397796817625,0.00275397796817625,0,0,0,0,0,0,0.00275397796817625,0.00275397796817625,0.00275397796817625,0.00275397796817625,"nonsyn","nonsyn","nonsyn",4.2e-06,5.36e-07,1.17e-06,1.17e-06,"0.00152506666666667","1","1","1","S","S","N","T","I",0,0,1,0,0,0,0
"7140",7403,3269,3269,"t","c","c","t",0.495258488834506,0.504741511165494,0,0,0,0,0,0,0.495258488834506,0.504741511165494,0.495258488834506,0.504741511165494,"syn","nonsyn","nonsyn",4.58e-06,8.37e-07,4.33e-07,4.33e-07,"9.07395151515152e-06","1","1","1","S","S","S","R","R",0,1,1,0,0,0,0
"7141",7404,3269,3269,"t","t","c","c",0.00275313551544815,0.00275313551544815,0.000917711838482716,0.000917711838482716,0.000917711838482716,0,0.000917711838482716,0,0.00367084735393087,0.00367084735393087,0.00367084735393087,0.00367084735393087,"nonsyn","nonsyn","nonsyn",1.7e-05,1.07e-06,1.21e-06,1.21e-06,"0.00617477777777778","0.00131849666666667","0.00116594333333333","1","S","S","P","T","A",1,0,1,0,1,0,1
"7142",7405,3267,3267,"c","c","t","t",0.000306091215182124,0.000306091215182124,0,0,0,0,0,0,0.000306091215182124,0.000306091215182124,0.000306091215182124,0.000306091215182124,"nonsyn","nonsyn","nonsyn",4.58e-06,8.37e-07,4.33e-07,4.33e-07,"0.01496286","1","1","1","S","S","F","Y","C",1,1,1,0,0,0,0
"7143",7406,3259,3259,"c","c","t","t",0.00122737035900583,0.00122737035900583,0.000613685179502915,0.000613685179502915,0.000613685179502915,0,0.000613685179502915,0,0.00184105553850875,0.00184105553850875,0.00184105553850875,0.00184105553850875,"syn","syn","syn",4.58e-06,8.37e-07,4.33e-07,4.33e-07,"0.003731555","0.0007055735","0.0013638915","1","S","S","S","S","S",0,0,0,0,1,0,1
"7144",7407,3183,3184,"t","t","c","c",0.113415017279296,0.113415017279296,0.00157084511467169,0.00157084511467169,0.00157084511467169,0,0.00157084511467169,0,0.114985862393968,0.114985862393968,0.114949748743719,0.114949748743719,"nonsyn","nonsyn","nonsyn",1.7e-05,1.07e-06,1.21e-06,1.21e-06,"0.000149891966759003","0.000770286000000002","0.000681162000000001","1","S","S","P","T","A",1,0,1,0,1,0,1
"7145",7408,3191,3191,"c","c","t","t",0.000626762770291445,0.000626762770291445,0.000313381385145722,0.000313381385145722,0.000313381385145722,0,0.000313381385145722,0,0.000940144155437167,0.000940144155437167,0.000940144155437167,0.000940144155437167,"nonsyn","stop","stop",4.58e-06,8.37e-07,4.33e-07,4.33e-07,"0.00730739","0.001381703","0.002670867","1","S","S","L","*","*",1,1,1,0,0,0,0
"7146",7409,3185,3185,"a","a","g","g",0.00282574568288854,0.00282574568288854,0.000941915227629513,0.000941915227629513,0,0.000941915227629513,0,0.000941915227629513,0.00376766091051805,0.00376766091051805,0.00376766091051805,0.00376766091051805,"syn","syn","syn",1.77e-05,1.76e-06,1.7e-06,1.7e-06,"0.00626383333333333","0.00180483333333333","1","0.00180483333333333","S","S","S","S","S",0,0,0,1,0,0,0
"7147",7410,3159,3159,"a","a","g","g",0.00221589110477999,0.00221589110477999,0,0,0,0,0,0,0.00221589110477999,0.00221589110477999,0.00221589110477999,0.00221589110477999,"nonsyn","nonsyn","nonsyn",1.77e-05,1.76e-06,1.7e-06,1.7e-06,"0.00798775714285716","1","1","1","T","T","A","P","S",1,1,0,0,0,0,0
"7148",7411,3130,3130,"c","c","t","t",0,0,0,0,0,0,0,0,0,0,0,0,"nonsyn","nonsyn","nonsyn",4.58e-06,8.37e-07,4.33e-07,4.33e-07,"1","1","1","1","T","T","I","N","S",1,0,0,0,0,0,0
"7149",7412,3204,3204,"t","t","c","c",0.00218476903870162,0.00218476903870162,0.000936329588014981,0.000936329588014981,0.000936329588014981,0,0.000936329588014981,0,0.0031210986267166,0.0031210986267166,0.0031210986267166,0.0031210986267166,"syn","syn","syn",1.7e-05,1.07e-06,1.21e-06,1.21e-06,"0.00778114285714287","0.00129228","0.00114276","1","T","T","T","T","T",0,0,0,0,1,0,1
"7150",7413,3192,3192,"t","t","c","c",0.0018796992481203,0.0018796992481203,0.00093984962406015,0.00093984962406015,0.00093984962406015,0,0.00093984962406015,0,0.00281954887218045,0.00281954887218045,0.00281954887218045,0.00281954887218045,"nonsyn","nonsyn","nonsyn",1.7e-05,1.07e-06,1.21e-06,1.21e-06,"0.009044","0.00128744","0.00113848","1","S","S","P","T","A",1,0,1,0,0,0,0
"7151",7414,3227,3227,"c","c","t","t",0,0,0.000309885342423303,0.000309885342423303,0.000309885342423303,0,0.000309885342423303,0,0.000309885342423303,0.000309885342423303,0.000309885342423303,0.000309885342423303,"nonsyn","nonsyn","nonsyn",4.58e-06,8.37e-07,4.33e-07,4.33e-07,"1","0.001397291","0.002700999","1","S","S","F","Y","C",1,1,1,0,0,0,0
"7152",7415,3229,3229,"c","c","t","t",0.00433570764942707,0.00433570764942707,0,0,0,0,0,0,0.00433570764942707,0.00433570764942707,0.00433570764942707,0.00433570764942707,"syn","syn","syn",4.58e-06,8.37e-07,4.33e-07,4.33e-07,"0.00105634428571429","1","1","1","S","S","S","S","S",0,0,0,0,1,0,1
"7153",7416,3228,3228,"g","g","a","a",0.00309789343246592,0.00309789343246592,0.000619578686493185,0.000619578686493185,0.000309789343246592,0.000309789343246592,0.000309789343246592,0.000309789343246592,0.00371747211895911,0.00371747211895911,0.00371747211895911,0.00371747211895911,"nonsyn","nonsyn","nonsyn",4.2e-06,5.36e-07,1.17e-06,1.17e-06,"0.00135576","0.00188838","0.001730208","0.00377676","G","G","S","R","C",1,1,0,0,1,1,0
"7154",7417,3220,3220,"g","g","a","a",0.00186335403726708,0.00186335403726708,0.00031055900621118,0.00031055900621118,0.00031055900621118,0,0.00031055900621118,0,0.00217391304347826,0.00217391304347826,0.00217391304347826,0.00217391304347826,"nonsyn","nonsyn","nonsyn",4.2e-06,5.36e-07,1.17e-06,1.17e-06,"0.002254","0.0037674","0.00172592","1","G","G","D","A","V",1,1,1,0,0,0,0
"7155",7418,3222,3222,"c","c","t","t",0.00155183116076971,0.00155183116076971,0.000310366232153942,0.000310366232153942,0,0.000310366232153942,0,0.000310366232153942,0.00186219739292365,0.00186219739292365,0.00186219739292365,0.00186219739292365,"syn","syn","syn",4.58e-06,8.37e-07,4.33e-07,4.33e-07,"0.002951352","0.001395126","1","0.001395126","G","G","G","G","G",0,0,0,0,0,0,0
"7156",7419,3184,3184,"a","a","g","g",0.00125628140703518,0.00125628140703518,0,0,0,0,0,0,0.00125628140703518,0.00125628140703518,0.00125628140703518,0.00125628140703518,"nonsyn","nonsyn","nonsyn",1.77e-05,1.76e-06,1.7e-06,1.7e-06,"0.0140892","1","1","1","I","I","V","L","F",0,0,0,1,0,0,0
"7157",7420,3171,3172,"t","t","c","c",0.000946073793755913,0.000946073793755913,0.000315357931251971,0.000315357931251971,0.000315357931251971,0,0.000315357931251971,0,0.00126143172500788,0.00126143172500788,0.00126103404791929,0.00126103404791929,"nonsyn","nonsyn","nonsyn",1.7e-05,1.07e-06,1.21e-06,1.21e-06,"0.017969","0.00383691","0.00339297","1","I","I","T","N","S",1,1,1,0,0,0,0
"7158",7421,3167,3167,"t","t","c","c",0.00221029365329965,0.00221029365329965,0.000315756236185665,0.000315756236185665,0.000315756236185665,0,0.000315756236185665,0,0.00252604988948532,0.00252604988948532,0.00252604988948532,0.00252604988948532,"syn","syn","nonsyn",1.7e-05,1.07e-06,1.21e-06,1.21e-06,"0.00769128571428572","0.00383207","0.00338869","1","I","I","I","I","M",0,0,0,0,0,0,0
"7159",7422,3072,3072,"a","a","g","g",0.00325520833333333,0.00325520833333333,0,0,0,0,0,0,0.00325520833333333,0.00325520833333333,0.00325520833333333,0.00325520833333333,"nonsyn","nonsyn","nonsyn",1.77e-05,1.76e-06,1.7e-06,1.7e-06,"0.00543744000000001","1","1","1","T","T","A","P","S",1,1,0,0,0,0,0
"7160",7423,3080,3080,"c","c","t","t",0.00454545454545455,0.00454545454545455,0.000324675324675325,0.000324675324675325,0,0.000324675324675325,0,0.000324675324675325,0.00487012987012987,0.00487012987012987,0.00487012987012987,0.00487012987012987,"nonsyn","nonsyn","nonsyn",4.58e-06,8.37e-07,4.33e-07,4.33e-07,"0.0010076","0.00133364","1","0.00133364","T","T","M","K","R",1,1,1,0,0,0,0
"7161",7424,3057,3057,"g","g","a","a",0.00130847235852143,0.00130847235852143,0,0,0,0,0,0,0.00130847235852143,0.00130847235852143,0.00130847235852143,0.00130847235852143,"syn","syn","syn",4.2e-06,5.36e-07,1.17e-06,1.17e-06,"0.00320984999999999","1","1","1","T","T","T","T","T",0,0,0,0,1,1,0
"7162",7425,3050,3050,"g","g","a","a",0.00131147540983607,0.00131147540983607,0.0019672131147541,0.0019672131147541,0,0.0019672131147541,0,0.0019672131147541,0.00327868852459016,0.00327868852459016,0.00327868852459016,0.00327868852459016,"nonsyn","nonsyn","nonsyn",4.2e-06,5.36e-07,1.17e-06,1.17e-06,"0.00320249999999999","0.000594749999999999","1","0.000594749999999999","G","G","S","R","C",1,1,0,0,1,1,0
"7163",7426,3035,3035,"g","g","a","a",0.00230642504118616,0.00230642504118616,0,0,0,0,0,0,0.00230642504118616,0.00230642504118616,0.00230642504118616,0.00230642504118616,"nonsyn","nonsyn","nonsyn",4.2e-06,5.36e-07,1.17e-06,1.17e-06,"0.001821","1","1","1","G","G","D","A","V",1,1,1,0,0,0,0
"7164",7427,3032,3032,"c","c","t","t",0.00362796833773087,0.00362796833773087,0.000329815303430079,0.000329815303430079,0,0.000329815303430079,0,0.000329815303430079,0.00395778364116095,0.00395778364116095,0.00395778364116095,0.00395778364116095,"syn","syn","syn",4.58e-06,8.37e-07,4.33e-07,4.33e-07,"0.00126241454545455","0.001312856","1","0.001312856","G","G","G","G","G",0,0,0,0,0,0,0
"7165",7428,3031,3031,"g","g","a","a",0.0564170240844606,0.0564170240844606,0.000329924117452986,0.000329924117452986,0,0.000329924117452986,0,0.000329924117452986,0.0567469482019136,0.0567469482019136,0.0567469482019136,0.0567469482019136,"nonsyn","nonsyn","nonsyn",4.2e-06,5.36e-07,1.17e-06,1.17e-06,"7.44456140350877e-05","0.00354627","1","0.00354627","D","D","N","H","Y",1,1,1,0,0,0,0
"7166",7429,3017,3017,"a","a","g","g",0.138216771627444,0.138216771627444,0.000994365263506795,0.000994365263506795,0,0.000994365263506795,0,0.000994365263506795,0.139211136890951,0.139211136890951,0.139211136890951,0.139211136890951,"nonsyn","nonsyn","nonsyn",1.77e-05,1.76e-06,1.7e-06,1.7e-06,"0.000128059712230216","0.00170963333333333","1","0.00170963333333333","D","D","G","A","V",1,1,1,0,0,0,0
"7167",7430,3026,3026,"c","c","t","t",0.000330469266358229,0.000330469266358229,0.000330469266358229,0.000330469266358229,0,0.000330469266358229,0,0.000330469266358229,0.000660938532716457,0.000660938532716457,0.000660938532716457,0.000660938532716457,"syn","nonsyn","nonsyn",4.58e-06,8.37e-07,4.33e-07,4.33e-07,"0.01385908","0.001310258","1","0.001310258","D","D","D","E","E",0,0,0,0,0,0,0
"7168",7431,3020,3020,"a","a","g","g",0.00529801324503311,0.00529801324503311,0.000662251655629139,0.000662251655629139,0.00033112582781457,0.00033112582781457,0.00033112582781457,0.00033112582781457,0.00596026490066225,0.00596026490066225,0.00596026490066225,0.00596026490066225,"nonsyn","nonsyn","nonsyn",1.77e-05,1.76e-06,1.7e-06,1.7e-06,"0.003340875","0.002567","0.00531519999999999","0.00513399999999999","N","N","D","H","Y",1,1,1,1,0,0,0
"7169",7432,3022,3022,"a","a","g","g",0.00231634679020516,0.00231634679020516,0,0,0,0,0,0,0.00231634679020516,0.00231634679020516,0.00231634679020516,0.00231634679020516,"nonsyn","nonsyn","nonsyn",1.77e-05,1.76e-06,1.7e-06,1.7e-06,"0.00764134285714286","1","1","1","N","N","S","T","I",0,0,1,0,0,0,0
"7170",7433,3009,3009,"t","t","c","c",0.00132934529744101,0.00132934529744101,0,0,0,0,0,0,0.00132934529744101,0.00132934529744101,0.00132934529744101,0.00132934529744101,"syn","nonsyn","nonsyn",1.7e-05,1.07e-06,1.21e-06,1.21e-06,"0.01278825","1","1","1","N","N","N","K","K",0,1,1,0,0,0,0
"7171",7434,2994,2994,"a","a","g","g",0.0354041416165665,0.0354041416165665,0,0,0,0,0,0,0.0354041416165665,0.0354041416165665,0.0354041416165665,0.0354041416165665,"nonsyn","nonsyn","nonsyn",1.77e-05,1.76e-06,1.7e-06,1.7e-06,"0.000499941509433962","1","1","1","T","T","A","P","S",1,1,0,0,0,0,0
"7172",7435,3006,3006,"c","c","t","t",0.000998003992015968,0.000998003992015968,0.000332667997338656,0.000332667997338656,0.000332667997338656,0,0.000332667997338656,0,0.00133067198935462,0.00133067198935462,0.00133067198935462,0.00133067198935462,"nonsyn","nonsyn","nonsyn",4.58e-06,8.37e-07,4.33e-07,4.33e-07,"0.00458916","0.001301598","0.002516022","1","T","T","M","K","R",1,1,1,0,0,0,0
"7173",7436,3001,3001,"g","g","a","a",0.00333222259246918,0.00333222259246918,0.00199933355548151,0.00199933355548151,0,0.00199933355548151,0,0.00199933355548151,0.00533155614795068,0.00533155614795068,0.00533155614795068,0.00533155614795068,"syn","syn","syn",4.2e-06,5.36e-07,1.17e-06,1.17e-06,"0.00126042","0.000585194999999999","1","0.000585194999999999","T","T","T","T","T",0,0,0,0,0,0,0
"7174",7437,3001,3001,"g","a","a","g",0.0736421192935688,0.926357880706431,0,0,0,0,0,0,0.0736421192935688,0.926357880706431,0.0736421192935688,0.926357880706431,"nonsyn","nonsyn","nonsyn",1.77e-05,1.76e-06,1.7e-06,1.7e-06,"1.91070863309353e-05","1","1","1","A","T","A","P","S",1,1,0,0,0,0,0
"7175",7438,2987,2987,"c","c","t","t",0.00200870438567124,0.00200870438567124,0.00033478406427854,0.00033478406427854,0.00033478406427854,0,0.00033478406427854,0,0.00234348844994978,0.00234348844994978,0.00234348844994978,0.00234348844994978,"nonsyn","nonsyn","nonsyn",4.58e-06,8.37e-07,4.33e-07,4.33e-07,"0.00228007666666667","0.001293371","0.002500119","1","A","T","I","K","R",1,1,1,0,0,0,0
"7176",7439,2987,2987,"a","a","g","g",0.00267827251422832,0.00267827251422832,0,0,0,0,0,0,0.00267827251422832,0.00267827251422832,0.00267827251422832,0.00267827251422832,"syn","syn","syn",1.77e-05,1.76e-06,1.7e-06,1.7e-06,"0.00660873750000001","1","1","1","A","T","T","T","T",0,0,0,1,0,0,0
"7177",7440,2986,2986,"a","a","g","g",0.0103817816476892,0.0103817816476892,0.000669792364367046,0.000669792364367046,0,0.000669792364367046,0,0.000669792364367046,0.0110515740120563,0.0110515740120563,0.0110515740120563,0.0110515740120563,"nonsyn","nonsyn","nonsyn",1.77e-05,1.76e-06,1.7e-06,1.7e-06,"0.00170490967741936","0.0025381","1","0.0025381","T","T","A","P","S",1,1,0,0,0,0,0
"7178",7441,2967,2967,"c","c","t","t",0.00134816312773846,0.00134816312773846,0,0,0,0,0,0,0.00134816312773846,0.00134816312773846,0.00134816312773846,0.00134816312773846,"nonsyn","nonsyn","nonsyn",4.58e-06,8.37e-07,4.33e-07,4.33e-07,"0.00339721499999999","1","1","1","T","T","I","K","R",1,1,1,0,0,0,0
"7179",7442,3018,3018,"a","a","g","g",0.00497017892644135,0.00497017892644135,0.000331345261762757,0.000331345261762757,0,0.000331345261762757,0,0.000331345261762757,0.00530152418820411,0.00530152418820411,0.00530152418820411,0.00530152418820411,"syn","syn","syn",1.77e-05,1.76e-06,1.7e-06,1.7e-06,"0.00356124","0.0051306","1","0.0051306","T","T","T","T","T",0,0,0,1,0,0,0
"7180",7443,2942,2942,"t","t","c","c",0.110129163834126,0.110129163834126,0.00101971447994562,0.00101971447994562,0.000339904826648538,0.000679809653297077,0.000339904826648538,0.000679809653297077,0.111148878314072,0.111148878314072,0.111148878314072,0.111148878314072,"nonsyn","nonsyn","nonsyn",1.7e-05,1.07e-06,1.21e-06,1.21e-06,"0.000154364197530865","0.00118660666666666","0.00314794","0.00177991","S","S","P","T","A",1,0,1,0,0,0,0
"7181",7444,2921,2921,"c","c","t","t",0.00136939404313591,0.00136939404313591,0,0,0,0,0,0,0.00136939404313591,0.00136939404313591,0.00136939404313591,0.00136939404313591,"nonsyn","nonsyn","nonsyn",4.58e-06,8.37e-07,4.33e-07,4.33e-07,"0.00334454500000001","1","1","1","S","S","F","Y","C",1,1,1,0,0,0,0
"7182",7445,2926,2926,"c","c","t","t",0.000341763499658237,0.000341763499658237,0,0,0,0,0,0,0.000341763499658237,0.000341763499658237,0.000341763499658237,0.000341763499658237,"syn","syn","syn",4.58e-06,8.37e-07,4.33e-07,4.33e-07,"0.01340108","1","1","1","S","S","S","S","S",0,0,0,0,1,0,1
"7183",7446,2944,2944,"t","t","c","c",0.00203804347826087,0.00203804347826087,0.000679347826086957,0.000679347826086957,0.000679347826086957,0,0.000679347826086957,0,0.00271739130434783,0.00271739130434783,0.00271739130434783,0.00271739130434783,"nonsyn","nonsyn","nonsyn",1.7e-05,1.07e-06,1.21e-06,1.21e-06,"0.00834133333333333","0.00178112","0.00157504","1","S","S","P","T","A",1,0,1,0,1,0,1
"7184",7447,2951,2951,"c","c","t","t",0.00101660454083362,0.00101660454083362,0.000338868180277872,0.000338868180277872,0,0.000338868180277872,0,0.000338868180277872,0.00135547272111149,0.00135547272111149,0.00135547272111149,0.00135547272111149,"nonsyn","nonsyn","nonsyn",4.58e-06,8.37e-07,4.33e-07,4.33e-07,"0.00450519333333331","0.001277783","1","0.001277783","S","S","F","Y","C",1,1,1,0,0,0,0
"7185",7448,2973,2973,"t","t","c","c",0.0161453077699294,0.0161453077699294,0.00067272115708039,0.00067272115708039,0.000336360578540195,0.000336360578540195,0.000336360578540195,0.000336360578540195,0.0168180289270098,0.0168180289270098,0.0168180289270098,0.0168180289270098,"syn","syn","syn",1.7e-05,1.07e-06,1.21e-06,1.21e-06,"0.0010529375","0.001798665","0.00318111","0.00359733","S","S","S","S","S",0,0,0,1,1,0,1
"7186",7449,2908,2908,"g","g","a","a",0.000687757909215956,0.000687757909215956,0.000343878954607978,0.000343878954607978,0,0.000343878954607978,0,0.000343878954607978,0.00103163686382393,0.00103163686382393,0.00103163686382393,0.00103163686382393,"nonsyn","nonsyn","stop",4.2e-06,5.36e-07,1.17e-06,1.17e-06,"0.0061068","0.00340236","1","0.00340236","E","E","K","Q","*",1,1,1,0,0,0,0
"7187",7450,2919,2919,"a","a","g","g",0.00582391229873244,0.00582391229873244,0.000685166152792052,0.000685166152792052,0,0.000685166152792052,0,0.000685166152792052,0.00650907845152449,0.00650907845152449,0.00650907845152449,0.00650907845152449,"nonsyn","nonsyn","nonsyn",1.77e-05,1.76e-06,1.7e-06,1.7e-06,"0.00303919411764706","0.00248115","1","0.00248115","E","E","G","A","V",1,1,1,0,1,1,0
"7188",7451,2880,2880,"g","g","a","a",0.00173611111111111,0.00173611111111111,0,0,0,0,0,0,0.00173611111111111,0.00173611111111111,0.00173611111111111,0.00173611111111111,"syn","nonsyn","nonsyn",4.2e-06,5.36e-07,1.17e-06,1.17e-06,"0.0024192","1","1","1","E","E","E","D","D",0,0,0,0,0,0,0
"7189",7452,2872,2873,"c","c","t","t",0.00626740947075209,0.00626740947075209,0.000696378830083565,0.000696378830083565,0.000348189415041783,0.000348189415041783,0.000348189415041783,0.000348189415041783,0.00696378830083565,0.00696378830083565,0.00696136442742778,0.00696136442742778,"nonsyn","nonsyn","nonsyn",4.58e-06,8.37e-07,4.33e-07,4.33e-07,"0.000730764444444444","0.000621788","0.002403864","0.001243576","P","P","S","T","A",1,1,1,0,0,0,0
"7190",7453,2879,2879,"c","c","t","t",0.00173671413685307,0.00173671413685307,0,0,0,0,0,0,0.00173671413685307,0.00173671413685307,0.00173671413685307,0.00173671413685307,"nonsyn","nonsyn","nonsyn",4.58e-06,8.37e-07,4.33e-07,4.33e-07,"0.00263716400000001","1","1","1","P","P","L","H","R",1,1,1,0,1,0,1
"7191",7454,2870,2870,"c","c","t","t",0.00452961672473868,0.00452961672473868,0.000696864111498258,0.000696864111498258,0.000696864111498258,0,0.000696864111498258,0,0.00522648083623693,0.00522648083623693,0.00522648083623693,0.00522648083623693,"syn","syn","syn",4.58e-06,8.37e-07,4.33e-07,4.33e-07,"0.00101112307692308","0.000621355","0.001201095","1","P","P","P","P","P",0,0,0,0,1,0,1
"7192",7455,2834,2835,"g","g","a","a",0.00211714890613973,0.00211714890613973,0.00105857445306987,0.00105857445306987,0.000705716302046577,0.000352858151023289,0.000705716302046577,0.000352858151023289,0.0031757233592096,0.0031757233592096,0.00317460317460317,0.00317460317460317,"nonsyn","nonsyn","nonsyn",4.2e-06,5.36e-07,1.17e-06,1.17e-06,"0.0019838","0.00110526","0.000759512","0.00331578","A","A","T","P","S",1,1,1,0,0,0,0
"7193",7456,2840,2851,"c","c","t","t",0.0028169014084507,0.0028169014084507,0.000704225352112676,0.000704225352112676,0.000704225352112676,0,0.000704225352112676,0,0.00352112676056338,0.00352112676056338,0.00350754121360926,0.00350754121360926,"nonsyn","nonsyn","nonsyn",4.58e-06,8.37e-07,4.33e-07,4.33e-07,"0.0016259","0.00061486","0.00118854","1","A","A","V","D","G",0,1,1,0,0,0,0
"7194",7457,2852,2853,"c","c","t","t",0.00245441795231417,0.00245441795231417,0.00105189340813464,0.00105189340813464,0.00105189340813464,0,0.00105189340813464,0,0.00350631136044881,0.00350631136044881,0.00350508236943568,0.00350508236943568,"syn","syn","syn",4.58e-06,8.37e-07,4.33e-07,4.33e-07,"0.00186602285714285","0.000411638666666668","0.000795708000000002","1","A","A","A","A","A",0,0,0,0,1,0,1
"7195",7458,2857,2857,"c","c","t","t",0.00350017500875044,0.00350017500875044,0.000700035001750087,0.000700035001750087,0.000700035001750087,0,0.000700035001750087,0,0.00420021001050053,0.00420021001050053,0.00420021001050053,0.00420021001050053,"nonsyn","nonsyn","nonsyn",4.58e-06,8.37e-07,4.33e-07,4.33e-07,"0.001308506","0.0006185405","0.0011956545","1","P","P","S","T","A",1,1,1,0,1,0,1
"7196",7459,2852,2852,"c","c","t","t",0.00140252454417952,0.00140252454417952,0.000350631136044881,0.000350631136044881,0.000350631136044881,0,0.000350631136044881,0,0.0017531556802244,0.0017531556802244,0.0017531556802244,0.0017531556802244,"nonsyn","nonsyn","nonsyn",4.58e-06,8.37e-07,4.33e-07,4.33e-07,"0.00326554000000001","0.001234916","0.002387124","1","P","P","L","H","R",1,1,1,0,1,0,1
"7197",7460,2798,2798,"c","t","t","c",0.00178699070764832,0.997498213009292,0.000714796283059328,0.000714796283059328,0.000714796283059328,0,0.000714796283059328,0,0.00250178699070765,0.998213009292352,0.00250178699070765,0.998213009292352,"syn","syn","syn",1.7e-05,1.07e-06,1.21e-06,1.21e-06,"1.70426370476532e-05","0.00169279","0.00149693","1","P","P","P","P","P",0,0,0,0,1,0,1
"7198",7461,2809,2809,"t","t","c","c",0.00142399430402278,0.00142399430402278,0,0,0,0,0,0,0.00142399430402278,0.00142399430402278,0.00142399430402278,0.00142399430402278,"nonsyn","nonsyn","nonsyn",1.7e-05,1.07e-06,1.21e-06,1.21e-06,"0.01193825","1","1","1","S","S","P","T","A",1,0,1,0,0,0,0
"7199",7462,2768,2768,"c","c","t","t",0.000361271676300578,0.000361271676300578,0.000361271676300578,0.000361271676300578,0.000361271676300578,0,0.000361271676300578,0,0.000722543352601156,0.000722543352601156,0.000722543352601156,0.000722543352601156,"nonsyn","nonsyn","nonsyn",4.58e-06,8.37e-07,4.33e-07,4.33e-07,"0.01267744","0.001198544","0.002316816","1","S","S","F","Y","C",1,1,1,0,0,0,0
"7200",7463,2831,2831,"t","t","c","c",0.00105969622041681,0.00105969622041681,0.00105969622041681,0.00105969622041681,0.000353232073472271,0.000706464146944543,0.000353232073472271,0.000706464146944543,0.00211939244083363,0.00211939244083363,0.00211939244083363,0.00211939244083363,"syn","syn","syn",1.7e-05,1.07e-06,1.21e-06,1.21e-06,"0.0160423333333334","0.00114183666666667","0.00302917","0.001712755","S","S","S","S","S",0,0,0,1,1,0,1
"7201",7464,2843,2843,"g","g","a","a",0.00105522335561027,0.00105522335561027,0.000351741118536757,0.000351741118536757,0,0.000351741118536757,0,0.000351741118536757,0.00140696447414703,0.00140696447414703,0.00140696447414703,0.00140696447414703,"nonsyn","nonsyn","nonsyn",4.2e-06,5.36e-07,1.17e-06,1.17e-06,"0.0039802","0.00332631","1","0.00332631","G","G","S","R","C",1,1,0,0,1,1,0
"7202",7465,2858,2858,"g","g","a","a",0.00174947515745276,0.00174947515745276,0,0,0,0,0,0,0.00174947515745276,0.00174947515745276,0.00174947515745276,0.00174947515745276,"nonsyn","nonsyn","nonsyn",4.2e-06,5.36e-07,1.17e-06,1.17e-06,"0.00240072000000001","1","1","1","G","G","D","A","V",1,1,1,0,0,0,0
"7203",7466,2840,2840,"t","c","c","t",0.00422535211267606,0.994718309859155,0.00105633802816901,0.00105633802816901,0.00105633802816901,0,0.00105633802816901,0,0.00528169014084507,0.995774647887324,0.00528169014084507,0.995774647887324,"syn","syn","syn",4.58e-06,8.37e-07,4.33e-07,4.33e-07,"4.6043185840708e-06","0.000409906666666668","0.000792360000000003","1","G","G","G","G","G",0,0,0,0,0,0,0
"7204",7467,2850,2850,"t","t","c","c",0.378947368421053,0.378947368421053,0.00105263157894737,0.00105263157894737,0.000701754385964912,0.000350877192982456,0.000701754385964912,0.000350877192982456,0.38,0.38,0.38,0.38,"nonsyn","nonsyn","nonsyn",1.7e-05,1.07e-06,1.21e-06,1.21e-06,"4.48611111111111e-05","0.0011495","0.00152475","0.0034485","C","C","R","S","G",1,1,0,1,1,0,1
"7205",7468,2836,2836,"g","g","a","a",0.000705218617771509,0.000705218617771509,0.000352609308885755,0.000352609308885755,0,0.000352609308885755,0,0.000352609308885755,0.00105782792665726,0.00105782792665726,0.00105782792665726,0.00105782792665726,"nonsyn","nonsyn","nonsyn",4.2e-06,5.36e-07,1.17e-06,1.17e-06,"0.0059556","0.00331812","1","0.00331812","C","C","Y","S","F",1,1,1,0,0,0,0
"7206",7469,2873,2874,"c","c","t","t",0.00382875043508528,0.00382875043508528,0.000348068221371389,0.000348068221371389,0.000348068221371389,0,0.000348068221371389,0,0.00417681865645667,0.00417681865645667,0.00417536534446764,0.00417536534446764,"syn","stop","nonsyn",4.58e-06,8.37e-07,4.33e-07,4.33e-07,"0.00119621272727273","0.001244009","0.002404701","1","C","C","C","*","W",0,1,1,0,0,0,0
"7207",7470,2899,2899,"c","c","t","t",0.0017247326664367,0.0017247326664367,0.00034494653328734,0.00034494653328734,0.00034494653328734,0,0.00034494653328734,0,0.00206967919972404,0.00206967919972404,0.00206967919972404,0.00206967919972404,"nonsyn","nonsyn","nonsyn",4.58e-06,8.37e-07,4.33e-07,4.33e-07,"0.002655484","0.001255267","0.002426463","1","P","P","S","T","A",1,1,1,0,1,0,1
"7208",7471,2911,2911,"c","c","t","t",0.00137409824802473,0.00137409824802473,0.000343524562006183,0.000343524562006183,0.000343524562006183,0,0.000343524562006183,0,0.00171762281003092,0.00171762281003092,0.00171762281003092,0.00171762281003092,"nonsyn","nonsyn","nonsyn",4.58e-06,8.37e-07,4.33e-07,4.33e-07,"0.00333309500000001","0.001260463","0.002436507","1","P","P","L","H","R",1,1,1,0,1,0,1
"7209",7472,2910,2910,"t","c","c","t",0.00171821305841924,0.997938144329897,0.000343642611683849,0.000343642611683849,0.000343642611683849,0,0.000343642611683849,0,0.00206185567010309,0.998281786941581,0.00206185567010309,0.998281786941581,"syn","syn","syn",4.58e-06,8.37e-07,4.33e-07,4.33e-07,"4.58946280991736e-06","0.00126003","0.00243567","1","P","P","P","P","P",0,0,0,0,1,0,1
"7210",7473,2924,2924,"c","c","t","t",0.00136798905608755,0.00136798905608755,0.000683994528043776,0.000683994528043776,0.000683994528043776,0,0.000683994528043776,0,0.00205198358413133,0.00205198358413133,0.00205198358413133,0.00205198358413133,"nonsyn","nonsyn","nonsyn",4.58e-06,8.37e-07,4.33e-07,4.33e-07,"0.00334798","0.000633046","0.001223694","1","P","P","S","T","A",1,1,1,0,1,0,1
"7211",7474,3055,3055,"c","c","t","t",0.00130932896890344,0.00130932896890344,0.000327332242225859,0.000327332242225859,0.000327332242225859,0,0.000327332242225859,0,0.0016366612111293,0.0016366612111293,0.0016366612111293,0.0016366612111293,"nonsyn","nonsyn","nonsyn",4.58e-06,8.37e-07,4.33e-07,4.33e-07,"0.00349797499999999","0.001322815","0.002557035","1","P","P","L","H","R",1,1,1,0,1,0,1
"7212",7475,3142,3142,"a","c","g","t",0.00477402928071292,0.00190961171228517,0.00190961171228517,0.998090388287715,0,0.00190961171228517,0.993316359007002,0.00477402928071292,0.00668364099299809,1,0.00668364099299809,1,"syn","syn","syn",4.58e-06,8.37e-07,4.33e-07,4.33e-07,"0.00239839333333333","4.33828443877551e-07","8.42631848766421e-07","9.06990666666667e-05","P","P","P","P","P",0,0,0,0,1,0,1
"7213",7476,3171,3171,"g","g","a","a",0.000946073793755913,0.000946073793755913,0.000630715862503942,0.000630715862503942,0,0.000630715862503942,0,0.000630715862503942,0.00157678965625985,0.00157678965625985,0.00157678965625985,0.00157678965625985,"nonsyn","nonsyn","nonsyn",4.2e-06,5.36e-07,1.17e-06,1.17e-06,"0.0044394","0.001855035","1","0.001855035","D","D","N","H","Y",1,1,1,0,0,0,0
"7214",7477,3110,3110,"a","a","g","g",0.00385852090032154,0.00385852090032154,0,0,0,0,0,0,0.00385852090032154,0.00385852090032154,0.00385852090032154,0.00385852090032154,"nonsyn","nonsyn","nonsyn",1.77e-05,1.76e-06,1.7e-06,1.7e-06,"0.00458725","1","1","1","D","D","G","A","V",1,1,1,0,0,0,0
"7215",7478,3113,3113,"c","c","t","t",0.00096370061034372,0.00096370061034372,0.00032123353678124,0.00032123353678124,0.00032123353678124,0,0.00032123353678124,0,0.00128493414712496,0.00128493414712496,0.00128493414712496,0.00128493414712496,"syn","nonsyn","nonsyn",4.58e-06,8.37e-07,4.33e-07,4.33e-07,"0.00475251333333333","0.001347929","0.002605581","1","D","D","D","E","E",0,0,0,0,0,0,0
"7216",7479,3124,3124,"t","t","c","c",0.00256081946222791,0.00256081946222791,0.000640204865556978,0.000640204865556978,0.000640204865556978,0,0.000640204865556978,0,0.00320102432778489,0.00320102432778489,0.00320102432778489,0.00320102432778489,"nonsyn","nonsyn","nonsyn",1.7e-05,1.07e-06,1.21e-06,1.21e-06,"0.00663850000000001","0.00189002","0.00167134","1","S","S","P","T","A",1,0,1,0,1,0,1
"7217",7480,3151,3151,"c","c","t","t",0.000952078705172961,0.000952078705172961,0.000952078705172961,0.000952078705172961,0.000952078705172961,0,0.000952078705172961,0,0.00190415741034592,0.00190415741034592,0.00190415741034592,0.00190415741034592,"nonsyn","nonsyn","nonsyn",4.58e-06,8.37e-07,4.33e-07,4.33e-07,"0.00481052666666667","0.000454794333333333","0.000879129","1","S","S","F","Y","C",1,1,1,0,0,0,0
"7218",7481,3152,3152,"c","c","t","t",0.00126903553299492,0.00126903553299492,0.000634517766497462,0.000634517766497462,0.000634517766497462,0,0.000634517766497462,0,0.00190355329949239,0.00190355329949239,0.00190355329949239,0.00190355329949239,"syn","syn","syn",4.58e-06,8.37e-07,4.33e-07,4.33e-07,"0.00360904000000001","0.000682408","0.001319112","1","S","S","S","S","S",0,0,0,0,1,0,1
"7219",7482,3151,3151,"g","g","a","a",0.00126943827356395,0.00126943827356395,0.000317359568390987,0.000317359568390987,0.000317359568390987,0,0.000317359568390987,0,0.00158679784195493,0.00158679784195493,0.00158679784195493,0.00158679784195493,"nonsyn","nonsyn","nonsyn",4.2e-06,5.36e-07,1.17e-06,1.17e-06,"0.00330854999999999","0.00368667","0.001688936","1","D","D","N","H","Y",1,1,1,0,0,0,0
"7220",7483,3124,3124,"a","a","g","g",0.00480153649167734,0.00480153649167734,0.000320102432778489,0.000320102432778489,0,0.000320102432778489,0,0.000320102432778489,0.00512163892445583,0.00512163892445583,0.00512163892445583,0.00512163892445583,"nonsyn","nonsyn","nonsyn",1.77e-05,1.76e-06,1.7e-06,1.7e-06,"0.00368632","0.0053108","1","0.0053108","D","D","G","A","V",1,1,1,0,0,0,0
"7221",7484,3162,3162,"c","c","t","t",0.00158127767235927,0.00158127767235927,0,0,0,0,0,0,0.00158127767235927,0.00158127767235927,0.00158127767235927,0.00158127767235927,"syn","nonsyn","nonsyn",4.58e-06,8.37e-07,4.33e-07,4.33e-07,"0.00289639199999999","1","1","1","D","D","D","E","E",0,0,0,0,0,0,0
"7222",7485,3170,3170,"g","g","a","a",0.00441640378548896,0.00441640378548896,0,0,0,0,0,0,0.00441640378548896,0.00441640378548896,0.00441640378548896,0.00441640378548896,"nonsyn","nonsyn","nonsyn",4.2e-06,5.36e-07,1.17e-06,1.17e-06,"0.000951","1","1","1","A","V","I","L","F",0,0,0,0,0,0,0
"7223",7486,3180,3180,"c","t","t","c",0.00157232704402516,0.998427672955975,0,0,0,0,0,0,0.00157232704402516,0.998427672955975,0.00157232704402516,0.998427672955975,"nonsyn","nonsyn","nonsyn",1.7e-05,1.07e-06,1.21e-06,1.21e-06,"1.70267716535433e-05","1","1","1","A","V","A","D","G",0,1,1,0,0,0,0
"7224",7487,3185,3185,"t","t","c","c",0.00282574568288854,0.00282574568288854,0.00156985871271586,0.00156985871271586,0.00125588697017268,0.000313971742543171,0.00125588697017268,0.000313971742543171,0.0043956043956044,0.0043956043956044,0.0043956043956044,0.0043956043956044,"syn","syn","syn",1.7e-05,1.07e-06,1.21e-06,1.21e-06,"0.00601611111111111","0.000770769999999998","0.000851987500000003","0.00385385","A","V","V","V","V",0,0,0,1,0,0,0
"7225",7488,3198,3198,"g","g","a","a",0.00125078173858662,0.00125078173858662,0.000625390869293308,0.000625390869293308,0,0.000625390869293308,0,0.000625390869293308,0.00187617260787992,0.00187617260787992,0.00187617260787992,0.00187617260787992,"nonsyn","nonsyn","stop",4.2e-06,5.36e-07,1.17e-06,1.17e-06,"0.00335789999999999","0.00187083","1","0.00187083","E","E","K","Q","*",1,1,1,0,0,0,0
"7226",7489,3179,3179,"a","a","g","g",0.00314564328405159,0.00314564328405159,0.000314564328405159,0.000314564328405159,0,0.000314564328405159,0,0.000314564328405159,0.00346020761245675,0.00346020761245675,0.00346020761245675,0.00346020761245675,"nonsyn","nonsyn","nonsyn",1.77e-05,1.76e-06,1.7e-06,1.7e-06,"0.00562683","0.0054043","1","0.0054043","E","E","G","A","V",1,1,1,0,1,1,0
"7227",7490,3287,3287,"g","g","a","a",0.000304228780042592,0.000304228780042592,0.000608457560085184,0.000608457560085184,0,0.000608457560085184,0,0.000608457560085184,0.000912686340127776,0.000912686340127776,0.000912686340127776,0.000912686340127776,"syn","nonsyn","nonsyn",4.2e-06,5.36e-07,1.17e-06,1.17e-06,"0.0138054","0.001922895","1","0.001922895","E","E","E","D","D",0,0,0,0,0,0,0
"7228",7491,3291,3291,"t","t","c","c",0.00486174415071407,0.00486174415071407,0.000607718018839259,0.000607718018839259,0.000607718018839259,0,0.000607718018839259,0,0.00546946216955333,0.00546946216955333,0.00546946216955333,0.00546946216955333,"nonsyn","nonsyn","nonsyn",1.7e-05,1.07e-06,1.21e-06,1.21e-06,"0.0034966875","0.001991055","0.001760685","1","S","S","P","T","A",1,0,1,0,0,0,0
"7229",7492,3266,3266,"c","c","t","t",0.000612369871402327,0.000612369871402327,0.000612369871402327,0.000612369871402327,0.000612369871402327,0,0.000612369871402327,0,0.00122473974280465,0.00122473974280465,0.00122473974280465,0.00122473974280465,"nonsyn","nonsyn","nonsyn",4.58e-06,8.37e-07,4.33e-07,4.33e-07,"0.00747914","0.000707089","0.001366821","1","S","S","F","Y","C",1,1,1,0,0,0,0
"7230",7493,3314,3314,"c","c","t","t",0.00150875075437538,0.00150875075437538,0.000301750150875075,0.000301750150875075,0.000301750150875075,0,0.000301750150875075,0,0.00181050090525045,0.00181050090525045,0.00181050090525045,0.00181050090525045,"syn","syn","syn",4.58e-06,8.37e-07,4.33e-07,4.33e-07,"0.00303562399999999","0.001434962","0.002773818","1","S","S","S","S","S",0,0,0,0,1,0,1
"7231",7494,3133,3133,"t","t","c","c",0.0619214810086179,0.0619214810086179,0.000319182891797,0.000319182891797,0.000319182891797,0,0.000319182891797,0,0.0622406639004149,0.0622406639004149,0.0622406639004149,0.0622406639004149,"nonsyn","nonsyn","nonsyn",1.7e-05,1.07e-06,1.21e-06,1.21e-06,"0.000274541237113402","0.00379093","0.00335231","1","Y","Y","H","N","D",1,1,1,0,1,0,1
"7232",7495,3390,3390,"a","a","g","g",0.00294985250737463,0.00294985250737463,0,0,0,0,0,0,0.00294985250737463,0.00294985250737463,0.00294985250737463,0.00294985250737463,"nonsyn","nonsyn","nonsyn",1.77e-05,1.76e-06,1.7e-06,1.7e-06,"0.0060003","1","1","1","Y","Y","C","S","F",1,1,0,0,0,0,0
"7233",7496,3397,3397,"t","t","c","c",0.0035325287017957,0.0035325287017957,0,0,0,0,0,0,0.0035325287017957,0.0035325287017957,0.0035325287017957,0.0035325287017957,"syn","stop","stop",1.7e-05,1.07e-06,1.21e-06,1.21e-06,"0.00481241666666667","1","1","1","Y","Y","Y","*","*",0,1,1,0,0,0,0
"7234",7497,3309,3309,"t","t","c","c",0.00271985494106981,0.00271985494106981,0.000302206104563312,0.000302206104563312,0.000302206104563312,0,0.000302206104563312,0,0.00302206104563312,0.00302206104563312,0.00302206104563312,0.00302206104563312,"nonsyn","nonsyn","nonsyn",1.7e-05,1.07e-06,1.21e-06,1.21e-06,"0.00625033333333333","0.00400389","0.00354063","1","S","S","P","T","A",1,0,1,0,0,0,0
"7235",7498,3384,3384,"c","c","t","t",0.00147754137115839,0.00147754137115839,0,0,0,0,0,0,0.00147754137115839,0.00147754137115839,0.00147754137115839,0.00147754137115839,"nonsyn","nonsyn","nonsyn",4.58e-06,8.37e-07,4.33e-07,4.33e-07,"0.00309974400000001","1","1","1","S","S","F","Y","C",1,1,1,0,0,0,0
"7236",7499,3388,3388,"c","t","t","c",0.00118063754427391,0.997933884297521,0.000885478158205431,0.000885478158205431,0.000885478158205431,0,0.000885478158205431,0,0.00206611570247934,0.998819362455726,0.00206611570247934,0.998819362455726,"syn","syn","syn",1.7e-05,1.07e-06,1.21e-06,1.21e-06,"1.70351966873706e-05","0.00136649333333333","0.00120838666666667","1","S","S","S","S","S",0,0,0,0,1,0,1
"7237",7500,3407,3407,"t","t","c","c",0.00322864690343411,0.00322864690343411,0.00264162019371881,0.00264162019371881,0.00234810683886117,0.000293513354857646,0.00234810683886117,0.000293513354857646,0.00587026709715292,0.00587026709715292,0.00587026709715292,0.00587026709715292,"nonsyn","nonsyn","nonsyn",1.7e-05,1.07e-06,1.21e-06,1.21e-06,"0.00526536363636363","0.000458052222222223","0.00045568625","0.00412247","S","S","P","T","A",1,0,1,0,0,0,0
"7238",7501,3446,3447,"c","c","t","t",0.000870574579222287,0.000870574579222287,0.000870574579222287,0.000870574579222287,0.000870574579222287,0,0.000870574579222287,0,0.00174114915844457,0.00174114915844457,0.00174064403829417,0.00174064403829417,"nonsyn","nonsyn","nonsyn",4.58e-06,8.37e-07,4.33e-07,4.33e-07,"0.00526089333333333","0.000497372666666666","0.000961434","1","S","S","F","Y","C",1,1,1,0,0,0,0
"7239",7502,3452,3452,"c","c","t","t",0.00202780996523754,0.00202780996523754,0,0,0,0,0,0,0.00202780996523754,0.00202780996523754,0.00202780996523754,0.00202780996523754,"syn","syn","syn",4.58e-06,8.37e-07,4.33e-07,4.33e-07,"0.00225859428571429","1","1","1","S","S","S","S","S",0,0,0,0,1,0,1
"7240",7503,3473,3473,"a","a","g","g",0.00259141952202707,0.00259141952202707,0,0,0,0,0,0,0.00259141952202707,0.00259141952202707,0.00259141952202707,0.00259141952202707,"nonsyn","nonsyn","nonsyn",1.77e-05,1.76e-06,1.7e-06,1.7e-06,"0.00683023333333332","1","1","1","M","M","V","L","L",0,0,0,1,0,0,0
"7241",7504,3453,3453,"t","t","c","c",0.00173761946133797,0.00173761946133797,0.000579206487112656,0.000579206487112656,0.000289603243556328,0.000289603243556328,0.000289603243556328,0.000289603243556328,0.00231682594845062,0.00231682594845062,0.00231682594845062,0.00231682594845062,"nonsyn","nonsyn","nonsyn",1.7e-05,1.07e-06,1.21e-06,1.21e-06,"0.00978349999999998","0.002089065","0.00369471","0.00417813","M","M","T","K","R",1,1,1,1,0,0,0
"7242",7505,3456,3471,"g","g","a","a",0.00115740740740741,0.00115740740740741,0,0,0,0,0,0,0.00115740740740741,0.00115740740740741,0.00115240564678767,0.00115240564678767,"nonsyn","nonsyn","nonsyn",4.2e-06,5.36e-07,1.17e-06,1.17e-06,"0.00362879999999999","1","1","1","M","M","I","I","I",0,0,0,0,0,0,0
"7243",7506,3369,3460,"c","c","t","t",0.00415553576729,0.00415553576729,0.000296823983377857,0.000296823983377857,0.000296823983377857,0,0.000296823983377857,0,0.00445235975066785,0.00445235975066785,0.00433526011560694,0.00433526011560694,"nonsyn","nonsyn","nonsyn",4.58e-06,8.37e-07,4.33e-07,4.33e-07,"0.00110214428571428","0.001458777","0.002819853","1","P","P","S","T","A",1,1,1,0,0,0,0
"7244",7507,3483,3483,"c","c","t","t",0.00200976169968418,0.00200976169968418,0.000287108814240597,0.000287108814240597,0.000287108814240597,0,0.000287108814240597,0,0.00229687051392478,0.00229687051392478,0.00229687051392478,0.00229687051392478,"nonsyn","nonsyn","nonsyn",4.58e-06,8.37e-07,4.33e-07,4.33e-07,"0.00227887714285714","0.001508139","0.002915271","1","P","P","L","H","R",1,1,1,0,1,0,1
"7245",7508,3509,3509,"c","c","t","t",0.00113992590481619,0.00113992590481619,0.000569962952408094,0.000569962952408094,0.000569962952408094,0,0.000569962952408094,0,0.00170988885722428,0.00170988885722428,0.00170988885722428,0.00170988885722428,"syn","syn","syn",4.58e-06,8.37e-07,4.33e-07,4.33e-07,"0.00401780499999999","0.000759698499999999","0.0014685165","1","P","P","P","P","P",0,0,0,0,1,0,1
"7246",7509,3532,3532,"c","c","t","t",0,0,0.000566251415628539,0.000566251415628539,0.000566251415628539,0,0.000566251415628539,0,0.000566251415628539,0.000566251415628539,0.000566251415628539,0.000566251415628539,"nonsyn","nonsyn","nonsyn",4.58e-06,8.37e-07,4.33e-07,4.33e-07,"1","0.000764678","0.001478142","1","P","P","S","T","A",1,1,1,0,1,0,1
"7247",7510,3566,3566,"c","c","t","t",0.000560852495793606,0.000560852495793606,0.000280426247896803,0.000280426247896803,0.000280426247896803,0,0.000280426247896803,0,0.000841278743690409,0.000841278743690409,0.000841278743690409,0.000841278743690409,"nonsyn","nonsyn","nonsyn",4.58e-06,8.37e-07,4.33e-07,4.33e-07,"0.00816614000000001","0.001544078","0.002984742","1","P","P","L","H","R",1,1,1,0,1,0,1
"7248",7511,3593,3593,"c","c","t","t",0.000834956860562204,0.000834956860562204,0.00055663790704147,0.00055663790704147,0.00055663790704147,0,0.00055663790704147,0,0.00139159476760367,0.00139159476760367,0.00139159476760367,0.00139159476760367,"syn","syn","syn",4.58e-06,8.37e-07,4.33e-07,4.33e-07,"0.00548531333333334","0.000777884499999999","0.0015036705","1","P","P","P","P","P",0,0,0,0,1,0,1
"7249",7512,3608,3608,"c","c","t","t",0.00194013303769401,0.00194013303769401,0.000277161862527716,0.000277161862527716,0.000277161862527716,0,0.000277161862527716,0,0.00221729490022173,0.00221729490022173,0.00221729490022173,0.00221729490022173,"syn","nonsyn","nonsyn",4.58e-06,8.37e-07,4.33e-07,4.33e-07,"0.00236066285714286","0.001562264","0.003019896","1","L","L","L","M","V",0,0,0,0,1,0,1
"7250",7513,3594,3597,"t","t","c","c",0.00166944908180301,0.00166944908180301,0.000278241513633834,0.000278241513633834,0,0.000278241513633834,0,0.000278241513633834,0.00194769059543684,0.00194769059543684,0.00194606616624965,0.00194606616624965,"nonsyn","nonsyn","nonsyn",1.7e-05,1.07e-06,1.21e-06,1.21e-06,"0.010183","0.00434874","1","0.00434874","L","L","P","Q","R",1,1,1,1,1,0,1
"7251",7514,3574,3574,"g","g","a","a",0.000559597090095132,0.000559597090095132,0,0,0,0,0,0,0.000559597090095132,0.000559597090095132,0.000559597090095132,0.000559597090095132,"syn","syn","syn",4.2e-06,5.36e-07,1.17e-06,1.17e-06,"0.00750539999999999","1","1","1","L","L","L","L","L",0,0,0,0,1,1,0
"7252",7515,3575,3575,"g","g","a","a",0.000559440559440559,0.000559440559440559,0.000559440559440559,0.000559440559440559,0,0.000559440559440559,0,0.000559440559440559,0.00111888111888112,0.00111888111888112,0.00111888111888112,0.00111888111888112,"nonsyn","nonsyn","stop",4.2e-06,5.36e-07,1.17e-06,1.17e-06,"0.00750750000000001","0.002091375","1","0.002091375","E","E","K","Q","*",1,1,1,0,0,0,0
"7253",7516,3594,3594,"a","a","g","g",0.00278241513633834,0.00278241513633834,0,0,0,0,0,0,0.00278241513633834,0.00278241513633834,0.00278241513633834,0.00278241513633834,"nonsyn","nonsyn","nonsyn",1.77e-05,1.76e-06,1.7e-06,1.7e-06,"0.00636138","1","1","1","E","E","G","A","V",1,1,1,0,1,1,0
"7254",7517,3610,3619,"g","g","a","a",0.000831024930747922,0.000831024930747922,0.00138504155124654,0.00138504155124654,0,0.00138504155124654,0,0.00138504155124654,0.00221606648199446,0.00221606648199446,0.00221055540204476,0.00221055540204476,"syn","nonsyn","nonsyn",4.2e-06,5.36e-07,1.17e-06,1.17e-06,"0.005054","0.000844739999999998","1","0.000844739999999998","E","E","E","D","D",0,0,0,0,1,1,0
"7255",7518,3607,3607,"g","g","a","a",0.000554477405045744,0.000554477405045744,0.00138619351261436,0.00138619351261436,0.000277238702522872,0.00110895481009149,0.000277238702522872,0.00110895481009149,0.00194067091766011,0.00194067091766011,0.00194067091766011,0.00194067091766011,"nonsyn","nonsyn","nonsyn",4.2e-06,5.36e-07,1.17e-06,1.17e-06,"0.00757470000000001","0.000844038000000001","0.001933352","0.0010550475","G","G","R","R","W",1,1,1,0,1,1,0
"7256",7519,3581,3581,"g","g","a","a",0.00139625802848366,0.00139625802848366,0.00111700642278693,0.00111700642278693,0,0.00111700642278693,0,0.00111700642278693,0.00251326445127059,0.00251326445127059,0.00251326445127059,0.00251326445127059,"nonsyn","nonsyn","nonsyn",4.2e-06,5.36e-07,1.17e-06,1.17e-06,"0.00300804000000001","0.0010474425","1","0.0010474425","G","G","E","A","V",1,1,1,0,1,1,0
"7257",7520,3588,3588,"g","g","a","a",0.00167224080267559,0.00167224080267559,0.000278706800445931,0.000278706800445931,0,0.000278706800445931,0,0.000278706800445931,0.00195094760312152,0.00195094760312152,0.00195094760312152,0.00195094760312152,"syn","syn","syn",4.2e-06,5.36e-07,1.17e-06,1.17e-06,"0.00251159999999999","0.00419796","1","0.00419796","G","G","G","G","G",0,0,0,0,1,1,0
"7258",7521,3650,3650,"g","g","a","a",0.00136986301369863,0.00136986301369863,0.000273972602739726,0.000273972602739726,0,0.000273972602739726,0,0.000273972602739726,0.00164383561643836,0.00164383561643836,0.00164383561643836,0.00164383561643836,"nonsyn","nonsyn","stop",4.2e-06,5.36e-07,1.17e-06,1.17e-06,"0.003066","0.0042705","1","0.0042705","E","E","K","Q","*",1,1,1,0,0,0,0
"7259",7522,3673,3673,"a","a","g","g",0.00789545330792268,0.00789545330792268,0.000272257010618023,0.000272257010618023,0,0.000272257010618023,0,0.000272257010618023,0.0081677103185407,0.0081677103185407,0.0081677103185407,0.0081677103185407,"nonsyn","nonsyn","nonsyn",1.77e-05,1.76e-06,1.7e-06,1.7e-06,"0.00224179655172414","0.00624410000000001","1","0.00624410000000001","E","E","G","A","V",1,1,1,0,1,1,0
"7260",7523,3703,3703,"g","g","a","a",0.00135025654874426,0.00135025654874426,0.000270051309748852,0.000270051309748852,0.000270051309748852,0,0.000270051309748852,0,0.00162030785849311,0.00162030785849311,0.00162030785849311,0.00162030785849311,"syn","nonsyn","nonsyn",4.2e-06,5.36e-07,1.17e-06,1.17e-06,"0.00311052","0.00433251","0.001984808","1","E","E","E","D","D",0,0,0,0,0,0,0
"7261",7524,3737,3737,"c","c","t","t",0.00187316028900187,0.00187316028900187,0.000535188654000535,0.000535188654000535,0.000267594327000268,0.000267594327000268,0.000267594327000268,0.000267594327000268,0.00240834894300241,0.00240834894300241,0.00240834894300241,0.00240834894300241,"nonsyn","nonsyn","nonsyn",4.58e-06,8.37e-07,4.33e-07,4.33e-07,"0.00244506571428572","0.0008090605","0.00312786899999999","0.001618121","P","P","S","T","A",1,1,1,0,0,0,0
"7262",7525,3778,3778,"c","c","t","t",0.00238221281101112,0.00238221281101112,0,0,0,0,0,0,0.00238221281101112,0.00238221281101112,0.00238221281101112,0.00238221281101112,"nonsyn","nonsyn","nonsyn",4.58e-06,8.37e-07,4.33e-07,4.33e-07,"0.00192258222222222","1","1","1","P","P","L","H","R",1,1,1,0,1,0,1
"7263",7526,3851,3851,"t","t","c","c",0.00363541937159179,0.00363541937159179,0.00103869124902623,0.00103869124902623,0.00103869124902623,0,0.00103869124902623,0,0.00467411062061802,0.00467411062061802,0.00467411062061802,0.00467411062061802,"syn","syn","syn",1.7e-05,1.07e-06,1.21e-06,1.21e-06,"0.00467621428571429","0.0011649275","0.0010301425","1","P","P","P","P","P",0,0,0,1,1,0,1
"7264",7527,3845,3855,"g","g","a","a",0.00156046814044213,0.00156046814044213,0,0,0,0,0,0,0.00156046814044213,0.00156046814044213,0.00155642023346304,0.00155642023346304,"nonsyn","nonsyn","nonsyn",4.2e-06,5.36e-07,1.17e-06,1.17e-06,"0.0026915","1","1","1","G","G","R","R","W",1,1,1,0,1,1,0
"7265",7528,3856,3856,"g","g","a","a",0.00233402489626556,0.00233402489626556,0.000259336099585062,0.000259336099585062,0,0.000259336099585062,0,0.000259336099585062,0.00259336099585062,0.00259336099585062,0.00259336099585062,0.00259336099585062,"nonsyn","nonsyn","nonsyn",4.2e-06,5.36e-07,1.17e-06,1.17e-06,"0.00179946666666667","0.00451152","1","0.00451152","G","G","E","A","V",1,1,1,0,1,1,0
"7266",7529,3836,3836,"g","g","a","a",0.000782064650677789,0.000782064650677789,0,0,0,0,0,0,0.000782064650677789,0.000782064650677789,0.000782064650677789,0.000782064650677789,"syn","syn","syn",4.2e-06,5.36e-07,1.17e-06,1.17e-06,"0.0053704","1","1","1","G","G","G","G","G",0,0,0,0,1,1,0
"7267",7530,3833,3833,"g","g","a","a",0.00104356900600052,0.00104356900600052,0.000782676754500391,0.000782676754500391,0,0.000782676754500391,0,0.000782676754500391,0.00182624576050091,0.00182624576050091,0.00182624576050091,0.00182624576050091,"nonsyn","nonsyn","nonsyn",4.2e-06,5.36e-07,1.17e-06,1.17e-06,"0.00402465000000001","0.00149487","1","0.00149487","D","D","N","H","Y",1,1,1,0,0,0,0
"7268",7531,3843,3844,"a","a","g","g",0.00286234712464221,0.00286234712464221,0,0,0,0,0,0,0.00286234712464221,0.00286234712464221,0.00286160249739854,0.00286160249739854,"nonsyn","nonsyn","nonsyn",1.77e-05,1.76e-06,1.7e-06,1.7e-06,"0.00618373636363636","1","1","1","D","D","G","A","V",1,1,1,0,0,0,0
"7269",7532,3863,3864,"c","t","t","c",0.000776598498576236,0.999223401501424,0,0,0,0,0,0,0.000776598498576236,0.999223401501424,0.00077639751552795,0.998964803312629,"syn","nonsyn","nonsyn",1.7e-05,1.07e-06,1.21e-06,1.21e-06,"1.70132124352332e-05","1","1","1","D","D","D","E","E",0,0,0,0,0,0,0
"7270",7533,3892,3892,"c","c","t","t",0.00282631038026721,0.00282631038026721,0.0012846865364851,0.0012846865364851,0.00102774922918808,0.00025693730729702,0.00102774922918808,0.00025693730729702,0.00411099691675231,0.00411099691675231,0.00411099691675231,0.00411099691675231,"nonsyn","nonsyn","nonsyn",4.58e-06,8.37e-07,4.33e-07,4.33e-07,"0.00162048727272728","0.000337047199999999","0.000814400999999998","0.001685236","P","P","S","T","A",1,1,1,0,0,0,0
"7271",7534,3938,3938,"c","c","t","t",0.00330116810563738,0.00330116810563738,0.000507872016251904,0.000507872016251904,0,0.000507872016251904,0,0.000507872016251904,0.00380904012188928,0.00380904012188928,0.00380904012188928,0.00380904012188928,"nonsyn","nonsyn","nonsyn",4.58e-06,8.37e-07,4.33e-07,4.33e-07,"0.00138738769230769","0.000852577000000001","1","0.000852577000000001","P","P","L","Q","R",1,1,1,0,1,0,1
"7272",7535,3974,3974,"g","g","a","a",0.00301962757926522,0.00301962757926522,0.00176144942123805,0.00176144942123805,0.000251635631605435,0.00150981378963261,0.000251635631605435,0.00150981378963261,0.00478107700050327,0.00478107700050327,0.00478107700050327,0.00478107700050327,"syn","syn","syn",4.2e-06,5.36e-07,1.17e-06,1.17e-06,"0.0013909","0.000664225714285713","0.002130064","0.000774930000000001","P","P","P","P","P",0,0,0,0,1,1,0
"7273",7536,3979,3979,"g","g","a","a",0.00150791656195024,0.00150791656195024,0.000251319426991706,0.000251319426991706,0,0.000251319426991706,0,0.000251319426991706,0.00175923598894195,0.00175923598894195,0.00175923598894195,0.00175923598894195,"nonsyn","nonsyn","nonsyn",4.2e-06,5.36e-07,1.17e-06,1.17e-06,"0.0027853","0.00465543000000001","1","0.00465543000000001","D","D","N","H","Y",1,1,1,0,0,0,0
"7274",7537,3974,3974,"a","a","g","g",0.00276799194765979,0.00276799194765979,0.000251635631605435,0.000251635631605435,0,0.000251635631605435,0,0.000251635631605435,0.00301962757926522,0.00301962757926522,0.00301962757926522,0.00301962757926522,"nonsyn","nonsyn","nonsyn",1.77e-05,1.76e-06,1.7e-06,1.7e-06,"0.00639452727272727","0.00675580000000001","1","0.00675580000000001","D","D","G","A","V",1,1,1,0,0,0,0
"7275",7538,3994,3994,"t","t","c","c",0.00525788683024537,0.00525788683024537,0.000250375563345017,0.000250375563345017,0,0.000250375563345017,0,0.000250375563345017,0.00550826239359039,0.00550826239359039,0.00550826239359039,0.00550826239359039,"syn","nonsyn","nonsyn",1.7e-05,1.07e-06,1.21e-06,1.21e-06,"0.00323323809523809","0.00483274000000001","1","0.00483274000000001","D","D","D","E","E",0,0,0,0,0,0,0
"7276",7539,4007,4007,"c","c","t","t",0.000249563264287497,0.000249563264287497,0.000249563264287497,0.000249563264287497,0.000249563264287497,0,0.000249563264287497,0,0.000499126528574994,0.000499126528574994,0.000499126528574994,0.000499126528574994,"nonsyn","nonsyn","nonsyn",4.58e-06,8.37e-07,4.33e-07,4.33e-07,"0.01835206","0.001735031","0.003353859","1","L","L","F","I","V",0,0,0,0,0,0,0
"7277",7540,4006,4008,"t","t","c","c",0.00324513230154768,0.00324513230154768,0.000249625561657514,0.000249625561657514,0,0.000249625561657514,0,0.000249625561657514,0.00349475786320519,0.00349475786320519,0.00349301397205589,0.00349301397205589,"nonsyn","nonsyn","nonsyn",1.7e-05,1.07e-06,1.21e-06,1.21e-06,"0.00523861538461538","0.00484725999999999","1","0.00484725999999999","L","L","P","H","R",1,1,1,0,1,0,1
"7278",7541,4060,4060,"t","c","c","t",0.00221674876847291,0.997290640394089,0.000492610837438424,0.000492610837438424,0.000492610837438424,0,0.000492610837438424,0,0.00270935960591133,0.997783251231527,0.00270935960591133,0.997783251231527,"syn","syn","syn",4.58e-06,8.37e-07,4.33e-07,4.33e-07,"4.59244257841442e-06","0.000878989999999999","0.00169911","1","L","L","L","L","L",0,0,0,0,0,0,0
"7279",7542,4088,4088,"a","a","g","g",0.00464774951076321,0.00464774951076321,0.00122309197651663,0.00122309197651663,0.000244618395303327,0.000978473581213307,0.000244618395303327,0.000978473581213307,0.00587084148727984,0.00587084148727984,0.00587084148727984,0.00587084148727984,"nonsyn","nonsyn","nonsyn",1.77e-05,1.76e-06,1.7e-06,1.7e-06,"0.0038082947368421","0.00138992","0.00719487999999999","0.0017374","S","S","G","R","C",1,1,1,1,1,1,0
"7280",7543,4092,4092,"g","g","a","a",0.000977517106549365,0.000977517106549365,0,0,0,0,0,0,0.000977517106549365,0.000977517106549365,0.000977517106549365,0.000977517106549365,"nonsyn","nonsyn","nonsyn",4.2e-06,5.36e-07,1.17e-06,1.17e-06,"0.0042966","1","1","1","S","S","N","T","I",0,0,1,0,0,0,0
"7281",7544,4095,4095,"c","c","t","t",0.00268620268620269,0.00268620268620269,0,0,0,0,0,0,0.00268620268620269,0.00268620268620269,0.00268620268620269,0.00268620268620269,"syn","nonsyn","nonsyn",4.58e-06,8.37e-07,4.33e-07,4.33e-07,"0.00170500909090909","1","1","1","S","S","S","R","R",0,1,1,0,0,0,0
"7282",7545,4099,4099,"g","g","a","a",0.00146377165162235,0.00146377165162235,0.000487923883874116,0.000487923883874116,0.000243961941937058,0.000243961941937058,0.000243961941937058,0.000243961941937058,0.00195169553549646,0.00195169553549646,0.00195169553549646,0.00195169553549646,"nonsyn","nonsyn","nonsyn",4.2e-06,5.36e-07,1.17e-06,1.17e-06,"0.00286929999999999","0.002397915","0.002197064","0.00479583","D","D","N","H","Y",1,1,1,0,0,0,0
"7283",7546,4088,4088,"a","a","g","g",0.0036692759295499,0.0036692759295499,0,0,0,0,0,0,0.0036692759295499,0.0036692759295499,0.0036692759295499,0.0036692759295499,"nonsyn","nonsyn","nonsyn",1.77e-05,1.76e-06,1.7e-06,1.7e-06,"0.00482384","1","1","1","D","D","G","A","V",1,1,1,0,0,0,0
"7284",7547,4051,4051,"t","c","c","t",0.00345593680572698,0.995803505307332,0.000740557886941496,0.000740557886941496,0.000493705257960997,0.000246852628980499,0.000493705257960997,0.000246852628980499,0.00419649469266848,0.996544063194273,0.00419649469266848,0.996544063194273,"syn","nonsyn","nonsyn",4.58e-06,8.37e-07,4.33e-07,4.33e-07,"4.59930094199306e-06","0.000584694333333333","0.0016953435","0.001754083","D","D","D","E","E",0,0,0,0,0,0,0
"7285",7548,4068,4068,"g","g","a","a",0.00221238938053097,0.00221238938053097,0,0,0,0,0,0,0.00221238938053097,0.00221238938053097,0.00221238938053097,0.00221238938053097,"nonsyn","nonsyn","nonsyn",4.2e-06,5.36e-07,1.17e-06,1.17e-06,"0.0018984","1","1","1","G","G","R","R","W",1,1,1,0,1,1,0
"7286",7549,4072,4072,"g","g","a","a",0.00392927308447937,0.00392927308447937,0.0012278978388998,0.0012278978388998,0,0.0012278978388998,0,0.0012278978388998,0.00515717092337918,0.00515717092337918,0.00515717092337918,0.00515717092337918,"nonsyn","nonsyn","nonsyn",4.2e-06,5.36e-07,1.17e-06,1.17e-06,"0.0010689","0.000952848000000003","1","0.000952848000000003","G","G","E","A","V",1,1,1,0,1,1,0
"7287",7550,4100,4100,"g","g","a","a",0.00317073170731707,0.00317073170731707,0,0,0,0,0,0,0.00317073170731707,0.00317073170731707,0.00317073170731707,0.00317073170731707,"syn","syn","syn",4.2e-06,5.36e-07,1.17e-06,1.17e-06,"0.00132461538461539","1","1","1","G","G","G","G","G",0,0,0,0,0,0,0
"7288",7551,4132,4133,"t","t","c","c",0.00314617618586641,0.00314617618586641,0.000242013552758955,0.000242013552758955,0.000242013552758955,0,0.000242013552758955,0,0.00338818973862536,0.00338818973862536,0.00338736994918945,0.00338736994918945,"nonsyn","nonsyn","nonsyn",1.7e-05,1.07e-06,1.21e-06,1.21e-06,"0.00540338461538461","0.00499971999999999","0.00442123999999999","1","S","S","P","T","A",1,0,1,0,0,0,0
"7289",7552,4135,4135,"c","c","t","t",0.000967351874244256,0.000967351874244256,0.000725513905683192,0.000725513905683192,0.000725513905683192,0,0.000725513905683192,0,0.00169286577992745,0.00169286577992745,0.00169286577992745,0.00169286577992745,"nonsyn","stop","stop",4.58e-06,8.37e-07,4.33e-07,4.33e-07,"0.004734575","0.000596818333333334","0.001153665","1","S","S","L","*","*",1,1,1,0,0,0,0
"7290",7553,4124,4124,"a","a","g","g",0.0259456838021338,0.0259456838021338,0.000727449078564501,0.000727449078564501,0,0.000727449078564501,0,0.000727449078564501,0.0266731328806983,0.0266731328806983,0.0266731328806983,0.0266731328806983,"syn","syn","syn",1.77e-05,1.76e-06,1.7e-06,1.7e-06,"0.000682194392523366","0.00233693333333333","1","0.00233693333333333","S","S","S","S","S",0,0,0,1,0,0,0
"7291",7554,4170,4170,"t","t","c","c",0.00431654676258993,0.00431654676258993,0.000479616306954436,0.000479616306954436,0.000239808153477218,0.000239808153477218,0.000239808153477218,0.000239808153477218,0.00479616306954436,0.00479616306954436,0.00479616306954436,0.00479616306954436,"nonsyn","nonsyn","nonsyn",1.7e-05,1.07e-06,1.21e-06,1.21e-06,"0.00393833333333333","0.00252285","0.0044619","0.00504570000000001","W","W","R","R","G",1,1,1,1,0,0,0
"7292",7555,4183,4183,"g","g","a","a",0.00167344011475018,0.00167344011475018,0.00047812574707148,0.00047812574707148,0.00023906287353574,0.00023906287353574,0.00023906287353574,0.00023906287353574,0.00215156586182166,0.00215156586182166,0.00215156586182166,0.00215156586182166,"stop","nonsyn","nonsyn",4.2e-06,5.36e-07,1.17e-06,1.17e-06,"0.0025098","0.002447055","0.002242088","0.00489411","W","W","*","S","L",1,1,0,0,1,1,0
"7293",7556,4184,4184,"g","g","a","a",0.000956022944550669,0.000956022944550669,0,0,0,0,0,0,0.000956022944550669,0.000956022944550669,0.000956022944550669,0.000956022944550669,"stop","nonsyn","nonsyn",4.2e-06,5.36e-07,1.17e-06,1.17e-06,"0.0043932","1","1","1","W","W","*","C","C",1,1,1,0,0,0,0
"7294",7557,4148,4148,"t","t","c","c",0.00361620057859209,0.00361620057859209,0.000723240115718419,0.000723240115718419,0.000482160077145612,0.000241080038572806,0.000482160077145612,0.000241080038572806,0.00433944069431051,0.00433944069431051,0.00433944069431051,0.00433944069431051,"nonsyn","nonsyn","nonsyn",1.7e-05,1.07e-06,1.21e-06,1.21e-06,"0.00470106666666667","0.00167302666666667","0.00221918","0.00501908","S","S","P","T","A",1,0,1,0,0,0,0
"7295",7558,4163,4163,"c","c","t","t",0.00288253663223637,0.00288253663223637,0,0,0,0,0,0,0.00288253663223637,0.00288253663223637,0.00288253663223637,0.00288253663223637,"nonsyn","stop","nonsyn",4.58e-06,8.37e-07,4.33e-07,4.33e-07,"0.00158887833333333","1","1","1","S","S","L","*","W",1,1,1,0,0,0,0
"7296",7559,4158,4158,"g","g","a","a",0.0168350168350168,0.0168350168350168,0.000721500721500722,0.000721500721500722,0,0.000721500721500722,0,0.000721500721500722,0.0175565175565176,0.0175565175565176,0.0175565175565176,0.0175565175565176,"syn","syn","syn",4.2e-06,5.36e-07,1.17e-06,1.17e-06,"0.00024948","0.00162162","1","0.00162162","S","S","S","S","S",0,0,0,0,0,0,0
"7297",7560,4153,4153,"a","a","g","g",0.00288947748615459,0.00288947748615459,0,0,0,0,0,0,0.00288947748615459,0.00288947748615459,0.00288947748615459,0.00288947748615459,"nonsyn","nonsyn","nonsyn",1.77e-05,1.76e-06,1.7e-06,1.7e-06,"0.00612567499999999","1","1","1","T","T","A","P","S",1,1,0,0,0,0,0
"7298",7561,4192,4192,"c","c","t","t",0.00190839694656489,0.00190839694656489,0,0,0,0,0,0,0.00190839694656489,0.00190839694656489,0.00190839694656489,0.00190839694656489,"nonsyn","nonsyn","nonsyn",4.58e-06,8.37e-07,4.33e-07,4.33e-07,"0.00239991999999999","1","1","1","T","T","M","K","R",1,1,1,0,0,0,0
"7299",7562,4242,4242,"g","g","a","a",0.00235737859500236,0.00235737859500236,0.000471475719000471,0.000471475719000471,0,0.000471475719000471,0,0.000471475719000471,0.00282885431400283,0.00282885431400283,0.00282885431400283,0.00282885431400283,"syn","syn","syn",4.2e-06,5.36e-07,1.17e-06,1.17e-06,"0.00178164","0.00248157","1","0.00248157","T","T","T","T","T",0,0,0,0,1,1,0
"7300",7563,4257,4257,"g","g","a","a",0.00117453605825699,0.00117453605825699,0,0,0,0,0,0,0.00117453605825699,0.00117453605825699,0.00117453605825699,0.00117453605825699,"nonsyn","nonsyn","nonsyn",4.2e-06,5.36e-07,1.17e-06,1.17e-06,"0.00357587999999999","1","1","1","V","V","I","L","F",0,0,0,0,0,0,0
"7301",7564,4253,4253,"t","t","c","c",0.00423230660710087,0.00423230660710087,0.000470256289677874,0.000470256289677874,0,0.000470256289677874,0,0.000470256289677874,0.00470256289677874,0.00470256289677874,0.00470256289677874,0.00470256289677874,"nonsyn","nonsyn","nonsyn",1.7e-05,1.07e-06,1.21e-06,1.21e-06,"0.00401672222222222","0.002573065","1","0.002573065","V","V","A","D","G",0,1,1,0,0,0,0
"7302",7565,4261,4261,"c","c","t","t",0.00117343346632246,0.00117343346632246,0.000938746773057968,0.000938746773057968,0.000469373386528984,0.000469373386528984,0.000469373386528984,0.000469373386528984,0.00211218023938043,0.00211218023938043,0.00211218023938043,0.00211218023938043,"syn","syn","syn",4.58e-06,8.37e-07,4.33e-07,4.33e-07,"0.003903076","0.00046125325","0.0017832285","0.0009225065","V","V","V","V","V",0,0,0,0,0,0,0
"7303",7566,4235,4235,"a","a","g","g",0.00283353010625738,0.00283353010625738,0.00165289256198347,0.00165289256198347,0.000236127508854782,0.00141676505312869,0.000236127508854782,0.00141676505312869,0.00448642266824085,0.00448642266824085,0.00448642266824085,0.00448642266824085,"nonsyn","nonsyn","nonsyn",1.77e-05,1.76e-06,1.7e-06,1.7e-06,"0.006246625","0.0010285","0.00745359999999999","0.00119991666666667","S","S","G","R","C",1,1,1,1,1,1,0
"7304",7567,4345,4345,"g","g","a","a",0.000230149597238205,0.000230149597238205,0,0,0,0,0,0,0.000230149597238205,0.000230149597238205,0.000230149597238205,0.000230149597238205,"nonsyn","nonsyn","nonsyn",4.2e-06,5.36e-07,1.17e-06,1.17e-06,"0.018249","1","1","1","S","S","N","T","I",0,0,1,0,0,0,0
"7305",7568,4362,4362,"t","t","c","c",0.00275103163686382,0.00275103163686382,0.000229252636405319,0.000229252636405319,0.000229252636405319,0,0.000229252636405319,0,0.00298028427326914,0.00298028427326914,0.00298028427326914,0.00298028427326914,"syn","nonsyn","nonsyn",1.7e-05,1.07e-06,1.21e-06,1.21e-06,"0.00617950000000001","0.00527801999999999","0.00466733999999999","1","S","S","S","R","R",0,1,1,0,0,0,0
"7306",7569,4354,4354,"a","a","g","g",0.00160771704180064,0.00160771704180064,0.000229673863114378,0.000229673863114378,0,0.000229673863114378,0,0.000229673863114378,0.00183739090491502,0.00183739090491502,0.00183739090491502,0.00183739090491502,"nonsyn","nonsyn","nonsyn",1.77e-05,1.76e-06,1.7e-06,1.7e-06,"0.0110094","0.00740179999999999","1","0.00740179999999999","S","S","G","R","C",1,1,1,0,1,1,0
"7307",7570,4379,4379,"g","g","a","a",0.00182690111897694,0.00182690111897694,0,0,0,0,0,0,0.00182690111897694,0.00182690111897694,0.00182690111897694,0.00182690111897694,"nonsyn","nonsyn","nonsyn",4.2e-06,5.36e-07,1.17e-06,1.17e-06,"0.00229897499999999","1","1","1","S","S","N","T","I",0,0,1,0,0,0,0
"7308",7571,4307,4307,"t","t","c","c",0.00185744137450662,0.00185744137450662,0.000696540515439981,0.000696540515439981,0.000696540515439981,0,0.000696540515439981,0,0.0025539818899466,0.0025539818899466,0.0025539818899466,0.0025539818899466,"syn","nonsyn","nonsyn",1.7e-05,1.07e-06,1.21e-06,1.21e-06,"0.00915237499999999","0.00173715666666667","0.00153616333333333","1","S","S","S","R","R",0,1,1,1,0,0,0
"7309",7572,4307,4307,"g","g","a","a",0.000928720687253309,0.000928720687253309,0,0,0,0,0,0,0.000928720687253309,0.000928720687253309,0.000928720687253309,0.000928720687253309,"nonsyn","nonsyn","nonsyn",4.2e-06,5.36e-07,1.17e-06,1.17e-06,"0.00452235","1","1","1","G","G","R","R","W",1,1,1,0,1,1,0
"7310",7573,4284,4284,"g","g","a","a",0.112278244631186,0.112278244631186,0.000933706816059757,0.000933706816059757,0.000233426704014939,0.000700280112044818,0.000233426704014939,0.000700280112044818,0.113211951447246,0.113211951447246,0.113211951447246,0.113211951447246,"nonsyn","nonsyn","nonsyn",4.2e-06,5.36e-07,1.17e-06,1.17e-06,"3.74070686070685e-05","0.00125307","0.002296224","0.00167076","G","G","E","A","V",1,1,1,0,1,1,0
"7311",7574,4324,4324,"a","g","g","a",0.00462534690101758,0.99468085106383,0.000693802035152636,0.000693802035152636,0,0.000693802035152636,0,0.000693802035152636,0.00531914893617021,0.995374653098982,0.00531914893617021,0.995374653098982,"syn","syn","syn",4.2e-06,5.36e-07,1.17e-06,1.17e-06,"4.22245989304813e-06","0.00168636","1","0.00168636","G","G","G","G","G",0,0,0,0,1,1,0
"7312",7575,4296,4296,"g","g","a","a",0.00232774674115456,0.00232774674115456,0.000465549348230912,0.000465549348230912,0.000232774674115456,0.000232774674115456,0.000232774674115456,0.000232774674115456,0.00279329608938547,0.00279329608938547,0.00279329608938547,0.00279329608938547,"nonsyn","nonsyn","nonsyn",4.2e-06,5.36e-07,1.17e-06,1.17e-06,"0.00180432","0.00251316","0.002302656","0.00502632000000001","A","A","T","P","S",1,1,1,0,0,0,0
"7313",7576,4289,4289,"c","c","t","t",0.00349731872231289,0.00349731872231289,0,0,0,0,0,0,0.00349731872231289,0.00349731872231289,0.00349731872231289,0.00349731872231289,"nonsyn","nonsyn","nonsyn",4.58e-06,8.37e-07,4.33e-07,4.33e-07,"0.00130957466666667","1","1","1","A","A","V","D","G",0,1,1,0,0,0,0
"7314",7577,4303,4303,"c","c","t","t",0.00302114803625378,0.00302114803625378,0.000232396002788752,0.000232396002788752,0.000232396002788752,0,0.000232396002788752,0,0.00325354403904253,0.00325354403904253,0.00325354403904253,0.00325354403904253,"syn","syn","syn",4.58e-06,8.37e-07,4.33e-07,4.33e-07,"0.00151598","0.001863199","0.003601611","1","A","A","A","A","A",0,0,0,0,1,0,1
"7315",7578,4306,4306,"g","g","a","a",0.000696702275894101,0.000696702275894101,0.000464468183929401,0.000464468183929401,0,0.000464468183929401,0,0.000464468183929401,0.0011611704598235,0.0011611704598235,0.0011611704598235,0.0011611704598235,"nonsyn","nonsyn","nonsyn",4.2e-06,5.36e-07,1.17e-06,1.17e-06,"0.0060284","0.00251901","1","0.00251901","D","D","N","H","Y",1,1,1,0,0,0,0
"7316",7579,4345,4345,"a","a","g","g",0.00322209436133487,0.00322209436133487,0.000230149597238205,0.000230149597238205,0,0.000230149597238205,0,0.000230149597238205,0.00345224395857307,0.00345224395857307,0.00345224395857307,0.00345224395857307,"nonsyn","nonsyn","nonsyn",1.77e-05,1.76e-06,1.7e-06,1.7e-06,"0.00549332142857142","0.00738649999999999","1","0.00738649999999999","D","D","G","A","V",1,1,1,0,0,0,0
"7317",7580,4308,4308,"c","c","t","t",0.000464252553389044,0.000464252553389044,0,0,0,0,0,0,0.000464252553389044,0.000464252553389044,0.000464252553389044,0.000464252553389044,"syn","nonsyn","nonsyn",4.58e-06,8.37e-07,4.33e-07,4.33e-07,"0.00986531999999999","1","1","1","D","D","D","E","E",0,0,0,0,0,0,0
"7318",7581,4327,4327,"a","a","g","g",0.00485324705338572,0.00485324705338572,0.00138664201525306,0.00138664201525306,0,0.00138664201525306,0,0.00138664201525306,0.00623988906863878,0.00623988906863878,0.00623988906863878,0.00623988906863878,"nonsyn","nonsyn","nonsyn",1.77e-05,1.76e-06,1.7e-06,1.7e-06,"0.00364704285714286","0.00122598333333334","1","0.00122598333333334","T","T","A","P","S",1,1,0,1,0,0,0
"7319",7582,4329,4329,"c","c","t","t",0.000693000693000693,0.000693000693000693,0.000462000462000462,0.000462000462000462,0.000462000462000462,0,0.000462000462000462,0,0.00115500115500116,0.00115500115500116,0.00115500115500116,0.00115500115500116,"nonsyn","nonsyn","nonsyn",4.58e-06,8.37e-07,4.33e-07,4.33e-07,"0.00660894","0.0009372285","0.0018116865","1","T","T","M","K","R",1,1,1,0,0,0,0
"7320",7583,4332,4332,"g","g","a","a",0.000692520775623269,0.000692520775623269,0.000692520775623269,0.000692520775623269,0,0.000692520775623269,0,0.000692520775623269,0.00138504155124654,0.00138504155124654,0.00138504155124654,0.00138504155124654,"syn","syn","syn",4.2e-06,5.36e-07,1.17e-06,1.17e-06,"0.0060648","0.00168948","1","0.00168948","T","T","T","T","T",0,0,0,0,1,1,0
"7321",7584,4293,4293,"g","g","a","a",0.00279524807826695,0.00279524807826695,0.000232937339855579,0.000232937339855579,0,0.000232937339855579,0,0.000232937339855579,0.00302818541812252,0.00302818541812252,0.00302818541812252,0.00302818541812252,"nonsyn","nonsyn","stop",4.2e-06,5.36e-07,1.17e-06,1.17e-06,"0.00150255","0.00502281","1","0.00502281","E","E","K","Q","*",1,1,1,0,0,0,0
"7322",7585,4256,4257,"a","a","g","g",0.00328947368421053,0.00328947368421053,0.00140977443609023,0.00140977443609023,0.000234962406015038,0.00117481203007519,0.000234962406015038,0.00117481203007519,0.00469924812030075,0.00469924812030075,0.00469814423302795,0.00469814423302795,"nonsyn","nonsyn","nonsyn",1.77e-05,1.76e-06,1.7e-06,1.7e-06,"0.00538079999999999","0.00120586666666666","0.00749055999999999","0.00144704","E","E","G","A","V",1,1,1,0,0,0,0
"7323",7586,4266,4267,"g","a","a","g",0.00164088138771683,0.998359118612283,0,0,0,0,0,0,0.00164088138771683,0.998359118612283,0.00164049683618467,0.998125146472932,"syn","nonsyn","nonsyn",1.77e-05,1.76e-06,1.7e-06,1.7e-06,"1.77290913359944e-05","1","1","1","E","E","E","D","D",0,0,0,0,1,1,0
"7324",7587,4144,4144,"g","g","a","a",0.000723938223938224,0.000723938223938224,0.000723938223938224,0.000723938223938224,0,0.000723938223938224,0,0.000723938223938224,0.00144787644787645,0.00144787644787645,0.00144787644787645,0.00144787644787645,"nonsyn","nonsyn","nonsyn",4.2e-06,5.36e-07,1.17e-06,1.17e-06,"0.0058016","0.00161616","1","0.00161616","G","D","N","H","Y",1,1,1,0,0,0,0
"7325",7588,4148,4148,"g","a","a","g",0.000964320154291225,0.99831243972999,0.000723240115718419,0.000723240115718419,0.000241080038572806,0.000482160077145612,0.000241080038572806,0.000482160077145612,0.00168756027000964,0.999035679845709,0.00168756027000964,0.999035679845709,"nonsyn","nonsyn","nonsyn",1.77e-05,1.76e-06,1.7e-06,1.7e-06,"1.77299203091041e-05","0.00235053333333333","0.00730048000000001","0.0035258","G","D","G","A","V",1,1,1,0,0,0,0
"7326",7589,4139,4139,"t","t","c","c",0.00773133607151486,0.00773133607151486,0.000241604252234839,0.000241604252234839,0.000241604252234839,0,0.000241604252234839,0,0.0079729403237497,0.0079729403237497,0.0079729403237497,0.0079729403237497,"syn","nonsyn","nonsyn",1.7e-05,1.07e-06,1.21e-06,1.21e-06,"0.00219884375","0.00500819000000001","0.00442873000000001","1","G","D","D","E","E",0,0,0,1,0,0,0
"7327",7590,4197,4197,"g","g","a","a",0.00142959256611866,0.00142959256611866,0.000238265427686443,0.000238265427686443,0.000238265427686443,0,0.000238265427686443,0,0.0016678579938051,0.0016678579938051,0.0016678579938051,0.0016678579938051,"nonsyn","nonsyn","nonsyn",4.2e-06,5.36e-07,1.17e-06,1.17e-06,"0.00293789999999999","0.00491048999999999","0.002249592","1","V","V","I","L","F",0,0,0,0,0,0,0
"7328",7591,4228,4228,"t","t","c","c",0.00449385052034059,0.00449385052034059,0.000236518448438978,0.000236518448438978,0,0.000236518448438978,0,0.000236518448438978,0.00473036896877956,0.00473036896877956,0.00473036896877956,0.00473036896877956,"nonsyn","nonsyn","nonsyn",1.7e-05,1.07e-06,1.21e-06,1.21e-06,"0.00378294736842105","0.00511588000000001","1","0.00511588000000001","V","V","A","D","G",0,1,1,0,0,0,0
"7329",7592,4299,4299,"c","c","t","t",0.0025587345894394,0.0025587345894394,0.000465224470807164,0.000465224470807164,0.000465224470807164,0,0.000465224470807164,0,0.00302395906024657,0.00302395906024657,0.00302395906024657,0.00302395906024657,"syn","syn","syn",4.58e-06,8.37e-07,4.33e-07,4.33e-07,"0.00178994727272728","0.000930733500000001","0.0017991315","1","V","V","V","V","V",0,0,0,0,0,0,0
"7330",7593,4309,4309,"g","g","a","a",0.00324901369227199,0.00324901369227199,0.000696217219772569,0.000696217219772569,0,0.000696217219772569,0,0.000696217219772569,0.00394523091204456,0.00394523091204456,0.00394523091204456,0.00394523091204456,"nonsyn","nonsyn","nonsyn",4.2e-06,5.36e-07,1.17e-06,1.17e-06,"0.0012927","0.00168051","1","0.00168051","V","V","M","L","L",0,0,0,0,0,0,0
"7331",7594,4311,4311,"t","t","c","c",0.00301554163767107,0.00301554163767107,0.000231964741359313,0.000231964741359313,0.000231964741359313,0,0.000231964741359313,0,0.00324750637903039,0.00324750637903039,0.00324750637903039,0.00324750637903039,"nonsyn","nonsyn","nonsyn",1.7e-05,1.07e-06,1.21e-06,1.21e-06,"0.00563746153846155","0.00521631000000001","0.00461277000000001","1","V","V","A","E","G",0,1,1,1,0,0,0
"7332",7595,4335,4335,"g","g","a","a",0.00161476355247982,0.00161476355247982,0.000230680507497116,0.000230680507497116,0.000230680507497116,0,0.000230680507497116,0,0.00184544405997693,0.00184544405997693,0.00184544405997693,0.00184544405997693,"syn","syn","syn",4.2e-06,5.36e-07,1.17e-06,1.17e-06,"0.00260099999999999","0.00507195000000001","0.00232356","1","V","V","V","V","V",0,0,0,0,0,0,0
"7333",7596,4390,4390,"t","t","c","c",0.00432801822323462,0.00432801822323462,0,0,0,0,0,0,0.00432801822323462,0.00432801822323462,0.00432801822323462,0.00432801822323462,"nonsyn","nonsyn","nonsyn",1.7e-05,1.07e-06,1.21e-06,1.21e-06,"0.00392789473684211","1","1","1","C","C","R","S","G",1,1,0,1,0,0,0
"7334",7597,4405,4405,"g","g","a","a",0.00249716231555051,0.00249716231555051,0,0,0,0,0,0,0.00249716231555051,0.00249716231555051,0.00249716231555051,0.00249716231555051,"nonsyn","nonsyn","nonsyn",4.2e-06,5.36e-07,1.17e-06,1.17e-06,"0.00168190909090909","1","1","1","C","C","Y","S","F",1,1,1,0,0,0,0
"7335",7598,4628,4628,"c","c","t","t",0.00302506482281763,0.00302506482281763,0.000216076058772688,0.000216076058772688,0.000216076058772688,0,0.000216076058772688,0,0.00324114088159032,0.00324114088159032,0.00324114088159032,0.00324114088159032,"syn","stop","nonsyn",4.58e-06,8.37e-07,4.33e-07,4.33e-07,"0.00151401714285714","0.002003924","0.003873636","1","C","C","C","*","W",0,1,1,0,0,0,0
"7336",7599,4611,4611,"t","t","c","c",0.0028193450444589,0.0028193450444589,0.000433745391455216,0.000433745391455216,0,0.000433745391455216,0,0.000433745391455216,0.00325309043591412,0.00325309043591412,0.00325309043591412,0.00325309043591412,"nonsyn","nonsyn","nonsyn",1.7e-05,1.07e-06,1.21e-06,1.21e-06,"0.00602976923076924","0.002789655","1","0.002789655","C","C","R","S","G",1,1,0,1,1,0,1
"7337",7600,4665,4665,"g","g","a","a",0.00214362272240086,0.00214362272240086,0,0,0,0,0,0,0.00214362272240086,0.00214362272240086,0.00214362272240086,0.00214362272240086,"nonsyn","nonsyn","nonsyn",4.2e-06,5.36e-07,1.17e-06,1.17e-06,"0.0019593","1","1","1","C","C","Y","S","F",1,1,1,0,0,0,0
"7338",7601,4668,4668,"c","c","t","t",0.000856898029134533,0.000856898029134533,0,0,0,0,0,0,0.000856898029134533,0.000856898029134533,0.000856898029134533,0.000856898029134533,"syn","stop","nonsyn",4.58e-06,8.37e-07,4.33e-07,4.33e-07,"0.00534486","1","1","1","C","C","C","*","W",0,1,1,0,0,0,0
"7339",7602,4654,4654,"t","t","c","c",0.00429737859905458,0.00429737859905458,0.00171895143962183,0.00171895143962183,0.00171895143962183,0,0.00171895143962183,0,0.00601633003867641,0.00601633003867641,0.00601633003867641,0.00601633003867641,"nonsyn","nonsyn","nonsyn",1.7e-05,1.07e-06,1.21e-06,1.21e-06,"0.0039559","0.0007039175","0.0006224725","1","S","S","P","T","A",1,0,1,0,1,0,1
"7340",7603,4675,4675,"c","c","t","t",0.000213903743315508,0.000213903743315508,0.000427807486631016,0.000427807486631016,0.000213903743315508,0.000213903743315508,0.000213903743315508,0.000213903743315508,0.000641711229946524,0.000641711229946524,0.000641711229946524,0.000641711229946524,"nonsyn","stop","stop",4.58e-06,8.37e-07,4.33e-07,4.33e-07,"0.0214115","0.0010121375","0.003912975","0.002024275","S","S","L","*","*",1,1,1,0,0,0,0
"7341",7604,4627,4627,"a","a","g","g",0.00324184136589583,0.00324184136589583,0,0,0,0,0,0,0.00324184136589583,0.00324184136589583,0.00324184136589583,0.00324184136589583,"syn","syn","syn",1.77e-05,1.76e-06,1.7e-06,1.7e-06,"0.00545986","1","1","1","S","S","S","S","S",0,0,0,1,0,0,0
"7342",7605,4675,4675,"a","a","g","g",0.00342245989304813,0.00342245989304813,0.000641711229946524,0.000641711229946524,0,0.000641711229946524,0,0.000641711229946524,0.00406417112299465,0.00406417112299465,0.00406417112299465,0.00406417112299465,"nonsyn","nonsyn","nonsyn",1.77e-05,1.76e-06,1.7e-06,1.7e-06,"0.00517171875","0.00264916666666667","1","0.00264916666666667","M","M","V","L","L",0,0,0,0,0,0,0
"7343",7606,4685,4688,"t","t","c","c",0.00234791889007471,0.00234791889007471,0.000213447171824973,0.000213447171824973,0.000213447171824973,0,0.000213447171824973,0,0.00256136606189968,0.00256136606189968,0.00255972696245734,0.00255972696245734,"nonsyn","nonsyn","nonsyn",1.7e-05,1.07e-06,1.21e-06,1.21e-06,"0.00724045454545453","0.00566885000000001","0.00501295000000001","1","M","M","T","K","R",1,1,1,1,0,0,0
"7344",7607,4681,4681,"g","g","a","a",0.000854518265327921,0.000854518265327921,0.00021362956633198,0.00021362956633198,0,0.00021362956633198,0,0.00021362956633198,0.0010681478316599,0.0010681478316599,0.0010681478316599,0.0010681478316599,"nonsyn","nonsyn","nonsyn",4.2e-06,5.36e-07,1.17e-06,1.17e-06,"0.00491505","0.00547677000000001","1","0.00547677000000001","M","M","I","I","I",0,0,0,0,0,0,0
"7345",7608,4668,4669,"t","t","c","c",0.00492716366752357,0.00492716366752357,0.0006426735218509,0.0006426735218509,0.000214224507283633,0.000428449014567267,0.000214224507283633,0.000428449014567267,0.00556983718937446,0.00556983718937446,0.00556864424930392,0.00556864424930392,"nonsyn","nonsyn","nonsyn",1.7e-05,1.07e-06,1.21e-06,1.21e-06,"0.00345026086956521","0.00188276","0.00499476000000001","0.00282414","S","S","P","T","A",1,0,1,0,0,0,0
"7346",7609,4652,4653,"c","c","t","t",0.000429922613929493,0.000429922613929493,0,0,0,0,0,0,0.000429922613929493,0.000429922613929493,0.00042983021706426,0.00042983021706426,"nonsyn","nonsyn","nonsyn",4.58e-06,8.37e-07,4.33e-07,4.33e-07,"0.01065308","1","1","1","S","S","F","Y","C",1,1,1,0,0,0,0
"7347",7610,4689,4690,"t","t","c","c",0.0104499893367456,0.0104499893367456,0.0334826188952868,0.0334826188952868,0.0332693538067818,0.000213265088505012,0.0332693538067818,0.000213265088505012,0.0439326082320324,0.0439326082320324,0.0439232409381663,0.0439232409381663,"syn","syn","syn",1.7e-05,1.07e-06,1.21e-06,1.21e-06,"0.00162679591836734","3.61381528662421e-05","3.21617307692308e-05","0.00567368999999999","S","S","S","S","S",0,0,0,0,1,0,1
"7348",7611,4556,4556,"t","t","c","c",0.00219490781387182,0.00219490781387182,0.00153643546971027,0.00153643546971027,0.00109745390693591,0.000438981562774363,0.00109745390693591,0.000438981562774363,0.00373134328358209,0.00373134328358209,0.00373134328358209,0.00373134328358209,"nonsyn","nonsyn","nonsyn",1.7e-05,1.07e-06,1.21e-06,1.21e-06,"0.00774519999999999","0.000787537142857144","0.000974983999999999","0.00275638","Y","Y","H","N","D",1,1,1,0,0,0,0
"7349",7612,4736,4736,"a","a","g","g",0.00147804054054054,0.00147804054054054,0,0,0,0,0,0,0.00147804054054054,0.00147804054054054,0.00147804054054054,0.00147804054054054,"nonsyn","nonsyn","nonsyn",1.77e-05,1.76e-06,1.7e-06,1.7e-06,"0.0119753142857143","1","1","1","Y","Y","C","S","F",1,1,0,0,0,0,0
"7350",7613,4724,4724,"t","t","c","c",0.00296359017781541,0.00296359017781541,0,0,0,0,0,0,0.00296359017781541,0.00296359017781541,0.00296359017781541,0.00296359017781541,"syn","stop","stop",1.7e-05,1.07e-06,1.21e-06,1.21e-06,"0.00573628571428572","1","1","1","Y","Y","Y","*","*",0,1,1,0,0,0,0
"7351",7614,4726,4726,"a","t","g","c",0.00211595429538722,0.000211595429538722,0.000423190859077444,0.999576809140923,0.000211595429538722,0.000211595429538722,0.997460854845535,0.00211595429538722,0.00253914515446466,0.999788404570461,0.00253914515446466,0.999788404570461,"nonsyn","nonsyn","nonsyn",1.7e-05,1.07e-06,1.21e-06,1.21e-06,"0.080342","1.21051227773074e-06","1.07272380144251e-06","0.000571846","T","S","P","T","A",1,0,1,0,0,0,0
"7352",7615,4747,4747,"c","c","t","t",0.00105329681904361,0.00105329681904361,0,0,0,0,0,0,0.00105329681904361,0.00105329681904361,0.00105329681904361,0.00105329681904361,"nonsyn","nonsyn","nonsyn",4.58e-06,8.37e-07,4.33e-07,4.33e-07,"0.00434825199999999","1","1","1","T","S","F","Y","C",1,1,1,0,0,0,0
"7353",7616,4704,4704,"c","c","t","t",0.099702380952381,0.099702380952381,0.000425170068027211,0.000425170068027211,0.000425170068027211,0,0.000425170068027211,0,0.100127551020408,0.100127551020408,0.100127551020408,0.100127551020408,"syn","syn","syn",4.58e-06,8.37e-07,4.33e-07,4.33e-07,"4.59367164179104e-05","0.001018416","0.001968624","1","T","S","S","S","S",0,0,0,0,1,0,1
"7354",7617,4702,4702,"t","t","c","c",0.00425350914504466,0.00425350914504466,0.0012760527435134,0.0012760527435134,0.00106337728626117,0.000212675457252233,0.00106337728626117,0.000212675457252233,0.00552956188855806,0.00552956188855806,0.00552956188855806,0.00552956188855806,"nonsyn","nonsyn","nonsyn",1.7e-05,1.07e-06,1.21e-06,1.21e-06,"0.0039967","0.000948236666666666","0.001006228","0.00568942","W","W","R","R","G",1,1,1,1,1,0,1
"7355",7618,4778,4779,"g","g","a","a",0.00146504813729594,0.00146504813729594,0.000627877773126831,0.000627877773126831,0,0.000627877773126831,0,0.000627877773126831,0.00209292591042277,0.00209292591042277,0.00209248796819418,0.00209248796819418,"stop","nonsyn","nonsyn",4.2e-06,5.36e-07,1.17e-06,1.17e-06,"0.0028668","0.00186342","1","0.00186342","W","W","*","S","L",1,1,0,0,1,1,0
"7356",7619,4783,4783,"g","g","a","a",0.00209073803052478,0.00209073803052478,0,0,0,0,0,0,0.00209073803052478,0.00209073803052478,0.00209073803052478,0.00209073803052478,"stop","nonsyn","nonsyn",4.2e-06,5.36e-07,1.17e-06,1.17e-06,"0.00200886","1","1","1","W","W","*","C","C",1,1,1,0,0,0,0
"7357",7620,4785,4785,"a","a","g","g",0.00459770114942529,0.00459770114942529,0.000208986415882968,0.000208986415882968,0,0.000208986415882968,0,0.000208986415882968,0.00480668756530825,0.00480668756530825,0.00480668756530825,0.00480668756530825,"nonsyn","nonsyn","nonsyn",1.77e-05,1.76e-06,1.7e-06,1.7e-06,"0.00384975","0.00813449999999999","1","0.00813449999999999","T","T","A","P","S",1,1,0,0,0,0,0
"7358",7621,4720,4720,"c","c","t","t",0.00105932203389831,0.00105932203389831,0,0,0,0,0,0,0.00105932203389831,0.00105932203389831,0.00105932203389831,0.00105932203389831,"nonsyn","nonsyn","nonsyn",4.58e-06,8.37e-07,4.33e-07,4.33e-07,"0.00432351999999998","1","1","1","T","T","I","K","R",1,1,1,0,0,0,0
"7359",7622,4700,4700,"a","a","g","g",0.00425531914893617,0.00425531914893617,0.0025531914893617,0.0025531914893617,0.00106382978723404,0.00148936170212766,0.00106382978723404,0.00148936170212766,0.00680851063829787,0.00680851063829787,0.00680851063829787,0.00680851063829787,"syn","syn","syn",1.77e-05,1.76e-06,1.7e-06,1.7e-06,"0.0041595","0.000665833333333334","0.0016544","0.00114142857142857","T","T","T","T","T",0,0,0,1,1,1,0
"7360",7623,4673,4674,"g","g","a","a",0.00128397175262144,0.00128397175262144,0.000427990584207147,0.000427990584207147,0.000213995292103574,0.000213995292103574,0.000213995292103574,0.000213995292103574,0.00171196233682859,0.00171196233682859,0.00171159606332905,0.00171159606332905,"nonsyn","nonsyn","nonsyn",4.2e-06,5.36e-07,1.17e-06,1.17e-06,"0.00327110000000001","0.002733705","0.002504728","0.00546740999999999","G","G","S","R","C",1,1,0,0,1,1,0
"7361",7624,4703,4703,"g","g","a","a",0.0017010418881565,0.0017010418881565,0.000637890708058686,0.000637890708058686,0,0.000637890708058686,0,0.000637890708058686,0.00233893259621518,0.00233893259621518,0.00233893259621518,0.00233893259621518,"nonsyn","nonsyn","nonsyn",4.2e-06,5.36e-07,1.17e-06,1.17e-06,"0.00246907499999999","0.00183417","1","0.00183417","G","G","D","A","V",1,1,1,0,0,0,0
"7362",7625,4794,4794,"c","c","t","t",0.00208594075928244,0.00208594075928244,0.00187734668335419,0.00187734668335419,0.00187734668335419,0,0.00187734668335419,0,0.00396328744263663,0.00396328744263663,0.00396328744263663,0.00396328744263663,"syn","syn","syn",4.58e-06,8.37e-07,4.33e-07,4.33e-07,"0.002195652","0.000230644666666667","0.000445842000000001","1","G","G","G","G","G",0,0,0,0,0,0,0
"7363",7626,4831,4831,"g","g","a","a",0.00165597184847858,0.00165597184847858,0.000413992962119644,0.000413992962119644,0,0.000413992962119644,0,0.000413992962119644,0.00206996481059822,0.00206996481059822,0.00206996481059822,0.00206996481059822,"nonsyn","nonsyn","nonsyn",4.2e-06,5.36e-07,1.17e-06,1.17e-06,"0.00253627499999999","0.002826135","1","0.002826135","A","A","T","P","S",1,1,1,0,0,0,0
"7364",7627,4842,4842,"c","c","t","t",0.00103263114415531,0.00103263114415531,0,0,0,0,0,0,0.00103263114415531,0.00103263114415531,0.00103263114415531,0.00103263114415531,"nonsyn","nonsyn","nonsyn",4.58e-06,8.37e-07,4.33e-07,4.33e-07,"0.00443527199999999","1","1","1","A","A","V","E","G",0,1,1,0,0,0,0
"7365",7628,4834,4834,"a","a","g","g",0.00330988829127017,0.00330988829127017,0.00103434009102193,0.00103434009102193,0.000413736036408771,0.000620604054613157,0.000413736036408771,0.000620604054613157,0.0043442283822921,0.0043442283822921,0.0043442283822921,0.0043442283822921,"syn","syn","syn",1.77e-05,1.76e-06,1.7e-06,1.7e-06,"0.0053476125","0.00164356","0.00425392","0.00273926666666667","A","A","A","A","A",0,0,0,1,0,0,0
"7366",7629,4857,4857,"c","c","t","t",0.00144121885937822,0.00144121885937822,0,0,0,0,0,0,0.00144121885937822,0.00144121885937822,0.00144121885937822,0.00144121885937822,"nonsyn","nonsyn","nonsyn",4.58e-06,8.37e-07,4.33e-07,4.33e-07,"0.00317786571428571","1","1","1","L","L","F","I","V",0,0,0,0,0,0,0
"7367",7630,4854,4856,"t","t","c","c",0.00226617222908941,0.00226617222908941,0.000618046971569839,0.000618046971569839,0.000412031314379893,0.000206015657189946,0.000412031314379893,0.000206015657189946,0.00288421920065925,0.00288421920065925,0.0028830313014827,0.0028830313014827,"nonsyn","nonsyn","nonsyn",1.7e-05,1.07e-06,1.21e-06,1.21e-06,"0.00750163636363637","0.00195778","0.00259689","0.00587334000000001","L","L","P","H","R",1,1,1,0,1,0,1
"7368",7631,4950,4950,"t","c","c","t",0.00545454545454545,0.992121212121212,0.00242424242424242,0.00242424242424242,0.00181818181818182,0.000606060606060606,0.00181818181818182,0.000606060606060606,0.00787878787878788,0.994545454545455,0.00787878787878788,0.994545454545455,"syn","syn","syn",4.58e-06,8.37e-07,4.33e-07,4.33e-07,"4.6163714111179e-06","0.0001786125","0.00046035","0.00071445","L","L","L","L","L",0,0,0,0,0,0,0
"7369",7632,4957,4957,"g","g","a","a",0.00201734920314706,0.00201734920314706,0,0,0,0,0,0,0.00201734920314706,0.00201734920314706,0.00201734920314706,0.00201734920314706,"nonsyn","nonsyn","nonsyn",4.2e-06,5.36e-07,1.17e-06,1.17e-06,"0.00208194","1","1","1","V","V","I","L","F",0,0,0,0,0,0,0
"7370",7633,4780,4780,"t","t","c","c",0.00585774058577406,0.00585774058577406,0.00104602510460251,0.00104602510460251,0.00104602510460251,0,0.00104602510460251,0,0.00690376569037657,0.00690376569037657,0.00690376569037657,0.00690376569037657,"nonsyn","nonsyn","nonsyn",1.7e-05,1.07e-06,1.21e-06,1.21e-06,"0.00290214285714286","0.00115676","0.00102292","1","V","V","A","D","G",0,1,1,0,0,0,0
"7371",7634,4904,4904,"c","c","t","t",0.00142740619902121,0.00142740619902121,0.000203915171288744,0.000203915171288744,0.000203915171288744,0,0.000203915171288744,0,0.00163132137030995,0.00163132137030995,0.00163132137030995,0.00163132137030995,"syn","syn","syn",4.58e-06,8.37e-07,4.33e-07,4.33e-07,"0.00320861714285714","0.002123432","0.004104648","1","V","V","V","V","V",0,0,0,0,0,0,0
"7372",7635,4879,4879,"a","a","g","g",0.0038942406230785,0.0038942406230785,0.000614880098380816,0.000614880098380816,0,0.000614880098380816,0,0.000614880098380816,0.00450912072145932,0.00450912072145932,0.00450912072145932,0.00450912072145932,"nonsyn","nonsyn","nonsyn",1.77e-05,1.76e-06,1.7e-06,1.7e-06,"0.00454517368421053","0.00276476666666667","1","0.00276476666666667","T","T","A","P","S",1,1,0,1,0,0,0
"7373",7636,4907,4909,"c","c","t","t",0.000815162013450173,0.000815162013450173,0,0,0,0,0,0,0.000815162013450173,0.000815162013450173,0.000814829904257486,0.000814829904257486,"nonsyn","nonsyn","nonsyn",4.58e-06,8.37e-07,4.33e-07,4.33e-07,"0.005618515","1","1","1","T","T","I","N","S",1,0,0,0,0,0,0
"7374",7637,4928,4928,"c","c","t","t",0.00162337662337662,0.00162337662337662,0.00202922077922078,0.00202922077922078,0.00101461038961039,0.00101461038961039,0.00101461038961039,0.00101461038961039,0.0036525974025974,0.0036525974025974,0.0036525974025974,0.0036525974025974,"syn","syn","syn",4.58e-06,8.37e-07,4.33e-07,4.33e-07,"0.00282128000000001","0.0002133824","0.0008249472","0.0004267648","T","T","T","T","T",0,0,0,0,1,0,1
"7375",7638,4926,4926,"c","c","t","t",0.00162403572878603,0.00162403572878603,0.000609013398294762,0.000609013398294762,0.000609013398294762,0,0.000609013398294762,0,0.0022330491270808,0.0022330491270808,0.0022330491270808,0.0022330491270808,"nonsyn","nonsyn","nonsyn",4.58e-06,8.37e-07,4.33e-07,4.33e-07,"0.00282013500000001","0.000710986000000001","0.001374354","1","P","P","S","T","A",1,1,1,0,1,0,1
"7376",7639,4913,4913,"c","c","t","t",0.00122124974557297,0.00122124974557297,0.000407083248524323,0.000407083248524323,0.000407083248524323,0,0.000407083248524323,0,0.00162833299409729,0.00162833299409729,0.00162833299409729,0.00162833299409729,"nonsyn","nonsyn","nonsyn",4.58e-06,8.37e-07,4.33e-07,4.33e-07,"0.00375025666666667","0.0010636645","0.0020560905","1","P","P","L","Q","R",1,1,1,0,1,0,1
"7377",7640,4916,4916,"g","g","a","a",0.00101708706265256,0.00101708706265256,0.000203417412530513,0.000203417412530513,0,0.000203417412530513,0,0.000203417412530513,0.00122050447518308,0.00122050447518308,0.00122050447518308,0.00122050447518308,"syn","syn","syn",4.2e-06,5.36e-07,1.17e-06,1.17e-06,"0.00412944000000001","0.00575171999999999","1","0.00575171999999999","P","P","P","P","P",0,0,0,0,0,0,0
"7378",7641,4924,4924,"t","t","c","c",0.00345247766043867,0.00345247766043867,0.000406173842404549,0.000406173842404549,0.000203086921202275,0.000203086921202275,0.000203086921202275,0.000203086921202275,0.00385865150284322,0.00385865150284322,0.00385865150284322,0.00385865150284322,"nonsyn","nonsyn","nonsyn",1.7e-05,1.07e-06,1.21e-06,1.21e-06,"0.004924","0.00297902","0.00526867999999999","0.00595803999999999","C","C","R","S","G",1,1,0,1,0,0,0
"7379",7642,4926,4926,"g","g","a","a",0.00203004466098254,0.00203004466098254,0,0,0,0,0,0,0.00203004466098254,0.00203004466098254,0.00203004466098254,0.00203004466098254,"nonsyn","nonsyn","nonsyn",4.2e-06,5.36e-07,1.17e-06,1.17e-06,"0.00206892","1","1","1","C","C","Y","S","F",1,1,1,0,0,0,0
"7380",7643,4963,4963,"c","c","t","t",0.0334475115857344,0.0334475115857344,0.000201491033649003,0.000201491033649003,0.000201491033649003,0,0.000201491033649003,0,0.0336490026193834,0.0336490026193834,0.0336490026193834,0.0336490026193834,"syn","stop","nonsyn",4.58e-06,8.37e-07,4.33e-07,4.33e-07,"0.000136930963855422","0.002148979","0.00415403099999999","1","C","C","C","*","W",0,1,1,0,0,0,0
"7381",7644,4975,4975,"g","g","a","a",0.00180904522613065,0.00180904522613065,0,0,0,0,0,0,0.00180904522613065,0.00180904522613065,0.00180904522613065,0.00180904522613065,"nonsyn","nonsyn","nonsyn",4.2e-06,5.36e-07,1.17e-06,1.17e-06,"0.00232166666666667","1","1","1","A","A","T","P","S",1,1,1,0,0,0,0
"7382",7645,4983,4983,"c","c","t","t",0.00200682319887618,0.00200682319887618,0,0,0,0,0,0,0.00200682319887618,0.00200682319887618,0.00200682319887618,0.00200682319887618,"nonsyn","nonsyn","nonsyn",4.58e-06,8.37e-07,4.33e-07,4.33e-07,"0.002282214","1","1","1","A","A","V","D","G",0,1,1,0,0,0,0
"7383",7646,5002,5002,"c","t","t","c",0.00679728108756497,0.992802878848461,0.00039984006397441,0.00039984006397441,0.00039984006397441,0,0.00039984006397441,0,0.00719712115153938,0.993202718912435,0.00719712115153938,0.993202718912435,"syn","syn","syn",1.7e-05,1.07e-06,1.21e-06,1.21e-06,"1.7123238018526e-05","0.00302621","0.00267607","1","A","A","A","A","A",0,0,0,1,1,0,1
"7384",7647,5013,5013,"g","g","a","a",0.00259325753042091,0.00259325753042091,0.000199481348493916,0.000199481348493916,0.000199481348493916,0,0.000199481348493916,0,0.00279273887891482,0.00279273887891482,0.00279273887891482,0.00279273887891482,"nonsyn","nonsyn","nonsyn",4.2e-06,5.36e-07,1.17e-06,1.17e-06,"0.00161958461538461","0.00586520999999999","0.002686968","1","A","A","T","P","S",1,1,1,0,0,0,0
"7385",7648,5036,5036,"c","c","t","t",0.000595710881652105,0.000595710881652105,0.00039714058776807,0.00039714058776807,0.00039714058776807,0,0.00039714058776807,0,0.000992851469420175,0.000992851469420175,0.000992851469420175,0.000992851469420175,"nonsyn","nonsyn","nonsyn",4.58e-06,8.37e-07,4.33e-07,4.33e-07,"0.00768829333333333","0.001090294","0.002107566","1","A","A","V","E","G",0,1,1,0,0,0,0
"7386",7649,5067,5067,"g","g","a","a",0.00157884349713835,0.00157884349713835,0.000394710874284587,0.000394710874284587,0,0.000394710874284587,0,0.000394710874284587,0.00197355437142293,0.00197355437142293,0.00197355437142293,0.00197355437142293,"syn","syn","syn",4.2e-06,5.36e-07,1.17e-06,1.17e-06,"0.00266017499999999","0.002964195","1","0.002964195","A","A","A","A","A",0,0,0,0,1,1,0
"7387",7650,5066,5066,"g","g","a","a",0.000986971969996052,0.000986971969996052,0.00019739439399921,0.00019739439399921,0,0.00019739439399921,0,0.00019739439399921,0.00118436636399526,0.00118436636399526,0.00118436636399526,0.00118436636399526,"nonsyn","nonsyn","stop",4.2e-06,5.36e-07,1.17e-06,1.17e-06,"0.00425544","0.00592722000000001","1","0.00592722000000001","E","E","K","Q","*",1,1,1,0,0,0,0
"7388",7651,5049,5049,"a","a","g","g",0.00495147553971083,0.00495147553971083,0.000792236086353733,0.000792236086353733,0.000198059021588433,0.0005941770647653,0.000198059021588433,0.0005941770647653,0.00574371162606457,0.00574371162606457,0.00574371162606457,0.00574371162606457,"nonsyn","nonsyn","nonsyn",1.77e-05,1.76e-06,1.7e-06,1.7e-06,"0.003574692","0.002145825","0.00888624000000002","0.0028611","E","E","G","A","V",1,1,1,0,0,0,0
"7389",7652,5070,5070,"g","a","a","g",0.000986193293885602,0.999013806706114,0,0,0,0,0,0,0.000986193293885602,0.999013806706114,0.000986193293885602,0.999013806706114,"syn","nonsyn","nonsyn",1.77e-05,1.76e-06,1.7e-06,1.7e-06,"1.77174728529121e-05","1","1","1","E","E","E","D","D",0,0,0,0,1,1,0
"7390",7653,5093,5093,"g","g","a","a",0.00117808757117612,0.00117808757117612,0.000196347928529354,0.000196347928529354,0,0.000196347928529354,0,0.000196347928529354,0.00137443549970548,0.00137443549970548,0.00137443549970548,0.00137443549970548,"nonsyn","nonsyn","stop",4.2e-06,5.36e-07,1.17e-06,1.17e-06,"0.00356510000000001","0.00595881","1","0.00595881","E","E","K","Q","*",1,1,1,0,0,0,0
"7391",7654,5104,5104,"a","a","g","g",0.00509404388714734,0.00509404388714734,0.000979623824451411,0.000979623824451411,0.000195924764890282,0.000783699059561128,0.000195924764890282,0.000783699059561128,0.00607366771159875,0.00607366771159875,0.00607366771159875,0.00607366771159875,"nonsyn","nonsyn","nonsyn",1.77e-05,1.76e-06,1.7e-06,1.7e-06,"0.00347464615384615","0.00173536","0.00898304000000001","0.0021692","E","E","G","A","V",1,1,1,0,0,0,0
"7392",7655,5170,5170,"a","a","g","g",0.00560928433268859,0.00560928433268859,0.000386847195357834,0.000386847195357834,0.000193423597678917,0.000193423597678917,0.000193423597678917,0.000193423597678917,0.00599613152804642,0.00599613152804642,0.00599613152804642,0.00599613152804642,"syn","nonsyn","nonsyn",1.77e-05,1.76e-06,1.7e-06,1.7e-06,"0.00315548275862069","0.0043945","0.00909919999999999","0.00878899999999999","E","E","E","D","D",0,0,0,0,0,0,0
"7393",7656,5091,5092,"c","c","t","t",0.000392850127676292,0.000392850127676292,0.000392850127676292,0.000392850127676292,0.000196425063838146,0.000196425063838146,0.000196425063838146,0.000196425063838146,0.000785700255352583,0.000785700255352583,0.000785545954438335,0.000785545954438335,"stop","nonsyn","nonsyn",4.58e-06,8.37e-07,4.33e-07,4.33e-07,"0.01165839","0.0011022015","0.00426116699999999","0.002204403","Q","Q","*","K","E",1,1,1,0,0,0,0
"7394",7657,5119,5126,"a","a","g","g",0.0486423129517484,0.0486423129517484,0.000390701308849385,0.000390701308849385,0.000195350654424692,0.000195350654424692,0.000195350654424692,0.000195350654424692,0.0490330142605978,0.0490330142605978,0.0489660554038236,0.0489660554038236,"nonsyn","nonsyn","nonsyn",1.77e-05,1.76e-06,1.7e-06,1.7e-06,"0.000363880722891566","0.00435115","0.00900944000000002","0.00870230000000002","Q","Q","R","P","L",1,1,1,1,0,0,0
"7395",7658,5131,5131,"a","a","g","g",0.00136425648021828,0.00136425648021828,0,0,0,0,0,0,0.00136425648021828,0.00136425648021828,0.00136425648021828,0.00136425648021828,"syn","nonsyn","nonsyn",1.77e-05,1.76e-06,1.7e-06,1.7e-06,"0.0129741","1","1","1","Q","Q","Q","H","H",0,1,1,0,0,0,0
"7396",7659,5149,5149,"a","a","g","g",0.00252476208972616,0.00252476208972616,0.000582637405321422,0.000582637405321422,0.000388424936880948,0.000194212468440474,0.000388424936880948,0.000194212468440474,0.00310739949504758,0.00310739949504758,0.00310739949504758,0.00310739949504758,"nonsyn","nonsyn","stop",1.77e-05,1.76e-06,1.7e-06,1.7e-06,"0.00701056153846154","0.00291776666666666","0.00453112","0.0087533","K","K","E","Q","*",1,1,1,0,0,0,0
"7397",7660,5152,5152,"a","a","g","g",0.00349378881987578,0.00349378881987578,0.00213509316770186,0.00213509316770186,0.000582298136645963,0.0015527950310559,0.000582298136645963,0.0015527950310559,0.00562888198757764,0.00562888198757764,0.00562888198757764,0.00562888198757764,"nonsyn","nonsyn","nonsyn",1.77e-05,1.76e-06,1.7e-06,1.7e-06,"0.00506613333333333","0.000796218181818183","0.00302250666666667","0.0010948","K","K","R","T","I",0,1,1,0,0,0,0
"7398",7661,5115,5115,"a","a","g","g",0.269599217986315,0.269599217986315,0.000586510263929619,0.000586510263929619,0.000391006842619746,0.000195503421309873,0.000391006842619746,0.000195503421309873,0.270185728250244,0.270185728250244,0.270185728250244,0.270185728250244,"syn","nonsyn","nonsyn",1.77e-05,1.76e-06,1.7e-06,1.7e-06,"6.5653009427121e-05","0.0028985","0.0045012","0.0086955","K","K","K","N","N",0,1,1,0,0,0,0
"7399",7662,5126,5126,"c","c","t","t",0.00195083886071011,0.00195083886071011,0.000195083886071011,0.000195083886071011,0.000195083886071011,0,0.000195083886071011,0,0.00214592274678112,0.00214592274678112,0.00214592274678112,0.00214592274678112,"syn","nonsyn","nonsyn",4.58e-06,8.37e-07,4.33e-07,4.33e-07,"0.00234770799999999","0.00221955799999999","0.00429046199999999","1","L","L","L","M","V",0,0,0,0,0,0,0
"7400",7663,5263,5263,"t","t","c","c",0.00323009690290709,0.00323009690290709,0.000570017100513015,0.000570017100513015,0.00038001140034201,0.000190005700171005,0.00038001140034201,0.000190005700171005,0.0038001140034201,0.0038001140034201,0.0038001140034201,0.0038001140034201,"nonsyn","nonsyn","nonsyn",1.7e-05,1.07e-06,1.21e-06,1.21e-06,"0.005263","0.00212274333333333","0.002815705","0.00636823","L","L","P","Q","R",1,1,1,1,1,0,1
"7401",7664,5267,5267,"g","g","a","a",0.00246819821530283,0.00246819821530283,0,0,0,0,0,0,0.00246819821530283,0.00246819821530283,0.00246819821530283,0.00246819821530283,"syn","syn","syn",4.2e-06,5.36e-07,1.17e-06,1.17e-06,"0.00170164615384615","1","1","1","L","L","L","L","L",0,0,0,0,0,0,0
"7402",7665,5268,5272,"c","c","t","t",0.00189825360668185,0.00189825360668185,0.000379650721336371,0.000379650721336371,0.000379650721336371,0,0.000379650721336371,0,0.00227790432801822,0.00227790432801822,0.00227617602427921,0.00227617602427921,"nonsyn","nonsyn","nonsyn",4.58e-06,8.37e-07,4.33e-07,4.33e-07,"0.002412744","0.001140522","0.002204658","1","P","P","S","T","A",1,1,1,0,0,0,0
"7403",7666,5274,5274,"c","c","t","t",0.0024649222601441,0.0024649222601441,0.000948047023132347,0.000948047023132347,0.000568828213879408,0.000379218809252939,0.000568828213879408,0.000379218809252939,0.00341296928327645,0.00341296928327645,0.00341296928327645,0.00341296928327645,"nonsyn","nonsyn","nonsyn",4.58e-06,8.37e-07,4.33e-07,4.33e-07,"0.00185807076923077","0.0004567284","0.001471446","0.001141821","P","P","L","H","R",1,1,1,0,1,0,1
"7404",7667,5282,5282,"c","c","t","t",0.00189322226429383,0.00189322226429383,0.000189322226429383,0.000189322226429383,0.000189322226429383,0,0.000189322226429383,0,0.00208254449072321,0.00208254449072321,0.00208254449072321,0.00208254449072321,"syn","syn","syn",4.58e-06,8.37e-07,4.33e-07,4.33e-07,"0.002419156","0.002287106","0.004421034","1","P","P","P","P","P",0,0,0,0,1,0,1
"7405",7668,5283,5283,"a","a","g","g",0.00208215029339391,0.00208215029339391,0.000189286390308537,0.000189286390308537,0,0.000189286390308537,0,0.000189286390308537,0.00227143668370244,0.00227143668370244,0.00227143668370244,0.00227143668370244,"nonsyn","nonsyn","nonsyn",1.77e-05,1.76e-06,1.7e-06,1.7e-06,"0.00850082727272725","0.00898109999999999","1","0.00898109999999999","I","I","V","L","F",0,0,0,1,0,0,0
"7406",7669,5169,5169,"t","t","c","c",0.00328883729928419,0.00328883729928419,0.000386922035209905,0.000386922035209905,0,0.000386922035209905,0,0.000386922035209905,0.0036757593344941,0.0036757593344941,0.0036757593344941,0.0036757593344941,"nonsyn","nonsyn","nonsyn",1.7e-05,1.07e-06,1.21e-06,1.21e-06,"0.00516900000000001","0.003127245","1","0.003127245","I","I","T","N","S",1,1,1,0,0,0,0
"7407",7670,5171,5171,"c","c","t","t",0.000580158576677625,0.000580158576677625,0.000193386192225875,0.000193386192225875,0.000193386192225875,0,0.000193386192225875,0,0.0007735447689035,0.0007735447689035,0.0007735447689035,0.0007735447689035,"syn","syn","nonsyn",4.58e-06,8.37e-07,4.33e-07,4.33e-07,"0.00789439333333334","0.002239043","0.004328127","1","I","I","I","I","M",0,0,0,0,0,0,0
"7408",7671,5153,5153,"a","a","g","g",0.00213467882786726,0.00213467882786726,0.000388123423248593,0.000388123423248593,0,0.000388123423248593,0,0.000388123423248593,0.00252280225111585,0.00252280225111585,0.00252280225111585,0.00252280225111585,"nonsyn","nonsyn","nonsyn",1.77e-05,1.76e-06,1.7e-06,1.7e-06,"0.00829164545454546","0.00438005","1","0.00438005","N","N","D","H","Y",1,1,1,1,0,0,0
"7409",7672,5155,5155,"a","a","g","g",0.00271580989330747,0.00271580989330747,0.0005819592628516,0.0005819592628516,0,0.0005819592628516,0,0.0005819592628516,0.00329776915615907,0.00329776915615907,0.00329776915615907,0.00329776915615907,"nonsyn","nonsyn","nonsyn",1.77e-05,1.76e-06,1.7e-06,1.7e-06,"0.00651739285714285","0.00292116666666667","1","0.00292116666666667","N","N","S","T","I",0,0,1,0,0,0,0
"7410",7673,5167,5167,"c","c","t","t",0.00135475130636733,0.00135475130636733,0.000387071801819237,0.000387071801819237,0,0.000387071801819237,0,0.000387071801819237,0.00174182310818657,0.00174182310818657,0.00174182310818657,0.00174182310818657,"syn","nonsyn","nonsyn",4.58e-06,8.37e-07,4.33e-07,4.33e-07,"0.00338069428571429","0.0011186555","1","0.0011186555","N","N","N","K","K",0,1,1,0,0,0,0
"7411",7674,5163,5163,"g","g","a","a",0.00329265930660469,0.00329265930660469,0.000387371683129963,0.000387371683129963,0,0.000387371683129963,0,0.000387371683129963,0.00368003098973465,0.00368003098973465,0.00368003098973465,0.00368003098973465,"nonsyn","nonsyn","nonsyn",4.2e-06,5.36e-07,1.17e-06,1.17e-06,"0.00127556470588235","0.003020355","1","0.003020355","A","A","T","P","S",1,1,1,0,0,0,0
"7412",7675,5180,5180,"c","c","t","t",0.000772200772200772,0.000772200772200772,0,0,0,0,0,0,0.000772200772200772,0.000772200772200772,0.000772200772200772,0.000772200772200772,"nonsyn","nonsyn","nonsyn",4.58e-06,8.37e-07,4.33e-07,4.33e-07,"0.0059311","1","1","1","A","A","V","E","G",0,1,1,0,0,0,0
"7413",7676,5172,5172,"a","a","g","g",0.00483372003093581,0.00483372003093581,0.000386697602474865,0.000386697602474865,0,0.000386697602474865,0,0.000386697602474865,0.00522041763341067,0.00522041763341067,0.00522041763341067,0.00522041763341067,"syn","syn","syn",1.77e-05,1.76e-06,1.7e-06,1.7e-06,"0.003661776","0.0043962","1","0.0043962","A","A","A","A","A",0,0,0,1,0,0,0
"7414",7677,5189,5189,"c","c","t","t",0.000963576797070727,0.000963576797070727,0,0,0,0,0,0,0.000963576797070727,0.000963576797070727,0.000963576797070727,0.000963576797070727,"syn","nonsyn","nonsyn",4.58e-06,8.37e-07,4.33e-07,4.33e-07,"0.004753124","1","1","1","L","L","L","M","V",0,0,0,0,0,0,0
"7415",7678,5168,5168,"t","t","c","c",0.00193498452012384,0.00193498452012384,0.000580495356037152,0.000580495356037152,0,0.000580495356037152,0,0.000580495356037152,0.00251547987616099,0.00251547987616099,0.00251547987616099,0.00251547987616099,"nonsyn","nonsyn","nonsyn",1.7e-05,1.07e-06,1.21e-06,1.21e-06,"0.00878559999999999","0.00208442666666667","1","0.00208442666666667","L","L","P","Q","R",1,1,1,1,1,0,1
"7416",7679,5405,5405,"g","g","a","a",0.000925069380203515,0.000925069380203515,0.000370027752081406,0.000370027752081406,0,0.000370027752081406,0,0.000370027752081406,0.00129509713228492,0.00129509713228492,0.00129509713228492,0.00129509713228492,"syn","syn","syn",4.2e-06,5.36e-07,1.17e-06,1.17e-06,"0.0045402","0.003161925","1","0.003161925","L","L","L","L","L",0,0,0,0,0,0,0
"7417",7680,5394,5394,"a","a","g","g",0.00389321468298109,0.00389321468298109,0.000556173526140156,0.000556173526140156,0,0.000556173526140156,0,0.000556173526140156,0.00444938820912125,0.00444938820912125,0.00444938820912125,0.00444938820912125,"nonsyn","nonsyn","nonsyn",1.77e-05,1.76e-06,1.7e-06,1.7e-06,"0.00454637142857143","0.0030566","1","0.0030566","S","S","G","R","C",1,1,1,0,1,1,0
"7418",7681,5388,5388,"g","g","a","a",0.00167037861915367,0.00167037861915367,0.000371195248700817,0.000371195248700817,0,0.000371195248700817,0,0.000371195248700817,0.00204157386785449,0.00204157386785449,0.00204157386785449,0.00204157386785449,"nonsyn","nonsyn","nonsyn",4.2e-06,5.36e-07,1.17e-06,1.17e-06,"0.00251440000000001","0.00315198","1","0.00315198","S","S","N","T","I",0,0,1,0,0,0,0
"7419",7682,5409,5409,"c","c","t","t",0.00240340173784433,0.00240340173784433,0.000369754113514513,0.000369754113514513,0.000369754113514513,0,0.000369754113514513,0,0.00277315585135885,0.00277315585135885,0.00277315585135885,0.00277315585135885,"syn","nonsyn","nonsyn",4.58e-06,8.37e-07,4.33e-07,4.33e-07,"0.00190563230769231","0.0011710485","0.0022636665","1","S","S","S","R","R",0,1,1,0,0,0,0
"7420",7683,5288,5288,"a","a","g","g",0.00302571860816944,0.00302571860816944,0.00018910741301059,0.00018910741301059,0,0.00018910741301059,0,0.00018910741301059,0.00321482602118003,0.00321482602118003,0.00321482602118003,0.00321482602118003,"nonsyn","nonsyn","nonsyn",1.77e-05,1.76e-06,1.7e-06,1.7e-06,"0.00584985","0.0089896","1","0.0089896","N","N","D","H","Y",1,1,1,1,0,0,0
"7421",7684,5321,5321,"a","a","g","g",0.00469836496899079,0.00469836496899079,0.000375869197519263,0.000375869197519263,0,0.000375869197519263,0,0.000375869197519263,0.00507423416651005,0.00507423416651005,0.00507423416651005,0.00507423416651005,"nonsyn","nonsyn","nonsyn",1.77e-05,1.76e-06,1.7e-06,1.7e-06,"0.003767268","0.00452285","1","0.00452285","N","N","S","T","I",0,0,1,0,0,0,0
"7422",7685,5325,5325,"c","c","t","t",0.00150234741784038,0.00150234741784038,0,0,0,0,0,0,0.00150234741784038,0.00150234741784038,0.00150234741784038,0.00150234741784038,"syn","nonsyn","nonsyn",4.58e-06,8.37e-07,4.33e-07,4.33e-07,"0.00304856249999999","1","1","1","N","N","N","K","K",0,1,1,0,0,0,0
"7423",7686,5289,5289,"t","t","c","c",0.00415957647948573,0.00415957647948573,0.000378143316316884,0.000378143316316884,0.000189071658158442,0.000189071658158442,0.000189071658158442,0.000189071658158442,0.00453771979580261,0.00453771979580261,0.00453771979580261,0.00453771979580261,"nonsyn","nonsyn","nonsyn",1.7e-05,1.07e-06,1.21e-06,1.21e-06,"0.00408695454545454","0.003199845","0.00565923","0.00639969","S","S","P","T","A",1,0,1,0,1,0,1
"7424",7687,5292,5292,"c","c","t","t",0.00207860922146636,0.00207860922146636,0.000377928949357521,0.000377928949357521,0.000377928949357521,0,0.000377928949357521,0,0.00245653817082389,0.00245653817082389,0.00245653817082389,0.00245653817082389,"nonsyn","stop","nonsyn",4.58e-06,8.37e-07,4.33e-07,4.33e-07,"0.00220339636363637","0.001145718","0.002214702","1","S","S","L","*","W",1,1,1,0,0,0,0
"7425",7688,5285,5285,"g","g","a","a",0.00075685903500473,0.00075685903500473,0,0,0,0,0,0,0.00075685903500473,0.00075685903500473,0.00075685903500473,0.00075685903500473,"syn","syn","syn",4.2e-06,5.36e-07,1.17e-06,1.17e-06,"0.00554925","1","1","1","S","S","S","S","S",0,0,0,0,0,0,0
"7426",7689,5293,5293,"t","t","c","c",0.00340071792934064,0.00340071792934064,0.00113357264311355,0.00113357264311355,0.000566786321556773,0.000566786321556773,0.000566786321556773,0.000566786321556773,0.00453429057245418,0.00453429057245418,0.00453429057245418,0.00453429057245418,"syn","nonsyn","nonsyn",1.7e-05,1.07e-06,1.21e-06,1.21e-06,"0.00499894444444444","0.00106742166666666","0.00188783666666667","0.00213484333333333","L","L","L","M","V",0,0,0,0,0,0,0
"7427",7690,5296,5296,"t","t","c","c",0.00358761329305136,0.00358761329305136,0.000377643504531722,0.000377643504531722,0.000377643504531722,0,0.000377643504531722,0,0.00396525679758308,0.00396525679758308,0.00396525679758308,0.00396525679758308,"nonsyn","stop","nonsyn",1.7e-05,1.07e-06,1.21e-06,1.21e-06,"0.00473852631578947","0.00320408","0.00283336","1","L","L","S","*","W",1,1,0,1,0,0,0
"7428",7691,5280,5280,"g","g","a","a",0.00208333333333333,0.00208333333333333,0.000189393939393939,0.000189393939393939,0,0.000189393939393939,0,0.000189393939393939,0.00227272727272727,0.00227272727272727,0.00227272727272727,0.00227272727272727,"syn","nonsyn","nonsyn",4.2e-06,5.36e-07,1.17e-06,1.17e-06,"0.002016","0.00617760000000001","1","0.00617760000000001","L","L","L","F","F",0,0,0,0,0,0,0
"7429",7692,5270,5270,"c","c","t","t",0.00379506641366224,0.00379506641366224,0.00132827324478178,0.00132827324478178,0.00132827324478178,0,0.00132827324478178,0,0.00512333965844402,0.00512333965844402,0.00512333965844402,0.00512333965844402,"syn","nonsyn","nonsyn",4.58e-06,8.37e-07,4.33e-07,4.33e-07,"0.00120683","0.000325987142857144","0.00063014142857143","1","L","L","L","I","V",0,0,0,0,0,0,0
"7430",7693,5269,5269,"t","t","c","c",0.00227747200607326,0.00227747200607326,0.000569368001518315,0.000569368001518315,0.000569368001518315,0,0.000569368001518315,0,0.00284684000759157,0.00284684000759157,0.00284684000759157,0.00284684000759157,"nonsyn","nonsyn","nonsyn",1.7e-05,1.07e-06,1.21e-06,1.21e-06,"0.00746441666666666","0.00212516333333333","0.00187927666666667","1","L","L","P","Q","R",1,1,1,0,1,0,1
"7431",7694,5287,5287,"a","a","g","g",0.00416114999054284,0.00416114999054284,0.000945715906941555,0.000945715906941555,0,0.000945715906941555,0,0.000945715906941555,0.0051068658974844,0.0051068658974844,0.0051068658974844,0.0051068658974844,"syn","syn","syn",1.77e-05,1.76e-06,1.7e-06,1.7e-06,"0.00425363181818182","0.00179758","1","0.00179758","L","L","L","L","L",0,0,0,0,0,0,0
"7432",7695,5281,5281,"c","c","t","t",0.00265101306570725,0.00265101306570725,0,0,0,0,0,0,0.00265101306570725,0.00265101306570725,0.00265101306570725,0.00265101306570725,"nonsyn","nonsyn","nonsyn",4.58e-06,8.37e-07,4.33e-07,4.33e-07,"0.00172764142857143","1","1","1","R","R","C","S","G",1,1,1,0,0,0,0
"7433",7696,5272,5272,"g","g","a","a",0.00208649468892261,0.00208649468892261,0.000189681335356601,0.000189681335356601,0.000189681335356601,0,0.000189681335356601,0,0.00227617602427921,0.00227617602427921,0.00227617602427921,0.00227617602427921,"nonsyn","nonsyn","nonsyn",4.2e-06,5.36e-07,1.17e-06,1.17e-06,"0.00201294545454545","0.00616824","0.002825792","1","R","R","H","P","L",0,1,1,0,0,0,0
"7434",7697,5271,5271,"t","c","c","t",0.00474293302978562,0.994498197685449,0.000758869284765699,0.000758869284765699,0,0.000758869284765699,0,0.000758869284765699,0.00550180231455132,0.995257066970214,0.00550180231455132,0.995257066970214,"syn","syn","syn",4.58e-06,8.37e-07,4.33e-07,4.33e-07,"4.60533765738268e-06","0.00057058575","1","0.00057058575","R","R","R","R","R",0,0,0,0,0,0,0
"7435",7698,5265,5265,"c","c","t","t",0.00151946818613485,0.00151946818613485,0.00056980056980057,0.00056980056980057,0.000379867046533713,0.000189933523266857,0.000379867046533713,0.000189933523266857,0.00208926875593542,0.00208926875593542,0.00208926875593542,0.00208926875593542,"nonsyn","nonsyn","nonsyn",4.58e-06,8.37e-07,4.33e-07,4.33e-07,"0.00301421250000001","0.000759915","0.0022034025","0.002279745","H","H","Y","N","D",1,1,1,0,1,0,1
"7436",7699,5239,5239,"a","a","g","g",0.00305401794235541,0.00305401794235541,0.00057262836419164,0.00057262836419164,0,0.00057262836419164,0,0.00057262836419164,0.00362664630654705,0.00362664630654705,0.00362664630654705,0.00362664630654705,"nonsyn","nonsyn","nonsyn",1.77e-05,1.76e-06,1.7e-06,1.7e-06,"0.00579564375","0.00296876666666666","1","0.00296876666666666","H","H","R","P","L",0,1,1,1,0,0,0
"7437",7700,5283,5283,"t","t","c","c",0.00416430058678781,0.00416430058678781,0.00132500473215976,0.00132500473215976,0.000378572780617074,0.000946431951542684,0.000378572780617074,0.000946431951542684,0.00548930531894757,0.00548930531894757,0.00548930531894757,0.00548930531894757,"syn","nonsyn","nonsyn",1.7e-05,1.07e-06,1.21e-06,1.21e-06,"0.00408231818181818","0.000913204285714284","0.002826405","0.001278486","H","H","H","Q","Q",0,1,1,0,0,0,0
"7438",7701,5276,5276,"c","c","t","t",0.00113722517058378,0.00113722517058378,0,0,0,0,0,0,0.00113722517058378,0.00113722517058378,0.00113722517058378,0.00113722517058378,"nonsyn","nonsyn","nonsyn",4.58e-06,8.37e-07,4.33e-07,4.33e-07,"0.00402734666666665","1","1","1","H","H","Y","N","D",1,1,1,0,0,0,0
"7439",7702,5262,5262,"a","a","g","g",0.00456100342075257,0.00456100342075257,0.000190041809198024,0.000190041809198024,0.000190041809198024,0,0.000190041809198024,0,0.00475104522995059,0.00475104522995059,0.00475104522995059,0.00475104522995059,"nonsyn","nonsyn","nonsyn",1.77e-05,1.76e-06,1.7e-06,1.7e-06,"0.003880725","0.00894539999999998","0.00926111999999998","1","H","H","R","P","L",0,1,1,1,0,0,0
"7440",7703,5242,5242,"c","c","t","t",0.000381533765738268,0.000381533765738268,0,0,0,0,0,0,0.000381533765738268,0.000381533765738268,0.000381533765738268,0.000381533765738268,"syn","nonsyn","nonsyn",4.58e-06,8.37e-07,4.33e-07,4.33e-07,"0.01200418","1","1","1","H","H","H","Q","Q",0,1,1,0,0,0,0
"7441",7704,5255,5255,"a","a","g","g",0.00323501427212179,0.00323501427212179,0.000380589914367269,0.000380589914367269,0.000190294957183635,0.000190294957183635,0.000190294957183635,0.000190294957183635,0.00361560418648906,0.00361560418648906,0.00361560418648906,0.00361560418648906,"nonsyn","nonsyn","nonsyn",1.77e-05,1.76e-06,1.7e-06,1.7e-06,"0.00547138235294117","0.00446675","0.00924879999999998","0.00893349999999998","N","N","D","H","Y",1,1,1,1,0,0,0
"7442",7705,5269,5269,"a","a","g","g",0.00132852533687607,0.00132852533687607,0,0,0,0,0,0,0.00132852533687607,0.00132852533687607,0.00132852533687607,0.00132852533687607,"nonsyn","nonsyn","nonsyn",1.77e-05,1.76e-06,1.7e-06,1.7e-06,"0.0133230428571428","1","1","1","N","N","S","T","I",0,0,1,0,0,0,0
"7443",7706,5243,5243,"t","t","c","c",0.00324241846271219,0.00324241846271219,0.000381460995613199,0.000381460995613199,0.000190730497806599,0.000190730497806599,0.000190730497806599,0.000190730497806599,0.00362387945832539,0.00362387945832539,0.00362387945832539,0.00362387945832539,"syn","nonsyn","nonsyn",1.7e-05,1.07e-06,1.21e-06,1.21e-06,"0.005243","0.003172015","0.00561001000000001","0.00634403000000001","N","N","N","K","K",0,1,1,0,0,0,0
"7444",7707,5249,5249,"c","c","t","t",0.000952562392836731,0.000952562392836731,0.000381024957134692,0.000381024957134692,0.000190512478567346,0.000190512478567346,0.000190512478567346,0.000190512478567346,0.00133358734997142,0.00133358734997142,0.00133358734997142,0.00133358734997142,"syn","nonsyn","nonsyn",4.58e-06,8.37e-07,4.33e-07,4.33e-07,"0.004808084","0.0011364085","0.004393413","0.002272817","L","L","L","M","V",0,0,0,0,0,0,0
"7445",7708,5170,5170,"t","t","c","c",0.00193423597678917,0.00193423597678917,0.00154738878143133,0.00154738878143133,0.0011605415860735,0.000386847195357834,0.0011605415860735,0.000386847195357834,0.0034816247582205,0.0034816247582205,0.0034816247582205,0.0034816247582205,"nonsyn","nonsyn","nonsyn",1.7e-05,1.07e-06,1.21e-06,1.21e-06,"0.00878899999999999","0.000781962500000002","0.000921983333333334","0.00312785","L","L","P","Q","R",1,1,1,1,1,0,1
"7446",7709,5161,5161,"g","g","a","a",0.000581282697151715,0.000581282697151715,0,0,0,0,0,0,0.000581282697151715,0.000581282697151715,0.000581282697151715,0.000581282697151715,"syn","syn","syn",4.2e-06,5.36e-07,1.17e-06,1.17e-06,"0.0072254","1","1","1","L","L","L","L","L",0,0,0,0,1,1,0
"7447",7710,5183,5183,"g","g","a","a",0.00135056916843527,0.00135056916843527,0.00019293845263361,0.00019293845263361,0.00019293845263361,0,0.00019293845263361,0,0.00154350762106888,0.00154350762106888,0.00154350762106888,0.00154350762106888,"nonsyn","nonsyn","nonsyn",4.2e-06,5.36e-07,1.17e-06,1.17e-06,"0.0031098","0.00606411","0.002778088","1","V","V","M","L","L",0,0,0,0,0,0,0
"7448",7711,5090,5090,"t","t","c","c",0.00432220039292731,0.00432220039292731,0.000589390962671906,0.000589390962671906,0.000392927308447937,0.000196463654223969,0.000392927308447937,0.000196463654223969,0.00491159135559921,0.00491159135559921,0.00491159135559921,0.00491159135559921,"nonsyn","nonsyn","nonsyn",1.7e-05,1.07e-06,1.21e-06,1.21e-06,"0.00393318181818182","0.00205296666666667","0.00272315","0.00615889999999999","V","V","A","E","G",0,1,1,1,0,0,0
"7449",7712,5117,5117,"g","g","a","a",0.00156341606410006,0.00156341606410006,0.000195427008012507,0.000195427008012507,0,0.000195427008012507,0,0.000195427008012507,0.00175884307211257,0.00175884307211257,0.00175884307211257,0.00175884307211257,"syn","syn","syn",4.2e-06,5.36e-07,1.17e-06,1.17e-06,"0.002686425","0.00598689000000001","1","0.00598689000000001","V","V","V","V","V",0,0,0,0,0,0,0
"7450",7713,5040,5040,"t","t","c","c",0.00992063492063492,0.00992063492063492,0.000396825396825397,0.000396825396825397,0,0.000396825396825397,0,0.000396825396825397,0.0103174603174603,0.0103174603174603,0.0103174603174603,0.0103174603174603,"nonsyn","nonsyn","nonsyn",1.7e-05,1.07e-06,1.21e-06,1.21e-06,"0.0017136","0.0030492","1","0.0030492","Y","Y","H","N","D",1,1,1,0,0,0,0
"7451",7714,5049,5049,"a","a","g","g",0.00198059021588433,0.00198059021588433,0,0,0,0,0,0,0.00198059021588433,0.00198059021588433,0.00198059021588433,0.00198059021588433,"nonsyn","nonsyn","nonsyn",1.77e-05,1.76e-06,1.7e-06,1.7e-06,"0.00893673000000002","1","1","1","Y","Y","C","S","F",1,1,0,0,0,0,0
"7452",7715,5101,5101,"t","t","c","c",0.100764555969418,0.100764555969418,0,0,0,0,0,0,0.100764555969418,0.100764555969418,0.100764555969418,0.100764555969418,"syn","stop","stop",1.7e-05,1.07e-06,1.21e-06,1.21e-06,"0.000168710116731517","1","1","1","Y","Y","Y","*","*",0,1,1,0,0,0,0
"7453",7716,4887,4887,"t","t","c","c",0.00613873542050338,0.00613873542050338,0,0,0,0,0,0,0.00613873542050338,0.00613873542050338,0.00613873542050338,0.00613873542050338,"nonsyn","nonsyn","nonsyn",1.7e-05,1.07e-06,1.21e-06,1.21e-06,"0.0027693","1","1","1","S","S","P","T","A",1,0,1,0,0,0,0
"7454",7717,4970,4971,"c","c","t","t",0.00140845070422535,0.00140845070422535,0,0,0,0,0,0,0.00140845070422535,0.00140845070422535,0.00140816737075035,0.00140816737075035,"nonsyn","nonsyn","nonsyn",4.58e-06,8.37e-07,4.33e-07,4.33e-07,"0.0032518","1","1","1","S","S","F","Y","C",1,1,1,0,0,0,0
"7455",7718,4964,4964,"c","c","t","t",0.00141015310233683,0.00141015310233683,0.000201450443190975,0.000201450443190975,0.000201450443190975,0,0.000201450443190975,0,0.0016116035455278,0.0016116035455278,0.0016116035455278,0.0016116035455278,"syn","syn","syn",4.58e-06,8.37e-07,4.33e-07,4.33e-07,"0.00324787428571427","0.002149412","0.004154868","1","S","S","S","S","S",0,0,0,0,1,0,1
"7456",7719,4801,4801,"a","a","g","g",0.00437408873151427,0.00437408873151427,0.000208289939595918,0.000208289939595918,0.000208289939595918,0,0.000208289939595918,0,0.00458237867111019,0.00458237867111019,0.00458237867111019,0.00458237867111019,"nonsyn","nonsyn","nonsyn",1.77e-05,1.76e-06,1.7e-06,1.7e-06,"0.00404655714285714","0.00816169999999998","0.00844975999999998","1","T","T","A","P","S",1,1,0,1,0,0,0
"7457",7720,4827,4828,"c","c","t","t",0.000828672053035011,0.000828672053035011,0,0,0,0,0,0,0.000828672053035011,0.000828672053035011,0.000828500414250207,0.000828500414250207,"nonsyn","nonsyn","nonsyn",4.58e-06,8.37e-07,4.33e-07,4.33e-07,"0.005526915","1","1","1","T","T","I","N","S",1,0,0,0,0,0,0
"7458",7721,4797,4797,"c","c","t","t",0.000625390869293308,0.000625390869293308,0,0,0,0,0,0,0.000625390869293308,0.000625390869293308,0.000625390869293308,0.000625390869293308,"syn","syn","syn",4.58e-06,8.37e-07,4.33e-07,4.33e-07,"0.00732342","1","1","1","T","T","T","T","T",0,0,0,0,1,0,1
"7459",7722,4783,4783,"a","a","g","g",0.00292703324273469,0.00292703324273469,0.000209073803052478,0.000209073803052478,0,0.000209073803052478,0,0.000209073803052478,0.00313610704578716,0.00313610704578716,0.00313610704578716,0.00313610704578716,"nonsyn","nonsyn","nonsyn",1.77e-05,1.76e-06,1.7e-06,1.7e-06,"0.00604707857142856","0.00813109999999998","1","0.00813109999999998","T","T","A","P","S",1,1,0,1,0,0,0
"7460",7723,4793,4793,"c","c","t","t",0,0,0,0,0,0,0,0,0,0,0,0,"nonsyn","nonsyn","nonsyn",4.58e-06,8.37e-07,4.33e-07,4.33e-07,"1","1","1","1","T","T","I","N","S",1,0,0,0,0,0,0
"7461",7724,4733,4733,"c","t","t","c",0.000845129938728079,0.999154870061272,0,0,0,0,0,0,0.000845129938728079,0.999154870061272,0.000845129938728079,0.999154870061272,"syn","syn","syn",1.7e-05,1.07e-06,1.21e-06,1.21e-06,"1.70143793613872e-05","1","1","1","T","T","T","T","T",0,0,0,0,1,0,1
"7462",7725,4823,4823,"t","t","c","c",0.00767157370930956,0.00767157370930956,0.000207339829981339,0.000207339829981339,0.000207339829981339,0,0.000207339829981339,0,0.0078789135392909,0.0078789135392909,0.0078789135392909,0.0078789135392909,"nonsyn","nonsyn","nonsyn",1.7e-05,1.07e-06,1.21e-06,1.21e-06,"0.00221597297297297","0.00583583000000001","0.00516061000000001","1","S","S","P","T","A",1,0,1,0,0,0,0
"7463",7726,4828,4828,"c","c","t","t",0.000621375310687655,0.000621375310687655,0.000207125103562552,0.000207125103562552,0.000207125103562552,0,0.000207125103562552,0,0.000828500414250207,0.000828500414250207,0.000828500414250207,0.000828500414250207,"nonsyn","stop","stop",4.58e-06,8.37e-07,4.33e-07,4.33e-07,"0.00737074666666667","0.002090524","0.004041036","1","S","S","L","*","*",1,1,1,0,0,0,0
"7464",7727,4828,4828,"a","a","g","g",0.00476387738193869,0.00476387738193869,0.000207125103562552,0.000207125103562552,0,0.000207125103562552,0,0.000207125103562552,0.00497100248550124,0.00497100248550124,0.00497100248550124,0.00497100248550124,"syn","syn","syn",1.77e-05,1.76e-06,1.7e-06,1.7e-06,"0.00371546086956522","0.00820759999999999","1","0.00820759999999999","S","S","S","S","S",0,0,0,1,0,0,0
"7465",7728,4838,4838,"c","c","t","t",0.0020669698222406,0.0020669698222406,0.00020669698222406,0.00020669698222406,0,0.00020669698222406,0,0.00020669698222406,0.00227366680446465,0.00227366680446465,0.00227366680446465,0.00227366680446465,"nonsyn","nonsyn","nonsyn",4.58e-06,8.37e-07,4.33e-07,4.33e-07,"0.002215804","0.002094854","1","0.002094854","R","R","C","S","G",1,1,1,0,0,0,0
"7466",7729,4846,4846,"g","g","a","a",0.00185720181593066,0.00185720181593066,0.000412711514651259,0.000412711514651259,0,0.000412711514651259,0,0.000412711514651259,0.00226991333058192,0.00226991333058192,0.00226991333058192,0.00226991333058192,"nonsyn","nonsyn","nonsyn",4.2e-06,5.36e-07,1.17e-06,1.17e-06,"0.00226146666666667","0.00283491","1","0.00283491","R","R","H","P","L",0,1,1,0,0,0,0
"7467",7730,4856,4856,"c","c","t","t",0.00144151565074135,0.00144151565074135,0.000617792421746293,0.000617792421746293,0.000411861614497529,0.000205930807248764,0.000411861614497529,0.000205930807248764,0.00205930807248764,0.00205930807248764,0.00205930807248764,0.00205930807248764,"syn","syn","syn",4.58e-06,8.37e-07,4.33e-07,4.33e-07,"0.00317721142857143","0.000700882666666667","0.002032236","0.002102648","R","R","R","R","R",0,0,0,0,0,0,0
"7468",7731,4809,4809,"a","a","g","g",0.00436681222707424,0.00436681222707424,0.000415886878768975,0.000415886878768975,0.000207943439384487,0.000207943439384487,0.000207943439384487,0.000207943439384487,0.00478269910584321,0.00478269910584321,0.00478269910584321,0.00478269910584321,"nonsyn","nonsyn","nonsyn",1.77e-05,1.76e-06,1.7e-06,1.7e-06,"0.0040533","0.00408765","0.00846384000000002","0.00817530000000002","S","S","G","R","C",1,1,1,1,1,1,0
"7469",7732,4820,4820,"g","g","a","a",0.0024896265560166,0.0024896265560166,0,0,0,0,0,0,0.0024896265560166,0.0024896265560166,0.0024896265560166,0.0024896265560166,"nonsyn","nonsyn","nonsyn",4.2e-06,5.36e-07,1.17e-06,1.17e-06,"0.001687","1","1","1","S","S","N","T","I",0,0,1,0,0,0,0
"7470",7733,4798,4798,"t","t","c","c",0.00187578157565652,0.00187578157565652,0.000416840350145894,0.000416840350145894,0.000416840350145894,0,0.000416840350145894,0,0.00229262192580242,0.00229262192580242,0.00229262192580242,0.00229262192580242,"syn","nonsyn","nonsyn",1.7e-05,1.07e-06,1.21e-06,1.21e-06,"0.00906288888888891","0.00290279","0.00256693","1","S","S","S","R","R",0,1,1,1,0,0,0
"7471",7734,5026,5026,"g","g","a","a",0.000795861520095503,0.000795861520095503,0.000596896140071628,0.000596896140071628,0.000596896140071628,0,0.000596896140071628,0,0.00139275766016713,0.00139275766016713,0.00139275766016713,0.00139275766016713,"nonsyn","nonsyn","nonsyn",4.2e-06,5.36e-07,1.17e-06,1.17e-06,"0.0052773","0.00196014","0.000897978666666666","1","A","A","T","P","S",1,1,1,0,0,0,0
"7472",7735,5042,5042,"c","c","t","t",0.0138833796112654,0.0138833796112654,0.000396667988893296,0.000396667988893296,0.000198333994446648,0.000198333994446648,0.000198333994446648,0.000198333994446648,0.0142800476001587,0.0142800476001587,0.0142800476001587,0.0142800476001587,"nonsyn","nonsyn","nonsyn",4.58e-06,8.37e-07,4.33e-07,4.33e-07,"0.000329890857142856","0.001091593","0.004220154","0.002183186","A","A","V","D","G",0,1,1,0,0,0,0
"7473",7736,4754,4754,"a","t","g","c",0.00357593605384939,0.000210349179638199,0.000841396718552798,0.999158603281447,0.000210349179638199,0.000631047538914598,0.995582667227598,0.00357593605384939,0.00441733277240219,0.999368952461085,0.00441733277240219,0.999368952461085,"syn","syn","syn",1.7e-05,1.07e-06,1.21e-06,1.21e-06,"0.0808180000000002","1.21101894736842e-06","1.0747475174308e-06","0.000338372941176471","A","A","A","A","A",0,0,0,0,1,0,1
"7474",7737,5043,5043,"t","t","c","c",0.0049573666468372,0.0049573666468372,0.000396589331746976,0.000396589331746976,0.000396589331746976,0,0.000396589331746976,0,0.00535395597858418,0.00535395597858418,0.00535395597858418,0.00535395597858418,"nonsyn","nonsyn","nonsyn",1.7e-05,1.07e-06,1.21e-06,1.21e-06,"0.00342924","0.003051015","0.002698005","1","C","C","R","S","G",1,1,0,1,0,0,0
"7475",7738,5055,5055,"g","g","a","a",0.00138476755687438,0.00138476755687438,0.000791295746785361,0.000791295746785361,0.00019782393669634,0.000593471810089021,0.00019782393669634,0.000593471810089021,0.00217606330365974,0.00217606330365974,0.00217606330365974,0.00217606330365974,"nonsyn","nonsyn","nonsyn",4.2e-06,5.36e-07,1.17e-06,1.17e-06,"0.003033","0.0014785875","0.00270948","0.00197145","C","C","Y","S","F",1,1,1,0,0,0,0
"7476",7739,5069,5069,"c","c","t","t",0.00177549812586309,0.00177549812586309,0.000197277569540343,0.000197277569540343,0.000197277569540343,0,0.000197277569540343,0,0.00197277569540343,0.00197277569540343,0.00197277569540343,0.00197277569540343,"syn","stop","nonsyn",4.58e-06,8.37e-07,4.33e-07,4.33e-07,"0.00257955777777778","0.002194877","0.00424275300000001","1","C","C","C","*","W",0,1,1,0,0,0,0
"7477",7740,5068,5068,"c","c","t","t",0.00118389897395422,0.00118389897395422,0.000197316495659037,0.000197316495659037,0.000197316495659037,0,0.000197316495659037,0,0.00138121546961326,0.00138121546961326,0.00138121546961326,0.00138121546961326,"stop","nonsyn","nonsyn",4.58e-06,8.37e-07,4.33e-07,4.33e-07,"0.00386857333333334","0.002194444","0.004241916","1","L","Q","*","K","E",1,1,1,0,1,0,1
"7478",7741,5052,5054,"t","a","c","g",0.00277117973079968,0,0.000395882818685669,0.999604117181314,0.000395882818685669,0,0.00277117973079968,0.996832937450515,0.00316706254948535,0.999604117181314,0.00316580925999209,0.999208547685002,"nonsyn","nonsyn","nonsyn",1.77e-05,1.76e-06,1.7e-06,1.7e-06,"1","1.70067326732673e-06","0.000635108571428572","1.70540111199365e-06","L","Q","R","P","L",1,1,1,1,0,0,0
"7479",7742,4892,4892,"t","a","c","g",0.00367947669664759,0,0,1,0,0,0.00367947669664759,0.996320523303352,0.00367947669664759,1,0.00367947669664759,1,"syn","nonsyn","nonsyn",1.77e-05,1.76e-06,1.7e-06,1.7e-06,"1","1.7e-06","0.000478328888888889","1.70627821091506e-06","L","Q","Q","H","H",0,1,1,0,0,0,0
"7480",7743,5018,5018,"a","a","g","g",0.00219210840972499,0.00219210840972499,0.000199282582702272,0.000199282582702272,0,0.000199282582702272,0,0.000199282582702272,0.00239139099242726,0.00239139099242726,0.00239139099242726,0.00239139099242726,"nonsyn","syn","nonsyn",1.77e-05,1.76e-06,1.7e-06,1.7e-06,"0.00807441818181818","0.00853059999999999","1","0.00853059999999999","R","R","G","R","W",1,0,1,0,1,1,0
"7481",7744,5031,5031,"g","g","a","a",0.000198767640628106,0.000198767640628106,0,0,0,0,0,0,0.000198767640628106,0.000198767640628106,0.000198767640628106,0.000198767640628106,"nonsyn","nonsyn","nonsyn",4.2e-06,5.36e-07,1.17e-06,1.17e-06,"0.0211302","1","1","1","R","R","K","T","M",0,1,1,0,1,1,0
"7482",7745,5015,5015,"g","g","a","a",0.00199401794616152,0.00199401794616152,0,0,0,0,0,0,0.00199401794616152,0.00199401794616152,0.00199401794616152,0.00199401794616152,"syn","nonsyn","nonsyn",4.2e-06,5.36e-07,1.17e-06,1.17e-06,"0.00210629999999999","1","1","1","R","R","R","S","S",0,1,1,0,0,0,0
"7483",7746,5025,5025,"c","c","t","t",0.0045771144278607,0.0045771144278607,0.000398009950248756,0.000398009950248756,0.000199004975124378,0.000199004975124378,0.000199004975124378,0.000199004975124378,0.00497512437810945,0.00497512437810945,0.00497512437810945,0.00497512437810945,"stop","nonsyn","nonsyn",4.58e-06,8.37e-07,4.33e-07,4.33e-07,"0.00100063043478261","0.0010879125","0.004205925","0.002175825","Q","Q","*","K","E",1,1,1,0,0,0,0
"7484",7747,5013,5013,"a","a","g","g",0.00538599640933573,0.00538599640933573,0.000398962696987832,0.000398962696987832,0.000199481348493916,0.000199481348493916,0.000199481348493916,0.000199481348493916,0.00578495910632356,0.00578495910632356,0.00578495910632356,0.00578495910632356,"nonsyn","nonsyn","nonsyn",1.77e-05,1.76e-06,1.7e-06,1.7e-06,"0.0032863","0.00426105","0.00882287999999999","0.00852209999999999","Q","Q","R","P","L",1,1,1,1,1,1,0
"7485",7748,5002,5002,"g","g","a","a",0.00079968012794882,0.00079968012794882,0.000199920031987205,0.000199920031987205,0,0.000199920031987205,0,0.000199920031987205,0.000999600159936026,0.000999600159936026,0.000999600159936026,0.000999600159936026,"syn","nonsyn","nonsyn",4.2e-06,5.36e-07,1.17e-06,1.17e-06,"0.0052521","0.00585234","1","0.00585234","Q","Q","Q","H","H",0,1,1,0,0,0,0
"7486",7749,4990,4990,"a","a","g","g",0.00280561122244489,0.00280561122244489,0.000801603206412826,0.000801603206412826,0.000200400801603206,0.000601202404809619,0.000200400801603206,0.000601202404809619,0.00360721442885772,0.00360721442885772,0.00360721442885772,0.00360721442885772,"nonsyn","nonsyn","stop",1.77e-05,1.76e-06,1.7e-06,1.7e-06,"0.00630878571428571","0.00212075","0.00878240000000002","0.00282766666666667","K","K","E","Q","*",1,1,1,0,0,0,0
"7487",7750,5065,5065,"a","a","g","g",0.00473840078973346,0.00473840078973346,0.000789733464955577,0.000789733464955577,0,0.000789733464955577,0,0.000789733464955577,0.00552813425468904,0.00552813425468904,0.00552813425468904,0.00552813425468904,"nonsyn","nonsyn","nonsyn",1.77e-05,1.76e-06,1.7e-06,1.7e-06,"0.0037354375","0.002152625","1","0.002152625","K","K","R","T","M",0,1,1,0,1,1,0
"7488",7751,5079,5079,"g","g","a","a",0.000393778302815515,0.000393778302815515,0.000196889151407757,0.000196889151407757,0,0.000196889151407757,0,0.000196889151407757,0.000590667454223272,0.000590667454223272,0.000590667454223272,0.000590667454223272,"syn","nonsyn","nonsyn",4.2e-06,5.36e-07,1.17e-06,1.17e-06,"0.0106659","0.00594243000000001","1","0.00594243000000001","K","K","K","N","N",0,1,1,0,0,0,0
"7489",7752,5067,5070,"a","a","g","g",0.00276297611999211,0.00276297611999211,0.000394710874284587,0.000394710874284587,0,0.000394710874284587,0,0.000394710874284587,0.00315768699427669,0.00315768699427669,0.00315581854043392,0.00315581854043392,"nonsyn","nonsyn","stop",1.77e-05,1.76e-06,1.7e-06,1.7e-06,"0.0064061357142857","0.00430695","1","0.00430695","K","K","E","Q","*",1,1,1,0,0,0,0
"7490",7753,5087,5087,"a","a","g","g",0.00491448791035974,0.00491448791035974,0.000982897582071948,0.000982897582071948,0.000393159032828779,0.000589738549243169,0.000393159032828779,0.000589738549243169,0.00589738549243169,0.00589738549243169,0.00589738549243169,0.00589738549243169,"nonsyn","nonsyn","nonsyn",1.77e-05,1.76e-06,1.7e-06,1.7e-06,"0.003601596","0.00172958","0.00447656","0.00288263333333333","K","K","R","T","I",0,1,1,0,0,0,0
"7491",7754,5081,5081,"a","a","g","g",0.00452666797874434,0.00452666797874434,0.000393623302499508,0.000393623302499508,0.000393623302499508,0,0.000393623302499508,0,0.00492029128124385,0.00492029128124385,0.00492029128124385,0.00492029128124385,"syn","nonsyn","nonsyn",1.77e-05,1.76e-06,1.7e-06,1.7e-06,"0.00391016086956522","0.00431885","0.00447128","1","K","K","K","N","N",0,1,1,0,1,1,0
"7492",7755,5084,5085,"g","g","a","a",0.0003933910306845,0.0003933910306845,0.0003933910306845,0.0003933910306845,0.00019669551534225,0.00019669551534225,0.00019669551534225,0.00019669551534225,0.000786782061369001,0.000786782061369001,0.000786627335299902,0.000786627335299902,"nonsyn","nonsyn","nonsyn",4.2e-06,5.36e-07,1.17e-06,1.17e-06,"0.0106764","0.00297414","0.002725024","0.00594828000000001","V","V","I","L","F",0,0,0,0,0,0,0
"7493",7756,5070,5070,"t","t","c","c",0.00848126232741617,0.00848126232741617,0.00216962524654832,0.00216962524654832,0.00177514792899408,0.000394477317554241,0.00177514792899408,0.000394477317554241,0.0106508875739645,0.0106508875739645,0.0106508875739645,0.0106508875739645,"nonsyn","nonsyn","nonsyn",1.7e-05,1.07e-06,1.21e-06,1.21e-06,"0.00200441860465116","0.000557700000000001","0.000602766666666668","0.00306735","V","V","A","D","G",0,1,1,0,0,0,0
"7494",7757,5092,5092,"c","c","t","t",0.00176747839748625,0.00176747839748625,0.000785545954438335,0.000785545954438335,0.000589159465828751,0.000196386488609584,0.000589159465828751,0.000196386488609584,0.00255302435192459,0.00255302435192459,0.00255302435192459,0.00255302435192459,"syn","syn","syn",4.58e-06,8.37e-07,4.33e-07,4.33e-07,"0.00259126222222223","0.000551209","0.001420668","0.002204836","V","V","V","V","V",0,0,0,0,0,0,0
"7495",7758,5089,5089,"a","a","g","g",0.00589506779327962,0.00589506779327962,0.0220082530949106,0.0220082530949106,0.000393004519551975,0.0216152485753586,0.000393004519551975,0.0216152485753586,0.0279033208881902,0.0279033208881902,0.0279033208881902,0.0279033208881902,"nonsyn","nonsyn","nonsyn",1.77e-05,1.76e-06,1.7e-06,1.7e-06,"0.00300251","7.724375e-05","0.00447832","7.86481818181819e-05","T","T","A","P","S",1,1,0,1,0,0,0
"7496",7759,5131,5131,"c","c","t","t",0.00155915026310661,0.00155915026310661,0,0,0,0,0,0,0.00155915026310661,0.00155915026310661,0.00155915026310661,0.00155915026310661,"nonsyn","nonsyn","nonsyn",4.58e-06,8.37e-07,4.33e-07,4.33e-07,"0.00293749749999999","1","1","1","T","T","I","K","R",1,1,1,0,0,0,0
"7497",7760,5137,5137,"a","a","g","g",0.00233599377068328,0.00233599377068328,0.00058399844267082,0.00058399844267082,0.00019466614755694,0.00038933229511388,0.00019466614755694,0.00038933229511388,0.0029199922133541,0.0029199922133541,0.0029199922133541,0.0029199922133541,"syn","syn","syn",1.77e-05,1.76e-06,1.7e-06,1.7e-06,"0.00757707499999999","0.00291096666666666","0.00904111999999999","0.00436645","T","T","T","T","T",0,0,0,1,0,0,0
"7498",7761,5138,5138,"t","t","c","c",0.00330868042039704,0.00330868042039704,0.000389256520046711,0.000389256520046711,0.000194628260023355,0.000194628260023355,0.000194628260023355,0.000194628260023355,0.00369793694044375,0.00369793694044375,0.00369793694044375,0.00369793694044375,"nonsyn","nonsyn","nonsyn",1.7e-05,1.07e-06,1.21e-06,1.21e-06,"0.005138","0.00310849","0.00549766000000001","0.00621698000000001","F","F","L","I","V",0,0,0,0,0,0,0
"7499",7762,5116,5116,"t","t","c","c",0.0019546520719312,0.0019546520719312,0,0,0,0,0,0,0.0019546520719312,0.0019546520719312,0.0019546520719312,0.0019546520719312,"nonsyn","nonsyn","nonsyn",1.7e-05,1.07e-06,1.21e-06,1.21e-06,"0.00869719999999998","1","1","1","F","F","S","Y","C",1,0,1,0,0,0,0
"7500",7763,5152,5152,"t","t","c","c",0.0031055900621118,0.0031055900621118,0.00077639751552795,0.00077639751552795,0.000582298136645963,0.000194099378881988,0.000582298136645963,0.000194099378881988,0.00388198757763975,0.00388198757763975,0.00388198757763975,0.00388198757763975,"syn","nonsyn","nonsyn",1.7e-05,1.07e-06,1.21e-06,1.21e-06,"0.005474","0.00155848","0.00183754666666667","0.00623391999999999","F","F","F","L","L",0,0,0,1,0,0,0
"7501",7764,5149,5149,"g","g","a","a",0.000776849873761896,0.000776849873761896,0.000388424936880948,0.000388424936880948,0,0.000388424936880948,0,0.000388424936880948,0.00116527481064284,0.00116527481064284,0.00116527481064284,0.00116527481064284,"nonsyn","nonsyn","nonsyn",4.2e-06,5.36e-07,1.17e-06,1.17e-06,"0.00540645","0.003012165","1","0.003012165","D","D","N","H","Y",1,1,1,0,0,0,0
"7502",7765,5143,5143,"a","a","g","g",0.00544429321407739,0.00544429321407739,0.000388878086719813,0.000388878086719813,0,0.000388878086719813,0,0.000388878086719813,0.0058331713007972,0.0058331713007972,0.0058331713007972,0.0058331713007972,"nonsyn","nonsyn","nonsyn",1.77e-05,1.76e-06,1.7e-06,1.7e-06,"0.00325111071428571","0.00437155","1","0.00437155","D","D","G","A","V",1,1,1,0,0,0,0
"7503",7766,5149,5149,"c","c","t","t",0.00116527481064284,0.00116527481064284,0.000388424936880948,0.000388424936880948,0.000194212468440474,0.000194212468440474,0.000194212468440474,0.000194212468440474,0.00155369974752379,0.00155369974752379,0.00155369974752379,0.00155369974752379,"syn","nonsyn","nonsyn",4.58e-06,8.37e-07,4.33e-07,4.33e-07,"0.00393040333333334","0.0011147585","0.004309713","0.002229517","D","D","D","E","E",0,0,0,0,0,0,0
"7504",7767,5149,5149,"a","a","g","g",0.00504952417945232,0.00504952417945232,0.00155369974752379,0.00155369974752379,0.000388424936880948,0.00116527481064284,0.000388424936880948,0.00116527481064284,0.00660322392697611,0.00660322392697611,0.00660322392697611,0.00660322392697611,"nonsyn","syn","stop",1.77e-05,1.76e-06,1.7e-06,1.7e-06,"0.00350528076923077","0.0010941625","0.00453112","0.00145888333333334","R","R","G","R","*",1,0,1,1,1,1,0
"7505",7768,5132,5132,"g","g","a","a",0.00038971161340608,0.00038971161340608,0.00038971161340608,0.00038971161340608,0,0.00038971161340608,0,0.00038971161340608,0.000779423226812159,0.000779423226812159,0.000779423226812159,0.000779423226812159,"nonsyn","nonsyn","nonsyn",4.2e-06,5.36e-07,1.17e-06,1.17e-06,"0.0107772","0.00300222","1","0.00300222","R","R","K","T","I",0,1,1,0,0,0,0
"7506",7769,5116,5116,"a","a","g","g",0.00312744331508991,0.00312744331508991,0,0,0,0,0,0,0.00312744331508991,0.00312744331508991,0.00312744331508991,0.00312744331508991,"syn","nonsyn","nonsyn",1.77e-05,1.76e-06,1.7e-06,1.7e-06,"0.00565957500000001","1","1","1","R","R","R","S","S",0,1,1,0,0,0,0
"7507",7770,5118,5118,"c","c","t","t",0.000586166471277843,0.000586166471277843,0,0,0,0,0,0,0.000586166471277843,0.000586166471277843,0.000586166471277843,0.000586166471277843,"syn","nonsyn","nonsyn",4.58e-06,8.37e-07,4.33e-07,4.33e-07,"0.00781348","1","1","1","L","L","L","M","V",0,0,0,0,0,0,0
"7508",7771,5109,5109,"t","t","c","c",0.00371892738304952,0.00371892738304952,0.000978665100802505,0.000978665100802505,0.000978665100802505,0,0.000978665100802505,0,0.00469759248385203,0.00469759248385203,0.00469759248385203,0.00469759248385203,"nonsyn","nonsyn","nonsyn",1.7e-05,1.07e-06,1.21e-06,1.21e-06,"0.00457121052631579","0.001236378","0.001093326","1","L","L","P","Q","R",1,1,1,1,1,0,1
"7509",7772,5092,5092,"g","g","a","a",0.00176747839748625,0.00176747839748625,0.000392772977219167,0.000392772977219167,0.000196386488609584,0.000196386488609584,0.000196386488609584,0.000196386488609584,0.00216025137470542,0.00216025137470542,0.00216025137470542,0.00216025137470542,"syn","syn","syn",4.2e-06,5.36e-07,1.17e-06,1.17e-06,"0.00237626666666667","0.00297882","0.002729312","0.00595763999999999","L","L","L","L","L",0,0,0,0,0,0,0
"7510",7773,5088,5088,"c","c","t","t",0.00196540880503145,0.00196540880503145,0.000982704402515723,0.000982704402515723,0.000786163522012579,0.000196540880503145,0.000786163522012579,0.000196540880503145,0.00294811320754717,0.00294811320754717,0.00294811320754717,0.00294811320754717,"stop","nonsyn","nonsyn",4.58e-06,8.37e-07,4.33e-07,4.33e-07,"0.002330304","0.0004406208","0.001064664","0.002203104","Q","Q","*","K","E",1,1,1,0,0,0,0
"7511",7774,5075,5075,"a","a","g","g",0.00729064039408867,0.00729064039408867,0.00295566502463054,0.00295566502463054,0.000394088669950739,0.0025615763546798,0.000394088669950739,0.0025615763546798,0.0102463054187192,0.0102463054187192,0.0102463054187192,0.0102463054187192,"nonsyn","nonsyn","nonsyn",1.77e-05,1.76e-06,1.7e-06,1.7e-06,"0.00242777027027027","0.000575166666666667","0.004466","0.000663653846153847","Q","Q","R","P","L",1,1,1,1,0,0,0
"7512",7775,5063,5063,"a","a","g","g",0.00375271578115742,0.00375271578115742,0.00256764763973929,0.00256764763973929,0,0.00256764763973929,0,0.00256764763973929,0.0063203634208967,0.0063203634208967,0.0063203634208967,0.0063203634208967,"syn","nonsyn","nonsyn",1.77e-05,1.76e-06,1.7e-06,1.7e-06,"0.00471658421052631","0.000662084615384614","1","0.000662084615384614","Q","Q","Q","H","H",0,1,1,0,1,1,0
"7513",7776,5065,5065,"g","g","a","a",0.000592300098716683,0.000592300098716683,0.000197433366238894,0.000197433366238894,0.000197433366238894,0,0.000197433366238894,0,0.000789733464955577,0.000789733464955577,0.000789733464955577,0.000789733464955577,"nonsyn","nonsyn","nonsyn",4.2e-06,5.36e-07,1.17e-06,1.17e-06,"0.007091","0.00592605000000001","0.00271484000000001","1","V","V","I","L","F",0,0,0,0,0,0,0
"7514",7777,5040,5040,"t","t","c","c",0.00178571428571429,0.00178571428571429,0,0,0,0,0,0,0.00178571428571429,0.00178571428571429,0.00178571428571429,0.00178571428571429,"nonsyn","nonsyn","nonsyn",1.7e-05,1.07e-06,1.21e-06,1.21e-06,"0.00951999999999998","1","1","1","V","V","A","D","G",0,1,1,0,0,0,0
"7515",7778,5055,5055,"t","t","c","c",0.00257171117705242,0.00257171117705242,0.000791295746785361,0.000791295746785361,0.000791295746785361,0,0.000791295746785361,0,0.00336300692383778,0.00336300692383778,0.00336300692383778,0.00336300692383778,"syn","syn","syn",1.7e-05,1.07e-06,1.21e-06,1.21e-06,"0.00661038461538462","0.0015291375","0.0013522125","1","V","V","V","V","V",0,0,0,0,0,0,0
"7516",7779,5068,5068,"c","c","t","t",0.00177584846093133,0.00177584846093133,0.000591949486977111,0.000591949486977111,0.000591949486977111,0,0.000591949486977111,0,0.00236779794790845,0.00236779794790845,0.00236779794790845,0.00236779794790845,"syn","nonsyn","nonsyn",4.58e-06,8.37e-07,4.33e-07,4.33e-07,"0.00257904888888889","0.000731481333333334","0.001413972","1","L","L","L","M","V",0,0,0,0,0,0,0
"7517",7780,5018,5018,"t","t","c","c",0.00378636907134316,0.00378636907134316,0.00179354324432045,0.00179354324432045,0.00159426066161817,0.000199282582702272,0.00159426066161817,0.000199282582702272,0.00557991231566361,0.00557991231566361,0.00557991231566361,0.00557991231566361,"nonsyn","nonsyn","nonsyn",1.7e-05,1.07e-06,1.21e-06,1.21e-06,"0.00448978947368422","0.000674642222222221","0.000671157500000002","0.00607178","L","L","P","Q","R",1,1,1,1,1,0,1
"7518",7781,5042,5043,"g","g","a","a",0.00297500991669972,0.00297500991669972,0.000595001983339944,0.000595001983339944,0,0.000595001983339944,0,0.000595001983339944,0.00357001190003967,0.00357001190003967,0.00356930398572278,0.00356930398572278,"syn","syn","syn",4.2e-06,5.36e-07,1.17e-06,1.17e-06,"0.00141176","0.00196638","1","0.00196638","L","L","L","L","L",0,0,0,0,1,1,0
"7519",7782,5020,5020,"g","g","a","a",0.00119521912350598,0.00119521912350598,0.000398406374501992,0.000398406374501992,0.000199203187250996,0.000199203187250996,0.000199203187250996,0.000199203187250996,0.00159362549800797,0.00159362549800797,0.00159362549800797,0.00159362549800797,"nonsyn","nonsyn","nonsyn",4.2e-06,5.36e-07,1.17e-06,1.17e-06,"0.00351399999999999","0.0029367","0.00269072","0.0058734","D","D","N","H","Y",1,1,1,0,0,0,0
"7520",7783,4944,4944,"a","a","g","g",0.0111245954692557,0.0111245954692557,0.000202265372168285,0.000202265372168285,0,0.000202265372168285,0,0.000202265372168285,0.0113268608414239,0.0113268608414239,0.0113268608414239,0.0113268608414239,"nonsyn","nonsyn","nonsyn",1.77e-05,1.76e-06,1.7e-06,1.7e-06,"0.00159106909090909","0.00840479999999999","1","0.00840479999999999","D","D","G","A","V",1,1,1,0,0,0,0
"7521",7784,4939,4939,"c","c","t","t",0.00101235067827495,0.00101235067827495,0.000202470135654991,0.000202470135654991,0,0.000202470135654991,0,0.000202470135654991,0.00121482081392995,0.00121482081392995,0.00121482081392995,0.00121482081392995,"syn","nonsyn","nonsyn",4.58e-06,8.37e-07,4.33e-07,4.33e-07,"0.00452412400000002","0.002138587","1","0.002138587","D","D","D","E","E",0,0,0,0,0,0,0
"7522",7785,4930,4930,"a","a","g","g",0.00202839756592292,0.00202839756592292,0.00121703853955375,0.00121703853955375,0,0.00121703853955375,0,0.00121703853955375,0.00324543610547667,0.00324543610547667,0.00324543610547667,0.00324543610547667,"nonsyn","nonsyn","nonsyn",1.77e-05,1.76e-06,1.7e-06,1.7e-06,"0.0087261","0.00139683333333334","1","0.00139683333333334","N","S","G","R","C",1,1,1,1,1,1,0
"7523",7786,4909,4909,"a","g","g","a",0.00325931961702995,0.996129557954777,0.000611122428193115,0.000611122428193115,0.000407414952128743,0.000203707476064372,0.000407414952128743,0.000203707476064372,0.00387044204522306,0.99674068038297,0.00387044204522306,0.99674068038297,"nonsyn","nonsyn","nonsyn",4.2e-06,5.36e-07,1.17e-06,1.17e-06,"4.21631901840491e-06","0.00191451","0.001315612","0.00574352999999999","N","S","N","T","I",0,0,1,0,0,0,0
"7524",7787,4919,4919,"c","c","t","t",0.0020329335230738,0.0020329335230738,0,0,0,0,0,0,0.0020329335230738,0.0020329335230738,0.0020329335230738,0.0020329335230738,"syn","nonsyn","nonsyn",4.58e-06,8.37e-07,4.33e-07,4.33e-07,"0.00225290199999999","1","1","1","N","S","S","R","R",0,1,1,0,0,0,0
"7525",7788,4906,4906,"c","c","t","t",0.00264981655116184,0.00264981655116184,0.000611496127191194,0.000611496127191194,0.000611496127191194,0,0.000611496127191194,0,0.00326131267835304,0.00326131267835304,0.00326131267835304,0.00326131267835304,"nonsyn","nonsyn","nonsyn",4.58e-06,8.37e-07,4.33e-07,4.33e-07,"0.00172842153846154","0.000708099333333334","0.001368774","1","H","H","Y","N","D",1,1,1,0,1,0,1
"7526",7789,4902,4902,"a","a","g","g",0.00163198694410445,0.00163198694410445,0.000407996736026112,0.000407996736026112,0.000203998368013056,0.000203998368013056,0.000203998368013056,0.000203998368013056,0.00203998368013056,0.00203998368013056,0.00203998368013056,0.00203998368013056,"nonsyn","nonsyn","nonsyn",1.77e-05,1.76e-06,1.7e-06,1.7e-06,"0.010845675","0.0041667","0.00862752","0.0083334","H","H","R","P","L",0,1,1,1,0,0,0
"7527",7790,4787,4790,"t","t","c","c",0.0050135784416127,0.0050135784416127,0.000626697305201588,0.000626697305201588,0.000208899101733863,0.000417798203467725,0.000208899101733863,0.000417798203467725,0.00564027574681429,0.00564027574681429,0.00563674321503132,0.00563674321503132,"syn","nonsyn","nonsyn",1.7e-05,1.07e-06,1.21e-06,1.21e-06,"0.00339079166666667","0.00193075666666667","0.00512208999999999","0.002896135","H","H","H","Q","Q",0,1,1,0,0,0,0
"7528",7791,4848,4848,"t","t","c","c",0.000618811881188119,0.000618811881188119,0.000206270627062706,0.000206270627062706,0.000206270627062706,0,0.000206270627062706,0,0.000825082508250825,0.000825082508250825,0.000825082508250825,0.000825082508250825,"nonsyn","nonsyn","nonsyn",1.7e-05,1.07e-06,1.21e-06,1.21e-06,"0.027472","0.00586608000000001","0.00518736000000001","1","Y","Y","H","N","D",1,1,1,0,0,0,0
"7529",7792,4840,4841,"a","a","g","g",0.00309917355371901,0.00309917355371901,0.000413223140495868,0.000413223140495868,0.000413223140495868,0,0.000413223140495868,0,0.00351239669421488,0.00351239669421488,0.00351167114232597,0.00351167114232597,"nonsyn","nonsyn","nonsyn",1.77e-05,1.76e-06,1.7e-06,1.7e-06,"0.0057112","0.004114","0.0042592","1","Y","Y","C","S","F",1,1,0,0,0,0,0
"7530",7793,4872,4872,"c","c","t","t",0.00205254515599343,0.00205254515599343,0.000205254515599343,0.000205254515599343,0,0.000205254515599343,0,0.000205254515599343,0.00225779967159277,0.00225779967159277,0.00225779967159277,0.00225779967159277,"syn","stop","stop",4.58e-06,8.37e-07,4.33e-07,4.33e-07,"0.002231376","0.002109576","1","0.002109576","Y","Y","Y","*","*",0,1,1,0,0,0,0
"7531",7794,4796,4796,"c","c","t","t",0.000625521267723103,0.000625521267723103,0.000625521267723103,0.000625521267723103,0.000625521267723103,0,0.000625521267723103,0,0.00125104253544621,0.00125104253544621,0.00125104253544621,0.00125104253544621,"stop","nonsyn","nonsyn",4.58e-06,8.37e-07,4.33e-07,4.33e-07,"0.00732189333333333","0.000692222666666666","0.001338084","1","Q","Q","*","K","E",1,1,1,0,1,0,1
"7532",7795,4685,4685,"a","a","g","g",0.00384204909284952,0.00384204909284952,0.00234791889007471,0.00234791889007471,0,0.00234791889007471,0,0.00234791889007471,0.00618996798292423,0.00618996798292423,0.00618996798292423,0.00618996798292423,"nonsyn","nonsyn","nonsyn",1.77e-05,1.76e-06,1.7e-06,1.7e-06,"0.00460691666666667","0.000724045454545453","1","0.000724045454545453","Q","Q","R","P","L",1,1,1,1,1,1,0
"7533",7796,4667,4667,"g","g","a","a",0.000857081637025927,0.000857081637025927,0.000642811227769445,0.000642811227769445,0,0.000642811227769445,0,0.000642811227769445,0.00149989286479537,0.00149989286479537,0.00149989286479537,0.00149989286479537,"syn","nonsyn","nonsyn",4.2e-06,5.36e-07,1.17e-06,1.17e-06,"0.00490035","0.00182013","1","0.00182013","Q","Q","Q","H","H",0,1,1,0,1,1,0
"7534",7797,4641,4641,"g","g","a","a",0.000430941607412196,0.000430941607412196,0.000215470803706098,0.000215470803706098,0,0.000215470803706098,0,0.000215470803706098,0.000646412411118293,0.000646412411118293,0.000646412411118293,0.000646412411118293,"nonsyn","nonsyn","nonsyn",4.2e-06,5.36e-07,1.17e-06,1.17e-06,"0.00974609999999999","0.00542997","1","0.00542997","D","D","N","H","Y",1,1,1,0,0,0,0
"7535",7798,4622,4622,"a","a","g","g",0.0093033318909563,0.0093033318909563,0.000216356555603635,0.000216356555603635,0,0.000216356555603635,0,0.000216356555603635,0.00951968844655993,0.00951968844655993,0.00951968844655993,0.00951968844655993,"nonsyn","nonsyn","nonsyn",1.77e-05,1.76e-06,1.7e-06,1.7e-06,"0.00190254418604651","0.00785739999999999","1","0.00785739999999999","D","D","G","A","V",1,1,1,0,0,0,0
"7536",7799,4577,4577,"c","c","t","t",0.00152938606073847,0.00152938606073847,0.000218483722962639,0.000218483722962639,0.000218483722962639,0,0.000218483722962639,0,0.00174786978370111,0.00174786978370111,0.00174786978370111,0.00174786978370111,"syn","nonsyn","nonsyn",4.58e-06,8.37e-07,4.33e-07,4.33e-07,"0.00299466571428572","0.001981841","0.003830949","1","D","D","D","E","E",0,0,0,0,0,0,0
"7537",7800,4564,4564,"g","g","a","a",0.00328659070990359,0.00328659070990359,0,0,0,0,0,0,0.00328659070990359,0.00328659070990359,0.00328659070990359,0.00328659070990359,"nonsyn","nonsyn","nonsyn",4.2e-06,5.36e-07,1.17e-06,1.17e-06,"0.00127792","1","1","1","V","V","M","L","L",0,0,0,0,0,0,0
"7538",7801,4460,4460,"t","t","c","c",0.00515695067264574,0.00515695067264574,0.00112107623318386,0.00112107623318386,0.000896860986547085,0.000224215246636771,0.000896860986547085,0.000224215246636771,0.0062780269058296,0.0062780269058296,0.0062780269058296,0.0062780269058296,"nonsyn","nonsyn","nonsyn",1.7e-05,1.07e-06,1.21e-06,1.21e-06,"0.00329652173913043","0.00107932","0.00119305","0.00539660000000001","V","V","A","E","G",0,1,1,1,0,0,0
"7539",7802,4528,4528,"g","g","a","a",0.00265017667844523,0.00265017667844523,0.000220848056537102,0.000220848056537102,0,0.000220848056537102,0,0.000220848056537102,0.00287102473498233,0.00287102473498233,0.00287102473498233,0.00287102473498233,"syn","syn","syn",4.2e-06,5.36e-07,1.17e-06,1.17e-06,"0.0015848","0.00529776000000001","1","0.00529776000000001","V","V","V","V","V",0,0,0,0,0,0,0
"7540",7803,4552,4552,"c","c","t","t",0.00307557117750439,0.00307557117750439,0,0,0,0,0,0,0.00307557117750439,0.00307557117750439,0.00307557117750439,0.00307557117750439,"nonsyn","nonsyn","nonsyn",4.58e-06,8.37e-07,4.33e-07,4.33e-07,"0.00148915428571429","1","1","1","L","L","F","I","V",0,0,0,0,0,0,0
"7541",7804,4601,4601,"t","t","c","c",0.00782438600304282,0.00782438600304282,0.000217344055640078,0.000217344055640078,0.000217344055640078,0,0.000217344055640078,0,0.0080417300586829,0.0080417300586829,0.0080417300586829,0.0080417300586829,"nonsyn","nonsyn","nonsyn",1.7e-05,1.07e-06,1.21e-06,1.21e-06,"0.00217269444444444","0.00556721000000001","0.00492307000000001","1","L","L","P","H","R",1,1,1,0,1,0,1
"7542",7805,4579,4579,"c","c","t","t",0.000655164883162262,0.000655164883162262,0.000218388294387421,0.000218388294387421,0.000218388294387421,0,0.000218388294387421,0,0.000873553177549683,0.000873553177549683,0.000873553177549683,0.000873553177549683,"syn","syn","syn",4.58e-06,8.37e-07,4.33e-07,4.33e-07,"0.00699060666666667","0.001982707","0.003832623","1","L","L","L","L","L",0,0,0,0,0,0,0
"7543",7806,4597,4597,"a","a","g","g",0.0389384381118121,0.0389384381118121,0.000217533173809006,0.000217533173809006,0,0.000217533173809006,0,0.000217533173809006,0.0391559712856211,0.0391559712856211,0.0391559712856211,0.0391559712856211,"nonsyn","nonsyn","stop",1.77e-05,1.76e-06,1.7e-06,1.7e-06,"0.000454563687150837","0.00781489999999999","1","0.00781489999999999","K","K","E","Q","*",1,1,1,1,0,0,0
"7544",7807,4603,4603,"a","a","g","g",0.00130349771887899,0.00130349771887899,0.000868998479252661,0.000868998479252661,0.000217249619813165,0.000651748859439496,0.000217249619813165,0.000651748859439496,0.00217249619813165,0.00217249619813165,0.00217249619813165,0.00217249619813165,"nonsyn","nonsyn","nonsyn",1.77e-05,1.76e-06,1.7e-06,1.7e-06,"0.01357885","0.001956275","0.00810128000000001","0.00260836666666667","K","K","R","T","M",0,1,1,0,1,1,0
"7545",7808,4592,4592,"g","g","a","a",0.000217770034843206,0.000217770034843206,0.000217770034843206,0.000217770034843206,0,0.000217770034843206,0,0.000217770034843206,0.000435540069686411,0.000435540069686411,0.000435540069686411,0.000435540069686411,"syn","nonsyn","nonsyn",4.2e-06,5.36e-07,1.17e-06,1.17e-06,"0.0192864","0.00537263999999999","1","0.00537263999999999","K","K","K","N","N",0,1,1,0,1,1,0
"7546",7809,4573,4573,"g","g","a","a",0.00109337415263503,0.00109337415263503,0.000656024491581019,0.000656024491581019,0,0.000656024491581019,0,0.000656024491581019,0.00174939864421605,0.00174939864421605,0.00174939864421605,0.00174939864421605,"nonsyn","nonsyn","stop",4.2e-06,5.36e-07,1.17e-06,1.17e-06,"0.00384132000000001","0.00178347","1","0.00178347","E","E","K","Q","*",1,1,1,0,0,0,0
"7547",7810,4551,4551,"a","a","g","g",0.004174906613931,0.004174906613931,0.000659195781147001,0.000659195781147001,0,0.000659195781147001,0,0.000659195781147001,0.004834102395078,0.004834102395078,0.004834102395078,0.004834102395078,"nonsyn","nonsyn","nonsyn",1.77e-05,1.76e-06,1.7e-06,1.7e-06,"0.00423961578947369","0.0025789","1","0.0025789","E","E","G","A","V",1,1,1,0,1,1,0
"7548",7811,4551,4551,"g","g","a","a",0.002417051197539,0.002417051197539,0.000219731927049,0.000219731927049,0,0.000219731927049,0,0.000219731927049,0.002636783124588,0.002636783124588,0.002636783124588,0.002636783124588,"syn","nonsyn","nonsyn",4.2e-06,5.36e-07,1.17e-06,1.17e-06,"0.00173765454545455","0.00532467000000001","1","0.00532467000000001","E","E","E","D","D",0,0,0,0,1,1,0
"7549",7812,4553,4553,"g","g","a","a",0.00131781243136394,0.00131781243136394,0,0,0,0,0,0,0.00131781243136394,0.00131781243136394,0.00131781243136394,0.00131781243136394,"nonsyn","nonsyn","nonsyn",4.2e-06,5.36e-07,1.17e-06,1.17e-06,"0.00318709999999999","1","1","1","V","V","I","L","F",0,0,0,0,0,0,0
"7550",7813,4540,4540,"t","t","c","c",0.0026431718061674,0.0026431718061674,0.00066079295154185,0.00066079295154185,0.000220264317180617,0.000440528634361233,0.000220264317180617,0.000440528634361233,0.00330396475770925,0.00330396475770925,0.00330396475770925,0.00330396475770925,"nonsyn","nonsyn","nonsyn",1.7e-05,1.07e-06,1.21e-06,1.21e-06,"0.00643166666666667","0.00183113333333333","0.00485779999999999","0.0027467","V","V","A","D","G",0,1,1,0,0,0,0
"7551",7814,4652,4652,"t","c","c","t",0.0032244196044712,0.996775580395529,0,0,0,0,0,0,0.0032244196044712,0.996775580395529,0.0032244196044712,0.996775580395529,"syn","syn","syn",4.58e-06,8.37e-07,4.33e-07,4.33e-07,"4.59481561354324e-06","1","1","1","V","V","V","V","V",0,0,0,0,0,0,0
"7552",7815,4435,4435,"a","a","g","g",0.00180383314543405,0.00180383314543405,0.000225479143179256,0.000225479143179256,0,0.000225479143179256,0,0.000225479143179256,0.0020293122886133,0.0020293122886133,0.0020293122886133,0.0020293122886133,"nonsyn","nonsyn","stop",1.77e-05,1.76e-06,1.7e-06,1.7e-06,"0.00981243749999999","0.0075395","1","0.0075395","K","K","E","Q","*",1,1,1,1,0,0,0
"7553",7816,4542,4542,"a","a","g","g",0.00330250990752972,0.00330250990752972,0.000660501981505945,0.000660501981505945,0.000220167327168648,0.000440334654337296,0.000220167327168648,0.000440334654337296,0.00396301188903567,0.00396301188903567,0.00396301188903567,0.00396301188903567,"nonsyn","nonsyn","nonsyn",1.77e-05,1.76e-06,1.7e-06,1.7e-06,"0.00535956","0.0025738","0.00799392000000001","0.0038607","K","K","R","T","I",0,1,1,0,0,0,0
"7554",7817,4525,4525,"a","a","g","g",0.0395580110497238,0.0395580110497238,0.000441988950276243,0.000441988950276243,0,0.000441988950276243,0,0.000441988950276243,0.04,0.04,0.04,0.04,"syn","nonsyn","nonsyn",1.77e-05,1.76e-06,1.7e-06,1.7e-06,"0.000447444134078212","0.00384625","1","0.00384625","K","K","K","N","N",0,1,1,0,1,1,0
"7555",7818,4490,4490,"g","g","a","a",0.0022271714922049,0.0022271714922049,0,0,0,0,0,0,0.0022271714922049,0.0022271714922049,0.0022271714922049,0.0022271714922049,"nonsyn","nonsyn","nonsyn",4.2e-06,5.36e-07,1.17e-06,1.17e-06,"0.0018858","1","1","1","A","A","T","P","S",1,1,1,0,0,0,0
"7556",7819,4484,4484,"c","c","t","t",0.00156110615521855,0.00156110615521855,0,0,0,0,0,0,0.00156110615521855,0.00156110615521855,0.00156110615521855,0.00156110615521855,"nonsyn","nonsyn","nonsyn",4.58e-06,8.37e-07,4.33e-07,4.33e-07,"0.00293381714285715","1","1","1","A","A","V","E","G",0,1,1,0,0,0,0
"7557",7820,4470,4470,"a","a","g","g",0.00469798657718121,0.00469798657718121,0.000447427293064877,0.000447427293064877,0.000223713646532438,0.000223713646532438,0.000223713646532438,0.000223713646532438,0.00514541387024608,0.00514541387024608,0.00514541387024608,0.00514541387024608,"syn","syn","syn",1.77e-05,1.76e-06,1.7e-06,1.7e-06,"0.00376757142857143","0.0037995","0.00786720000000002","0.00759900000000002","A","A","A","A","A",0,0,0,1,1,1,0
"7558",7821,4456,4456,"g","g","a","a",0.00269299820466786,0.00269299820466786,0.000224416517055655,0.000224416517055655,0,0.000224416517055655,0,0.000224416517055655,0.00291741472172352,0.00291741472172352,0.00291741472172352,0.00291741472172352,"nonsyn","nonsyn","nonsyn",4.2e-06,5.36e-07,1.17e-06,1.17e-06,"0.0015596","0.00521352000000001","1","0.00521352000000001","A","A","T","P","S",1,1,1,0,0,0,0
"7559",7822,4390,4390,"c","c","t","t",0.00432801822323462,0.00432801822323462,0.000227790432801822,0.000227790432801822,0,0.000227790432801822,0,0.000227790432801822,0.00455580865603645,0.00455580865603645,0.00455580865603645,0.00455580865603645,"nonsyn","nonsyn","nonsyn",4.58e-06,8.37e-07,4.33e-07,4.33e-07,"0.00105822105263158","0.00190087","1","0.00190087","A","A","V","E","G",0,1,1,0,0,0,0
"7560",7823,4354,4354,"g","g","a","a",0.00229673863114378,0.00229673863114378,0,0,0,0,0,0,0.00229673863114378,0.00229673863114378,0.00229673863114378,0.00229673863114378,"syn","syn","syn",4.2e-06,5.36e-07,1.17e-06,1.17e-06,"0.00182868","1","1","1","A","A","A","A","A",0,0,0,0,1,1,0
"7561",7824,4344,4344,"g","g","a","a",0.00184162062615101,0.00184162062615101,0,0,0,0,0,0,0.00184162062615101,0.00184162062615101,0.00184162062615101,0.00184162062615101,"nonsyn","nonsyn","nonsyn",4.2e-06,5.36e-07,1.17e-06,1.17e-06,"0.0022806","1","1","1","A","A","T","P","S",1,1,1,0,0,0,0
"7562",7825,4348,4348,"c","c","t","t",0.00206991720331187,0.00206991720331187,0.000229990800367985,0.000229990800367985,0.000229990800367985,0,0.000229990800367985,0,0.00229990800367985,0.00229990800367985,0.00229990800367985,0.00229990800367985,"nonsyn","nonsyn","nonsyn",4.58e-06,8.37e-07,4.33e-07,4.33e-07,"0.00221264888888889","0.001882684","0.003639276","1","A","A","V","E","G",0,1,1,0,0,0,0
"7563",7826,4361,4361,"g","g","a","a",0.00183444164182527,0.00183444164182527,0.000229305205228159,0.000229305205228159,0,0.000229305205228159,0,0.000229305205228159,0.00206374684705343,0.00206374684705343,0.00206374684705343,0.00206374684705343,"syn","syn","syn",4.2e-06,5.36e-07,1.17e-06,1.17e-06,"0.002289525","0.00510236999999999","1","0.00510236999999999","A","A","A","A","A",0,0,0,0,0,0,0
"7564",7827,4357,4357,"t","t","c","c",0.00527886160201974,0.00527886160201974,0.000688547165480835,0.000688547165480835,0.000229515721826945,0.00045903144365389,0.000229515721826945,0.00045903144365389,0.00596740876750057,0.00596740876750057,0.00596740876750057,0.00596740876750057,"nonsyn","nonsyn","nonsyn",1.7e-05,1.07e-06,1.21e-06,1.21e-06,"0.00322039130434783","0.00175732333333333","0.00466199","0.002635985","S","S","P","T","A",1,0,1,0,0,0,0
"7565",7828,4393,4393,"c","c","t","t",0.00227634873662645,0.00227634873662645,0.000227634873662645,0.000227634873662645,0.000227634873662645,0,0.000227634873662645,0,0.0025039836102891,0.0025039836102891,0.0025039836102891,0.0025039836102891,"nonsyn","stop","stop",4.58e-06,8.37e-07,4.33e-07,4.33e-07,"0.002011994","0.001902169","0.003676941","1","S","S","L","*","*",1,1,1,0,0,0,0
"7566",7829,4386,4387,"a","a","g","g",0.0264477884176927,0.0264477884176927,0.000455996352029184,0.000455996352029184,0,0.000455996352029184,0,0.000455996352029184,0.0269037847697218,0.0269037847697218,0.0268976521540916,0.0268976521540916,"syn","syn","syn",1.77e-05,1.76e-06,1.7e-06,1.7e-06,"0.000669243103448275","0.0037281","1","0.0037281","S","S","S","S","S",0,0,0,1,0,0,0
"7567",7830,4385,4385,"a","a","g","g",0.00250855188141391,0.00250855188141391,0.000228050171037628,0.000228050171037628,0,0.000228050171037628,0,0.000228050171037628,0.00273660205245154,0.00273660205245154,0.00273660205245154,0.00273660205245154,"nonsyn","nonsyn","stop",1.77e-05,1.76e-06,1.7e-06,1.7e-06,"0.00705586363636364","0.00745450000000001","1","0.00745450000000001","K","K","E","Q","*",1,1,1,0,0,0,0
"7568",7831,4421,4421,"a","a","g","g",0.00271431802759557,0.00271431802759557,0.000678579506898892,0.000678579506898892,0.000226193168966297,0.000452386337932594,0.000226193168966297,0.000452386337932594,0.00339289753449446,0.00339289753449446,0.00339289753449446,0.00339289753449446,"nonsyn","nonsyn","nonsyn",1.77e-05,1.76e-06,1.7e-06,1.7e-06,"0.00652097499999999","0.00250523333333333","0.00778096000000001","0.00375785","K","K","R","T","I",0,1,1,0,0,0,0
"7569",7832,4422,4422,"a","a","g","g",0.00226142017186793,0.00226142017186793,0.000226142017186793,0.000226142017186793,0.000226142017186793,0,0.000226142017186793,0,0.00248756218905473,0.00248756218905473,0.00248756218905473,0.00248756218905473,"syn","nonsyn","nonsyn",1.77e-05,1.76e-06,1.7e-06,1.7e-06,"0.00782694000000001","0.00751740000000001","0.00778272000000001","1","K","K","K","N","N",0,1,1,0,1,1,0
"7570",7833,4425,4425,"g","g","a","a",0.000903954802259887,0.000903954802259887,0.000225988700564972,0.000225988700564972,0.000225988700564972,0,0.000225988700564972,0,0.00112994350282486,0.00112994350282486,0.00112994350282486,0.00112994350282486,"nonsyn","nonsyn","nonsyn",4.2e-06,5.36e-07,1.17e-06,1.17e-06,"0.00464625","0.00517724999999999","0.0023718","1","V","V","M","L","L",0,0,0,0,0,0,0
"7571",7834,4376,4376,"t","t","c","c",0.00297074954296161,0.00297074954296161,0.000228519195612431,0.000228519195612431,0.000228519195612431,0,0.000228519195612431,0,0.00319926873857404,0.00319926873857404,0.00319926873857404,0.00319926873857404,"nonsyn","nonsyn","nonsyn",1.7e-05,1.07e-06,1.21e-06,1.21e-06,"0.00572246153846154","0.00529496000000001","0.00468232000000001","1","V","V","A","E","G",0,1,1,1,0,0,0
"7572",7835,4416,4416,"g","g","a","a",0.000905797101449275,0.000905797101449275,0.000452898550724638,0.000452898550724638,0,0.000452898550724638,0,0.000452898550724638,0.00135869565217391,0.00135869565217391,0.00135869565217391,0.00135869565217391,"syn","syn","syn",4.2e-06,5.36e-07,1.17e-06,1.17e-06,"0.0046368","0.00258336","1","0.00258336","V","V","V","V","V",0,0,0,0,0,0,0
"7573",7836,4417,4419,"a","a","g","g",0.00543355218474077,0.00543355218474077,0.000452796015395065,0.000452796015395065,0,0.000452796015395065,0,0.000452796015395065,0.00588634820013584,0.00588634820013584,0.0058836840914234,0.0058836840914234,"nonsyn","nonsyn","stop",1.77e-05,1.76e-06,1.7e-06,1.7e-06,"0.0032575375","0.00375445","1","0.00375445","K","K","E","Q","*",1,1,1,0,0,0,0
"7574",7837,4430,4430,"a","a","g","g",0.00316027088036117,0.00316027088036117,0.0018058690744921,0.0018058690744921,0.000451467268623025,0.00135440180586907,0.000451467268623025,0.00135440180586907,0.00496613995485327,0.00496613995485327,0.00496613995485327,0.00496613995485327,"nonsyn","nonsyn","nonsyn",1.77e-05,1.76e-06,1.7e-06,1.7e-06,"0.00560078571428572","0.000941375","0.0038984","0.00125516666666667","K","K","R","T","M",0,1,1,0,1,1,0
"7575",7838,4437,4437,"g","g","a","a",0.000225377507324769,0.000225377507324769,0,0,0,0,0,0,0.000225377507324769,0.000225377507324769,0.000225377507324769,0.000225377507324769,"syn","nonsyn","nonsyn",4.2e-06,5.36e-07,1.17e-06,1.17e-06,"0.0186354","1","1","1","K","K","K","N","N",0,1,1,0,1,1,0
"7576",7839,4439,4439,"g","g","a","a",0.0121649020049561,0.0121649020049561,0.000675827889164226,0.000675827889164226,0.000225275963054742,0.000450551926109484,0.000225275963054742,0.000450551926109484,0.0128407298941203,0.0128407298941203,0.0128407298941203,0.0128407298941203,"nonsyn","nonsyn","nonsyn",4.2e-06,5.36e-07,1.17e-06,1.17e-06,"0.000345255555555555","0.00173121","0.002379304","0.002596815","A","A","T","P","S",1,1,1,0,0,0,0
"7577",7840,4435,4435,"c","c","t","t",0.00248027057497182,0.00248027057497182,0.000450958286358512,0.000450958286358512,0.000450958286358512,0,0.000450958286358512,0,0.00293122886133033,0.00293122886133033,0.00293122886133033,0.00293122886133033,"nonsyn","nonsyn","nonsyn",4.58e-06,8.37e-07,4.33e-07,4.33e-07,"0.00184657272727272","0.0009601775","0.0018560475","1","A","A","V","D","G",0,1,1,0,0,0,0
"7578",7841,4421,4421,"t","t","c","c",0.00135715901379778,0.00135715901379778,0.00113096584483149,0.00113096584483149,0.000904772675865189,0.000226193168966297,0.000904772675865189,0.000226193168966297,0.00248812485862927,0.00248812485862927,0.00248812485862927,0.00248812485862927,"syn","syn","syn",1.7e-05,1.07e-06,1.21e-06,1.21e-06,"0.0125261666666667","0.001069882","0.0011826175","0.00534941","A","A","A","A","A",0,0,0,0,1,0,1
"7579",7842,4361,4362,"a","a","g","g",0.0426507681724375,0.0426507681724375,0.000687915615684476,0.000687915615684476,0.000458610410456317,0.000229305205228159,0.000458610410456317,0.000229305205228159,0.043338683788122,0.043338683788122,0.0433287482806052,0.0433287482806052,"nonsyn","nonsyn","nonsyn",1.77e-05,1.76e-06,1.7e-06,1.7e-06,"0.000414998387096774","0.00247123333333333","0.00383768","0.00741369999999999","N","N","D","H","Y",1,1,1,0,0,0,0
"7580",7843,4424,4424,"a","a","g","g",0.00135623869801085,0.00135623869801085,0.000678119349005425,0.000678119349005425,0.000452079566003617,0.000226039783001808,0.000452079566003617,0.000226039783001808,0.00203435804701627,0.00203435804701627,0.00203435804701627,0.00203435804701627,"nonsyn","nonsyn","nonsyn",1.77e-05,1.76e-06,1.7e-06,1.7e-06,"0.0130508","0.00250693333333333","0.00389312","0.00752080000000001","N","N","S","T","I",0,0,1,0,0,0,0
"7581",7844,4422,4422,"c","c","t","t",0.000904568068747173,0.000904568068747173,0,0,0,0,0,0,0.000904568068747173,0.000904568068747173,0.000904568068747173,0.000904568068747173,"syn","nonsyn","nonsyn",4.58e-06,8.37e-07,4.33e-07,4.33e-07,"0.00506319","1","1","1","N","N","N","K","K",0,1,1,0,0,0,0
"7582",7845,4429,4429,"t","t","c","c",0.00406412282682321,0.00406412282682321,0.00135470760894107,0.00135470760894107,0.00112892300745089,0.000225784601490178,0.00112892300745089,0.000225784601490178,0.00541883043576428,0.00541883043576428,0.00541883043576428,0.00541883043576428,"syn","nonsyn","nonsyn",1.7e-05,1.07e-06,1.21e-06,1.21e-06,"0.00418294444444445","0.000893181666666667","0.000947806000000002","0.00535909000000001","L","L","L","M","V",0,0,0,0,1,0,1
"7583",7846,4420,4420,"t","t","c","c",0.00565610859728507,0.00565610859728507,0.00158371040723982,0.00158371040723982,0.00135746606334842,0.000226244343891403,0.00135746606334842,0.000226244343891403,0.00723981900452489,0.00723981900452489,0.00723981900452489,0.00723981900452489,"nonsyn","stop","nonsyn",1.7e-05,1.07e-06,1.21e-06,1.21e-06,"0.0030056","0.000764028571428571","0.000788233333333331","0.00534819999999999","L","L","S","*","W",1,1,0,1,0,0,0
"7584",7847,4359,4359,"g","g","a","a",0.00206469373709566,0.00206469373709566,0.000458820830465703,0.000458820830465703,0,0.000458820830465703,0,0.000458820830465703,0.00252351456756137,0.00252351456756137,0.00252351456756137,0.00252351456756137,"syn","nonsyn","nonsyn",4.2e-06,5.36e-07,1.17e-06,1.17e-06,"0.0020342","0.002550015","1","0.002550015","L","L","L","F","F",0,0,0,0,0,0,0
"7585",7848,4331,4331,"c","c","t","t",0.00138536134841838,0.00138536134841838,0.00046178711613946,0.00046178711613946,0.00046178711613946,0,0.00046178711613946,0,0.00184714846455784,0.00184714846455784,0.00184714846455784,0.00184714846455784,"syn","nonsyn","nonsyn",4.58e-06,8.37e-07,4.33e-07,4.33e-07,"0.00330599666666666","0.0009376615","0.0018125235","1","L","L","L","I","V",0,0,0,0,0,0,0
"7586",7849,4254,4254,"t","t","c","c",0.00352609308885755,0.00352609308885755,0.000470145745181006,0.000470145745181006,0.000470145745181006,0,0.000470145745181006,0,0.00399623883403855,0.00399623883403855,0.00399623883403855,0.00399623883403855,"nonsyn","nonsyn","nonsyn",1.7e-05,1.07e-06,1.21e-06,1.21e-06,"0.00482119999999999","0.00257367","0.00227589","1","L","L","P","Q","R",1,1,1,0,1,0,1
"7587",7850,4251,4251,"g","a","a","g",0.021641966596095,0.978358033403905,0,0,0,0,0,0,0.021641966596095,0.978358033403905,0.021641966596095,0.978358033403905,"syn","syn","syn",1.77e-05,1.76e-06,1.7e-06,1.7e-06,"1.80915364270257e-05","1","1","1","L","L","L","L","L",0,0,0,0,0,0,0
"7588",7851,4250,4250,"t","t","c","c",0.00376470588235294,0.00376470588235294,0,0,0,0,0,0,0.00376470588235294,0.00376470588235294,0.00376470588235294,0.00376470588235294,"nonsyn","nonsyn","nonsyn",1.7e-05,1.07e-06,1.21e-06,1.21e-06,"0.004515625","1","1","1","S","S","P","T","A",1,0,1,0,0,0,0
"7589",7852,4256,4256,"c","c","t","t",0.00140977443609023,0.00140977443609023,0.000469924812030075,0.000469924812030075,0.000469924812030075,0,0.000469924812030075,0,0.0018796992481203,0.0018796992481203,0.0018796992481203,0.0018796992481203,"nonsyn","nonsyn","nonsyn",4.58e-06,8.37e-07,4.33e-07,4.33e-07,"0.00324874666666666","0.000921424","0.001781136","1","S","S","F","Y","C",1,1,1,0,0,0,0
"7590",7853,4270,4270,"c","c","t","t",0.00140515222482436,0.00140515222482436,0.000234192037470726,0.000234192037470726,0.000234192037470726,0,0.000234192037470726,0,0.00163934426229508,0.00163934426229508,0.00163934426229508,0.00163934426229508,"syn","syn","syn",4.58e-06,8.37e-07,4.33e-07,4.33e-07,"0.00325943333333332","0.00184891","0.00357399","1","S","S","S","S","S",0,0,0,0,1,0,1
"7591",7854,4270,4270,"g","g","a","a",0.00234192037470726,0.00234192037470726,0,0,0,0,0,0,0.00234192037470726,0.00234192037470726,0.00234192037470726,0.00234192037470726,"nonsyn","nonsyn","nonsyn",4.2e-06,5.36e-07,1.17e-06,1.17e-06,"0.0017934","1","1","1","V","V","I","L","L",0,0,0,0,0,0,0
"7592",7855,4266,4266,"t","t","c","c",0.00140646976090014,0.00140646976090014,0,0,0,0,0,0,0.00140646976090014,0.00140646976090014,0.00140646976090014,0.00140646976090014,"nonsyn","nonsyn","nonsyn",1.7e-05,1.07e-06,1.21e-06,1.21e-06,"0.012087","1","1","1","V","V","A","E","G",0,1,1,0,0,0,0
"7593",7856,4258,4258,"a","a","g","g",0.00117426021606388,0.00117426021606388,0,0,0,0,0,0,0.00117426021606388,0.00117426021606388,0.00117426021606388,0.00117426021606388,"syn","syn","syn",1.77e-05,1.76e-06,1.7e-06,1.7e-06,"0.01507332","1","1","1","V","V","V","V","V",0,0,0,0,1,1,0
"7594",7857,4255,4255,"g","g","a","a",0.000940070505287897,0.000940070505287897,0,0,0,0,0,0,0.000940070505287897,0.000940070505287897,0.000940070505287897,0.000940070505287897,"nonsyn","nonsyn","stop",4.2e-06,5.36e-07,1.17e-06,1.17e-06,"0.00446775","1","1","1","E","E","K","Q","*",1,1,1,0,0,0,0
"7595",7858,4252,4252,"a","a","g","g",0.00376293508936971,0.00376293508936971,0.000470366886171214,0.000470366886171214,0.000470366886171214,0,0.000470366886171214,0,0.00423330197554092,0.00423330197554092,0.00423330197554092,0.00423330197554092,"nonsyn","nonsyn","nonsyn",1.77e-05,1.76e-06,1.7e-06,1.7e-06,"0.004703775","0.0036142","0.00374176","1","E","E","G","A","V",1,1,1,0,1,1,0
"7596",7859,4337,4337,"g","g","a","a",0,0,0.000461148259165322,0.000461148259165322,0,0.000461148259165322,0,0.000461148259165322,0.000461148259165322,0.000461148259165322,0.000461148259165322,0.000461148259165322,"syn","nonsyn","nonsyn",4.2e-06,5.36e-07,1.17e-06,1.17e-06,"1","0.002537145","1","0.002537145","E","E","E","D","D",0,0,0,0,1,1,0
"7597",7860,4333,4333,"g","g","a","a",0.00207708285252712,0.00207708285252712,0.000230786983614124,0.000230786983614124,0.000230786983614124,0,0.000230786983614124,0,0.00230786983614124,0.00230786983614124,0.00230786983614124,0.00230786983614124,"nonsyn","nonsyn","stop",4.2e-06,5.36e-07,1.17e-06,1.17e-06,"0.00202206666666666","0.00506961","0.002322488","1","E","E","K","Q","*",1,1,1,0,0,0,0
"7598",7861,4310,4310,"a","a","g","g",0.00510440835266821,0.00510440835266821,0.00116009280742459,0.00116009280742459,0.000232018561484919,0.000928074245939675,0.000232018561484919,0.000928074245939675,0.00626450116009281,0.00626450116009281,0.00626450116009281,0.00626450116009281,"nonsyn","nonsyn","nonsyn",1.77e-05,1.76e-06,1.7e-06,1.7e-06,"0.00346759090909091","0.0014654","0.00758559999999999","0.00183175","E","E","G","A","V",1,1,1,0,0,0,0
"7599",7862,4261,4261,"g","a","a","g",0.000938746773057968,0.998357193147149,0.000704060079793476,0.000704060079793476,0,0.000704060079793476,0,0.000704060079793476,0.00164280685285144,0.999061253226942,0.00164280685285144,0.999061253226942,"syn","nonsyn","nonsyn",1.77e-05,1.76e-06,1.7e-06,1.7e-06,"1.7729125528914e-05","0.00241456666666667","1","0.00241456666666667","E","E","E","D","D",0,0,0,0,1,1,0
"7600",7863,4255,4255,"g","g","a","a",0.00141010575793184,0.00141010575793184,0.000470035252643948,0.000470035252643948,0.000235017626321974,0.000235017626321974,0.000235017626321974,0.000235017626321974,0.00188014101057579,0.00188014101057579,0.00188014101057579,0.00188014101057579,"nonsyn","nonsyn","nonsyn",4.2e-06,5.36e-07,1.17e-06,1.17e-06,"0.00297850000000001","0.002489175","0.00228068","0.00497835","A","A","T","P","S",1,1,1,0,0,0,0
"7601",7864,4273,4273,"c","c","t","t",0.0016381933068102,0.0016381933068102,0.000234027615258601,0.000234027615258601,0.000234027615258601,0,0.000234027615258601,0,0.0018722209220688,0.0018722209220688,0.0018722209220688,0.0018722209220688,"nonsyn","nonsyn","nonsyn",4.58e-06,8.37e-07,4.33e-07,4.33e-07,"0.00279576285714286","0.001850209","0.00357650099999999","1","A","A","V","D","G",0,1,1,0,0,0,0
"7602",7865,4275,4275,"t","t","c","c",0.00631578947368421,0.00631578947368421,0.0016374269005848,0.0016374269005848,0.00116959064327485,0.000467836257309942,0.00116959064327485,0.000467836257309942,0.00795321637426901,0.00795321637426901,0.00795321637426901,0.00795321637426901,"syn","syn","syn",1.7e-05,1.07e-06,1.21e-06,1.21e-06,"0.00269166666666667","0.000738964285714284","0.000914850000000003","0.002586375","A","A","A","A","A",0,0,0,0,1,0,1
"7603",7866,4292,4292,"t","t","c","c",0.00396085740913327,0.00396085740913327,0.00116495806150979,0.00116495806150979,0.000931966449207828,0.000232991612301957,0.000931966449207828,0.000232991612301957,0.00512581547064306,0.00512581547064306,0.00512581547064306,0.00512581547064306,"nonsyn","nonsyn","nonsyn",1.7e-05,1.07e-06,1.21e-06,1.21e-06,"0.004292","0.001038664","0.00114811","0.00519332","C","C","R","S","G",1,1,0,1,0,0,0
"7604",7867,4269,4269,"g","g","a","a",0.003747950339658,0.003747950339658,0,0,0,0,0,0,0.003747950339658,0.003747950339658,0.003747950339658,0.003747950339658,"nonsyn","nonsyn","nonsyn",4.2e-06,5.36e-07,1.17e-06,1.17e-06,"0.0011206125","1","1","1","C","C","Y","S","F",1,1,1,0,0,0,0
"7605",7868,4274,4274,"c","c","t","t",0.00257370145063173,0.00257370145063173,0.000467945718296678,0.000467945718296678,0.000467945718296678,0,0.000467945718296678,0,0.0030416471689284,0.0030416471689284,0.0030416471689284,0.0030416471689284,"syn","stop","nonsyn",4.58e-06,8.37e-07,4.33e-07,4.33e-07,"0.00177953818181818","0.000925320999999999","0.001788669","1","C","C","C","*","W",0,1,1,0,0,0,0
"7606",7869,4344,4344,"a","a","g","g",0.00483425414364641,0.00483425414364641,0.00207182320441989,0.00207182320441989,0.000460405156537753,0.00161141804788214,0.000460405156537753,0.00161141804788214,0.0069060773480663,0.0069060773480663,0.0069060773480663,0.0069060773480663,"nonsyn","nonsyn","nonsyn",1.77e-05,1.76e-06,1.7e-06,1.7e-06,"0.00366137142857143","0.000820533333333333","0.00382272","0.00105497142857143","S","S","G","R","C",1,1,1,1,1,1,0
"7607",7870,4327,4327,"g","g","a","a",0.000924428010168708,0.000924428010168708,0.000231107002542177,0.000231107002542177,0,0.000231107002542177,0,0.000231107002542177,0.00115553501271089,0.00115553501271089,0.00115553501271089,0.00115553501271089,"nonsyn","nonsyn","nonsyn",4.2e-06,5.36e-07,1.17e-06,1.17e-06,"0.00454335","0.00506259","1","0.00506259","S","S","N","T","I",0,0,1,0,0,0,0
"7608",7871,4310,4310,"c","c","t","t",0.00232018561484919,0.00232018561484919,0,0,0,0,0,0,0.00232018561484919,0.00232018561484919,0.00232018561484919,0.00232018561484919,"syn","nonsyn","nonsyn",4.58e-06,8.37e-07,4.33e-07,4.33e-07,"0.00197398","1","1","1","S","S","S","R","R",0,1,1,0,0,0,0
"7609",7872,4262,4262,"c","c","t","t",0.000469263256687001,0.000469263256687001,0,0,0,0,0,0,0.000469263256687001,0.000469263256687001,0.000469263256687001,0.000469263256687001,"syn","nonsyn","nonsyn",4.58e-06,8.37e-07,4.33e-07,4.33e-07,"0.00975998000000001","1","1","1","L","L","L","M","V",0,0,0,0,1,0,1
"7610",7873,4256,4256,"t","t","c","c",0.00516917293233083,0.00516917293233083,0.0018796992481203,0.0018796992481203,0.0018796992481203,0,0.0018796992481203,0,0.00704887218045113,0.00704887218045113,0.00704887218045113,0.00704887218045113,"nonsyn","nonsyn","nonsyn",1.7e-05,1.07e-06,1.21e-06,1.21e-06,"0.00328872727272727","0.00064372","0.00056924","1","L","L","P","Q","R",1,1,1,1,1,0,1
"7611",7874,4250,4250,"g","g","a","a",0.00235294117647059,0.00235294117647059,0.000235294117647059,0.000235294117647059,0,0.000235294117647059,0,0.000235294117647059,0.00258823529411765,0.00258823529411765,0.00258823529411765,0.00258823529411765,"syn","syn","syn",4.2e-06,5.36e-07,1.17e-06,1.17e-06,"0.001785","0.0049725","1","0.0049725","L","L","L","L","L",0,0,0,0,0,0,0
"7612",7875,4109,4109,"a","a","g","g",0.00535410075444147,0.00535410075444147,0.000973472864443904,0.000973472864443904,0.000486736432221952,0.000486736432221952,0.000486736432221952,0.000486736432221952,0.00632757361888537,0.00632757361888537,0.00632757361888537,0.00632757361888537,"nonsyn","nonsyn","nonsyn",1.77e-05,1.76e-06,1.7e-06,1.7e-06,"0.00330587727272727","0.001746325","0.00361592","0.00349265","T","T","A","P","S",1,1,0,0,0,0,0
"7613",7876,4090,4090,"c","c","t","t",0.00097799511002445,0.00097799511002445,0,0,0,0,0,0,0.00097799511002445,0.00097799511002445,0.00097799511002445,0.00097799511002445,"nonsyn","nonsyn","nonsyn",4.58e-06,8.37e-07,4.33e-07,4.33e-07,"0.00468305","1","1","1","T","T","M","K","R",1,1,1,0,0,0,0
"7614",7877,4043,4046,"g","g","a","a",0.00247341083353945,0.00247341083353945,0.000742023250061835,0.000742023250061835,0.000742023250061835,0,0.000742023250061835,0,0.00321543408360129,0.00321543408360129,0.00321304992585269,0.00321304992585269,"syn","syn","syn",4.2e-06,5.36e-07,1.17e-06,1.17e-06,"0.00169806","0.00157677","0.000722349333333334","1","T","T","T","T","T",0,0,0,0,0,0,0
"7615",7878,4017,4031,"c","c","t","t",0.00224047796863331,0.00224047796863331,0.000248941996514812,0.000248941996514812,0.000248941996514812,0,0.000248941996514812,0,0.00248941996514812,0.00248941996514812,0.00248077400148846,0.00248077400148846,"nonsyn","nonsyn","nonsyn",4.58e-06,8.37e-07,4.33e-07,4.33e-07,"0.00204420666666667","0.001739361","0.003362229","1","P","P","S","T","A",1,1,1,0,0,0,0
"7616",7879,4002,4002,"c","c","t","t",0.00249875062468766,0.00249875062468766,0,0,0,0,0,0,0.00249875062468766,0.00249875062468766,0.00249875062468766,0.00249875062468766,"nonsyn","nonsyn","nonsyn",4.58e-06,8.37e-07,4.33e-07,4.33e-07,"0.001832916","1","1","1","P","P","L","H","R",1,1,1,0,1,0,1
"7617",7880,3992,3992,"c","c","t","t",0.00250501002004008,0.00250501002004008,0.000751503006012024,0.000751503006012024,0.000751503006012024,0,0.000751503006012024,0,0.0032565130260521,0.0032565130260521,0.0032565130260521,0.0032565130260521,"syn","syn","syn",4.58e-06,8.37e-07,4.33e-07,4.33e-07,"0.001828336","0.000576178666666667","0.001113768","1","P","P","P","P","P",0,0,0,0,1,0,1
"7618",7881,4002,4002,"c","c","t","t",0.00224887556221889,0.00224887556221889,0.000999500249875062,0.000999500249875062,0.000999500249875062,0,0.000999500249875062,0,0.00324837581209395,0.00324837581209395,0.00324837581209395,0.00324837581209395,"nonsyn","nonsyn","nonsyn",4.58e-06,8.37e-07,4.33e-07,4.33e-07,"0.00203657333333333","0.0004332165","0.0008374185","1","P","P","S","T","A",1,1,1,0,1,0,1
"7619",7882,4072,4072,"c","c","t","t",0.00270137524557957,0.00270137524557957,0.000736738703339882,0.000736738703339882,0.000736738703339882,0,0.000736738703339882,0,0.00343811394891945,0.00343811394891945,0.00343811394891945,0.00343811394891945,"nonsyn","nonsyn","nonsyn",4.58e-06,8.37e-07,4.33e-07,4.33e-07,"0.00169543272727273","0.000587725333333333","0.001136088","1","P","P","L","Q","R",1,1,1,0,1,0,1
"7620",7883,4100,4101,"g","a","a","g",0.00024390243902439,0.999268292682927,0.00048780487804878,0.00048780487804878,0,0.00048780487804878,0,0.00048780487804878,0.000731707317073171,0.999756097560976,0.000731528895391368,0.999512314069739,"syn","syn","syn",1.77e-05,1.76e-06,1.7e-06,1.7e-06,"1.77129607029534e-05","0.003485","1","0.003485","P","P","P","P","P",0,0,0,1,0,0,0
"7621",7884,4111,4111,"c","c","t","t",0.00145949890537582,0.00145949890537582,0,0,0,0,0,0,0.00145949890537582,0.00145949890537582,0.00145949890537582,0.00145949890537582,"nonsyn","nonsyn","nonsyn",4.58e-06,8.37e-07,4.33e-07,4.33e-07,"0.00313806333333334","1","1","1","H","H","Y","N","D",1,1,1,0,0,0,0
"7622",7885,4119,4119,"a","a","g","g",0.00267055110463705,0.00267055110463705,0.00145666423889294,0.00145666423889294,0,0.00145666423889294,0,0.00145666423889294,0.00412721534352998,0.00412721534352998,0.00412721534352998,0.00412721534352998,"nonsyn","nonsyn","nonsyn",1.77e-05,1.76e-06,1.7e-06,1.7e-06,"0.00662784545454545","0.00116705","1","0.00116705","H","H","R","P","L",0,1,1,1,0,0,0
"7623",7886,4147,4147,"c","t","t","c",0.00048227634434531,0.999276585483482,0.000241138172172655,0.000241138172172655,0.000241138172172655,0,0.000241138172172655,0,0.000723414516517965,0.999517723655655,0.000723414516517965,0.999517723655655,"syn","nonsyn","nonsyn",1.7e-05,1.07e-06,1.21e-06,1.21e-06,"1.7012306949807e-05","0.00501787","0.00443729","1","H","H","H","Q","Q",0,1,1,0,0,0,0
"7624",7887,4149,4149,"t","t","c","c",0.00313328512894673,0.00313328512894673,0,0,0,0,0,0,0.00313328512894673,0.00313328512894673,0.00313328512894673,0.00313328512894673,"nonsyn","nonsyn","nonsyn",1.7e-05,1.07e-06,1.21e-06,1.21e-06,"0.00542561538461539","1","1","1","S","S","P","T","A",1,0,1,0,0,0,0
"7625",7888,4279,4279,"c","c","t","t",0.000467398924982473,0.000467398924982473,0.000233699462491236,0.000233699462491236,0.000233699462491236,0,0.000233699462491236,0,0.000701098387473709,0.000701098387473709,0.000701098387473709,0.000701098387473709,"nonsyn","stop","stop",4.58e-06,8.37e-07,4.33e-07,4.33e-07,"0.00979890999999999","0.001852807","0.003581523","1","S","S","L","*","*",1,1,1,0,0,0,0
"7626",7889,4328,4328,"a","a","g","g",0.00346580406654344,0.00346580406654344,0.0016173752310536,0.0016173752310536,0.000462107208872458,0.00115526802218115,0.000462107208872458,0.00115526802218115,0.00508317929759704,0.00508317929759704,0.00508317929759704,0.00508317929759704,"syn","syn","syn",1.77e-05,1.76e-06,1.7e-06,1.7e-06,"0.00510704","0.00105108571428572","0.00380864","0.00147151999999999","S","S","S","S","S",0,0,0,1,1,1,0
"7627",7890,4330,4330,"g","g","a","a",0.00323325635103926,0.00323325635103926,0.00115473441108545,0.00115473441108545,0.00092378752886836,0.00023094688221709,0.00092378752886836,0.00023094688221709,0.00438799076212471,0.00438799076212471,0.00438799076212471,0.00438799076212471,"nonsyn","nonsyn","nonsyn",4.2e-06,5.36e-07,1.17e-06,1.17e-06,"0.001299","0.00101322","0.00058022","0.0050661","A","A","T","P","S",1,1,1,0,0,0,0
"7628",7891,4336,4336,"c","c","t","t",0.00230627306273063,0.00230627306273063,0.000461254612546125,0.000461254612546125,0.000461254612546125,0,0.000461254612546125,0,0.00276752767527675,0.00276752767527675,0.00276752767527675,0.00276752767527675,"nonsyn","nonsyn","nonsyn",4.58e-06,8.37e-07,4.33e-07,4.33e-07,"0.001985888","0.000938744000000001","0.001814616","1","A","A","V","D","G",0,1,1,0,0,0,0
"7629",7892,4337,4337,"c","c","t","t",0.000922296518330643,0.000922296518330643,0.000461148259165322,0.000461148259165322,0.000461148259165322,0,0.000461148259165322,0,0.00138344477749596,0.00138344477749596,0.00138344477749596,0.00138344477749596,"syn","syn","syn",4.58e-06,8.37e-07,4.33e-07,4.33e-07,"0.004965865","0.000938960499999999","0.0018150345","1","A","A","A","A","A",0,0,0,0,1,0,1
"7630",7893,4330,4330,"a","a","g","g",0.00484988452655889,0.00484988452655889,0.00069284064665127,0.00069284064665127,0,0.00069284064665127,0,0.00069284064665127,0.00554272517321016,0.00554272517321016,0.00554272517321016,0.00554272517321016,"nonsyn","nonsyn","stop",1.77e-05,1.76e-06,1.7e-06,1.7e-06,"0.00364957142857143","0.00245366666666667","1","0.00245366666666667","R","K","E","Q","*",1,1,1,1,0,0,0
"7631",7894,4331,4331,"g","a","a","g",0.000923574232278919,0.998614638651582,0.00046178711613946,0.00046178711613946,0.00023089355806973,0.00023089355806973,0.00023089355806973,0.00023089355806973,0.00138536134841838,0.999076425767721,0.00138536134841838,0.999076425767721,"nonsyn","nonsyn","nonsyn",1.77e-05,1.76e-06,1.7e-06,1.7e-06,"1.77245549132948e-05","0.00368135","0.00762256","0.0073627","R","K","R","T","I",0,1,1,0,0,0,0
"7632",7895,4327,4327,"a","a","g","g",0.00693321007626531,0.00693321007626531,0.000693321007626531,0.000693321007626531,0.000693321007626531,0,0.000693321007626531,0,0.00762653108389184,0.00762653108389184,0.00762653108389184,0.00762653108389184,"syn","nonsyn","nonsyn",1.77e-05,1.76e-06,1.7e-06,1.7e-06,"0.00255293","0.00245196666666667","0.00253850666666667","1","R","K","K","N","N",0,1,1,0,0,0,0
"7633",7896,4350,4350,"t","t","c","c",0.00252873563218391,0.00252873563218391,0.000459770114942529,0.000459770114942529,0.000229885057471264,0.000229885057471264,0.000229885057471264,0.000229885057471264,0.00298850574712644,0.00298850574712644,0.00298850574712644,0.00298850574712644,"nonsyn","nonsyn","nonsyn",1.7e-05,1.07e-06,1.21e-06,1.21e-06,"0.00672272727272727","0.00263175","0.00465450000000001","0.00526350000000001","S","S","P","T","A",1,0,1,0,0,0,0
"7634",7897,4373,4373,"c","c","t","t",0.000914703864623828,0.000914703864623828,0.000457351932311914,0.000457351932311914,0.000228675966155957,0.000228675966155957,0.000228675966155957,0.000228675966155957,0.00137205579693574,0.00137205579693574,0.00137205579693574,0.00137205579693574,"nonsyn","nonsyn","nonsyn",4.58e-06,8.37e-07,4.33e-07,4.33e-07,"0.005007085","0.0009467545","0.003660201","0.001893509","S","S","F","Y","C",1,1,1,0,0,0,0
"7635",7898,4325,4325,"t","c","c","t",0.00161849710982659,0.997456647398844,0.00092485549132948,0.00092485549132948,0.00069364161849711,0.00023121387283237,0.00069364161849711,0.00023121387283237,0.00254335260115607,0.998381502890173,0.00254335260115607,0.998381502890173,"syn","syn","syn",4.58e-06,8.37e-07,4.33e-07,4.33e-07,"4.5916782568382e-06","0.00046818125","0.001206675","0.001872725","S","S","S","S","S",0,0,0,0,1,0,1
"7636",7899,4380,4382,"a","a","g","g",0.00182648401826484,0.00182648401826484,0,0,0,0,0,0,0.00182648401826484,0.00182648401826484,0.00182565038795071,0.00182565038795071,"nonsyn","nonsyn","stop",1.77e-05,1.76e-06,1.7e-06,1.7e-06,"0.00969075","1","1","1","K","K","E","Q","*",1,1,1,1,0,0,0
"7637",7900,4386,4386,"a","a","g","g",0.00136798905608755,0.00136798905608755,0.000455996352029184,0.000455996352029184,0,0.000455996352029184,0,0.000455996352029184,0.00182398540811674,0.00182398540811674,0.00182398540811674,0.00182398540811674,"nonsyn","nonsyn","nonsyn",1.77e-05,1.76e-06,1.7e-06,1.7e-06,"0.0129387","0.0037281","1","0.0037281","K","K","R","T","M",0,1,1,0,1,1,0
"7638",7901,4381,4381,"a","g","g","a",0.00205432549646199,0.997260899338051,0.000684775165487332,0.000684775165487332,0.000228258388495777,0.000456516776991554,0.000228258388495777,0.000456516776991554,0.00273910066194933,0.997945674503538,0.00273910066194933,0.997945674503538,"syn","nonsyn","nonsyn",4.2e-06,5.36e-07,1.17e-06,1.17e-06,"4.2115358205539e-06","0.00170859","0.002348216","0.002562885","K","K","K","N","N",0,1,1,0,0,0,0
"7639",7902,4367,4369,"t","t","c","c",0.00251889168765743,0.00251889168765743,0.000228990153423403,0.000228990153423403,0,0.000228990153423403,0,0.000228990153423403,0.00274788184108083,0.00274788184108083,0.00274662394140536,0.00274662394140536,"nonsyn","nonsyn","nonsyn",1.7e-05,1.07e-06,1.21e-06,1.21e-06,"0.006749","0.00528406999999999","1","0.00528406999999999","F","F","L","I","V",0,0,0,0,0,0,0
"7640",7903,4369,4369,"t","t","c","c",0.00114442664225223,0.00114442664225223,0.000228885328450446,0.000228885328450446,0,0.000228885328450446,0,0.000228885328450446,0.00137331197070268,0.00137331197070268,0.00137331197070268,0.00137331197070268,"nonsyn","nonsyn","nonsyn",1.7e-05,1.07e-06,1.21e-06,1.21e-06,"0.0148546","0.00528649000000001","1","0.00528649000000001","F","F","S","Y","C",1,0,1,0,0,0,0
"7641",7904,4405,4405,"t","t","c","c",0.0018161180476731,0.0018161180476731,0.000227014755959137,0.000227014755959137,0,0.000227014755959137,0,0.000227014755959137,0.00204313280363224,0.00204313280363224,0.00204313280363224,0.00204313280363224,"syn","nonsyn","nonsyn",1.7e-05,1.07e-06,1.21e-06,1.21e-06,"0.00936062499999999","0.00533005000000001","1","0.00533005000000001","F","F","F","L","L",0,0,0,1,0,0,0
"7642",7905,4414,4414,"g","g","a","a",0.000679655641141822,0.000679655641141822,0.000226551880380607,0.000226551880380607,0,0.000226551880380607,0,0.000226551880380607,0.000906207521522429,0.000906207521522429,0.000906207521522429,0.000906207521522429,"nonsyn","nonsyn","nonsyn",4.2e-06,5.36e-07,1.17e-06,1.17e-06,"0.0061796","0.00516438","1","0.00516438","G","G","S","R","C",1,1,0,0,1,1,0
"7643",7906,4408,4408,"g","g","a","a",0.00272232304900181,0.00272232304900181,0,0,0,0,0,0,0.00272232304900181,0.00272232304900181,0.00272232304900181,0.00272232304900181,"nonsyn","nonsyn","nonsyn",4.2e-06,5.36e-07,1.17e-06,1.17e-06,"0.0015428","1","1","1","G","G","D","A","V",1,1,1,0,0,0,0
"7644",7907,4406,4406,"c","c","t","t",0.00272355878347708,0.00272355878347708,0.000226963231956423,0.000226963231956423,0.000226963231956423,0,0.000226963231956423,0,0.0029505220154335,0.0029505220154335,0.0029505220154335,0.0029505220154335,"syn","syn","syn",4.58e-06,8.37e-07,4.33e-07,4.33e-07,"0.00168162333333333","0.001907798","0.003687822","1","G","G","G","G","G",0,0,0,0,0,0,0
"7645",7908,4411,4411,"t","t","c","c",0.00385400136023577,0.00385400136023577,0.00022670596236681,0.00022670596236681,0.00022670596236681,0,0.00022670596236681,0,0.00408070732260258,0.00408070732260258,0.00408070732260258,0.00408070732260258,"nonsyn","nonsyn","nonsyn",1.7e-05,1.07e-06,1.21e-06,1.21e-06,"0.004411","0.00533731000000001","0.00471977000000001","1","Y","Y","H","N","D",1,1,1,0,1,0,1
"7646",7909,4410,4410,"a","a","g","g",0.00204081632653061,0.00204081632653061,0.000680272108843537,0.000680272108843537,0.000226757369614512,0.000453514739229025,0.000226757369614512,0.000453514739229025,0.00272108843537415,0.00272108843537415,0.00272108843537415,0.00272108843537415,"nonsyn","nonsyn","nonsyn",1.77e-05,1.76e-06,1.7e-06,1.7e-06,"0.00867300000000001","0.002499","0.00776160000000002","0.0037485","Y","Y","C","S","F",1,1,0,0,0,0,0
"7647",7910,4388,4388,"t","t","c","c",0.00273473108477666,0.00273473108477666,0.000455788514129444,0.000455788514129444,0.000227894257064722,0.000227894257064722,0.000227894257064722,0.000227894257064722,0.00319051959890611,0.00319051959890611,0.00319051959890611,0.00319051959890611,"syn","stop","stop",1.7e-05,1.07e-06,1.21e-06,1.21e-06,"0.00621633333333334","0.00265474","0.00469516","0.00530948","Y","Y","Y","*","*",0,1,1,1,0,0,0
"7648",7911,4389,4391,"g","g","a","a",0.000911369332421964,0.000911369332421964,0.000455684666210982,0.000455684666210982,0,0.000455684666210982,0,0.000455684666210982,0.00136705399863295,0.00136705399863295,0.00136643133682532,0.00136643133682532,"nonsyn","nonsyn","nonsyn",4.2e-06,5.36e-07,1.17e-06,1.17e-06,"0.00460845","0.002567565","1","0.002567565","G","G","R","R","W",1,1,1,0,1,1,0
"7649",7912,4375,4375,"g","g","a","a",0.00251428571428571,0.00251428571428571,0.00114285714285714,0.00114285714285714,0,0.00114285714285714,0,0.00114285714285714,0.00365714285714286,0.00365714285714286,0.00365714285714286,0.00365714285714286,"nonsyn","nonsyn","nonsyn",4.2e-06,5.36e-07,1.17e-06,1.17e-06,"0.00167045454545455","0.00102375","1","0.00102375","G","G","E","A","V",1,1,1,0,1,1,0
"7650",7913,4352,4352,"g","g","a","a",0.000689338235294118,0.000689338235294118,0.000689338235294118,0.000689338235294118,0.000229779411764706,0.000459558823529412,0.000229779411764706,0.000459558823529412,0.00137867647058824,0.00137867647058824,0.00137867647058824,0.00137867647058824,"syn","syn","syn",4.2e-06,5.36e-07,1.17e-06,1.17e-06,"0.0060928","0.00169728","0.002332672","0.00254592","G","G","G","G","G",0,0,0,0,1,1,0
"7651",7914,4336,4336,"g","g","a","a",0.00299815498154982,0.00299815498154982,0.000461254612546125,0.000461254612546125,0.000230627306273063,0.000230627306273063,0.000230627306273063,0.000230627306273063,0.00345940959409594,0.00345940959409594,0.00345940959409594,0.00345940959409594,"nonsyn","nonsyn","nonsyn",4.2e-06,5.36e-07,1.17e-06,1.17e-06,"0.00140086153846154","0.00253656","0.002324096","0.00507311999999999","A","A","T","P","S",1,1,1,0,0,0,0
"7652",7915,4339,4339,"c","c","t","t",0.00115233924867481,0.00115233924867481,0,0,0,0,0,0,0.00115233924867481,0.00115233924867481,0.00115233924867481,0.00115233924867481,"nonsyn","nonsyn","nonsyn",4.58e-06,8.37e-07,4.33e-07,4.33e-07,"0.003974524","1","1","1","A","A","V","E","G",0,1,1,0,0,0,0
"7653",7916,4295,4296,"a","a","g","g",0.00279394644935972,0.00279394644935972,0.000232828870779977,0.000232828870779977,0.000232828870779977,0,0.000232828870779977,0,0.0030267753201397,0.0030267753201397,0.00302607076350093,0.00302607076350093,"syn","syn","syn",1.77e-05,1.76e-06,1.7e-06,1.7e-06,"0.006335125","0.00730149999999999","0.00755919999999999","1","A","A","A","A","A",0,0,0,1,0,0,0
"7654",7917,4248,4248,"a","a","g","g",0.00306026365348399,0.00306026365348399,0,0,0,0,0,0,0.00306026365348399,0.00306026365348399,0.00306026365348399,0.00306026365348399,"nonsyn","nonsyn","stop",1.77e-05,1.76e-06,1.7e-06,1.7e-06,"0.00578381538461539","1","1","1","K","K","E","Q","*",1,1,1,0,0,0,0
"7655",7918,4296,4296,"a","a","g","g",0.00232774674115456,0.00232774674115456,0,0,0,0,0,0,0.00232774674115456,0.00232774674115456,0.00232774674115456,0.00232774674115456,"nonsyn","nonsyn","nonsyn",1.77e-05,1.76e-06,1.7e-06,1.7e-06,"0.00760392000000001","1","1","1","K","K","R","T","I",0,1,1,0,0,0,0
"7656",7919,4293,4293,"a","a","g","g",0.00628930817610063,0.00628930817610063,0.000698812019566737,0.000698812019566737,0,0.000698812019566737,0,0.000698812019566737,0.00698812019566737,0.00698812019566737,0.00698812019566737,0.00698812019566737,"syn","nonsyn","nonsyn",1.77e-05,1.76e-06,1.7e-06,1.7e-06,"0.0028143","0.0024327","1","0.0024327","K","K","K","N","N",0,1,1,0,1,1,0
"7657",7920,4274,4274,"g","g","a","a",0.000935891436593355,0.000935891436593355,0.000233972859148339,0.000233972859148339,0,0.000233972859148339,0,0.000233972859148339,0.00116986429574169,0.00116986429574169,0.00116986429574169,0.00116986429574169,"nonsyn","nonsyn","nonsyn",4.2e-06,5.36e-07,1.17e-06,1.17e-06,"0.0044877","0.00500058","1","0.00500058","D","D","N","H","Y",1,1,1,0,0,0,0
"7658",7921,4234,4234,"a","a","g","g",0.00684931506849315,0.00684931506849315,0.000236183278223902,0.000236183278223902,0.000236183278223902,0,0.000236183278223902,0,0.00708549834671705,0.00708549834671705,0.00708549834671705,0.00708549834671705,"nonsyn","nonsyn","nonsyn",1.77e-05,1.76e-06,1.7e-06,1.7e-06,"0.0025842","0.00719779999999999","0.00745183999999999","1","D","D","G","A","V",1,1,1,0,0,0,0
"7659",7922,4229,4229,"c","c","t","t",0.000472925041380941,0.000472925041380941,0,0,0,0,0,0,0.000472925041380941,0.000472925041380941,0.000472925041380941,0.000472925041380941,"syn","nonsyn","nonsyn",4.58e-06,8.37e-07,4.33e-07,4.33e-07,"0.00968441","1","1","1","D","D","D","E","E",0,0,0,0,0,0,0
"7660",7923,4220,4220,"g","g","a","a",0.0028436018957346,0.0028436018957346,0.0004739336492891,0.0004739336492891,0,0.0004739336492891,0,0.0004739336492891,0.0033175355450237,0.0033175355450237,0.0033175355450237,0.0033175355450237,"nonsyn","nonsyn","nonsyn",4.2e-06,5.36e-07,1.17e-06,1.17e-06,"0.001477","0.0024687","1","0.0024687","V","V","I","L","F",0,0,0,0,0,0,0
"7661",7924,4213,4213,"t","t","c","c",0.00403512936150012,0.00403512936150012,0.00094944220270591,0.00094944220270591,0.00094944220270591,0,0.00094944220270591,0,0.00498457156420603,0.00498457156420603,0.00498457156420603,0.00498457156420603,"nonsyn","nonsyn","nonsyn",1.7e-05,1.07e-06,1.21e-06,1.21e-06,"0.004213","0.0012744325","0.0011269775","1","V","V","A","D","G",0,1,1,0,0,0,0
"7662",7925,4209,4209,"c","c","t","t",0.00213827512473272,0.00213827512473272,0.000475172249940603,0.000475172249940603,0.000475172249940603,0,0.000475172249940603,0,0.00261344737467332,0.00261344737467332,0.00261344737467332,0.00261344737467332,"syn","syn","syn",4.58e-06,8.37e-07,4.33e-07,4.33e-07,"0.00214191333333333","0.000911248500000001","0.0017614665","1","V","V","V","V","V",0,0,0,0,0,0,0
"7663",7926,4231,4231,"c","c","t","t",0.00189080595603876,0.00189080595603876,0.00047270148900969,0.00047270148900969,0.00047270148900969,0,0.00047270148900969,0,0.00236350744504845,0.00236350744504845,0.00236350744504845,0.00236350744504845,"nonsyn","nonsyn","nonsyn",4.58e-06,8.37e-07,4.33e-07,4.33e-07,"0.0024222475","0.000916011500000001","0.0017706735","1","R","R","C","S","G",1,1,1,0,1,0,1
"7664",7927,4240,4240,"g","g","a","a",0.00188679245283019,0.00188679245283019,0,0,0,0,0,0,0.00188679245283019,0.00188679245283019,0.00188679245283019,0.00188679245283019,"nonsyn","nonsyn","nonsyn",4.2e-06,5.36e-07,1.17e-06,1.17e-06,"0.002226","1","1","1","R","R","H","P","L",0,1,1,0,0,0,0
"7665",7928,4224,4224,"t","t","c","c",0.00213068181818182,0.00213068181818182,0,0,0,0,0,0,0.00213068181818182,0.00213068181818182,0.00213068181818182,0.00213068181818182,"syn","syn","syn",1.7e-05,1.07e-06,1.21e-06,1.21e-06,"0.00797866666666666","1","1","1","R","R","R","R","R",0,0,0,0,0,0,0
"7666",7929,4269,4269,"t","t","c","c",0.0208479737643476,0.0208479737643476,0.0009369875849145,0.0009369875849145,0.000702740688685875,0.000234246896228625,0.000702740688685875,0.000234246896228625,0.0217849613492621,0.0217849613492621,0.0217849613492621,0.0217849613492621,"nonsyn","nonsyn","nonsyn",1.7e-05,1.07e-06,1.21e-06,1.21e-06,"0.000815426966292136","0.0012913725","0.00152261","0.00516549","C","C","R","S","G",1,1,0,1,0,0,0
"7667",7930,4274,4274,"g","g","a","a",0.00374356574637342,0.00374356574637342,0.000701918577445016,0.000701918577445016,0,0.000701918577445016,0,0.000701918577445016,0.00444548432381844,0.00444548432381844,0.00444548432381844,0.00444548432381844,"nonsyn","nonsyn","nonsyn",4.2e-06,5.36e-07,1.17e-06,1.17e-06,"0.001121925","0.00166686","1","0.00166686","C","C","Y","S","F",1,1,1,0,0,0,0
"7668",7931,4279,4279,"c","c","t","t",0.00210329516242113,0.00210329516242113,0.00116849731245618,0.00116849731245618,0.000934797849964945,0.000233699462491236,0.000934797849964945,0.000233699462491236,0.00327179247487731,0.00327179247487731,0.00327179247487731,0.00327179247487731,"syn","stop","nonsyn",4.58e-06,8.37e-07,4.33e-07,4.33e-07,"0.00217753555555555","0.0003705614","0.00089538075","0.001852807","C","C","C","*","W",0,1,1,0,0,0,0
"7669",7932,4321,4321,"c","c","t","t",0.00254570701226568,0.00254570701226568,0,0,0,0,0,0,0.00254570701226568,0.00254570701226568,0.00254570701226568,0.00254570701226568,"nonsyn","nonsyn","nonsyn",4.58e-06,8.37e-07,4.33e-07,4.33e-07,"0.00179910727272727","1","1","1","H","H","Y","N","D",1,1,1,0,1,0,1
"7670",7933,4320,4320,"a","a","g","g",0.00347222222222222,0.00347222222222222,0.000462962962962963,0.000462962962962963,0,0.000462962962962963,0,0.000462962962962963,0.00393518518518518,0.00393518518518518,0.00393518518518518,0.00393518518518518,"nonsyn","nonsyn","nonsyn",1.77e-05,1.76e-06,1.7e-06,1.7e-06,"0.0050976","0.003672","1","0.003672","H","H","R","P","L",0,1,1,1,0,0,0
"7671",7934,4325,4325,"t","t","c","c",0.00369942196531792,0.00369942196531792,0.00023121387283237,0.00023121387283237,0.00023121387283237,0,0.00023121387283237,0,0.00393063583815029,0.00393063583815029,0.00393063583815029,0.00393063583815029,"syn","nonsyn","nonsyn",1.7e-05,1.07e-06,1.21e-06,1.21e-06,"0.0045953125","0.00523325","0.00462775","1","H","H","H","Q","Q",0,1,1,1,0,0,0
"7672",7935,4328,4328,"g","g","a","a",0.036275415896488,0.036275415896488,0,0,0,0,0,0,0.036275415896488,0.036275415896488,0.036275415896488,0.036275415896488,"nonsyn","nonsyn","nonsyn",4.2e-06,5.36e-07,1.17e-06,1.17e-06,"0.000115780891719745","1","1","1","A","A","T","P","S",1,1,1,0,0,0,0
"7673",7936,4350,4351,"c","c","t","t",0.00275862068965517,0.00275862068965517,0.000459770114942529,0.000459770114942529,0.000229885057471264,0.000229885057471264,0.000229885057471264,0.000229885057471264,0.0032183908045977,0.0032183908045977,0.00321765111468628,0.00321765111468628,"nonsyn","nonsyn","nonsyn",4.58e-06,8.37e-07,4.33e-07,4.33e-07,"0.00166025","0.000941775","0.00364095000000001","0.00188355","A","A","V","D","G",0,1,1,0,0,0,0
"7674",7937,4337,4337,"c","c","t","t",0.00161401890707863,0.00161401890707863,0.000461148259165322,0.000461148259165322,0.000461148259165322,0,0.000461148259165322,0,0.00207516716624395,0.00207516716624395,0.00207516716624395,0.00207516716624395,"syn","syn","syn",4.58e-06,8.37e-07,4.33e-07,4.33e-07,"0.00283763714285714","0.000938960499999999","0.0018150345","1","A","A","A","A","A",0,0,0,0,1,0,1
"7675",7938,4353,4353,"a","a","g","g",0.00459453250631748,0.00459453250631748,0.00183781300252699,0.00183781300252699,0.000918906501263496,0.000918906501263496,0.000918906501263496,0.000918906501263496,0.00643234550884448,0.00643234550884448,0.00643234550884448,0.00643234550884448,"nonsyn","syn","stop",1.77e-05,1.76e-06,1.7e-06,1.7e-06,"0.003852405","0.000925012500000001","0.00191532","0.001850025","R","R","G","R","*",1,0,1,1,1,1,0
"7676",7939,4349,4349,"g","g","a","a",0.000919751667049897,0.000919751667049897,0.000459875833524948,0.000459875833524948,0,0.000459875833524948,0,0.000459875833524948,0.00137962750057484,0.00137962750057484,0.00137962750057484,0.00137962750057484,"nonsyn","nonsyn","nonsyn",4.2e-06,5.36e-07,1.17e-06,1.17e-06,"0.00456645","0.002544165","1","0.002544165","R","R","K","T","I",0,1,1,0,0,0,0
"7677",7940,4348,4348,"a","a","g","g",0.00367985280588776,0.00367985280588776,0.000459981600735971,0.000459981600735971,0,0.000459981600735971,0,0.000459981600735971,0.00413983440662373,0.00413983440662373,0.00413983440662373,0.00413983440662373,"syn","nonsyn","nonsyn",1.77e-05,1.76e-06,1.7e-06,1.7e-06,"0.00480997500000001","0.0036958","1","0.0036958","R","R","R","S","S",0,1,1,0,0,0,0
"7678",7941,4340,4340,"a","a","g","g",0.00207373271889401,0.00207373271889401,0,0,0,0,0,0,0.00207373271889401,0.00207373271889401,0.00207373271889401,0.00207373271889401,"nonsyn","nonsyn","stop",1.77e-05,1.76e-06,1.7e-06,1.7e-06,"0.00853533333333333","1","1","1","K","K","E","Q","*",1,1,1,0,0,0,0
"7679",7942,4223,4223,"a","a","g","g",0.00331517878285579,0.00331517878285579,0.000710395453469098,0.000710395453469098,0.000473596968979399,0.000236798484489699,0.000473596968979399,0.000236798484489699,0.00402557423632489,0.00402557423632489,0.00402557423632489,0.00402557423632489,"nonsyn","nonsyn","nonsyn",1.77e-05,1.76e-06,1.7e-06,1.7e-06,"0.00533907857142857","0.00239303333333333","0.00371624","0.00717910000000001","K","K","R","T","M",0,1,1,0,1,1,0
"7680",7943,4214,4214,"g","g","a","a",0.00094921689606075,0.00094921689606075,0.000237304224015187,0.000237304224015187,0.000237304224015187,0,0.000237304224015187,0,0.00118652112007594,0.00118652112007594,0.00118652112007594,0.00118652112007594,"syn","nonsyn","nonsyn",4.2e-06,5.36e-07,1.17e-06,1.17e-06,"0.0044247","0.00493038000000001","0.002258704","1","K","K","K","N","N",0,1,1,0,1,1,0
"7681",7944,4199,4199,"g","g","a","a",0.00428673493688974,0.00428673493688974,0.000476303881876637,0.000476303881876637,0,0.000476303881876637,0,0.000476303881876637,0.00476303881876637,0.00476303881876637,0.00476303881876637,0.00476303881876637,"nonsyn","nonsyn","nonsyn",4.2e-06,5.36e-07,1.17e-06,1.17e-06,"0.000979766666666666","0.002456415","1","0.002456415","A","A","T","P","S",1,1,1,0,0,0,0
"7682",7945,4206,4206,"c","c","t","t",0.0021398002853067,0.0021398002853067,0,0,0,0,0,0,0.0021398002853067,0.0021398002853067,0.0021398002853067,0.0021398002853067,"nonsyn","nonsyn","nonsyn",4.58e-06,8.37e-07,4.33e-07,4.33e-07,"0.00214038666666667","1","1","1","A","A","V","D","G",0,1,1,0,0,0,0
"7683",7946,4216,4216,"c","c","t","t",0.0047438330170778,0.0047438330170778,0.00023719165085389,0.00023719165085389,0.00023719165085389,0,0.00023719165085389,0,0.00498102466793169,0.00498102466793169,0.00498102466793169,0.00498102466793169,"syn","syn","syn",4.58e-06,8.37e-07,4.33e-07,4.33e-07,"0.000965464","0.001825528","0.003528792","1","A","A","A","A","A",0,0,0,0,1,0,1
"7684",7947,4236,4236,"g","g","a","a",0.00212464589235127,0.00212464589235127,0.000236071765816808,0.000236071765816808,0,0.000236071765816808,0,0.000236071765816808,0.00236071765816808,0.00236071765816808,0.00236071765816808,0.00236071765816808,"nonsyn","nonsyn","nonsyn",4.2e-06,5.36e-07,1.17e-06,1.17e-06,"0.0019768","0.00495612000000001","1","0.00495612000000001","V","V","I","L","L",0,0,0,0,0,0,0
"7685",7948,4253,4253,"t","t","c","c",0.00235128144838937,0.00235128144838937,0.000470256289677874,0.000470256289677874,0,0.000470256289677874,0,0.000470256289677874,0.00282153773806725,0.00282153773806725,0.00282153773806725,0.00282153773806725,"nonsyn","nonsyn","nonsyn",1.7e-05,1.07e-06,1.21e-06,1.21e-06,"0.00723010000000001","0.002573065","1","0.002573065","V","V","A","E","G",0,1,1,0,0,0,0
"7686",7949,4257,4259,"a","a","g","g",0.00258397932816537,0.00258397932816537,0,0,0,0,0,0,0.00258397932816537,0.00258397932816537,0.00258276590749002,0.00258276590749002,"syn","syn","syn",1.77e-05,1.76e-06,1.7e-06,1.7e-06,"0.00684990000000001","1","1","1","V","V","V","V","V",0,0,0,0,1,1,0
"7687",7950,4243,4243,"a","g","g","a",0.00164977610181475,0.998114541597926,0.000235682300259251,0.000235682300259251,0,0.000235682300259251,0,0.000235682300259251,0.001885458402074,0.998350223898185,0.001885458402074,0.998350223898185,"nonsyn","nonsyn","nonsyn",4.2e-06,5.36e-07,1.17e-06,1.17e-06,"4.20793388429752e-06","0.00496430999999999","1","0.00496430999999999","N","A","T","P","S",1,1,1,0,0,0,0
"7688",7951,4236,4236,"a","c","g","t",0.0028328611898017,0,0.000944287063267233,0.999055712936733,0.000944287063267233,0,0.996222851746931,0.0028328611898017,0.00377714825306893,0.999055712936733,0.00377714825306893,0.999055712936733,"nonsyn","nonsyn","nonsyn",4.58e-06,8.37e-07,4.33e-07,4.33e-07,"1","4.33409262759924e-07","8.4017345971564e-07","0.000152849","N","A","V","D","G",0,1,1,0,0,0,0
"7689",7952,4259,4261,"c","c","t","t",0.000704390702042733,0.000704390702042733,0.000469593801361822,0.000469593801361822,0.000234796900680911,0.000234796900680911,0.000234796900680911,0.000234796900680911,0.00117398450340456,0.00117398450340456,0.00117343346632246,0.00117343346632246,"syn","syn","syn",4.58e-06,8.37e-07,4.33e-07,4.33e-07,"0.00650207333333333","0.0009220735","0.003564783","0.001844147","N","A","A","A","A",0,0,0,0,1,0,1
"7690",7953,4248,4248,"c","c","t","t",0.00282485875706215,0.00282485875706215,0.000470809792843691,0.000470809792843691,0.000470809792843691,0,0.000470809792843691,0,0.00329566854990584,0.00329566854990584,0.00329566854990584,0.00329566854990584,"nonsyn","nonsyn","nonsyn",4.58e-06,8.37e-07,4.33e-07,4.33e-07,"0.00162132","0.000919692","0.001777788","1","H","H","Y","N","D",1,1,1,0,1,0,1
"7691",7954,4214,4214,"a","a","g","g",0.0018984337921215,0.0018984337921215,0.00118652112007594,0.00118652112007594,0.00094921689606075,0.000237304224015187,0.00094921689606075,0.000237304224015187,0.00308495491219744,0.00308495491219744,0.00308495491219744,0.00308495491219744,"nonsyn","nonsyn","nonsyn",1.77e-05,1.76e-06,1.7e-06,1.7e-06,"0.009323475","0.00143276","0.00185416","0.00716380000000001","H","H","R","P","L",0,1,1,1,0,0,0
"7692",7955,4237,4237,"c","c","t","t",0.00141609629454803,0.00141609629454803,0.000236016049091338,0.000236016049091338,0.000236016049091338,0,0.000236016049091338,0,0.00165211234363937,0.00165211234363937,0.00165211234363937,0.00165211234363937,"syn","nonsyn","nonsyn",4.58e-06,8.37e-07,4.33e-07,4.33e-07,"0.00323424333333333","0.001834621","0.003546369","1","H","H","H","Q","Q",0,1,1,0,0,0,0
"7693",7956,4251,4251,"a","a","g","g",0.00376382027758175,0.00376382027758175,0.000235238767348859,0.000235238767348859,0,0.000235238767348859,0,0.000235238767348859,0.0039990590449306,0.0039990590449306,0.0039990590449306,0.0039990590449306,"nonsyn","nonsyn","nonsyn",1.77e-05,1.76e-06,1.7e-06,1.7e-06,"0.00470266874999999","0.0072267","1","0.0072267","I","I","V","L","F",0,0,0,1,0,0,0
"7694",7957,4288,4288,"t","t","c","c",0.00373134328358209,0.00373134328358209,0.000699626865671642,0.000699626865671642,0.000233208955223881,0.000466417910447761,0.000233208955223881,0.000466417910447761,0.00443097014925373,0.00443097014925373,0.00443097014925373,0.00443097014925373,"nonsyn","nonsyn","nonsyn",1.7e-05,1.07e-06,1.21e-06,1.21e-06,"0.004556","0.00172949333333333","0.00458815999999999","0.00259424","I","I","T","N","S",1,1,1,0,0,0,0
"7695",7958,4291,4291,"c","c","t","t",0.00116522955022139,0.00116522955022139,0.000233045910044279,0.000233045910044279,0.000233045910044279,0,0.000233045910044279,0,0.00139827546026567,0.00139827546026567,0.00139827546026567,0.00139827546026567,"syn","syn","nonsyn",4.58e-06,8.37e-07,4.33e-07,4.33e-07,"0.00393055600000001","0.001858003","0.003591567","1","I","I","I","I","M",0,0,0,0,0,0,0
"7696",7959,4108,4108,"a","a","g","g",0.00267770204479065,0.00267770204479065,0.000243427458617332,0.000243427458617332,0,0.000243427458617332,0,0.000243427458617332,0.00292112950340798,0.00292112950340798,0.00292112950340798,0.00292112950340798,"nonsyn","nonsyn","nonsyn",1.77e-05,1.76e-06,1.7e-06,1.7e-06,"0.00661014545454546","0.0069836","1","0.0069836","N","N","D","H","Y",1,1,1,1,0,0,0
"7697",7960,4254,4254,"a","a","g","g",0.000470145745181006,0.000470145745181006,0,0,0,0,0,0,0.000470145745181006,0.000470145745181006,0.000470145745181006,0.000470145745181006,"nonsyn","nonsyn","nonsyn",1.77e-05,1.76e-06,1.7e-06,1.7e-06,"0.0376479","1","1","1","N","N","S","T","I",0,0,1,0,0,0,0
"7698",7961,4237,4237,"c","c","t","t",0.000708048147274015,0.000708048147274015,0,0,0,0,0,0,0.000708048147274015,0.000708048147274015,0.000708048147274015,0.000708048147274015,"syn","nonsyn","nonsyn",4.58e-06,8.37e-07,4.33e-07,4.33e-07,"0.00646848666666666","1","1","1","N","N","N","K","K",0,1,1,0,0,0,0
"7699",7962,4208,4208,"t","t","c","c",0.00570342205323194,0.00570342205323194,0.000950570342205323,0.000950570342205323,0.000475285171102662,0.000475285171102662,0.000475285171102662,0.000475285171102662,0.00665399239543726,0.00665399239543726,0.00665399239543726,0.00665399239543726,"nonsyn","nonsyn","nonsyn",1.7e-05,1.07e-06,1.21e-06,1.21e-06,"0.00298066666666667","0.00127292","0.00225128","0.00254584","S","S","P","T","A",1,0,1,0,1,0,1
"7700",7963,4219,4219,"c","c","t","t",0.00213320692107134,0.00213320692107134,0.000474045982460299,0.000474045982460299,0.000474045982460299,0,0.000474045982460299,0,0.00260725290353164,0.00260725290353164,0.00260725290353164,0.00260725290353164,"nonsyn","nonsyn","nonsyn",4.58e-06,8.37e-07,4.33e-07,4.33e-07,"0.00214700222222223","0.000913413499999999","0.0017656515","1","S","S","F","Y","C",1,1,1,0,0,0,0
"7701",7964,4253,4253,"c","c","t","t",0.00728897249000705,0.00728897249000705,0.000470256289677874,0.000470256289677874,0.000470256289677874,0,0.000470256289677874,0,0.00775922877968493,0.00775922877968493,0.00775922877968493,0.00775922877968493,"syn","syn","syn",4.58e-06,8.37e-07,4.33e-07,4.33e-07,"0.000628346451612904","0.000920774500000001","0.0017798805","1","S","S","S","S","S",0,0,0,0,1,0,1
"7702",7965,4273,4273,"g","g","a","a",0.00234027615258601,0.00234027615258601,0.000234027615258601,0.000234027615258601,0,0.000234027615258601,0,0.000234027615258601,0.00257430376784461,0.00257430376784461,0.00257430376784461,0.00257430376784461,"nonsyn","nonsyn","nonsyn",4.2e-06,5.36e-07,1.17e-06,1.17e-06,"0.00179466","0.00499940999999999","1","0.00499940999999999","V","V","M","L","L",0,0,0,0,0,0,0
"7703",7966,4257,4257,"t","t","c","c",0.00281888653981677,0.00281888653981677,0.000704721634954193,0.000704721634954193,0.000234907211651398,0.000469814423302795,0.000234907211651398,0.000469814423302795,0.00352360817477097,0.00352360817477097,0.00352360817477097,0.00352360817477097,"nonsyn","nonsyn","nonsyn",1.7e-05,1.07e-06,1.21e-06,1.21e-06,"0.00603075","0.00171699","0.00455498999999999","0.002575485","V","V","A","E","G",0,1,1,1,0,0,0
"7704",7967,4298,4298,"g","g","a","a",0.00116333178222429,0.00116333178222429,0,0,0,0,0,0,0.00116333178222429,0.00116333178222429,0.00116333178222429,0.00116333178222429,"syn","syn","syn",4.2e-06,5.36e-07,1.17e-06,1.17e-06,"0.00361032","1","1","1","V","V","V","V","V",0,0,0,0,0,0,0
"7705",7968,4299,4299,"t","t","c","c",0.00232612235403582,0.00232612235403582,0.000465224470807164,0.000465224470807164,0.000465224470807164,0,0.000465224470807164,0,0.00279134682484299,0.00279134682484299,0.00279134682484299,0.00279134682484299,"nonsyn","nonsyn","nonsyn",1.7e-05,1.07e-06,1.21e-06,1.21e-06,"0.00730830000000001","0.002600895","0.002299965","1","W","W","R","R","G",1,1,1,1,0,0,0
"7706",7969,4318,4318,"g","g","a","a",0.000463177396943029,0.000463177396943029,0.000926354793886058,0.000926354793886058,0,0.000926354793886058,0,0.000926354793886058,0.00138953219082909,0.00138953219082909,0.00138953219082909,0.00138953219082909,"stop","nonsyn","nonsyn",4.2e-06,5.36e-07,1.17e-06,1.17e-06,"0.0090678","0.001263015","1","0.001263015","W","W","*","S","L",1,1,0,0,1,1,0
"7707",7970,4301,4301,"g","g","a","a",0.000465008137642409,0.000465008137642409,0,0,0,0,0,0,0.000465008137642409,0.000465008137642409,0.000465008137642409,0.000465008137642409,"stop","nonsyn","nonsyn",4.2e-06,5.36e-07,1.17e-06,1.17e-06,"0.00903209999999999","1","1","1","W","W","*","C","C",1,1,1,0,0,0,0
"7708",7971,4361,4361,"a","a","g","g",0.0119238706718643,0.0119238706718643,0.000229305205228159,0.000229305205228159,0,0.000229305205228159,0,0.000229305205228159,0.0121531758770924,0.0121531758770924,0.0121531758770924,0.0121531758770924,"nonsyn","nonsyn","stop",1.77e-05,1.76e-06,1.7e-06,1.7e-06,"0.0014844173076923","0.00741369999999999","1","0.00741369999999999","K","K","E","Q","*",1,1,1,0,0,0,0
"7709",7972,4367,4367,"a","a","g","g",0.00343485230135104,0.00343485230135104,0.000915960613693611,0.000915960613693611,0,0.000915960613693611,0,0.000915960613693611,0.00435081291504465,0.00435081291504465,0.00435081291504465,0.00435081291504465,"nonsyn","nonsyn","nonsyn",1.77e-05,1.76e-06,1.7e-06,1.7e-06,"0.00515306","0.001855975","1","0.001855975","K","K","R","T","I",0,1,1,0,0,0,0
"7710",7973,4357,4357,"a","a","g","g",0.0071149873766353,0.0071149873766353,0.000688547165480835,0.000688547165480835,0.00045903144365389,0.000229515721826945,0.00045903144365389,0.000229515721826945,0.00780353454211613,0.00780353454211613,0.00780353454211613,0.00780353454211613,"syn","nonsyn","nonsyn",1.77e-05,1.76e-06,1.7e-06,1.7e-06,"0.0024877064516129","0.00246896666666667","0.00383416","0.00740690000000001","K","K","K","N","N",0,1,1,0,1,1,0
"7711",7974,4363,4363,"g","g","a","a",0.00114600045840018,0.00114600045840018,0.000458400183360073,0.000458400183360073,0,0.000458400183360073,0,0.000458400183360073,0.00160440064176026,0.00160440064176026,0.00160440064176026,0.00160440064176026,"nonsyn","nonsyn","nonsyn",4.2e-06,5.36e-07,1.17e-06,1.17e-06,"0.00366492000000001","0.002552355","1","0.002552355","D","D","N","H","Y",1,1,1,0,0,0,0
"7712",7975,4338,4338,"a","a","g","g",0.0078377132319041,0.0078377132319041,0.000461041954817888,0.000461041954817888,0,0.000461041954817888,0,0.000461041954817888,0.00829875518672199,0.00829875518672199,0.00829875518672199,0.00829875518672199,"nonsyn","nonsyn","nonsyn",1.77e-05,1.76e-06,1.7e-06,1.7e-06,"0.00225831176470588","0.0036873","1","0.0036873","D","D","G","A","V",1,1,1,0,0,0,0
"7713",7976,4364,4364,"c","c","t","t",0.000916590284142988,0.000916590284142988,0,0,0,0,0,0,0.000916590284142988,0.000916590284142988,0.000916590284142988,0.000916590284142988,"syn","nonsyn","nonsyn",4.58e-06,8.37e-07,4.33e-07,4.33e-07,"0.00499678","1","1","1","D","D","D","E","E",0,0,0,0,0,0,0
"7714",7977,4377,4377,"c","c","t","t",0.000685400959561343,0.000685400959561343,0,0,0,0,0,0,0.000685400959561343,0.000685400959561343,0.000685400959561343,0.000685400959561343,"nonsyn","nonsyn","nonsyn",4.58e-06,8.37e-07,4.33e-07,4.33e-07,"0.00668222","1","1","1","L","L","F","I","V",0,0,0,0,1,0,1
"7715",7978,4374,4374,"t","t","c","c",0.00205761316872428,0.00205761316872428,0.000228623685413809,0.000228623685413809,0,0.000228623685413809,0,0.000228623685413809,0.00228623685413809,0.00228623685413809,0.00228623685413809,0.00228623685413809,"nonsyn","nonsyn","nonsyn",1.7e-05,1.07e-06,1.21e-06,1.21e-06,"0.008262","0.00529254","1","0.00529254","L","L","P","H","R",1,1,1,0,1,0,1
"7716",7979,4368,4368,"t","t","c","c",0.00274725274725275,0.00274725274725275,0.000915750915750916,0.000915750915750916,0.000457875457875458,0.000457875457875458,0.000457875457875458,0.000457875457875458,0.00366300366300366,0.00366300366300366,0.00366300366300366,0.00366300366300366,"syn","syn","syn",1.7e-05,1.07e-06,1.21e-06,1.21e-06,"0.00618799999999999","0.00132132","0.00233688","0.00264264","L","L","L","L","L",0,0,0,0,0,0,0
"7717",7980,4380,4380,"c","c","t","t",0,0,0,0,0,0,0,0,0,0,0,0,"syn","nonsyn","nonsyn",4.58e-06,8.37e-07,4.33e-07,4.33e-07,"1","1","1","1","L","L","L","M","V",0,0,0,0,0,0,0
"7718",7981,4397,4397,"t","t","c","c",0.00181942233340914,0.00181942233340914,0,0,0,0,0,0,0.00181942233340914,0.00181942233340914,0.00181942233340914,0.00181942233340914,"nonsyn","nonsyn","nonsyn",1.7e-05,1.07e-06,1.21e-06,1.21e-06,"0.00934362500000001","1","1","1","L","L","P","Q","R",1,1,1,1,1,0,1
"7719",7982,4401,4401,"g","g","a","a",0.000908884344467167,0.000908884344467167,0,0,0,0,0,0,0.000908884344467167,0.000908884344467167,0.000908884344467167,0.000908884344467167,"syn","syn","syn",4.2e-06,5.36e-07,1.17e-06,1.17e-06,"0.00462105","1","1","1","L","L","L","L","L",0,0,0,0,1,1,0
"7720",7983,4400,4400,"g","g","a","a",0.0025,0.0025,0.000227272727272727,0.000227272727272727,0,0.000227272727272727,0,0.000227272727272727,0.00272727272727273,0.00272727272727273,0.00272727272727273,0.00272727272727273,"nonsyn","nonsyn","stop",4.2e-06,5.36e-07,1.17e-06,1.17e-06,"0.00168","0.00514800000000001","1","0.00514800000000001","E","E","K","Q","*",1,1,1,0,0,0,0
"7721",7984,4322,4322,"a","a","g","g",0.003239241092087,0.003239241092087,0.000694123091161499,0.000694123091161499,0.0002313743637205,0.000462748727441,0.0002313743637205,0.000462748727441,0.0039333641832485,0.0039333641832485,0.0039333641832485,0.0039333641832485,"nonsyn","nonsyn","nonsyn",1.77e-05,1.76e-06,1.7e-06,1.7e-06,"0.00546424285714285","0.00244913333333333","0.00760671999999999","0.0036737","E","E","G","A","V",1,1,1,0,0,0,0
"7722",7985,4375,4375,"a","a","g","g",0.00434285714285714,0.00434285714285714,0.000914285714285714,0.000914285714285714,0.000457142857142857,0.000457142857142857,0.000457142857142857,0.000457142857142857,0.00525714285714286,0.00525714285714286,0.00525714285714286,0.00525714285714286,"syn","nonsyn","nonsyn",1.77e-05,1.76e-06,1.7e-06,1.7e-06,"0.00407565789473685","0.001859375","0.00385","0.00371875","E","E","E","D","D",0,0,0,0,1,1,0
"7723",7986,4374,4375,"g","g","a","a",0.000457247370827618,0.000457247370827618,0.000685871056241427,0.000685871056241427,0,0.000685871056241427,0,0.000685871056241427,0.00114311842706904,0.00114311842706904,0.00114285714285714,0.00114285714285714,"nonsyn","nonsyn","nonsyn",4.2e-06,5.36e-07,1.17e-06,1.17e-06,"0.00918539999999999","0.00170586","1","0.00170586","D","D","N","H","Y",1,1,1,0,0,0,0
"7724",7987,4369,4369,"a","a","g","g",0.00526436255436027,0.00526436255436027,0.000228885328450446,0.000228885328450446,0,0.000228885328450446,0,0.000228885328450446,0.00549324788281071,0.00549324788281071,0.00549324788281071,0.00549324788281071,"nonsyn","nonsyn","nonsyn",1.77e-05,1.76e-06,1.7e-06,1.7e-06,"0.00336223043478261","0.00742730000000001","1","0.00742730000000001","D","D","G","A","V",1,1,1,0,0,0,0
"7725",7988,4372,4372,"c","c","t","t",0,0,0.000228728270814273,0.000228728270814273,0.000228728270814273,0,0.000228728270814273,0,0.000228728270814273,0.000228728270814273,0.000228728270814273,0.000228728270814273,"syn","nonsyn","nonsyn",4.58e-06,8.37e-07,4.33e-07,4.33e-07,"1","0.001893076","0.00365936399999999","1","D","D","D","E","E",0,0,0,0,0,0,0
"7726",7989,4355,4355,"a","a","g","g",0.00367393800229621,0.00367393800229621,0.00068886337543054,0.00068886337543054,0,0.00068886337543054,0,0.00068886337543054,0.00436280137772675,0.00436280137772675,0.00436280137772675,0.00436280137772675,"nonsyn","nonsyn","nonsyn",1.77e-05,1.76e-06,1.7e-06,1.7e-06,"0.00481771875","0.00246783333333333","1","0.00246783333333333","N","S","G","R","C",1,1,1,1,1,1,0
"7727",7990,4356,4356,"a","g","g","a",0.00390266299357208,0.995638200183655,0.000459136822773186,0.000459136822773186,0.000229568411386593,0.000229568411386593,0.000229568411386593,0.000229568411386593,0.00436179981634527,0.996097337006428,0.00436179981634527,0.996097337006428,"nonsyn","nonsyn","nonsyn",4.2e-06,5.36e-07,1.17e-06,1.17e-06,"4.2183998155407e-06","0.00254826","0.002334816","0.00509652","N","S","N","T","I",0,0,1,0,0,0,0
"7728",7991,4362,4362,"t","t","c","c",0.00435580009170105,0.00435580009170105,0.000917010545621275,0.000917010545621275,0.000687757909215956,0.000229252636405319,0.000687757909215956,0.000229252636405319,0.00527281063732233,0.00527281063732233,0.00527281063732233,0.00527281063732233,"syn","nonsyn","nonsyn",1.7e-05,1.07e-06,1.21e-06,1.21e-06,"0.00390284210526316","0.001319505","0.00155578","0.00527801999999999","N","S","S","R","R",0,1,1,1,0,0,0
"7729",7992,4326,4326,"g","g","a","a",0.000231160425335183,0.000231160425335183,0.000231160425335183,0.000231160425335183,0,0.000231160425335183,0,0.000231160425335183,0.000462320850670365,0.000462320850670365,0.000462320850670365,0.000462320850670365,"nonsyn","nonsyn","nonsyn",4.2e-06,5.36e-07,1.17e-06,1.17e-06,"0.0181692","0.00506141999999999","1","0.00506141999999999","V","V","I","L","L",0,0,0,0,0,0,0
"7730",7993,4334,4334,"t","t","c","c",0.0053068758652515,0.0053068758652515,0,0,0,0,0,0,0.0053068758652515,0.0053068758652515,0.0053068758652515,0.0053068758652515,"nonsyn","nonsyn","nonsyn",1.7e-05,1.07e-06,1.21e-06,1.21e-06,"0.00320339130434783","1","1","1","V","V","A","E","G",0,1,1,0,0,0,0
"7731",7994,4144,4144,"a","a","g","g",0.00337837837837838,0.00337837837837838,0.000723938223938224,0.000723938223938224,0,0.000723938223938224,0,0.000723938223938224,0.0041023166023166,0.0041023166023166,0.0041023166023166,0.0041023166023166,"syn","syn","syn",1.77e-05,1.76e-06,1.7e-06,1.7e-06,"0.0052392","0.00234826666666667","1","0.00234826666666667","V","V","V","V","V",0,0,0,0,0,0,0
"7732",7995,4161,4161,"a","a","g","g",0.0045662100456621,0.0045662100456621,0.000480653689017063,0.000480653689017063,0.000240326844508532,0.000240326844508532,0.000240326844508532,0.000240326844508532,0.00504686373467916,0.00504686373467916,0.00504686373467916,0.00504686373467916,"nonsyn","nonsyn","nonsyn",1.77e-05,1.76e-06,1.7e-06,1.7e-06,"0.0038763","0.00353685","0.00732335999999999","0.00707369999999999","T","T","A","P","S",1,1,0,0,0,0,0
"7733",7996,4148,4148,"c","c","t","t",0.000482160077145612,0.000482160077145612,0,0,0,0,0,0,0.000482160077145612,0.000482160077145612,0.000482160077145612,0.000482160077145612,"nonsyn","nonsyn","nonsyn",4.58e-06,8.37e-07,4.33e-07,4.33e-07,"0.00949892000000001","1","1","1","T","T","I","K","R",1,1,1,0,0,0,0
"7734",7997,4130,4130,"a","a","g","g",0.00823244552058111,0.00823244552058111,0,0,0,0,0,0,0.00823244552058111,0.00823244552058111,0.00823244552058111,0.00823244552058111,"syn","syn","syn",1.77e-05,1.76e-06,1.7e-06,1.7e-06,"0.00215002941176471","1","1","1","T","T","T","T","T",0,0,0,1,0,0,0
"7735",7998,4163,4163,"c","c","t","t",0.000960845544078789,0.000960845544078789,0,0,0,0,0,0,0.000960845544078789,0.000960845544078789,0.000960845544078789,0.000960845544078789,"nonsyn","nonsyn","nonsyn",4.58e-06,8.37e-07,4.33e-07,4.33e-07,"0.004766635","1","1","1","P","P","S","T","A",1,1,1,0,0,0,0
"7736",7999,4157,4157,"c","c","t","t",0.000962232379119557,0.000962232379119557,0.000962232379119557,0.000962232379119557,0.000962232379119557,0,0.000962232379119557,0,0.00192446475823911,0.00192446475823911,0.00192446475823911,0.00192446475823911,"nonsyn","nonsyn","nonsyn",4.58e-06,8.37e-07,4.33e-07,4.33e-07,"0.004759765","0.00044999525","0.00086985225","1","P","P","L","Q","R",1,1,1,0,1,0,1
"7737",8000,4143,4144,"a","a","g","g",0.00289645184648805,0.00289645184648805,0.000482741974414675,0.000482741974414675,0,0.000482741974414675,0,0.000482741974414675,0.00337919382090273,0.00337919382090273,0.00337837837837838,0.00337837837837838,"syn","syn","syn",1.77e-05,1.76e-06,1.7e-06,1.7e-06,"0.006110925","0.00352155","1","0.00352155","P","P","P","P","P",0,0,0,1,0,0,0
"7738",8001,4135,4135,"a","a","g","g",0.00435308343409915,0.00435308343409915,0.000483675937122128,0.000483675937122128,0,0.000483675937122128,0,0.000483675937122128,0.00483675937122128,0.00483675937122128,0.00483675937122128,0.00483675937122128,"nonsyn","nonsyn","nonsyn",1.77e-05,1.76e-06,1.7e-06,1.7e-06,"0.00406608333333334","0.00351475","1","0.00351475","I","I","V","L","L",0,0,0,0,0,0,0
"7739",8002,4246,4246,"t","t","c","c",0.000942063118228921,0.000942063118228921,0,0,0,0,0,0,0.000942063118228921,0.000942063118228921,0.000942063118228921,0.000942063118228921,"nonsyn","nonsyn","nonsyn",1.7e-05,1.07e-06,1.21e-06,1.21e-06,"0.0180455","1","1","1","I","I","T","K","R",1,1,1,0,0,0,0
"7740",8003,4369,4369,"a","a","g","g",0.00228885328450446,0.00228885328450446,0.000228885328450446,0.000228885328450446,0,0.000228885328450446,0,0.000228885328450446,0.00251773861295491,0.00251773861295491,0.00251773861295491,0.00251773861295491,"nonsyn","syn","syn",1.77e-05,1.76e-06,1.7e-06,1.7e-06,"0.00773313000000001","0.00742730000000001","1","0.00742730000000001","I","I","M","I","I",0,0,0,0,1,1,0
"7741",8004,4361,4361,"g","g","a","a",0.000917220820912635,0.000917220820912635,0.000229305205228159,0.000229305205228159,0,0.000229305205228159,0,0.000229305205228159,0.00114652602614079,0.00114652602614079,0.00114652602614079,0.00114652602614079,"nonsyn","nonsyn","nonsyn",4.2e-06,5.36e-07,1.17e-06,1.17e-06,"0.00457905","0.00510236999999999","1","0.00510236999999999","D","D","N","H","Y",1,1,1,0,0,0,0
"7742",8005,4339,4339,"a","a","g","g",0.00322654989628947,0.00322654989628947,0.000460935699469924,0.000460935699469924,0.000460935699469924,0,0.000460935699469924,0,0.00368748559575939,0.00368748559575939,0.00368748559575939,0.00368748559575939,"nonsyn","nonsyn","nonsyn",1.77e-05,1.76e-06,1.7e-06,1.7e-06,"0.00548573571428571","0.00368815","0.00381832","1","D","D","G","A","V",1,1,1,0,0,0,0
"7743",8006,4332,4332,"t","c","c","t",0.00738688827331487,0.992382271468144,0.00023084025854109,0.00023084025854109,0.00023084025854109,0,0.00023084025854109,0,0.00761772853185596,0.992613111726685,0.00761772853185596,0.992613111726685,"syn","nonsyn","nonsyn",4.58e-06,8.37e-07,4.33e-07,4.33e-07,"4.6151570132589e-06","0.001875756","0.00362588399999999","1","D","D","D","E","E",0,0,0,0,0,0,0
"7744",8007,4225,4225,"a","a","g","g",0.00520710059171598,0.00520710059171598,0,0,0,0,0,0,0.00520710059171598,0.00520710059171598,0.00520710059171598,0.00520710059171598,"nonsyn","nonsyn","nonsyn",1.77e-05,1.76e-06,1.7e-06,1.7e-06,"0.00339920454545454","1","1","1","T","T","A","P","S",1,1,0,1,0,0,0
"7745",8008,4253,4253,"c","c","t","t",0.000940512579355749,0.000940512579355749,0,0,0,0,0,0,0.000940512579355749,0.000940512579355749,0.000940512579355749,0.000940512579355749,"nonsyn","nonsyn","nonsyn",4.58e-06,8.37e-07,4.33e-07,4.33e-07,"0.004869685","1","1","1","T","T","I","N","S",1,0,0,0,0,0,0
"7746",8009,4138,4138,"t","t","c","c",0.0434992750120831,0.0434992750120831,0.000241662638956017,0.000241662638956017,0.000241662638956017,0,0.000241662638956017,0,0.0437409376510391,0.0437409376510391,0.0437409376510391,0.0437409376510391,"syn","syn","syn",1.7e-05,1.07e-06,1.21e-06,1.21e-06,"0.000390811111111111","0.00500698000000001","0.00442766000000001","1","T","T","T","T","T",0,0,0,0,1,0,1
"7747",8010,4225,4225,"a","a","g","g",0.00260355029585799,0.00260355029585799,0.000236686390532544,0.000236686390532544,0,0.000236686390532544,0,0.000236686390532544,0.00284023668639053,0.00284023668639053,0.00284023668639053,0.00284023668639053,"nonsyn","nonsyn","nonsyn",1.77e-05,1.76e-06,1.7e-06,1.7e-06,"0.00679840909090909","0.00718250000000001","1","0.00718250000000001","T","T","A","P","S",1,1,0,0,0,0,0
"7748",8011,4276,4276,"c","c","t","t",0.000467726847521048,0.000467726847521048,0,0,0,0,0,0,0.000467726847521048,0.000467726847521048,0.000467726847521048,0.000467726847521048,"nonsyn","nonsyn","nonsyn",4.58e-06,8.37e-07,4.33e-07,4.33e-07,"0.00979203999999999","1","1","1","T","T","I","N","S",1,0,0,0,0,0,0
"7749",8012,4245,4245,"c","c","t","t",0.000235571260306243,0.000235571260306243,0.000235571260306243,0.000235571260306243,0.000235571260306243,0,0.000235571260306243,0,0.000471142520612485,0.000471142520612485,0.000471142520612485,0.000471142520612485,"syn","syn","syn",4.58e-06,8.37e-07,4.33e-07,4.33e-07,"0.0194421","0.001838085","0.00355306499999999","1","T","T","T","T","T",0,0,0,0,1,0,1
"7750",8013,4303,4303,"a","a","g","g",0.00278875203346502,0.00278875203346502,0.000929584011155008,0.000929584011155008,0.000697188008366256,0.000232396002788752,0.000697188008366256,0.000232396002788752,0.00371833604462003,0.00371833604462003,0.00371833604462003,0.00371833604462003,"nonsyn","nonsyn","nonsyn",1.77e-05,1.76e-06,1.7e-06,1.7e-06,"0.00634692500000001","0.001828775","0.00252442666666667","0.0073151","I","I","V","L","F",0,0,0,1,0,0,0
"7751",8014,4343,4343,"t","t","c","c",0.0050656228413539,0.0050656228413539,0,0,0,0,0,0,0.0050656228413539,0.0050656228413539,0.0050656228413539,0.0050656228413539,"nonsyn","nonsyn","nonsyn",1.7e-05,1.07e-06,1.21e-06,1.21e-06,"0.00335595454545455","1","1","1","I","I","T","N","S",1,1,1,0,0,0,0
"7752",8015,4384,4384,"c","c","t","t",0.000684306569343066,0.000684306569343066,0,0,0,0,0,0,0.000684306569343066,0.000684306569343066,0.000684306569343066,0.000684306569343066,"syn","syn","nonsyn",4.58e-06,8.37e-07,4.33e-07,4.33e-07,"0.00669290666666666","1","1","1","I","I","I","I","M",0,0,0,0,0,0,0
"7753",8016,4386,4386,"a","a","g","g",0.00182398540811674,0.00182398540811674,0.000227998176014592,0.000227998176014592,0,0.000227998176014592,0,0.000227998176014592,0.00205198358413133,0.00205198358413133,0.00205198358413133,0.00205198358413133,"nonsyn","nonsyn","nonsyn",1.77e-05,1.76e-06,1.7e-06,1.7e-06,"0.00970402499999997","0.0074562","1","0.0074562","M","M","V","L","L",0,0,0,1,0,0,0
"7754",8017,4410,4410,"t","t","c","c",0.00249433106575964,0.00249433106575964,0.000226757369614512,0.000226757369614512,0.000226757369614512,0,0.000226757369614512,0,0.00272108843537415,0.00272108843537415,0.00272108843537415,0.00272108843537415,"nonsyn","nonsyn","nonsyn",1.7e-05,1.07e-06,1.21e-06,1.21e-06,"0.00681545454545454","0.00533610000000001","0.00471870000000001","1","M","M","T","K","R",1,1,1,1,0,0,0
"7755",8018,4419,4419,"g","g","a","a",0.00362072867164517,0.00362072867164517,0,0,0,0,0,0,0.00362072867164517,0.00362072867164517,0.00362072867164517,0.00362072867164517,"nonsyn","nonsyn","nonsyn",4.2e-06,5.36e-07,1.17e-06,1.17e-06,"0.0011599875","1","1","1","M","M","I","I","I",0,0,0,0,1,1,0
"7756",8019,4437,4437,"g","g","a","a",0.00247915258057246,0.00247915258057246,0.000225377507324769,0.000225377507324769,0,0.000225377507324769,0,0.000225377507324769,0.00270453008789723,0.00270453008789723,0.00270453008789723,0.00270453008789723,"nonsyn","nonsyn","nonsyn",4.2e-06,5.36e-07,1.17e-06,1.17e-06,"0.00169412727272727","0.00519129","1","0.00519129","A","A","T","P","S",1,1,1,0,0,0,0
"7757",8020,4428,4428,"c","c","t","t",0.00248419150858175,0.00248419150858175,0.0004516711833785,0.0004516711833785,0.0004516711833785,0,0.0004516711833785,0,0.00293586269196025,0.00293586269196025,0.00293586269196025,0.00293586269196025,"nonsyn","nonsyn","nonsyn",4.58e-06,8.37e-07,4.33e-07,4.33e-07,"0.00184365818181818","0.000958662000000001","0.001853118","1","A","A","V","D","G",0,1,1,0,0,0,0
"7758",8021,4404,4404,"t","c","c","t",0.048819255222525,0.950726612170754,0.000454132606721163,0.000454132606721163,0.000227066303360581,0.000227066303360581,0.000227066303360581,0.000227066303360581,0.0492733878292461,0.951180744777475,0.0492733878292461,0.951180744777475,"syn","syn","syn",4.58e-06,8.37e-07,4.33e-07,4.33e-07,"4.81736804394554e-06","0.000953465999999999","0.003686148","0.001906932","A","A","A","A","A",0,0,0,0,1,0,1
"7759",8022,4356,4356,"a","a","g","g",0.00114784205693297,0.00114784205693297,0.000229568411386593,0.000229568411386593,0,0.000229568411386593,0,0.000229568411386593,0.00137741046831956,0.00137741046831956,0.00137741046831956,0.00137741046831956,"nonsyn","nonsyn","stop",1.77e-05,1.76e-06,1.7e-06,1.7e-06,"0.0154202399999999","0.00740520000000001","1","0.00740520000000001","K","K","E","Q","*",1,1,1,1,0,0,0
"7760",8023,4355,4355,"a","a","g","g",0.00505166475315729,0.00505166475315729,0.00068886337543054,0.00068886337543054,0,0.00068886337543054,0,0.00068886337543054,0.00574052812858783,0.00574052812858783,0.00574052812858783,0.00574052812858783,"nonsyn","nonsyn","nonsyn",1.77e-05,1.76e-06,1.7e-06,1.7e-06,"0.00350379545454545","0.00246783333333333","1","0.00246783333333333","K","K","R","T","M",0,1,1,0,1,1,0
"7761",8024,4365,4365,"g","g","a","a",0,0,0.000229095074455899,0.000229095074455899,0,0.000229095074455899,0,0.000229095074455899,0.000229095074455899,0.000229095074455899,0.000229095074455899,0.000229095074455899,"syn","nonsyn","nonsyn",4.2e-06,5.36e-07,1.17e-06,1.17e-06,"1","0.00510705","1","0.00510705","K","K","K","N","N",0,1,1,0,0,0,0
"7762",8025,4376,4376,"a","a","g","g",0.00342778793418647,0.00342778793418647,0.000685557586837294,0.000685557586837294,0.000685557586837294,0,0.000685557586837294,0,0.00411334552102377,0.00411334552102377,0.00411334552102377,0.00411334552102377,"nonsyn","nonsyn","nonsyn",1.77e-05,1.76e-06,1.7e-06,1.7e-06,"0.00516368","0.00247973333333333","0.00256725333333333","1","N","N","D","H","Y",1,1,1,0,0,0,0
"7763",8026,4374,4374,"a","a","g","g",0.0025148605395519,0.0025148605395519,0.000228623685413809,0.000228623685413809,0.000228623685413809,0,0.000228623685413809,0,0.00274348422496571,0.00274348422496571,0.00274348422496571,0.00274348422496571,"nonsyn","nonsyn","nonsyn",1.77e-05,1.76e-06,1.7e-06,1.7e-06,"0.00703816363636363","0.0074358","0.00769824","1","N","N","S","T","I",0,0,1,0,0,0,0
"7764",8027,4368,4368,"c","c","t","t",0.00251831501831502,0.00251831501831502,0,0,0,0,0,0,0.00251831501831502,0.00251831501831502,0.00251831501831502,0.00251831501831502,"syn","nonsyn","nonsyn",4.58e-06,8.37e-07,4.33e-07,4.33e-07,"0.00181867636363636","1","1","1","N","N","N","K","K",0,1,1,0,0,0,0
"7765",8028,4369,4369,"g","g","a","a",0.00183108262760357,0.00183108262760357,0.000915541313801785,0.000915541313801785,0,0.000915541313801785,0,0.000915541313801785,0.00274662394140536,0.00274662394140536,0.00274662394140536,0.00274662394140536,"nonsyn","nonsyn","stop",4.2e-06,5.36e-07,1.17e-06,1.17e-06,"0.002293725","0.0012779325","1","0.0012779325","E","E","K","Q","*",1,1,1,0,0,0,0
"7766",8029,4358,4358,"a","a","g","g",0.00252409362092703,0.00252409362092703,0.000229463056447912,0.000229463056447912,0,0.000229463056447912,0,0.000229463056447912,0.00275355667737494,0.00275355667737494,0.00275355667737494,0.00275355667737494,"nonsyn","nonsyn","nonsyn",1.77e-05,1.76e-06,1.7e-06,1.7e-06,"0.00701241818181818","0.0074086","1","0.0074086","E","E","G","A","V",1,1,1,0,1,1,0
"7767",8030,4369,4369,"g","g","a","a",0.00137331197070268,0.00137331197070268,0.000457770656900893,0.000457770656900893,0,0.000457770656900893,0,0.000457770656900893,0.00183108262760357,0.00183108262760357,0.00183108262760357,0.00183108262760357,"syn","nonsyn","nonsyn",4.2e-06,5.36e-07,1.17e-06,1.17e-06,"0.0030583","0.002555865","1","0.002555865","E","E","E","D","D",0,0,0,0,1,1,0
"7768",8031,4395,4395,"g","g","a","a",0.000910125142207053,0.000910125142207053,0,0,0,0,0,0,0.000910125142207053,0.000910125142207053,0.000910125142207053,0.000910125142207053,"nonsyn","nonsyn","nonsyn",4.2e-06,5.36e-07,1.17e-06,1.17e-06,"0.00461475","1","1","1","V","V","I","L","F",0,0,0,0,0,0,0
"7769",8032,4226,4346,"t","t","c","c",0.00686228111689541,0.00686228111689541,0.00141978230004733,0.00141978230004733,0,0.00141978230004733,0,0.00141978230004733,0.00828206341694273,0.00828206341694273,0.00805338242061666,0.00805338242061666,"nonsyn","nonsyn","nonsyn",1.7e-05,1.07e-06,1.21e-06,1.21e-06,"0.00247731034482759","0.000852243333333331","1","0.000852243333333331","V","V","A","D","G",0,1,1,0,0,0,0
"7770",8033,4422,4423,"t","t","c","c",0.00067842605156038,0.00067842605156038,0.00113071008593397,0.00113071008593397,0.000452284034373587,0.00067842605156038,0.000452284034373587,0.00067842605156038,0.00180913613749435,0.00180913613749435,0.00180872710829754,0.00180872710829754,"syn","syn","syn",1.7e-05,1.07e-06,1.21e-06,1.21e-06,"0.025058","0.001070124","0.00236577","0.00178354","V","V","V","V","V",0,0,0,0,0,0,0
"7771",8034,4405,4405,"t","t","c","c",0.00567536889897843,0.00567536889897843,0.000227014755959137,0.000227014755959137,0.000227014755959137,0,0.000227014755959137,0,0.00590238365493757,0.00590238365493757,0.00590238365493757,0.00590238365493757,"nonsyn","nonsyn","nonsyn",1.7e-05,1.07e-06,1.21e-06,1.21e-06,"0.0029954","0.00533005000000001","0.00471335000000001","1","F","F","L","I","V",0,0,0,0,0,0,0
"7772",8035,4402,4402,"t","t","c","c",0.00181735574738755,0.00181735574738755,0.000454338936846888,0.000454338936846888,0.000454338936846888,0,0.000454338936846888,0,0.00227169468423444,0.00227169468423444,0.00227169468423444,0.00227169468423444,"nonsyn","nonsyn","nonsyn",1.7e-05,1.07e-06,1.21e-06,1.21e-06,"0.00935425000000001","0.00266321","0.00235507","1","F","F","S","Y","C",1,0,1,0,0,0,0
"7773",8036,4428,4429,"c","c","t","t",0.00158084914182475,0.00158084914182475,0.0004516711833785,0.0004516711833785,0.00022583559168925,0.00022583559168925,0.00022583559168925,0.00022583559168925,0.00203252032520325,0.00203252032520325,0.00203206141341161,0.00203206141341161,"syn","nonsyn","nonsyn",4.58e-06,8.37e-07,4.33e-07,4.33e-07,"0.00289717714285715","0.000958662000000001","0.003706236","0.001917324","F","F","F","L","L",0,0,0,0,0,0,0
"7774",8037,4433,4433,"t","t","c","c",0.00541394089781187,0.00541394089781187,0.00135348522445297,0.00135348522445297,0.00112790435371081,0.000225580870742161,0.00112790435371081,0.000225580870742161,0.00676742612226483,0.00676742612226483,0.00676742612226483,0.00676742612226483,"nonsyn","nonsyn","nonsyn",1.7e-05,1.07e-06,1.21e-06,1.21e-06,"0.00314004166666666","0.000893988333333331","0.000948661999999996","0.00536393","C","C","R","S","G",1,1,0,1,1,0,1
"7775",8038,4443,4443,"g","g","a","a",0.00157551204141346,0.00157551204141346,0.000450146297546703,0.000450146297546703,0,0.000450146297546703,0,0.000450146297546703,0.00202565833896016,0.00202565833896016,0.00202565833896016,0.00202565833896016,"nonsyn","nonsyn","nonsyn",4.2e-06,5.36e-07,1.17e-06,1.17e-06,"0.0026658","0.002599155","1","0.002599155","C","C","Y","S","F",1,1,1,0,0,0,0
"7776",8039,4448,4448,"c","c","t","t",0.0029226618705036,0.0029226618705036,0.000224820143884892,0.000224820143884892,0.000224820143884892,0,0.000224820143884892,0,0.00314748201438849,0.00314748201438849,0.00314748201438849,0.00314748201438849,"syn","stop","nonsyn",4.58e-06,8.37e-07,4.33e-07,4.33e-07,"0.00156706461538461","0.001925984","0.003722976","1","C","C","C","*","W",0,1,1,0,0,0,0
"7777",8040,4447,4447,"g","g","a","a",0.001798965594783,0.001798965594783,0,0,0,0,0,0,0.001798965594783,0.001798965594783,0.001798965594783,0.001798965594783,"nonsyn","nonsyn","nonsyn",4.2e-06,5.36e-07,1.17e-06,1.17e-06,"0.002334675","1","1","1","V","V","I","L","F",0,0,0,0,0,0,0
"7778",8041,4436,4436,"t","t","c","c",0.00247971145175834,0.00247971145175834,0.000225428313796213,0.000225428313796213,0,0.000225428313796213,0,0.000225428313796213,0.00270513976555455,0.00270513976555455,0.00270513976555455,0.00270513976555455,"nonsyn","nonsyn","nonsyn",1.7e-05,1.07e-06,1.21e-06,1.21e-06,"0.00685563636363637","0.00536756","1","0.00536756","V","V","A","D","G",0,1,1,0,0,0,0
"7779",8042,4448,4448,"t","t","c","c",0.00314748201438849,0.00314748201438849,0.000449640287769784,0.000449640287769784,0.000449640287769784,0,0.000449640287769784,0,0.00359712230215827,0.00359712230215827,0.00359712230215827,0.00359712230215827,"syn","syn","syn",1.7e-05,1.07e-06,1.21e-06,1.21e-06,"0.00540114285714286","0.00269104","0.00237968","1","V","V","V","V","V",0,0,0,0,0,0,0
"7780",8043,4455,4455,"c","c","t","t",0.0015712682379349,0.0015712682379349,0.000224466891133558,0.000224466891133558,0.000224466891133558,0,0.000224466891133558,0,0.00179573512906846,0.00179573512906846,0.00179573512906846,0.00179573512906846,"stop","nonsyn","nonsyn",4.58e-06,8.37e-07,4.33e-07,4.33e-07,"0.00291484285714287","0.001929015","0.003728835","1","Q","Q","*","K","E",1,1,1,0,0,0,0
"7781",8044,4504,4504,"a","a","g","g",0.00244227353463588,0.00244227353463588,0.00044404973357016,0.00044404973357016,0,0.00044404973357016,0,0.00044404973357016,0.00288632326820604,0.00288632326820604,0.00288632326820604,0.00288632326820604,"nonsyn","nonsyn","nonsyn",1.77e-05,1.76e-06,1.7e-06,1.7e-06,"0.00724734545454545","0.0038284","1","0.0038284","Q","Q","R","P","L",1,1,1,1,1,1,0
"7782",8045,4503,4503,"g","g","a","a",0.00111037086386853,0.00111037086386853,0,0,0,0,0,0,0.00111037086386853,0.00111037086386853,0.00111037086386853,0.00111037086386853,"syn","nonsyn","nonsyn",4.2e-06,5.36e-07,1.17e-06,1.17e-06,"0.00378252000000001","1","1","1","Q","Q","Q","H","H",0,1,1,0,0,0,0
"7783",8046,4507,4507,"c","c","t","t",0.00332815620146439,0.00332815620146439,0.000221877080097626,0.000221877080097626,0,0.000221877080097626,0,0.000221877080097626,0.00355003328156201,0.00355003328156201,0.00355003328156201,0.00355003328156201,"nonsyn","nonsyn","nonsyn",4.58e-06,8.37e-07,4.33e-07,4.33e-07,"0.00137613733333333","0.001951531","1","0.001951531","P","P","S","T","A",1,1,1,0,0,0,0
"7784",8047,4497,4497,"c","c","t","t",0.00155659328441183,0.00155659328441183,0.00022237046920169,0.00022237046920169,0.00022237046920169,0,0.00022237046920169,0,0.00177896375361352,0.00177896375361352,0.00177896375361352,0.00177896375361352,"nonsyn","nonsyn","nonsyn",4.58e-06,8.37e-07,4.33e-07,4.33e-07,"0.00294232285714286","0.001947201","0.003763989","1","P","P","L","H","R",1,1,1,0,1,0,1
"7785",8048,4491,4491,"t","t","c","c",0.00445335114673792,0.00445335114673792,0.00178134045869517,0.00178134045869517,0.00178134045869517,0,0.00178134045869517,0,0.00623469160543309,0.00623469160543309,0.00623469160543309,0.00623469160543309,"syn","syn","syn",1.7e-05,1.07e-06,1.21e-06,1.21e-06,"0.00381735","0.000679263749999999","0.000600671249999999","1","P","P","P","P","P",0,0,0,1,1,0,1
"7786",8049,4435,4435,"g","g","a","a",0.00135287485907554,0.00135287485907554,0,0,0,0,0,0,0.00135287485907554,0.00135287485907554,0.00135287485907554,0.00135287485907554,"nonsyn","nonsyn","stop",4.2e-06,5.36e-07,1.17e-06,1.17e-06,"0.00310449999999999","1","1","1","E","E","K","Q","*",1,1,1,0,0,0,0
"7787",8050,4458,4458,"a","a","g","g",0.00358905338716913,0.00358905338716913,0,0,0,0,0,0,0.00358905338716913,0.00358905338716913,0.00358905338716913,0.00358905338716913,"nonsyn","nonsyn","nonsyn",1.77e-05,1.76e-06,1.7e-06,1.7e-06,"0.00493166250000001","1","1","1","E","E","G","A","V",1,1,1,0,1,1,0
"7788",8051,4443,4443,"g","g","a","a",0.000450146297546703,0.000450146297546703,0.0231825343236552,0.0231825343236552,0.000225073148773351,0.0229574611748818,0.000225073148773351,0.0229574611748818,0.0236326806212019,0.0236326806212019,0.0236326806212019,0.0236326806212019,"syn","nonsyn","nonsyn",4.2e-06,5.36e-07,1.17e-06,1.17e-06,"0.00933029999999999","5.04690291262136e-05","0.002381448","5.09638235294119e-05","E","E","E","D","D",0,0,0,0,0,0,0
"7789",8052,4409,4415,"a","a","g","g",0.00430936720344749,0.00430936720344749,0,0,0,0,0,0,0.00430936720344749,0.00430936720344749,0.0043035107587769,0.0043035107587769,"nonsyn","nonsyn","stop",1.77e-05,1.76e-06,1.7e-06,1.7e-06,"0.00410733157894737","1","1","1","K","K","E","Q","*",1,1,1,0,0,0,0
"7790",8053,4350,4359,"a","a","g","g",0.00206896551724138,0.00206896551724138,0.000229885057471264,0.000229885057471264,0,0.000229885057471264,0,0.000229885057471264,0.00229885057471264,0.00229885057471264,0.00229410415232852,0.00229410415232852,"nonsyn","nonsyn","nonsyn",1.77e-05,1.76e-06,1.7e-06,1.7e-06,"0.008555","0.00739500000000001","1","0.00739500000000001","K","K","R","T","M",0,1,1,0,1,1,0
"7791",8054,4344,4378,"g","g","a","a",0.000230202578268877,0.000230202578268877,0,0,0,0,0,0,0.000230202578268877,0.000230202578268877,0.000228414801279123,0.000228414801279123,"syn","nonsyn","nonsyn",4.2e-06,5.36e-07,1.17e-06,1.17e-06,"0.0182448","1","1","1","K","K","K","N","N",0,1,1,0,1,1,0
"7792",8055,4363,4363,"g","g","a","a",0.00114600045840018,0.00114600045840018,0.000229200091680037,0.000229200091680037,0,0.000229200091680037,0,0.000229200091680037,0.00137520055008022,0.00137520055008022,0.00137520055008022,0.00137520055008022,"nonsyn","nonsyn","nonsyn",4.2e-06,5.36e-07,1.17e-06,1.17e-06,"0.00366492000000001","0.00510470999999999","1","0.00510470999999999","G","G","R","R","W",1,1,1,0,1,1,0
"7793",8056,4328,4328,"g","g","a","a",0.000693160813308688,0.000693160813308688,0.000924214417744917,0.000924214417744917,0,0.000924214417744917,0,0.000924214417744917,0.0016173752310536,0.0016173752310536,0.0016173752310536,0.0016173752310536,"nonsyn","nonsyn","nonsyn",4.2e-06,5.36e-07,1.17e-06,1.17e-06,"0.0060592","0.00126594","1","0.00126594","G","G","E","A","V",1,1,1,0,1,1,0
"7794",8057,4205,4205,"g","g","a","a",0.000951248513674197,0.000951248513674197,0.000237812128418549,0.000237812128418549,0,0.000237812128418549,0,0.000237812128418549,0.00118906064209275,0.00118906064209275,0.00118906064209275,0.00118906064209275,"syn","syn","syn",4.2e-06,5.36e-07,1.17e-06,1.17e-06,"0.00441525","0.00491985000000001","1","0.00491985000000001","G","G","G","G","G",0,0,0,0,1,1,0
"7795",8058,4192,4192,"g","g","a","a",0.00166984732824427,0.00166984732824427,0.000238549618320611,0.000238549618320611,0,0.000238549618320611,0,0.000238549618320611,0.00190839694656489,0.00190839694656489,0.00190839694656489,0.00190839694656489,"nonsyn","nonsyn","nonsyn",4.2e-06,5.36e-07,1.17e-06,1.17e-06,"0.00251520000000001","0.00490463999999999","1","0.00490463999999999","G","G","S","R","C",1,1,0,0,1,1,0
"7796",8059,4193,4193,"g","g","a","a",0.000715478177915574,0.000715478177915574,0.000476985451943716,0.000476985451943716,0,0.000476985451943716,0,0.000476985451943716,0.00119246362985929,0.00119246362985929,0.00119246362985929,0.00119246362985929,"nonsyn","nonsyn","nonsyn",4.2e-06,5.36e-07,1.17e-06,1.17e-06,"0.0058702","0.002452905","1","0.002452905","G","G","D","A","V",1,1,1,0,0,0,0
"7797",8060,4186,4186,"t","t","c","c",0.00549450549450549,0.00549450549450549,0.000716674629718108,0.000716674629718108,0.000477783086478739,0.000238891543239369,0.000477783086478739,0.000238891543239369,0.0062111801242236,0.0062111801242236,0.0062111801242236,0.0062111801242236,"syn","syn","syn",1.7e-05,1.07e-06,1.21e-06,1.21e-06,"0.003094","0.00168835333333333","0.00223951","0.00506506000000001","G","G","G","G","G",0,0,0,0,0,0,0
"7798",8061,4259,4259,"c","c","t","t",0.00140878140408547,0.00140878140408547,0.000469593801361822,0.000469593801361822,0.000469593801361822,0,0.000469593801361822,0,0.00187837520544729,0.00187837520544729,0.00187837520544729,0.00187837520544729,"nonsyn","nonsyn","nonsyn",4.58e-06,8.37e-07,4.33e-07,4.33e-07,"0.00325103666666666","0.0009220735","0.0017823915","1","R","R","C","S","G",1,1,1,0,0,0,0
"7799",8062,4281,4281,"g","g","a","a",0.00256949310908666,0.00256949310908666,0,0,0,0,0,0,0.00256949310908666,0.00256949310908666,0.00256949310908666,0.00256949310908666,"nonsyn","nonsyn","nonsyn",4.2e-06,5.36e-07,1.17e-06,1.17e-06,"0.00163456363636364","1","1","1","R","R","H","P","L",0,1,1,0,0,0,0
"7800",8063,4319,4319,"t","t","c","c",0.000694605232692753,0.000694605232692753,0.000231535077564251,0.000231535077564251,0.000231535077564251,0,0.000231535077564251,0,0.000926140310257004,0.000926140310257004,0.000926140310257004,0.000926140310257004,"syn","syn","syn",1.7e-05,1.07e-06,1.21e-06,1.21e-06,"0.0244743333333333","0.00522599","0.00462133","1","R","R","R","R","R",0,0,0,0,0,0,0
"7801",8064,4412,4413,"a","a","g","g",0.00271985494106981,0.00271985494106981,0.000906618313689937,0.000906618313689937,0.000226654578422484,0.000679963735267452,0.000226654578422484,0.000679963735267452,0.00362647325475975,0.00362647325475975,0.00362565148425108,0.00362565148425108,"nonsyn","nonsyn","stop",1.77e-05,1.76e-06,1.7e-06,1.7e-06,"0.0065077","0.0018751","0.00776512","0.00250013333333334","K","K","E","Q","*",1,1,1,0,0,0,0
"7802",8065,4442,4442,"a","a","g","g",0.00270148581719946,0.00270148581719946,0.00135074290859973,0.00135074290859973,0.000225123818099955,0.00112561909049977,0.000225123818099955,0.00112561909049977,0.00405222872579919,0.00405222872579919,0.00405222872579919,0.00405222872579919,"nonsyn","nonsyn","nonsyn",1.77e-05,1.76e-06,1.7e-06,1.7e-06,"0.00655195","0.00125856666666667","0.00781792","0.00151028000000001","K","K","R","T","M",0,1,1,0,1,1,0
"7803",8066,4429,4429,"g","g","a","a",0.0363513208399187,0.0363513208399187,0.000225784601490178,0.000225784601490178,0,0.000225784601490178,0,0.000225784601490178,0.0365771054414089,0.0365771054414089,0.0365771054414089,0.0365771054414089,"syn","nonsyn","nonsyn",4.2e-06,5.36e-07,1.17e-06,1.17e-06,"0.000115539130434783","0.00518193000000001","1","0.00518193000000001","K","K","K","N","N",0,1,1,0,0,0,0
"7804",8067,4424,4424,"c","c","t","t",0.00135623869801085,0.00135623869801085,0,0,0,0,0,0,0.00135623869801085,0.00135623869801085,0.00135623869801085,0.00135623869801085,"nonsyn","nonsyn","nonsyn",4.58e-06,8.37e-07,4.33e-07,4.33e-07,"0.00337698666666667","1","1","1","P","P","S","T","A",1,1,1,0,0,0,0
"7805",8068,4425,4425,"c","c","t","t",0.000677966101694915,0.000677966101694915,0.000451977401129943,0.000451977401129943,0.000451977401129943,0,0.000451977401129943,0,0.00112994350282486,0.00112994350282486,0.00112994350282486,0.00112994350282486,"nonsyn","nonsyn","nonsyn",4.58e-06,8.37e-07,4.33e-07,4.33e-07,"0.0067555","0.000958012500000001","0.0018518625","1","P","P","L","Q","R",1,1,1,0,1,0,1
"7806",8069,4396,4396,"a","a","g","g",0.00295723384895359,0.00295723384895359,0.00113739763421292,0.00113739763421292,0.000454959053685168,0.000682438580527753,0.000454959053685168,0.000682438580527753,0.00409463148316652,0.00409463148316652,0.00409463148316652,0.00409463148316652,"syn","syn","syn",1.77e-05,1.76e-06,1.7e-06,1.7e-06,"0.00598532307692309","0.00149464","0.00386848","0.00249106666666667","P","P","P","P","P",0,0,0,1,1,1,0
"7807",8070,4383,4383,"g","g","a","a",0.000912616929044034,0.000912616929044034,0.000228154232261008,0.000228154232261008,0,0.000228154232261008,0,0.000228154232261008,0.00114077116130504,0.00114077116130504,0.00114077116130504,0.00114077116130504,"nonsyn","nonsyn","nonsyn",4.2e-06,5.36e-07,1.17e-06,1.17e-06,"0.00460215","0.00512811000000001","1","0.00512811000000001","A","A","T","P","S",1,1,1,0,0,0,0
"7808",8071,4361,4361,"c","c","t","t",0.00252235725750975,0.00252235725750975,0.000229305205228159,0.000229305205228159,0.000229305205228159,0,0.000229305205228159,0,0.0027516624627379,0.0027516624627379,0.0027516624627379,0.0027516624627379,"nonsyn","nonsyn","nonsyn",4.58e-06,8.37e-07,4.33e-07,4.33e-07,"0.00181576181818181","0.001888313","0.003650157","1","A","A","V","D","G",0,1,1,0,0,0,0
"7809",8072,4373,4373,"t","t","c","c",0.00274411159387148,0.00274411159387148,0.000457351932311914,0.000457351932311914,0.000228675966155957,0.000228675966155957,0.000228675966155957,0.000228675966155957,0.0032014635261834,0.0032014635261834,0.0032014635261834,0.0032014635261834,"syn","syn","syn",1.7e-05,1.07e-06,1.21e-06,1.21e-06,"0.00619508333333334","0.002645665","0.00467911","0.00529133","A","A","A","A","A",0,0,0,0,1,0,1
"7810",8073,4404,4404,"c","c","t","t",0.00113533151680291,0.00113533151680291,0.000681198910081744,0.000681198910081744,0.000681198910081744,0,0.000681198910081744,0,0.00181653042688465,0.00181653042688465,0.00181653042688465,0.00181653042688465,"nonsyn","nonsyn","nonsyn",4.58e-06,8.37e-07,4.33e-07,4.33e-07,"0.00403406399999999","0.000635644","0.001228716","1","R","R","C","S","G",1,1,1,0,0,0,0
"7811",8074,4413,4413,"g","g","a","a",0.00158622252435985,0.00158622252435985,0,0,0,0,0,0,0.00158622252435985,0.00158622252435985,0.00158622252435985,0.00158622252435985,"nonsyn","nonsyn","nonsyn",4.2e-06,5.36e-07,1.17e-06,1.17e-06,"0.00264779999999999","1","1","1","R","R","H","P","L",0,1,1,0,0,0,0
"7812",8075,4404,4404,"t","t","c","c",0.009763851044505,0.009763851044505,0.000681198910081744,0.000681198910081744,0.000454132606721163,0.000227066303360581,0.000454132606721163,0.000227066303360581,0.0104450499545867,0.0104450499545867,0.0104450499545867,0.0104450499545867,"syn","syn","syn",1.7e-05,1.07e-06,1.21e-06,1.21e-06,"0.00174111627906977","0.00177628","0.00235614","0.00532884000000001","R","R","R","R","R",0,0,0,0,0,0,0
"7813",8076,4406,4406,"c","c","t","t",0.000680889695869269,0.000680889695869269,0.000226963231956423,0.000226963231956423,0.000226963231956423,0,0.000226963231956423,0,0.000907852927825692,0.000907852927825692,0.000907852927825692,0.000907852927825692,"nonsyn","nonsyn","nonsyn",4.58e-06,8.37e-07,4.33e-07,4.33e-07,"0.00672649333333334","0.001907798","0.003687822","1","L","L","F","I","V",0,0,0,0,0,0,0
"7814",8077,4412,4412,"t","t","c","c",0.00543970988213962,0.00543970988213962,0.00181323662737987,0.00181323662737987,0.00113327289211242,0.000679963735267452,0.00113327289211242,0.000679963735267452,0.00725294650951949,0.00725294650951949,0.00725294650951949,0.00725294650951949,"nonsyn","nonsyn","nonsyn",1.7e-05,1.07e-06,1.21e-06,1.21e-06,"0.00312516666666667","0.000667315000000001","0.000944168","0.00177950666666667","L","L","P","H","R",1,1,1,0,1,0,1
"7815",8078,4381,4381,"c","c","t","t",0.000228258388495777,0.000228258388495777,0.000684775165487332,0.000684775165487332,0.000684775165487332,0,0.000684775165487332,0,0.000913033553983109,0.000913033553983109,0.000913033553983109,0.000913033553983109,"syn","syn","syn",4.58e-06,8.37e-07,4.33e-07,4.33e-07,"0.02006498","0.000632324333333333","0.001222299","1","L","L","L","L","L",0,0,0,0,0,0,0
"7816",8079,4386,4386,"a","a","g","g",0.00182398540811674,0.00182398540811674,0,0,0,0,0,0,0.00182398540811674,0.00182398540811674,0.00182398540811674,0.00182398540811674,"nonsyn","nonsyn","nonsyn",1.77e-05,1.76e-06,1.7e-06,1.7e-06,"0.00970402499999997","1","1","1","I","I","V","L","F",0,0,0,1,0,0,0
"7817",8080,4383,4383,"t","t","c","c",0.00433493041295916,0.00433493041295916,0.00114077116130504,0.00114077116130504,0.00114077116130504,0,0.00114077116130504,0,0.0054757015742642,0.0054757015742642,0.0054757015742642,0.0054757015742642,"nonsyn","nonsyn","nonsyn",1.7e-05,1.07e-06,1.21e-06,1.21e-06,"0.00392163157894737","0.001060686","0.000937962000000002","1","I","I","T","N","S",1,1,1,0,0,0,0
"7818",8081,4395,4395,"c","c","t","t",0.00204778156996587,0.00204778156996587,0.000227531285551763,0.000227531285551763,0,0.000227531285551763,0,0.000227531285551763,0.00227531285551763,0.00227531285551763,0.00227531285551763,0.00227531285551763,"syn","syn","nonsyn",4.58e-06,8.37e-07,4.33e-07,4.33e-07,"0.00223656666666667","0.001903035","1","0.001903035","I","I","I","I","M",0,0,0,0,0,0,0
"7819",8082,4397,4397,"g","g","a","a",0.00204685012508529,0.00204685012508529,0.000227427791676143,0.000227427791676143,0,0.000227427791676143,0,0.000227427791676143,0.00227427791676143,0.00227427791676143,0.00227427791676143,0.00227427791676143,"nonsyn","nonsyn","nonsyn",4.2e-06,5.36e-07,1.17e-06,1.17e-06,"0.00205193333333333","0.00514449","1","0.00514449","V","V","M","L","L",0,0,0,0,0,0,0
"7820",8083,4393,4393,"t","t","c","c",0.00478033234691555,0.00478033234691555,0.000682904620987935,0.000682904620987935,0.000227634873662645,0.00045526974732529,0.000227634873662645,0.00045526974732529,0.00546323696790348,0.00546323696790348,0.00546323696790348,0.00546323696790348,"nonsyn","nonsyn","nonsyn",1.7e-05,1.07e-06,1.21e-06,1.21e-06,"0.00355623809523809","0.00177184333333333","0.00470051","0.002657765","V","V","A","E","G",0,1,1,1,0,0,0
"7821",8084,4316,4316,"g","g","a","a",0.00254865616311399,0.00254865616311399,0,0,0,0,0,0,0.00254865616311399,0.00254865616311399,0.00254865616311399,0.00254865616311399,"syn","syn","syn",4.2e-06,5.36e-07,1.17e-06,1.17e-06,"0.00164792727272728","1","1","1","V","V","V","V","V",0,0,0,0,0,0,0
"7822",8085,4315,4316,"t","t","c","c",0.00509849362688297,0.00509849362688297,0,0,0,0,0,0,0.00509849362688297,0.00509849362688297,0.00509731232622799,0.00509731232622799,"nonsyn","nonsyn","nonsyn",1.7e-05,1.07e-06,1.21e-06,1.21e-06,"0.00333431818181818","1","1","1","F","F","L","I","V",0,0,0,0,0,0,0
"7823",8086,4335,4335,"t","t","c","c",0.00392156862745098,0.00392156862745098,0.000461361014994233,0.000461361014994233,0.000230680507497116,0.000230680507497116,0.000230680507497116,0.000230680507497116,0.00438292964244521,0.00438292964244521,0.00438292964244521,0.00438292964244521,"nonsyn","nonsyn","nonsyn",1.7e-05,1.07e-06,1.21e-06,1.21e-06,"0.004335","0.002622675","0.00463845000000001","0.00524535000000001","F","F","S","Y","C",1,0,1,0,0,0,0
"7824",8087,4332,4333,"c","c","t","t",0.000692520775623269,0.000692520775623269,0,0,0,0,0,0,0.000692520775623269,0.000692520775623269,0.000692360950842372,0.000692360950842372,"syn","nonsyn","nonsyn",4.58e-06,8.37e-07,4.33e-07,4.33e-07,"0.00661352","1","1","1","F","F","F","L","L",0,0,0,0,0,0,0
"7825",8088,4320,4320,"c","c","t","t",0.00231481481481481,0.00231481481481481,0.000694444444444444,0.000694444444444444,0.000462962962962963,0.000231481481481481,0.000462962962962963,0.000231481481481481,0.00300925925925926,0.00300925925925926,0.00300925925925926,0.00300925925925926,"nonsyn","nonsyn","nonsyn",4.58e-06,8.37e-07,4.33e-07,4.33e-07,"0.00197856","0.00062352","0.00180792","0.00187056","P","P","S","T","A",1,1,1,0,1,0,1
"7826",8089,4267,4267,"c","c","t","t",0.00234356690883525,0.00234356690883525,0.000703070072650574,0.000703070072650574,0.000703070072650574,0,0.000703070072650574,0,0.00304663698148582,0.00304663698148582,0.00304663698148582,0.00304663698148582,"nonsyn","nonsyn","nonsyn",4.58e-06,8.37e-07,4.33e-07,4.33e-07,"0.001954286","0.000615870333333334","0.001190493","1","P","P","L","H","R",1,1,1,0,1,0,1
"7827",8090,4191,4192,"c","c","t","t",0.0663326175137199,0.0663326175137199,0.000477213075638272,0.000477213075638272,0.000238606537819136,0.000238606537819136,0.000238606537819136,0.000238606537819136,0.0668098305893581,0.0668098305893581,0.066793893129771,0.066793893129771,"syn","syn","syn",4.58e-06,8.37e-07,4.33e-07,4.33e-07,"6.90459712230216e-05","0.000907351500000001","0.003507867","0.001814703","P","P","P","P","P",0,0,0,0,1,0,1
"7828",8091,4202,4202,"g","g","a","a",0.00166587339362208,0.00166587339362208,0.000713945740123751,0.000713945740123751,0,0.000713945740123751,0,0.000713945740123751,0.00237981913374584,0.00237981913374584,0.00237981913374584,0.00237981913374584,"nonsyn","nonsyn","nonsyn",4.2e-06,5.36e-07,1.17e-06,1.17e-06,"0.00252120000000001","0.00163878","1","0.00163878","D","D","N","H","Y",1,1,1,0,0,0,0
"7829",8092,4152,4152,"a","a","g","g",0.00409441233140655,0.00409441233140655,0,0,0,0,0,0,0.00409441233140655,0.00409441233140655,0.00409441233140655,0.00409441233140655,"nonsyn","nonsyn","nonsyn",1.77e-05,1.76e-06,1.7e-06,1.7e-06,"0.00432296470588235","1","1","1","D","D","G","A","V",1,1,1,0,0,0,0
"7830",8093,4076,4076,"c","c","t","t",0.000245338567222767,0.000245338567222767,0.000245338567222767,0.000245338567222767,0.000245338567222767,0,0.000245338567222767,0,0.000490677134445535,0.000490677134445535,0.000490677134445535,0.000490677134445535,"syn","nonsyn","nonsyn",4.58e-06,8.37e-07,4.33e-07,4.33e-07,"0.01866808","0.001764908","0.00341161200000001","1","D","D","D","E","E",0,0,0,0,0,0,0
"7831",8094,4092,4092,"c","c","t","t",0.000977517106549365,0.000977517106549365,0,0,0,0,0,0,0.000977517106549365,0.000977517106549365,0.000977517106549365,0.000977517106549365,"syn","nonsyn","nonsyn",4.58e-06,8.37e-07,4.33e-07,4.33e-07,"0.00468534","1","1","1","L","L","L","M","V",0,0,0,0,1,0,1
"7832",8095,4069,4069,"t","t","c","c",0.00245760629147211,0.00245760629147211,0.000983042516588842,0.000983042516588842,0.000737281887441632,0.000245760629147211,0.000737281887441632,0.000245760629147211,0.00344064880806095,0.00344064880806095,0.00344064880806095,0.00344064880806095,"nonsyn","nonsyn","nonsyn",1.7e-05,1.07e-06,1.21e-06,1.21e-06,"0.00691729999999999","0.0012308725","0.00145127666666667","0.00492348999999999","L","L","P","Q","R",1,1,1,1,1,0,1
"7833",8096,4202,4204,"g","g","a","a",0.00237981913374584,0.00237981913374584,0.000713945740123751,0.000713945740123751,0,0.000713945740123751,0,0.000713945740123751,0.00309376487386959,0.00309376487386959,0.00309229305423406,0.00309229305423406,"syn","syn","syn",4.2e-06,5.36e-07,1.17e-06,1.17e-06,"0.00176484","0.00163878","1","0.00163878","L","L","L","L","L",0,0,0,0,1,1,0
"7834",8097,4223,4223,"g","g","a","a",0.00307838029836609,0.00307838029836609,0.0011839924224485,0.0011839924224485,0,0.0011839924224485,0,0.0011839924224485,0.00426237272081459,0.00426237272081459,0.00426237272081459,0.00426237272081459,"nonsyn","nonsyn","nonsyn",4.2e-06,5.36e-07,1.17e-06,1.17e-06,"0.00136435384615385","0.000988181999999997","1","0.000988181999999997","G","G","S","R","C",1,1,0,0,1,1,0
"7835",8098,4244,4244,"g","g","a","a",0.000706880301602262,0.000706880301602262,0.000235626767200754,0.000235626767200754,0,0.000235626767200754,0,0.000235626767200754,0.000942507068803016,0.000942507068803016,0.000942507068803016,0.000942507068803016,"nonsyn","nonsyn","nonsyn",4.2e-06,5.36e-07,1.17e-06,1.17e-06,"0.0059416","0.00496548","1","0.00496548","G","G","D","A","V",1,1,1,0,0,0,0
"7836",8099,4140,4140,"t","c","c","t",0.00314009661835749,0.996618357487923,0.000241545893719807,0.000241545893719807,0,0.000241545893719807,0,0.000241545893719807,0.00338164251207729,0.996859903381643,0.00338164251207729,0.996859903381643,"syn","syn","syn",4.58e-06,8.37e-07,4.33e-07,4.33e-07,"4.59554047503635e-06","0.00179262","1","0.00179262","G","G","G","G","G",0,0,0,0,0,0,0
"7837",8100,4151,4151,"g","g","a","a",0.000963623223319682,0.000963623223319682,0.000481811611659841,0.000481811611659841,0,0.000481811611659841,0,0.000481811611659841,0.00144543483497952,0.00144543483497952,0.00144543483497952,0.00144543483497952,"nonsyn","nonsyn","nonsyn",4.2e-06,5.36e-07,1.17e-06,1.17e-06,"0.00435855","0.002428335","1","0.002428335","V","V","M","L","L",0,0,0,0,0,0,0
"7838",8101,4138,4138,"t","t","c","c",0.00459159014016433,0.00459159014016433,0.00120831319478009,0.00120831319478009,0.000483325277912035,0.000724987916868052,0.000483325277912035,0.000724987916868052,0.00579990333494442,0.00579990333494442,0.00579990333494442,0.00579990333494442,"nonsyn","nonsyn","nonsyn",1.7e-05,1.07e-06,1.21e-06,1.21e-06,"0.00370242105263158","0.001001396","0.00221383","0.00166899333333333","V","V","A","E","G",0,1,1,1,0,0,0
"7839",8102,4176,4176,"g","g","a","a",0.0028735632183908,0.0028735632183908,0.000239463601532567,0.000239463601532567,0.000239463601532567,0,0.000239463601532567,0,0.00311302681992337,0.00311302681992337,0.00311302681992337,0.00311302681992337,"syn","syn","syn",4.2e-06,5.36e-07,1.17e-06,1.17e-06,"0.0014616","0.00488592","0.002238336","1","V","V","V","V","V",0,0,0,0,0,0,0
"7840",8103,4326,4326,"c","c","t","t",0.00277392510402219,0.00277392510402219,0.000231160425335183,0.000231160425335183,0,0.000231160425335183,0,0.000231160425335183,0.00300508552935737,0.00300508552935737,0.00300508552935737,0.00300508552935737,"nonsyn","nonsyn","nonsyn",4.58e-06,8.37e-07,4.33e-07,4.33e-07,"0.00165109","0.001873158","1","0.001873158","R","R","C","S","G",1,1,1,0,0,0,0
"7841",8104,4324,4324,"g","g","a","a",0.00346901017576318,0.00346901017576318,0.000462534690101758,0.000462534690101758,0.000231267345050879,0.000231267345050879,0.000231267345050879,0.000231267345050879,0.00393154486586494,0.00393154486586494,0.00393154486586494,0.00393154486586494,"nonsyn","nonsyn","nonsyn",4.2e-06,5.36e-07,1.17e-06,1.17e-06,"0.00121072","0.00252954","0.002317664","0.00505908","R","R","H","P","L",0,1,1,0,0,0,0
"7842",8105,4321,4321,"c","c","t","t",0.00138856746123582,0.00138856746123582,0.000694283730617912,0.000694283730617912,0.000462855820411942,0.000231427910205971,0.000462855820411942,0.000231427910205971,0.00208285119185374,0.00208285119185374,0.00208285119185374,0.00208285119185374,"syn","syn","syn",4.58e-06,8.37e-07,4.33e-07,4.33e-07,"0.00329836333333335","0.000623664333333334","0.0018083385","0.001870993","R","R","R","R","R",0,0,0,0,0,0,0
"7843",8106,4335,4336,"g","g","a","a",0.00253748558246828,0.00253748558246828,0.000230680507497116,0.000230680507497116,0.000230680507497116,0,0.000230680507497116,0,0.0027681660899654,0.0027681660899654,0.00276752767527675,0.00276752767527675,"nonsyn","nonsyn","nonsyn",4.2e-06,5.36e-07,1.17e-06,1.17e-06,"0.00165518181818182","0.00507195000000001","0.00232356","1","V","V","M","L","L",0,0,0,0,0,0,0
"7844",8107,4284,4285,"t","t","c","c",0.00256769374416433,0.00256769374416433,0,0,0,0,0,0,0.00256769374416433,0.00256769374416433,0.00256709451575263,0.00256709451575263,"nonsyn","nonsyn","nonsyn",1.7e-05,1.07e-06,1.21e-06,1.21e-06,"0.00662072727272728","1","1","1","V","V","A","E","G",0,1,1,1,0,0,0
"7845",8108,4362,4362,"g","g","a","a",0.00160476845483723,0.00160476845483723,0.000229252636405319,0.000229252636405319,0.000229252636405319,0,0.000229252636405319,0,0.00183402109124255,0.00183402109124255,0.00183402109124255,0.00183402109124255,"syn","syn","syn",4.2e-06,5.36e-07,1.17e-06,1.17e-06,"0.0026172","0.00510353999999999","0.002338032","1","V","V","V","V","V",0,0,0,0,0,0,0
"7846",8109,4381,4381,"t","t","c","c",0.00388039260442821,0.00388039260442821,0,0,0,0,0,0,0.00388039260442821,0.00388039260442821,0.00388039260442821,0.00388039260442821,"nonsyn","nonsyn","nonsyn",1.7e-05,1.07e-06,1.21e-06,1.21e-06,"0.004381","1","1","1","C","C","R","S","G",1,1,0,1,0,0,0
"7847",8110,4479,4479,"g","g","a","a",0.00200937709310114,0.00200937709310114,0,0,0,0,0,0,0.00200937709310114,0.00200937709310114,0.00200937709310114,0.00200937709310114,"nonsyn","nonsyn","nonsyn",4.2e-06,5.36e-07,1.17e-06,1.17e-06,"0.0020902","1","1","1","C","C","Y","S","F",1,1,1,0,0,0,0
"7848",8111,4505,4505,"c","c","t","t",0.00244173140954495,0.00244173140954495,0.000221975582685905,0.000221975582685905,0.000221975582685905,0,0.000221975582685905,0,0.00266370699223085,0.00266370699223085,0.00266370699223085,0.00266370699223085,"syn","stop","nonsyn",4.58e-06,8.37e-07,4.33e-07,4.33e-07,"0.00187571818181818","0.001950665","0.00377068499999999","1","C","C","C","*","W",0,1,1,0,0,0,0
"7849",8112,4528,4528,"g","g","a","a",0.00110424028268551,0.00110424028268551,0.000441696113074205,0.000441696113074205,0.000220848056537102,0.000220848056537102,0.000220848056537102,0.000220848056537102,0.00154593639575972,0.00154593639575972,0.00154593639575972,0.00154593639575972,"nonsyn","nonsyn","stop",4.2e-06,5.36e-07,1.17e-06,1.17e-06,"0.00380352000000001","0.00264888","0.00242700800000001","0.00529776000000001","E","E","K","Q","*",1,1,1,0,0,0,0
"7850",8113,4525,4526,"a","a","g","g",0.00464088397790055,0.00464088397790055,0.000662983425414365,0.000662983425414365,0,0.000662983425414365,0,0.000662983425414365,0.00530386740331492,0.00530386740331492,0.00530269553689792,0.00530269553689792,"nonsyn","nonsyn","nonsyn",1.77e-05,1.76e-06,1.7e-06,1.7e-06,"0.00381392857142857","0.00256416666666667","1","0.00256416666666667","E","E","G","A","V",1,1,1,0,1,1,0
"7851",8114,4544,4545,"g","g","a","a",0.000880281690140845,0.000880281690140845,0,0,0,0,0,0,0.000880281690140845,0.000880281690140845,0.00088008800880088,0.00088008800880088,"syn","nonsyn","nonsyn",4.2e-06,5.36e-07,1.17e-06,1.17e-06,"0.0047712","1","1","1","E","E","E","D","D",0,0,0,0,0,0,0
"7852",8115,4544,4545,"a","a","g","g",0.00264084507042254,0.00264084507042254,0.000660211267605634,0.000660211267605634,0,0.000660211267605634,0,0.000660211267605634,0.00330105633802817,0.00330105633802817,0.0033003300330033,0.0033003300330033,"nonsyn","nonsyn","stop",1.77e-05,1.76e-06,1.7e-06,1.7e-06,"0.00670239999999999","0.00257493333333333","1","0.00257493333333333","K","K","E","Q","*",1,1,1,0,0,0,0
"7853",8116,4556,4556,"a","a","g","g",0.00219490781387182,0.00219490781387182,0.000658472344161545,0.000658472344161545,0,0.000658472344161545,0,0.000658472344161545,0.00285338015803336,0.00285338015803336,0.00285338015803336,0.00285338015803336,"nonsyn","nonsyn","nonsyn",1.77e-05,1.76e-06,1.7e-06,1.7e-06,"0.00806411999999999","0.00258173333333333","1","0.00258173333333333","K","K","R","T","M",0,1,1,0,1,1,0
"7854",8117,4640,4640,"g","g","a","a",0.000646551724137931,0.000646551724137931,0,0,0,0,0,0,0.000646551724137931,0.000646551724137931,0.000646551724137931,0.000646551724137931,"syn","nonsyn","nonsyn",4.2e-06,5.36e-07,1.17e-06,1.17e-06,"0.006496","1","1","1","K","K","K","N","N",0,1,1,0,0,0,0
"7855",8118,4629,4629,"a","a","g","g",0.0123136746597537,0.0123136746597537,0.000432058759991359,0.000432058759991359,0.000216029379995679,0.000216029379995679,0.000216029379995679,0.000216029379995679,0.0127457334197451,0.0127457334197451,0.0127457334197451,0.0127457334197451,"nonsyn","nonsyn","nonsyn",1.77e-05,1.76e-06,1.7e-06,1.7e-06,"0.00143742631578948","0.00393465","0.00814704000000002","0.00786930000000001","M","M","V","L","L",0,0,0,0,0,0,0
"7856",8119,4647,4647,"t","t","c","c",0.0030126963632451,0.0030126963632451,0.000860770389498601,0.000860770389498601,0.000645577792123951,0.00021519259737465,0.000645577792123951,0.00021519259737465,0.00387346675274371,0.00387346675274371,0.00387346675274371,0.00387346675274371,"nonsyn","nonsyn","nonsyn",1.7e-05,1.07e-06,1.21e-06,1.21e-06,"0.00564278571428572","0.0014057175","0.00165743","0.00562287000000001","M","M","T","K","R",1,1,1,1,0,0,0
"7857",8120,4635,4635,"g","g","a","a",0.00194174757281553,0.00194174757281553,0,0,0,0,0,0,0.00194174757281553,0.00194174757281553,0.00194174757281553,0.00194174757281553,"nonsyn","nonsyn","nonsyn",4.2e-06,5.36e-07,1.17e-06,1.17e-06,"0.002163","1","1","1","M","M","I","I","I",0,0,0,0,1,1,0
"7858",8121,4661,4661,"g","g","a","a",0.00321819352070371,0.00321819352070371,0.000643638704140742,0.000643638704140742,0.000214546234713581,0.000429092469427162,0.000214546234713581,0.000429092469427162,0.00386183222484445,0.00386183222484445,0.00386183222484445,0.00386183222484445,"nonsyn","nonsyn","nonsyn",4.2e-06,5.36e-07,1.17e-06,1.17e-06,"0.00130508","0.00181779","0.002498296","0.002726685","A","A","T","P","S",1,1,1,0,0,0,0
"7859",8122,4674,4674,"c","c","t","t",0.00192554557124519,0.00192554557124519,0.000427899015832264,0.000427899015832264,0.000213949507916132,0.000213949507916132,0.000213949507916132,0.000213949507916132,0.00235344458707745,0.00235344458707745,0.00235344458707745,0.00235344458707745,"nonsyn","nonsyn","nonsyn",4.58e-06,8.37e-07,4.33e-07,4.33e-07,"0.00237854666666666","0.001011921","0.003912138","0.002023842","A","A","V","D","G",0,1,1,0,0,0,0
"7860",8123,4668,4668,"t","c","c","t",0.006426735218509,0.992716366752356,0.000856898029134533,0.000856898029134533,0.0006426735218509,0.000214224507283633,0.0006426735218509,0.000214224507283633,0.00728363324764353,0.993573264781491,0.00728363324764353,0.993573264781491,"syn","syn","syn",4.58e-06,8.37e-07,4.33e-07,4.33e-07,"4.61360379801468e-06","0.000505311","0.001302372","0.002021244","A","A","A","A","A",0,0,0,0,1,0,1
"7861",8124,4672,4672,"c","c","t","t",0.0740582191780822,0.0740582191780822,0.000428082191780822,0.000428082191780822,0.000428082191780822,0,0.000428082191780822,0,0.074486301369863,0.074486301369863,0.074486301369863,0.074486301369863,"syn","nonsyn","nonsyn",4.58e-06,8.37e-07,4.33e-07,4.33e-07,"6.18432369942197e-05","0.001011488","0.001955232","1","L","L","L","M","V",0,0,0,0,1,0,1
"7862",8125,4401,4401,"t","t","c","c",0.00408997955010225,0.00408997955010225,0.000908884344467167,0.000908884344467167,0.000681663258350375,0.000227221086116792,0.000681663258350375,0.000227221086116792,0.00499886389456942,0.00499886389456942,0.00499886389456942,0.00499886389456942,"nonsyn","nonsyn","nonsyn",1.7e-05,1.07e-06,1.21e-06,1.21e-06,"0.0041565","0.0013313025","0.00156969","0.00532520999999999","L","L","P","Q","R",1,1,1,1,1,0,1
"7863",8126,4507,4507,"g","g","a","a",0.00133126248058576,0.00133126248058576,0.000221877080097626,0.000221877080097626,0.000221877080097626,0,0.000221877080097626,0,0.00155313956068338,0.00155313956068338,0.00155313956068338,0.00155313956068338,"syn","syn","syn",4.2e-06,5.36e-07,1.17e-06,1.17e-06,"0.00315489999999999","0.00527319","0.002415752","1","L","L","L","L","L",0,0,0,0,0,0,0
"7864",8127,4497,4497,"t","t","c","c",0.00266844563042028,0.00266844563042028,0.00066711140760507,0.00066711140760507,0.00044474093840338,0.00022237046920169,0.00044474093840338,0.00022237046920169,0.00333555703802535,0.00333555703802535,0.00333555703802535,0.00333555703802535,"nonsyn","nonsyn","nonsyn",1.7e-05,1.07e-06,1.21e-06,1.21e-06,"0.00637075","0.00181379","0.002405895","0.00544137","Y","Y","H","N","D",1,1,1,0,0,0,0
"7865",8128,4455,4455,"a","a","g","g",0.00291806958473625,0.00291806958473625,0.000897867564534231,0.000897867564534231,0,0.000897867564534231,0,0.000897867564534231,0.00381593714927048,0.00381593714927048,0.00381593714927048,0.00381593714927048,"nonsyn","nonsyn","nonsyn",1.77e-05,1.76e-06,1.7e-06,1.7e-06,"0.00606565384615385","0.001893375","1","0.001893375","Y","Y","C","S","F",1,1,0,0,0,0,0
"7866",8129,4460,4460,"c","c","t","t",0.00358744394618834,0.00358744394618834,0.000224215246636771,0.000224215246636771,0,0.000224215246636771,0,0.000224215246636771,0.00381165919282511,0.00381165919282511,0.00381165919282511,0.00381165919282511,"syn","stop","stop",4.58e-06,8.37e-07,4.33e-07,4.33e-07,"0.001276675","0.00193118","1","0.00193118","Y","Y","Y","*","*",0,1,1,0,0,0,0
"7867",8130,4419,4419,"g","g","a","a",0.00113147770988912,0.00113147770988912,0,0,0,0,0,0,0.00113147770988912,0.00113147770988912,0.00113147770988912,0.00113147770988912,"nonsyn","nonsyn","nonsyn",4.2e-06,5.36e-07,1.17e-06,1.17e-06,"0.00371195999999998","1","1","1","D","D","N","H","Y",1,1,1,0,0,0,0
"7868",8131,4396,4396,"a","a","g","g",0.00500454959053685,0.00500454959053685,0.000682438580527753,0.000682438580527753,0,0.000682438580527753,0,0.000682438580527753,0.0056869881710646,0.0056869881710646,0.0056869881710646,0.0056869881710646,"nonsyn","nonsyn","nonsyn",1.77e-05,1.76e-06,1.7e-06,1.7e-06,"0.00353678181818182","0.00249106666666667","1","0.00249106666666667","D","D","G","A","V",1,1,1,0,0,0,0
"7869",8132,4415,4415,"c","c","t","t",0.000679501698754247,0.000679501698754247,0,0,0,0,0,0,0.000679501698754247,0.000679501698754247,0.000679501698754247,0.000679501698754247,"syn","nonsyn","nonsyn",4.58e-06,8.37e-07,4.33e-07,4.33e-07,"0.00674023333333333","1","1","1","D","D","D","E","E",0,0,0,0,0,0,0
"7870",8133,4504,4504,"g","g","a","a",0.00288632326820604,0.00288632326820604,0,0,0,0,0,0,0.00288632326820604,0.00288632326820604,0.00288632326820604,0.00288632326820604,"nonsyn","nonsyn","nonsyn",4.2e-06,5.36e-07,1.17e-06,1.17e-06,"0.00145513846153846","1","1","1","V","V","M","L","L",0,0,0,0,0,0,0
"7871",8134,4494,4494,"t","t","c","c",0.00333778371161549,0.00333778371161549,0.000222518914107699,0.000222518914107699,0.000222518914107699,0,0.000222518914107699,0,0.00356030262572319,0.00356030262572319,0.00356030262572319,0.00356030262572319,"nonsyn","nonsyn","nonsyn",1.7e-05,1.07e-06,1.21e-06,1.21e-06,"0.0050932","0.00543774","0.00480858","1","V","V","A","E","G",0,1,1,1,0,0,0
"7872",8135,4497,4497,"g","g","a","a",0.00244607516121859,0.00244607516121859,0.00022237046920169,0.00022237046920169,0,0.00022237046920169,0,0.00022237046920169,0.00266844563042028,0.00266844563042028,0.00266844563042028,0.00266844563042028,"syn","syn","syn",4.2e-06,5.36e-07,1.17e-06,1.17e-06,"0.00171703636363636","0.00526149","1","0.00526149","V","V","V","V","V",0,0,0,0,1,1,0
"7873",8136,4580,4580,"g","g","a","a",0.000436681222707424,0.000436681222707424,0,0,0,0,0,0,0.000436681222707424,0.000436681222707424,0.000436681222707424,0.000436681222707424,"nonsyn","nonsyn","nonsyn",4.2e-06,5.36e-07,1.17e-06,1.17e-06,"0.00961799999999999","1","1","1","V","V","I","L","F",0,0,0,0,0,0,0
"7874",8137,4562,4563,"t","t","c","c",0.0298114861902674,0.0298114861902674,0.000438404208680403,0.000438404208680403,0.000438404208680403,0,0.000438404208680403,0,0.0302498903989478,0.0302498903989478,0.0302432610124918,0.0302432610124918,"nonsyn","nonsyn","nonsyn",1.7e-05,1.07e-06,1.21e-06,1.21e-06,"0.00057025","0.00276001","0.00244067","1","V","V","A","D","G",0,1,1,0,0,0,0
"7875",8138,4655,4655,"t","t","c","c",0.00687432867883996,0.00687432867883996,0,0,0,0,0,0,0.00687432867883996,0.00687432867883996,0.00687432867883996,0.00687432867883996,"syn","syn","syn",1.7e-05,1.07e-06,1.21e-06,1.21e-06,"0.00247296875","1","1","1","V","V","V","V","V",0,0,0,0,0,0,0
"7876",8139,4696,4696,"a","a","g","g",0.00404599659284497,0.00404599659284497,0.000212947189097104,0.000212947189097104,0,0.000212947189097104,0,0.000212947189097104,0.00425894378194208,0.00425894378194208,0.00425894378194208,0.00425894378194208,"nonsyn","nonsyn","nonsyn",1.77e-05,1.76e-06,1.7e-06,1.7e-06,"0.00437469473684211","0.0079832","1","0.0079832","S","S","G","R","C",1,1,1,0,1,1,0
"7877",8140,4727,4727,"g","g","a","a",0.001057753331923,0.001057753331923,0,0,0,0,0,0,0.001057753331923,0.001057753331923,0.001057753331923,0.001057753331923,"nonsyn","nonsyn","nonsyn",4.2e-06,5.36e-07,1.17e-06,1.17e-06,"0.00397067999999998","1","1","1","S","S","N","T","I",0,0,1,0,0,0,0
"7878",8141,4733,4733,"t","c","c","t",0.00126769490809212,0.998732305091908,0,0,0,0,0,0,0.00126769490809212,0.998732305091908,0.00126769490809212,0.998732305091908,"syn","nonsyn","nonsyn",4.58e-06,8.37e-07,4.33e-07,4.33e-07,"4.58581341231225e-06","1","1","1","S","S","S","R","R",0,1,1,0,0,0,0
"7879",8142,4732,4732,"a","a","g","g",0.00676246830092984,0.00676246830092984,0.00232459847844463,0.00232459847844463,0.000211327134404057,0.00211327134404058,0.000211327134404057,0.00211327134404058,0.00908706677937447,0.00908706677937447,0.00908706677937447,0.00908706677937447,"nonsyn","nonsyn","stop",1.77e-05,1.76e-06,1.7e-06,1.7e-06,"0.0026173875","0.000731309090909092","0.00832832000000002","0.000804439999999998","K","K","E","Q","*",1,1,1,1,0,0,0
"7880",8143,4688,4688,"a","a","g","g",0.00447952218430034,0.00447952218430034,0.00170648464163823,0.00170648464163823,0.000213310580204778,0.00149317406143345,0.000213310580204778,0.00149317406143345,0.00618600682593857,0.00618600682593857,0.00618600682593857,0.00618600682593857,"nonsyn","nonsyn","nonsyn",1.77e-05,1.76e-06,1.7e-06,1.7e-06,"0.00395131428571429","0.000996199999999997","0.00825088000000001","0.00113851428571428","K","K","R","T","M",0,1,1,0,1,1,0
"7881",8144,4595,4595,"g","g","a","a",0.0193688792165397,0.0193688792165397,0.000217627856365615,0.000217627856365615,0,0.000217627856365615,0,0.000217627856365615,0.0195865070729053,0.0195865070729053,0.0195865070729053,0.0195865070729053,"syn","nonsyn","nonsyn",4.2e-06,5.36e-07,1.17e-06,1.17e-06,"0.000216842696629214","0.00537615","1","0.00537615","K","K","K","N","N",0,1,1,0,0,0,0
"7882",8145,4609,4609,"c","c","t","t",0.000867867216315904,0.000867867216315904,0,0,0,0,0,0,0.000867867216315904,0.000867867216315904,0.000867867216315904,0.000867867216315904,"nonsyn","nonsyn","nonsyn",4.58e-06,8.37e-07,4.33e-07,4.33e-07,"0.005277305","1","1","1","L","L","F","I","V",0,0,0,0,0,0,0
"7883",8146,4577,4577,"t","t","c","c",0.00152938606073847,0.00152938606073847,0.000655451168887918,0.000655451168887918,0.000655451168887918,0,0.000655451168887918,0,0.00218483722962639,0.00218483722962639,0.00218483722962639,0.00218483722962639,"nonsyn","nonsyn","nonsyn",1.7e-05,1.07e-06,1.21e-06,1.21e-06,"0.0111155714285715","0.00184605666666667","0.00163246333333333","1","L","L","P","H","R",1,1,1,0,1,0,1
"7884",8147,4574,4577,"c","c","t","t",0.0271097507651946,0.0271097507651946,0.000437254044599913,0.000437254044599913,0.000437254044599913,0,0.000437254044599913,0,0.0275470048097945,0.0275470048097945,0.0275289490932926,0.0275289490932926,"syn","syn","syn",4.58e-06,8.37e-07,4.33e-07,4.33e-07,"0.000168942903225806","0.000990270999999999","0.001914219","1","L","L","L","L","L",0,0,0,0,0,0,0
"7885",8148,4576,4576,"c","c","t","t",0.000437062937062937,0.000437062937062937,0.000655594405594406,0.000655594405594406,0.000655594405594406,0,0.000655594405594406,0,0.00109265734265734,0.00109265734265734,0.00109265734265734,0.00109265734265734,"nonsyn","nonsyn","nonsyn",4.58e-06,8.37e-07,4.33e-07,4.33e-07,"0.01047904","0.000660469333333333","0.001276704","1","P","P","S","T","A",1,1,1,0,1,0,1
"7886",8149,4569,4569,"c","c","t","t",0.000875465090829503,0.000875465090829503,0.000875465090829503,0.000875465090829503,0.000875465090829503,0,0.000875465090829503,0,0.00175093018165901,0.00175093018165901,0.00175093018165901,0.00175093018165901,"nonsyn","nonsyn","nonsyn",4.58e-06,8.37e-07,4.33e-07,4.33e-07,"0.005231505","0.00049459425","0.00095606325","1","P","P","L","H","R",1,1,1,0,1,0,1
"7887",8150,4580,4580,"c","c","t","t",0.00131004366812227,0.00131004366812227,0.000436681222707424,0.000436681222707424,0.000436681222707424,0,0.000436681222707424,0,0.00174672489082969,0.00174672489082969,0.00174672489082969,0.00174672489082969,"syn","syn","syn",4.58e-06,8.37e-07,4.33e-07,4.33e-07,"0.00349606666666667","0.000991569999999999","0.00191673","1","P","P","P","P","P",0,0,0,0,1,0,1
"7888",8151,4557,4557,"g","c","a","t",0.00175554092604784,0,0.00021944261575598,0.999780557384244,0.00021944261575598,0,0.00175554092604784,0.998025016458196,0.00197498354180382,0.999780557384244,0.00197498354180382,0.999780557384244,"syn","nonsyn","nonsyn",4.58e-06,8.37e-07,4.33e-07,4.33e-07,"1","4.33095039508341e-07","0.000476776125","4.33856860158311e-07","V","L","L","M","V",0,0,0,0,1,0,1
"7889",8152,4569,4569,"t","t","c","c",0.00196979645436638,0.00196979645436638,0.000437732545414752,0.000437732545414752,0.000218866272707376,0.000218866272707376,0.000218866272707376,0.000218866272707376,0.00240752899978113,0.00240752899978113,0.00240752899978113,0.00240752899978113,"nonsyn","nonsyn","nonsyn",1.7e-05,1.07e-06,1.21e-06,1.21e-06,"0.00863033333333334","0.002764245","0.00488883","0.00552848999999999","V","L","P","Q","R",1,1,1,1,1,0,1
"7890",8153,4564,4564,"g","g","a","a",0.00241016652059597,0.00241016652059597,0,0,0,0,0,0,0.00241016652059597,0.00241016652059597,0.00241016652059597,0.00241016652059597,"syn","syn","syn",4.2e-06,5.36e-07,1.17e-06,1.17e-06,"0.00174261818181818","1","1","1","V","L","L","L","L",0,0,0,0,1,1,0
"7891",8154,4538,4538,"g","g","a","a",0.00264433671220802,0.00264433671220802,0.000440722785368004,0.000440722785368004,0,0.000440722785368004,0,0.000440722785368004,0.00308505949757602,0.00308505949757602,0.00308505949757602,0.00308505949757602,"nonsyn","nonsyn","nonsyn",4.2e-06,5.36e-07,1.17e-06,1.17e-06,"0.0015883","0.00265473","1","0.00265473","A","A","T","P","S",1,1,1,0,0,0,0
"7892",8155,4565,4566,"c","c","t","t",0.00219058050383352,0.00219058050383352,0.000657174151150055,0.000657174151150055,0.000438116100766703,0.000219058050383352,0.000438116100766703,0.000219058050383352,0.00284775465498357,0.00284775465498357,0.00284713096802453,0.00284713096802453,"nonsyn","nonsyn","nonsyn",4.58e-06,8.37e-07,4.33e-07,4.33e-07,"0.00209077","0.000658881666666666","0.0019104525","0.001976645","A","A","V","D","G",0,1,1,0,0,0,0
"7893",8156,4601,4601,"c","c","t","t",0.00152140838948055,0.00152140838948055,0.000434688111280156,0.000434688111280156,0.000434688111280156,0,0.000434688111280156,0,0.0019560965007607,0.0019560965007607,0.0019560965007607,0.0019560965007607,"syn","syn","syn",4.58e-06,8.37e-07,4.33e-07,4.33e-07,"0.00301036857142857","0.000996116500000001","0.0019255185","1","A","A","A","A","A",0,0,0,0,1,0,1
"7894",8157,4616,4616,"g","g","a","a",0.000866551126516464,0.000866551126516464,0.000216637781629116,0.000216637781629116,0,0.000216637781629116,0,0.000216637781629116,0.00108318890814558,0.00108318890814558,0.00108318890814558,0.00108318890814558,"nonsyn","nonsyn","nonsyn",4.2e-06,5.36e-07,1.17e-06,1.17e-06,"0.0048468","0.00540072","1","0.00540072","V","V","M","L","L",0,0,0,0,0,0,0
"7895",8158,4604,4604,"t","t","c","c",0.0028236316246742,0.0028236316246742,0.000434404865334492,0.000434404865334492,0.000434404865334492,0,0.000434404865334492,0,0.00325803649000869,0.00325803649000869,0.00325803649000869,0.00325803649000869,"nonsyn","nonsyn","nonsyn",1.7e-05,1.07e-06,1.21e-06,1.21e-06,"0.00602061538461538","0.00278542","0.00246314","1","V","V","A","E","G",0,1,1,1,0,0,0
"7896",8159,4661,4661,"g","g","a","a",0.00128727740828148,0.00128727740828148,0,0,0,0,0,0,0.00128727740828148,0.00128727740828148,0.00128727740828148,0.00128727740828148,"syn","syn","syn",4.2e-06,5.36e-07,1.17e-06,1.17e-06,"0.00326270000000001","1","1","1","V","V","V","V","V",0,0,0,0,0,0,0
"7897",8160,4675,4675,"a","a","g","g",0.00363636363636364,0.00363636363636364,0.000641711229946524,0.000641711229946524,0.000427807486631016,0.000213903743315508,0.000427807486631016,0.000213903743315508,0.00427807486631016,0.00427807486631016,0.00427807486631016,0.00427807486631016,"nonsyn","nonsyn","nonsyn",1.77e-05,1.76e-06,1.7e-06,1.7e-06,"0.0048675","0.00264916666666667","0.004114","0.0079475","M","M","V","L","L",0,0,0,0,0,0,0
"7898",8161,4701,4701,"t","t","c","c",0.00212720697723889,0.00212720697723889,0.000212720697723889,0.000212720697723889,0,0.000212720697723889,0,0.000212720697723889,0.00233992767496277,0.00233992767496277,0.00233992767496277,0.00233992767496277,"nonsyn","nonsyn","nonsyn",1.7e-05,1.07e-06,1.21e-06,1.21e-06,"0.00799169999999998","0.00568820999999999","1","0.00568820999999999","M","M","T","K","R",1,1,1,1,0,0,0
"7899",8162,4713,4713,"g","g","a","a",0.00148525355399958,0.00148525355399958,0.000424358158285593,0.000424358158285593,0,0.000424358158285593,0,0.000424358158285593,0.00190961171228517,0.00190961171228517,0.00190961171228517,0.00190961171228517,"nonsyn","nonsyn","nonsyn",4.2e-06,5.36e-07,1.17e-06,1.17e-06,"0.00282779999999999","0.002757105","1","0.002757105","M","M","I","I","I",0,0,0,0,1,1,0
"7900",8163,4703,4703,"g","g","a","a",0.0017010418881565,0.0017010418881565,0.000212630236019562,0.000212630236019562,0.000212630236019562,0,0.000212630236019562,0,0.00191367212417606,0.00191367212417606,0.00191367212417606,0.00191367212417606,"nonsyn","nonsyn","stop",4.2e-06,5.36e-07,1.17e-06,1.17e-06,"0.00246907499999999","0.00550251","0.002520808","1","G","G","R","R","*",1,1,1,0,1,1,0
"7901",8164,4708,4708,"g","g","a","a",0.000424808836023789,0.000424808836023789,0.000424808836023789,0.000424808836023789,0,0.000424808836023789,0,0.000424808836023789,0.000849617672047579,0.000849617672047579,0.000849617672047579,0.000849617672047579,"nonsyn","nonsyn","nonsyn",4.2e-06,5.36e-07,1.17e-06,1.17e-06,"0.00988680000000001","0.00275418","1","0.00275418","G","G","E","A","V",1,1,1,0,0,0,0
"7902",8165,4719,4720,"a","a","g","g",0.00381436745073109,0.00381436745073109,0.000635727908455181,0.000635727908455181,0,0.000635727908455181,0,0.000635727908455181,0.00445009535918627,0.00445009535918627,0.00444915254237288,0.00444915254237288,"syn","syn","syn",1.77e-05,1.76e-06,1.7e-06,1.7e-06,"0.00464035","0.0026741","1","0.0026741","G","G","G","G","G",0,0,0,0,0,0,0
"7903",8166,4691,4691,"a","a","g","g",0.00916648902153059,0.00916648902153059,0.00106587081645705,0.00106587081645705,0.00106587081645705,0,0.00106587081645705,0,0.0102323598379876,0.0102323598379876,0.0102323598379876,0.0102323598379876,"nonsyn","nonsyn","nonsyn",1.77e-05,1.76e-06,1.7e-06,1.7e-06,"0.00193094651162791","0.00159493999999999","0.00165123199999999","1","S","S","G","R","C",1,1,1,0,1,1,0
"7904",8167,4666,4666,"g","g","a","a",0.00192884697813973,0.00192884697813973,0.00042863266180883,0.00042863266180883,0.000214316330904415,0.000214316330904415,0.000214316330904415,0.000214316330904415,0.00235747963994856,0.00235747963994856,0.00235747963994856,0.00235747963994856,"nonsyn","nonsyn","nonsyn",4.2e-06,5.36e-07,1.17e-06,1.17e-06,"0.00217746666666667","0.00272961","0.002500976","0.00545922","S","S","N","T","I",0,0,1,0,0,0,0
"7905",8168,4674,4674,"c","c","t","t",0.00171159606332905,0.00171159606332905,0,0,0,0,0,0,0.00171159606332905,0.00171159606332905,0.00171159606332905,0.00171159606332905,"syn","nonsyn","nonsyn",4.58e-06,8.37e-07,4.33e-07,4.33e-07,"0.00267586500000001","1","1","1","S","S","S","R","R",0,1,1,0,0,0,0
"7906",8169,4694,4694,"t","t","c","c",0.00404772049424798,0.00404772049424798,0.000213037920749893,0.000213037920749893,0,0.000213037920749893,0,0.000213037920749893,0.00426075841499787,0.00426075841499787,0.00426075841499787,0.00426075841499787,"nonsyn","nonsyn","nonsyn",1.7e-05,1.07e-06,1.21e-06,1.21e-06,"0.0041998947368421","0.00567974000000001","1","0.00567974000000001","S","S","P","T","A",1,0,1,0,1,0,1
"7907",8170,4603,4603,"c","c","t","t",0.000217249619813165,0.000217249619813165,0.000434499239626331,0.000434499239626331,0.000434499239626331,0,0.000434499239626331,0,0.000651748859439496,0.000651748859439496,0.000651748859439496,0.000651748859439496,"nonsyn","nonsyn","nonsyn",4.58e-06,8.37e-07,4.33e-07,4.33e-07,"0.02108174","0.000996549499999999","0.0019263555","1","S","S","F","Y","C",1,1,1,0,0,0,0
"7908",8171,4611,4611,"c","c","t","t",0.00151810887009326,0.00151810887009326,0.000216872695727608,0.000216872695727608,0.000216872695727608,0,0.000216872695727608,0,0.00173498156582086,0.00173498156582086,0.00173498156582086,0.00173498156582086,"syn","syn","syn",4.58e-06,8.37e-07,4.33e-07,4.33e-07,"0.00301691142857142","0.001996563","0.003859407","1","S","S","S","S","S",0,0,0,0,1,0,1
"7909",8172,4620,4621,"t","t","c","c",0.00238095238095238,0.00238095238095238,0.000649350649350649,0.000649350649350649,0.000649350649350649,0,0.000649350649350649,0,0.00303030303030303,0.00303030303030303,0.0030296472624973,0.0030296472624973,"nonsyn","nonsyn","nonsyn",1.7e-05,1.07e-06,1.21e-06,1.21e-06,"0.00714","0.0018634","0.0016478","1","Y","Y","H","N","D",1,1,1,0,1,0,1
"7910",8173,4611,4612,"a","a","g","g",0.00477119930600737,0.00477119930600737,0.000433745391455216,0.000433745391455216,0.000216872695727608,0.000216872695727608,0.000216872695727608,0.000216872695727608,0.00520494469746259,0.00520494469746259,0.00520381613183001,0.00520381613183001,"nonsyn","nonsyn","nonsyn",1.77e-05,1.76e-06,1.7e-06,1.7e-06,"0.00370975909090909","0.00391935","0.00811536","0.0078387","Y","Y","C","S","F",1,1,0,0,0,0,0
"7911",8174,4621,4621,"c","c","t","t",0.00216403375892664,0.00216403375892664,0,0,0,0,0,0,0.00216403375892664,0.00216403375892664,0.00216403375892664,0.00216403375892664,"syn","stop","stop",4.58e-06,8.37e-07,4.33e-07,4.33e-07,"0.002116418","1","1","1","Y","Y","Y","*","*",0,1,1,0,0,0,0
"7912",8175,4619,4619,"g","g","a","a",0.0015154795410262,0.0015154795410262,0.00108248538644728,0.00108248538644728,0,0.00108248538644728,0,0.00108248538644728,0.00259796492747348,0.00259796492747348,0.00259796492747348,0.00259796492747348,"nonsyn","nonsyn","stop",4.2e-06,5.36e-07,1.17e-06,1.17e-06,"0.00277139999999999","0.001080846","1","0.001080846","G","G","R","R","*",1,1,1,0,1,1,0
"7913",8176,4620,4620,"g","g","a","a",0.00108225108225108,0.00108225108225108,0.000432900432900433,0.000432900432900433,0,0.000432900432900433,0,0.000432900432900433,0.00151515151515152,0.00151515151515152,0.00151515151515152,0.00151515151515152,"nonsyn","nonsyn","nonsyn",4.2e-06,5.36e-07,1.17e-06,1.17e-06,"0.00388080000000001","0.0027027","1","0.0027027","G","G","E","A","V",1,1,1,0,0,0,0
"7914",8177,4590,4590,"a","a","g","g",0.000435729847494553,0.000435729847494553,0.000217864923747277,0.000217864923747277,0,0.000217864923747277,0,0.000217864923747277,0.00065359477124183,0.00065359477124183,0.00065359477124183,0.00065359477124183,"syn","syn","syn",1.77e-05,1.76e-06,1.7e-06,1.7e-06,"0.0406215","0.00780299999999999","1","0.00780299999999999","G","G","G","G","G",0,0,0,0,0,0,0
"7915",8178,4595,4595,"t","t","c","c",0.00261153427638738,0.00261153427638738,0,0,0,0,0,0,0.00261153427638738,0.00261153427638738,0.00261153427638738,0.00261153427638738,"nonsyn","nonsyn","nonsyn",1.7e-05,1.07e-06,1.21e-06,1.21e-06,"0.00650958333333333","1","1","1","F","F","L","I","V",0,0,0,0,0,0,0
"7916",8179,4614,4614,"t","t","c","c",0.00476809709579541,0.00476809709579541,0.000433463372345037,0.000433463372345037,0.000216731686172518,0.000216731686172518,0.000216731686172518,0.000216731686172518,0.00520156046814044,0.00520156046814044,0.00520156046814044,0.00520156046814044,"nonsyn","nonsyn","nonsyn",1.7e-05,1.07e-06,1.21e-06,1.21e-06,"0.00356536363636363","0.00279147","0.00493698000000001","0.00558294000000001","F","F","S","Y","C",1,0,1,0,0,0,0
"7917",8180,4711,4711,"c","c","t","t",0.00212269157291446,0.00212269157291446,0.000636807471874337,0.000636807471874337,0.000636807471874337,0,0.000636807471874337,0,0.00275949904478879,0.00275949904478879,0.00275949904478879,0.00275949904478879,"syn","nonsyn","nonsyn",4.58e-06,8.37e-07,4.33e-07,4.33e-07,"0.002157638","0.000679954333333333","0.001314369","1","F","F","F","L","L",0,0,0,0,0,0,0
"7918",8181,4706,4706,"c","c","t","t",0.0023374415639609,0.0023374415639609,0.000212494687632809,0.000212494687632809,0.000212494687632809,0,0.000212494687632809,0,0.00254993625159371,0.00254993625159371,0.00254993625159371,0.00254993625159371,"stop","nonsyn","nonsyn",4.58e-06,8.37e-07,4.33e-07,4.33e-07,"0.00195940727272727","0.002037698","0.003938922","1","Q","Q","*","K","E",1,1,1,0,1,0,1
"7919",8182,4132,4132,"a","a","g","g",0.00411423039690223,0.00411423039690223,0.00145208131655373,0.00145208131655373,0.000242013552758955,0.00121006776379477,0.000242013552758955,0.00121006776379477,0.00556631171345595,0.00556631171345595,0.00556631171345595,0.00556631171345595,"nonsyn","nonsyn","nonsyn",1.77e-05,1.76e-06,1.7e-06,1.7e-06,"0.00430214117647058","0.00117073333333333","0.00727231999999999","0.00140488","Q","Q","R","P","L",1,1,1,1,0,0,0
"7920",8183,4772,4772,"a","a","g","g",0.405699916177703,0.405699916177703,0.000419111483654652,0.000419111483654652,0.000209555741827326,0.000209555741827326,0.000209555741827326,0.000209555741827326,0.406119027661358,0.406119027661358,0.406119027661358,0.406119027661358,"syn","nonsyn","nonsyn",1.77e-05,1.76e-06,1.7e-06,1.7e-06,"4.3628305785124e-05","0.0040562","0.00839872","0.0081124","Q","Q","Q","H","H",0,1,1,0,0,0,0
"7921",8184,4668,4668,"t","t","c","c",0.00235646958011997,0.00235646958011997,0,0,0,0,0,0,0.00235646958011997,0.00235646958011997,0.00235646958011997,0.00235646958011997,"nonsyn","nonsyn","nonsyn",1.7e-05,1.07e-06,1.21e-06,1.21e-06,"0.0072141818181818","1","1","1","Y","Y","H","N","D",1,1,1,0,0,0,0
"7922",8185,4797,4797,"a","a","g","g",0.00187617260787992,0.00187617260787992,0,0,0,0,0,0,0.00187617260787992,0.00187617260787992,0.00187617260787992,0.00187617260787992,"nonsyn","nonsyn","nonsyn",1.77e-05,1.76e-06,1.7e-06,1.7e-06,"0.00943410000000003","1","1","1","Y","Y","C","S","F",1,1,0,0,0,0,0
"7923",8186,4793,4793,"c","c","t","t",0,0,0.000417275192989777,0.000417275192989777,0,0.000417275192989777,0,0.000417275192989777,0.000417275192989777,0.000417275192989777,0.000417275192989777,0.000417275192989777,"syn","stop","stop",4.58e-06,8.37e-07,4.33e-07,4.33e-07,"1","0.0010376845","1","0.0010376845","Y","Y","Y","*","*",0,1,1,0,0,0,0
"7924",8187,4759,4759,"t","t","c","c",0.00504307627652868,0.00504307627652868,0.00273166631645304,0.00273166631645304,0.00273166631645304,0,0.00273166631645304,0,0.00777474259298172,0.00777474259298172,0.00777474259298172,0.00777474259298172,"nonsyn","nonsyn","nonsyn",1.7e-05,1.07e-06,1.21e-06,1.21e-06,"0.00337095833333334","0.000442953076923076","0.000391702307692307","1","S","S","P","T","A",1,0,1,0,1,0,1
"7925",8188,4768,4768,"c","c","t","t",0.00125838926174497,0.00125838926174497,0.00104865771812081,0.00104865771812081,0.00104865771812081,0,0.00104865771812081,0,0.00230704697986577,0.00230704697986577,0.00230704697986577,0.00230704697986577,"nonsyn","stop","stop",4.58e-06,8.37e-07,4.33e-07,4.33e-07,"0.00363957333333332","0.000412908799999998","0.000798163199999997","1","S","S","L","*","*",1,1,1,0,0,0,0
"7926",8189,4749,4749,"a","a","g","g",0.00505369551484523,0.00505369551484523,0.000631711939355654,0.000631711939355654,0,0.000631711939355654,0,0.000631711939355654,0.00568540745420088,0.00568540745420088,0.00568540745420088,0.00568540745420088,"syn","syn","syn",1.77e-05,1.76e-06,1.7e-06,1.7e-06,"0.0035023875","0.0026911","1","0.0026911","S","S","S","S","S",0,0,0,1,0,0,0
"7927",8190,4789,4789,"c","c","t","t",0.0027145541866778,0.0027145541866778,0.000208811860513677,0.000208811860513677,0.000208811860513677,0,0.000208811860513677,0,0.00292336604719148,0.00292336604719148,0.00292336604719148,0.00292336604719148,"nonsyn","nonsyn","nonsyn",4.58e-06,8.37e-07,4.33e-07,4.33e-07,"0.00168720153846154","0.002073637","0.004008393","1","P","P","S","T","A",1,1,1,0,0,0,0
"7928",8191,4804,4804,"c","c","t","t",0.00291423813488759,0.00291423813488759,0.000832639467110741,0.000832639467110741,0.000624479600333056,0.000208159866777685,0.000624479600333056,0.000208159866777685,0.00374687760199833,0.00374687760199833,0.00374687760199833,0.00374687760199833,"nonsyn","nonsyn","nonsyn",4.58e-06,8.37e-07,4.33e-07,4.33e-07,"0.00157159428571429","0.000520033","0.001340316","0.002080132","P","P","L","Q","R",1,1,1,0,1,0,1
"7929",8192,4658,4658,"a","a","g","g",0.0047230571060541,0.0047230571060541,0.00322026620867325,0.00322026620867325,0.0004293688278231,0.00279089738085015,0.0004293688278231,0.00279089738085015,0.00794332331472735,0.00794332331472735,0.00794332331472735,0.00794332331472735,"syn","syn","syn",1.77e-05,1.76e-06,1.7e-06,1.7e-06,"0.00374757272727273","0.000527906666666667","0.00409904","0.000609123076923077","P","P","P","P","P",0,0,0,1,1,1,0
"7930",8193,4664,4665,"g","g","a","a",0.0015008576329331,0.0015008576329331,0.000643224699828473,0.000643224699828473,0,0.000643224699828473,0,0.000643224699828473,0.00214408233276158,0.00214408233276158,0.00214362272240086,0.00214362272240086,"nonsyn","nonsyn","stop",4.2e-06,5.36e-07,1.17e-06,1.17e-06,"0.00279840000000001","0.00181896","1","0.00181896","G","G","R","R","*",1,1,1,0,1,1,0
"7931",8194,4655,4655,"g","g","a","a",0.00128893662728249,0.00128893662728249,0.000859291084854995,0.000859291084854995,0,0.000859291084854995,0,0.000859291084854995,0.00214822771213749,0.00214822771213749,0.00214822771213749,0.00214822771213749,"nonsyn","nonsyn","nonsyn",4.2e-06,5.36e-07,1.17e-06,1.17e-06,"0.0032585","0.0013615875","1","0.0013615875","G","G","E","A","V",1,1,1,0,0,0,0
"7932",8195,4620,4620,"a","a","g","g",0.00324675324675325,0.00324675324675325,0,0,0,0,0,0,0.00324675324675325,0.00324675324675325,0.00324675324675325,0.00324675324675325,"syn","syn","syn",1.77e-05,1.76e-06,1.7e-06,1.7e-06,"0.00545159999999999","1","1","1","G","G","G","G","G",0,0,0,0,0,0,0
"7933",8196,4605,4605,"c","c","t","t",0.00152008686210641,0.00152008686210641,0,0,0,0,0,0,0.00152008686210641,0.00152008686210641,0.00152008686210641,0.00152008686210641,"stop","nonsyn","nonsyn",4.58e-06,8.37e-07,4.33e-07,4.33e-07,"0.00301298571428571","1","1","1","Q","Q","*","K","E",1,1,1,0,0,0,0
"7934",8197,4616,4616,"a","a","g","g",0.00714904679376083,0.00714904679376083,0.000433275563258232,0.000433275563258232,0,0.000433275563258232,0,0.000433275563258232,0.00758232235701906,0.00758232235701906,0.00758232235701906,0.00758232235701906,"nonsyn","nonsyn","nonsyn",1.77e-05,1.76e-06,1.7e-06,1.7e-06,"0.00247585454545455","0.0039236","1","0.0039236","Q","Q","R","P","L",1,1,1,1,1,1,0
"7935",8198,4609,4609,"g","g","a","a",0.000650900412236928,0.000650900412236928,0,0,0,0,0,0,0.000650900412236928,0.000650900412236928,0.000650900412236928,0.000650900412236928,"syn","nonsyn","nonsyn",4.2e-06,5.36e-07,1.17e-06,1.17e-06,"0.0064526","1","1","1","Q","Q","Q","H","H",0,1,1,0,0,0,0
"7936",8199,4596,4596,"c","c","t","t",0.00174064403829417,0.00174064403829417,0,0,0,0,0,0,0.00174064403829417,0.00174064403829417,0.00174064403829417,0.00174064403829417,"nonsyn","syn","nonsyn",4.58e-06,8.37e-07,4.33e-07,4.33e-07,"0.00263121","1","1","1","R","R","W","R","G",1,0,1,0,0,0,0
"7937",8200,4752,4753,"g","g","a","a",0.00231481481481481,0.00231481481481481,0.000631313131313131,0.000631313131313131,0,0.000631313131313131,0,0.000631313131313131,0.00294612794612795,0.00294612794612795,0.00294550810014728,0.00294550810014728,"nonsyn","nonsyn","nonsyn",4.2e-06,5.36e-07,1.17e-06,1.17e-06,"0.0018144","0.00185328","1","0.00185328","R","R","Q","P","L",1,1,1,0,1,1,0
"7938",8201,4748,4748,"g","g","a","a",0.0018955349620893,0.0018955349620893,0,0,0,0,0,0,0.0018955349620893,0.0018955349620893,0.0018955349620893,0.0018955349620893,"syn","syn","syn",4.2e-06,5.36e-07,1.17e-06,1.17e-06,"0.00221573333333333","1","1","1","R","R","R","R","R",0,0,0,0,1,1,0
"7939",8202,4777,4777,"g","g","a","a",0.000837345614402345,0.000837345614402345,0,0,0,0,0,0,0.000837345614402345,0.000837345614402345,0.000837345614402345,0.000837345614402345,"nonsyn","nonsyn","nonsyn",4.2e-06,5.36e-07,1.17e-06,1.17e-06,"0.00501585","1","1","1","V","V","I","L","F",0,0,0,0,0,0,0
"7940",8203,4768,4769,"t","t","c","c",0.00314597315436242,0.00314597315436242,0.000419463087248322,0.000419463087248322,0.000209731543624161,0.000209731543624161,0.000209731543624161,0.000209731543624161,0.00356543624161074,0.00356543624161074,0.00356468861396519,0.00356468861396519,"nonsyn","nonsyn","nonsyn",1.7e-05,1.07e-06,1.21e-06,1.21e-06,"0.00540373333333333","0.00288464","0.00510176","0.00576928","V","V","A","D","G",0,1,1,0,0,0,0
"7941",8204,4792,4792,"t","t","c","c",0.00271285475792988,0.00271285475792988,0.000834724540901503,0.000834724540901503,0.000626043405676127,0.000208681135225376,0.000626043405676127,0.000208681135225376,0.00354757929883139,0.00354757929883139,0.00354757929883139,0.00354757929883139,"syn","syn","syn",1.7e-05,1.07e-06,1.21e-06,1.21e-06,"0.00626646153846155","0.00144958","0.00170914666666667","0.00579831999999999","V","V","V","V","V",0,0,0,1,0,0,0
"7942",8205,4841,4841,"g","g","a","a",0.00061970667217517,0.00061970667217517,0,0,0,0,0,0,0.00061970667217517,0.00061970667217517,0.00061970667217517,0.00061970667217517,"nonsyn","nonsyn","stop",4.2e-06,5.36e-07,1.17e-06,1.17e-06,"0.0067774","1","1","1","E","E","K","Q","*",1,1,1,0,0,0,0
"7943",8206,4872,4872,"a","a","g","g",0.00554187192118227,0.00554187192118227,0.0014367816091954,0.0014367816091954,0,0.0014367816091954,0,0.0014367816091954,0.00697865353037767,0.00697865353037767,0.00697865353037767,0.00697865353037767,"nonsyn","nonsyn","nonsyn",1.77e-05,1.76e-06,1.7e-06,1.7e-06,"0.00319386666666666","0.0011832","1","0.0011832","E","E","G","A","V",1,1,1,0,0,0,0
"7944",8207,4907,4907,"g","a","a","g",0.00163032402690035,0.9983696759731,0,0,0,0,0,0,0.00163032402690035,0.9983696759731,0.00163032402690035,0.9983696759731,"syn","nonsyn","nonsyn",1.77e-05,1.76e-06,1.7e-06,1.7e-06,"1.77289038579302e-05","1","1","1","E","E","E","D","D",0,0,0,0,0,0,0
"7945",8208,4899,4899,"t","t","c","c",0.00571545213308839,0.00571545213308839,0.000204123290467442,0.000204123290467442,0,0.000204123290467442,0,0.000204123290467442,0.00591957542355583,0.00591957542355583,0.00591957542355583,0.00591957542355583,"nonsyn","nonsyn","nonsyn",1.7e-05,1.07e-06,1.21e-06,1.21e-06,"0.00297439285714285","0.00592779000000001","1","0.00592779000000001","F","F","L","I","V",0,0,0,0,0,0,0
"7946",8209,4821,4821,"t","t","c","c",0.00373366521468575,0.00373366521468575,0.0010371292263016,0.0010371292263016,0.0010371292263016,0,0.0010371292263016,0,0.00477079444098735,0.00477079444098735,0.00477079444098735,0.00477079444098735,"nonsyn","nonsyn","nonsyn",1.7e-05,1.07e-06,1.21e-06,1.21e-06,"0.00455316666666667","0.001166682","0.001031694","1","F","F","S","Y","C",1,0,1,0,0,0,0
"7947",8210,4835,4835,"c","c","t","t",0.000827300930713547,0.000827300930713547,0,0,0,0,0,0,0.000827300930713547,0.000827300930713547,0.000827300930713547,0.000827300930713547,"syn","nonsyn","nonsyn",4.58e-06,8.37e-07,4.33e-07,4.33e-07,"0.005536075","1","1","1","F","F","F","L","L",0,0,0,0,0,0,0
"7948",8211,4821,4821,"c","c","t","t",0.000622277535780958,0.000622277535780958,0.000414851690520639,0.000414851690520639,0.000414851690520639,0,0.000414851690520639,0,0.0010371292263016,0.0010371292263016,0.0010371292263016,0.0010371292263016,"nonsyn","nonsyn","nonsyn",4.58e-06,8.37e-07,4.33e-07,4.33e-07,"0.00736006","0.0010437465","0.0020175885","1","L","L","F","I","V",0,0,0,0,1,0,1
"7949",8212,4825,4825,"t","t","c","c",0.00663212435233161,0.00663212435233161,0.00103626943005181,0.00103626943005181,0.00103626943005181,0,0.00103626943005181,0,0.00766839378238342,0.00766839378238342,0.00766839378238342,0.00766839378238342,"nonsyn","nonsyn","nonsyn",1.7e-05,1.07e-06,1.21e-06,1.21e-06,"0.00256328125","0.00116765","0.00103255","1","L","L","P","H","R",1,1,1,0,1,0,1
"7950",8213,4842,4842,"c","c","t","t",0.000826104915324246,0.000826104915324246,0,0,0,0,0,0,0.000826104915324246,0.000826104915324246,0.000826104915324246,0.000826104915324246,"syn","syn","syn",4.58e-06,8.37e-07,4.33e-07,4.33e-07,"0.00554409","1","1","1","L","L","L","L","L",0,0,0,0,0,0,0
"7951",8214,4838,4838,"g","g","a","a",0.00268706076891277,0.00268706076891277,0,0,0,0,0,0,0.00268706076891277,0.00268706076891277,0.00268706076891277,0.00268706076891277,"nonsyn","nonsyn","nonsyn",4.2e-06,5.36e-07,1.17e-06,1.17e-06,"0.00156304615384616","1","1","1","V","V","M","L","L",0,0,0,0,0,0,0
"7952",8215,4830,4830,"t","t","c","c",0.00393374741200828,0.00393374741200828,0.00062111801242236,0.00062111801242236,0.00041407867494824,0.00020703933747412,0.00041407867494824,0.00020703933747412,0.00455486542443064,0.00455486542443064,0.00455486542443064,0.00455486542443064,"nonsyn","nonsyn","nonsyn",1.7e-05,1.07e-06,1.21e-06,1.21e-06,"0.00432157894736842","0.0019481","0.00258405","0.0058443","V","V","A","E","G",0,1,1,1,0,0,0
"7953",8216,4814,4814,"g","g","a","a",0.000830909846281678,0.000830909846281678,0,0,0,0,0,0,0.000830909846281678,0.000830909846281678,0.000830909846281678,0.000830909846281678,"syn","syn","syn",4.2e-06,5.36e-07,1.17e-06,1.17e-06,"0.0050547","1","1","1","V","V","V","V","V",0,0,0,0,0,0,0
"7954",8217,4798,4798,"c","c","t","t",0.00125052105043768,0.00125052105043768,0.000208420175072947,0.000208420175072947,0.000208420175072947,0,0.000208420175072947,0,0.00145894122551063,0.00145894122551063,0.00145894122551063,0.00145894122551063,"stop","nonsyn","nonsyn",4.58e-06,8.37e-07,4.33e-07,4.33e-07,"0.00366247333333334","0.002077534","0.004015926","1","Q","Q","*","K","E",1,1,1,0,0,0,0
"7955",8218,4791,4791,"a","a","g","g",0.00313087038196619,0.00313087038196619,0.000417449384262158,0.000417449384262158,0,0.000417449384262158,0,0.000417449384262158,0.00354831976622834,0.00354831976622834,0.00354831976622834,0.00354831976622834,"nonsyn","nonsyn","nonsyn",1.77e-05,1.76e-06,1.7e-06,1.7e-06,"0.00565337999999999","0.00407235","1","0.00407235","Q","Q","R","P","L",1,1,1,1,0,0,0
"7956",8219,4818,4818,"a","a","g","g",0.0224159402241594,0.0224159402241594,0.00062266500622665,0.00062266500622665,0.00020755500207555,0.0004151100041511,0.00020755500207555,0.0004151100041511,0.0230386052303861,0.0230386052303861,0.0230386052303861,0.0230386052303861,"syn","nonsyn","nonsyn",1.77e-05,1.76e-06,1.7e-06,1.7e-06,"0.000789616666666667","0.0027302","0.00847968","0.0040953","Q","Q","Q","H","H",0,1,1,0,1,1,0
"7957",8220,4821,4821,"g","g","a","a",0.00207425845260319,0.00207425845260319,0,0,0,0,0,0,0.00207425845260319,0.00207425845260319,0.00207425845260319,0.00207425845260319,"nonsyn","nonsyn","nonsyn",4.2e-06,5.36e-07,1.17e-06,1.17e-06,"0.00202482","1","1","1","A","A","T","P","S",1,1,1,0,0,0,0
"7958",8221,4824,4824,"c","c","t","t",0.00228026533996683,0.00228026533996683,0,0,0,0,0,0,0.00228026533996683,0.00228026533996683,0.00228026533996683,0.00228026533996683,"nonsyn","nonsyn","nonsyn",4.58e-06,8.37e-07,4.33e-07,4.33e-07,"0.00200853818181818","1","1","1","A","A","V","E","G",0,1,1,0,0,0,0
"7959",8222,4827,4827,"g","g","a","a",0.00165734410607002,0.00165734410607002,0.000207168013258753,0.000207168013258753,0,0.000207168013258753,0,0.000207168013258753,0.00186451211932878,0.00186451211932878,0.00186451211932878,0.00186451211932878,"syn","syn","syn",4.2e-06,5.36e-07,1.17e-06,1.17e-06,"0.002534175","0.00564759","1","0.00564759","A","A","A","A","A",0,0,0,0,0,0,0
"7960",8223,4812,4812,"t","t","c","c",0.00644222776392352,0.00644222776392352,0.00124688279301746,0.00124688279301746,0.00124688279301746,0,0.00124688279301746,0,0.00768911055694098,0.00768911055694098,0.00768911055694098,0.00768911055694098,"nonsyn","nonsyn","nonsyn",1.7e-05,1.07e-06,1.21e-06,1.21e-06,"0.00263883870967742","0.000970419999999997","0.000858139999999997","1","W","W","R","R","G",1,1,1,1,0,0,0
"7961",8224,4833,4833,"g","g","a","a",0.00351748396441134,0.00351748396441134,0.000206910821435961,0.000206910821435961,0,0.000206910821435961,0,0.000206910821435961,0.0037243947858473,0.0037243947858473,0.0037243947858473,0.0037243947858473,"stop","nonsyn","nonsyn",4.2e-06,5.36e-07,1.17e-06,1.17e-06,"0.00119403529411765","0.00565461","1","0.00565461","W","W","*","S","L",1,1,0,0,1,1,0
"7962",8225,4827,4827,"g","g","a","a",0.00103584006629376,0.00103584006629376,0,0,0,0,0,0,0.00103584006629376,0.00103584006629376,0.00103584006629376,0.00103584006629376,"stop","nonsyn","nonsyn",4.2e-06,5.36e-07,1.17e-06,1.17e-06,"0.00405468000000002","1","1","1","W","W","*","C","C",1,1,1,0,0,0,0
"7963",8226,4851,4852,"a","a","g","g",0.00288600288600289,0.00288600288600289,0.000618429189857761,0.000618429189857761,0.00020614306328592,0.000412286126571841,0.00020614306328592,0.000412286126571841,0.00350443207586065,0.00350443207586065,0.00350370981038747,0.00350370981038747,"nonsyn","nonsyn","stop",1.77e-05,1.76e-06,1.7e-06,1.7e-06,"0.00613304999999999","0.0027489","0.00853776000000002","0.00412335","K","K","E","Q","*",1,1,1,0,0,0,0
"7964",8227,4898,4898,"a","a","g","g",0.00306247447937934,0.00306247447937934,0.000204164965291956,0.000204164965291956,0.000204164965291956,0,0.000204164965291956,0,0.00326663944467129,0.00326663944467129,0.00326663944467129,0.00326663944467129,"nonsyn","nonsyn","nonsyn",1.77e-05,1.76e-06,1.7e-06,1.7e-06,"0.00577964","0.0083266","0.00862048","1","K","K","R","T","M",0,1,1,0,1,1,0
"7965",8228,4891,4891,"a","g","g","a",0.00143120016356573,0.99775097117154,0.000817828664894705,0.000817828664894705,0.000204457166223676,0.000613371498671028,0.000204457166223676,0.000613371498671028,0.00224902882846044,0.998568799836434,0.00224902882846044,0.998568799836434,"syn","nonsyn","nonsyn",4.2e-06,5.36e-07,1.17e-06,1.17e-06,"4.20946721311475e-06","0.0014306175","0.002621576","0.00190749","K","K","K","N","N",0,1,1,0,0,0,0
"7966",8229,4894,4894,"t","t","c","c",0.00326930935839804,0.00326930935839804,0.000408663669799755,0.000408663669799755,0.000408663669799755,0,0.000408663669799755,0,0.00367797302819779,0.00367797302819779,0.00367797302819779,0.00367797302819779,"nonsyn","nonsyn","nonsyn",1.7e-05,1.07e-06,1.21e-06,1.21e-06,"0.005199875","0.00296087","0.00261829","1","S","S","P","T","A",1,0,1,0,0,0,0
"7967",8230,4871,4873,"c","c","t","t",0.000615889960993636,0.000615889960993636,0.000615889960993636,0.000615889960993636,0.000615889960993636,0,0.000615889960993636,0,0.00123177992198727,0.00123177992198727,0.00123127436897189,0.00123127436897189,"nonsyn","nonsyn","nonsyn",4.58e-06,8.37e-07,4.33e-07,4.33e-07,"0.00743639333333333","0.000703047666666666","0.001359009","1","S","S","F","Y","C",1,1,1,0,0,0,0
"7968",8231,4857,4857,"c","c","t","t",0.00164710726786082,0.00164710726786082,0.000411776816965205,0.000411776816965205,0.000411776816965205,0,0.000411776816965205,0,0.00205888408482602,0.00205888408482602,0.00205888408482602,0.00205888408482602,"syn","syn","syn",4.58e-06,8.37e-07,4.33e-07,4.33e-07,"0.0027806325","0.0010515405","0.0020326545","1","S","S","S","S","S",0,0,0,0,1,0,1
"7969",8232,4842,4843,"a","a","g","g",0.00206526228831062,0.00206526228831062,0.000826104915324246,0.000826104915324246,0,0.000826104915324246,0,0.000826104915324246,0.00289136720363486,0.00289136720363486,0.00289077018377039,0.00289077018377039,"nonsyn","nonsyn","stop",1.77e-05,1.76e-06,1.7e-06,1.7e-06,"0.00857033999999998","0.00205785","1","0.00205785","K","K","E","Q","*",1,1,1,1,0,0,0
"7970",8233,4833,4833,"a","a","g","g",0.00331057314297538,0.00331057314297538,0.000827643285743844,0.000827643285743844,0.000206910821435961,0.000620732464307883,0.000206910821435961,0.000620732464307883,0.00413821642871922,0.00413821642871922,0.00413821642871922,0.00413821642871922,"nonsyn","nonsyn","nonsyn",1.77e-05,1.76e-06,1.7e-06,1.7e-06,"0.00534650625","0.002054025","0.00850608","0.0027387","K","K","R","T","M",0,1,1,0,1,1,0
"7971",8234,4833,4833,"g","g","a","a",0.000206910821435961,0.000206910821435961,0.000206910821435961,0.000206910821435961,0,0.000206910821435961,0,0.000206910821435961,0.000413821642871922,0.000413821642871922,0.000413821642871922,0.000413821642871922,"syn","nonsyn","nonsyn",4.2e-06,5.36e-07,1.17e-06,1.17e-06,"0.0202986","0.00565461","1","0.00565461","K","K","K","N","N",0,1,1,0,0,0,0
"7972",8235,4795,4801,"a","a","g","g",0.00187695516162669,0.00187695516162669,0,0,0,0,0,0,0.00187695516162669,0.00187695516162669,0.00187460945636326,0.00187460945636326,"nonsyn","nonsyn","stop",1.77e-05,1.76e-06,1.7e-06,1.7e-06,"0.00943016666666669","1","1","1","K","K","E","Q","*",1,1,1,0,0,0,0
"7973",8236,4757,4757,"a","a","g","g",0.00105108261509355,0.00105108261509355,0,0,0,0,0,0,0.00105108261509355,0.00105108261509355,0.00105108261509355,0.00105108261509355,"nonsyn","nonsyn","nonsyn",1.77e-05,1.76e-06,1.7e-06,1.7e-06,"0.0168397799999999","1","1","1","K","K","R","T","M",0,1,1,0,1,1,0
"7974",8237,4723,4723,"a","g","g","a",0.0052932458183358,0.994706754181664,0,0,0,0,0,0,0.0052932458183358,0.994706754181664,0.0052932458183358,0.994706754181664,"syn","nonsyn","nonsyn",4.2e-06,5.36e-07,1.17e-06,1.17e-06,"4.22234993614304e-06","1","1","1","K","K","K","N","N",0,1,1,0,0,0,0
"7975",8238,4630,4630,"a","a","g","g",0.00280777537796976,0.00280777537796976,0.000647948164146868,0.000647948164146868,0,0.000647948164146868,0,0.000647948164146868,0.00345572354211663,0.00345572354211663,0.00345572354211663,0.00345572354211663,"nonsyn","nonsyn","nonsyn",1.77e-05,1.76e-06,1.7e-06,1.7e-06,"0.00630392307692308","0.00262366666666667","1","0.00262366666666667","T","T","A","P","S",1,1,0,0,0,0,0
"7976",8239,4682,4684,"c","c","t","t",0.00213583938487826,0.00213583938487826,0.000213583938487826,0.000213583938487826,0.000213583938487826,0,0.000213583938487826,0,0.00234942332336608,0.00234942332336608,0.00234842015371477,0.00234842015371477,"nonsyn","nonsyn","nonsyn",4.58e-06,8.37e-07,4.33e-07,4.33e-07,"0.002144356","0.002027306","0.003918834","1","T","T","I","N","S",1,0,0,0,0,0,0
"7977",8240,4667,4667,"c","c","t","t",0.00149989286479537,0.00149989286479537,0,0,0,0,0,0,0.00149989286479537,0.00149989286479537,0.00149989286479537,0.00149989286479537,"syn","syn","syn",4.58e-06,8.37e-07,4.33e-07,4.33e-07,"0.00305355142857143","1","1","1","T","T","T","T","T",0,0,0,0,1,0,1
"7978",8241,4652,4652,"c","c","t","t",0.00193465176268272,0.00193465176268272,0.000644883920894239,0.000644883920894239,0.000644883920894239,0,0.000644883920894239,0,0.00257953568357696,0.00257953568357696,0.00257953568357696,0.00257953568357696,"nonsyn","nonsyn","nonsyn",4.58e-06,8.37e-07,4.33e-07,4.33e-07,"0.00236735111111111","0.000671438666666667","0.001297908","1","P","P","S","T","A",1,1,1,0,1,0,1
"7979",8242,4654,4654,"c","c","t","t",0.00171895143962183,0.00171895143962183,0,0,0,0,0,0,0.00171895143962183,0.00171895143962183,0.00171895143962183,0.00171895143962183,"nonsyn","nonsyn","nonsyn",4.58e-06,8.37e-07,4.33e-07,4.33e-07,"0.002664415","1","1","1","P","P","L","Q","R",1,1,1,0,1,0,1
"7980",8243,4652,4652,"g","g","a","a",0.00128976784178848,0.00128976784178848,0.000214961306964746,0.000214961306964746,0,0.000214961306964746,0,0.000214961306964746,0.00150472914875322,0.00150472914875322,0.00150472914875322,0.00150472914875322,"syn","syn","syn",4.2e-06,5.36e-07,1.17e-06,1.17e-06,"0.00325639999999999","0.00544284000000001","1","0.00544284000000001","P","P","P","P","P",0,0,0,0,0,0,0
"7981",8244,4635,4635,"a","a","g","g",0.00215749730312837,0.00215749730312837,0.000215749730312837,0.000215749730312837,0,0.000215749730312837,0,0.000215749730312837,0.00237324703344121,0.00237324703344121,0.00237324703344121,0.00237324703344121,"nonsyn","nonsyn","nonsyn",1.77e-05,1.76e-06,1.7e-06,1.7e-06,"0.00820395","0.0078795","1","0.0078795","M","M","V","L","L",0,0,0,0,0,0,0
"7982",8245,4613,4613,"t","t","c","c",0.0123563841318014,0.0123563841318014,0.000433557337957945,0.000433557337957945,0,0.000433557337957945,0,0.000433557337957945,0.0127899414697594,0.0127899414697594,0.0127899414697594,0.0127899414697594,"nonsyn","nonsyn","nonsyn",1.7e-05,1.07e-06,1.21e-06,1.21e-06,"0.00137580701754386","0.002790865","1","0.002790865","M","M","T","K","R",1,1,1,1,0,0,0
"7983",8246,4541,4543,"g","g","a","a",0.00176172649196212,0.00176172649196212,0.000440431622990531,0.000440431622990531,0,0.000440431622990531,0,0.000440431622990531,0.00220215811495265,0.00220215811495265,0.00220118864186661,0.00220118864186661,"nonsyn","nonsyn","nonsyn",4.2e-06,5.36e-07,1.17e-06,1.17e-06,"0.002384025","0.002656485","1","0.002656485","M","M","I","I","I",0,0,0,0,1,1,0
"7984",8247,4543,4543,"g","g","a","a",0.00132071318511996,0.00132071318511996,0.000440237728373322,0.000440237728373322,0,0.000440237728373322,0,0.000440237728373322,0.00176095091349329,0.00176095091349329,0.00176095091349329,0.00176095091349329,"nonsyn","nonsyn","nonsyn",4.2e-06,5.36e-07,1.17e-06,1.17e-06,"0.00318010000000001","0.002657655","1","0.002657655","G","G","R","R","W",1,1,1,0,1,1,0
"7985",8248,4542,4542,"g","g","a","a",0.00110083663584324,0.00110083663584324,0.000220167327168648,0.000220167327168648,0,0.000220167327168648,0,0.000220167327168648,0.00132100396301189,0.00132100396301189,0.00132100396301189,0.00132100396301189,"nonsyn","nonsyn","nonsyn",4.2e-06,5.36e-07,1.17e-06,1.17e-06,"0.00381528","0.00531414","1","0.00531414","G","G","E","A","V",1,1,1,0,1,1,0
"7986",8249,4542,4542,"g","g","a","a",0.0136503742844562,0.0136503742844562,0,0,0,0,0,0,0.0136503742844562,0.0136503742844562,0.0136503742844562,0.0136503742844562,"syn","syn","syn",4.2e-06,5.36e-07,1.17e-06,1.17e-06,"0.000307683870967742","1","1","1","G","G","G","G","G",0,0,0,0,0,0,0
"7987",8250,4382,4382,"t","t","c","c",0.00342309447740758,0.00342309447740758,0.000228206298493838,0.000228206298493838,0.000228206298493838,0,0.000228206298493838,0,0.00365130077590141,0.00365130077590141,0.00365130077590141,0.00365130077590141,"nonsyn","nonsyn","nonsyn",1.7e-05,1.07e-06,1.21e-06,1.21e-06,"0.00496626666666666","0.00530222000000001","0.00468874000000001","1","F","F","L","I","V",0,0,0,0,0,0,0
"7988",8251,4412,4412,"t","t","c","c",0.00362647325475975,0.00362647325475975,0.000453309156844968,0.000453309156844968,0.000226654578422484,0.000226654578422484,0.000226654578422484,0.000226654578422484,0.00407978241160471,0.00407978241160471,0.00407978241160471,0.00407978241160471,"nonsyn","nonsyn","nonsyn",1.7e-05,1.07e-06,1.21e-06,1.21e-06,"0.00468774999999999","0.00266926","0.00472084","0.00533852","F","F","S","Y","C",1,0,1,0,0,0,0
"7989",8252,4456,4456,"c","c","t","t",0.000224416517055655,0.000224416517055655,0,0,0,0,0,0,0.000224416517055655,0.000224416517055655,0.000224416517055655,0.000224416517055655,"syn","nonsyn","nonsyn",4.58e-06,8.37e-07,4.33e-07,4.33e-07,"0.02040848","1","1","1","F","F","F","L","L",0,0,0,0,0,0,0
"7990",8253,4475,4475,"t","t","c","c",0.00379888268156425,0.00379888268156425,0.000670391061452514,0.000670391061452514,0.000670391061452514,0,0.000670391061452514,0,0.00446927374301676,0.00446927374301676,0.00446927374301676,0.00446927374301676,"nonsyn","nonsyn","nonsyn",1.7e-05,1.07e-06,1.21e-06,1.21e-06,"0.004475","0.00180491666666667","0.00159608333333333","1","S","S","P","T","A",1,0,1,0,1,0,1
"7991",8254,4495,4495,"c","c","t","t",0.00155728587319244,0.00155728587319244,0.000444938820912125,0.000444938820912125,0.000444938820912125,0,0.000444938820912125,0,0.00200222469410456,0.00200222469410456,0.00200222469410456,0.00200222469410456,"nonsyn","stop","nonsyn",4.58e-06,8.37e-07,4.33e-07,4.33e-07,"0.00294101428571428","0.000973167499999999","0.0018811575","1","S","S","L","*","W",1,1,1,0,0,0,0
"7992",8255,4495,4495,"g","g","a","a",0.00155728587319244,0.00155728587319244,0,0,0,0,0,0,0.00155728587319244,0.00155728587319244,0.00155728587319244,0.00155728587319244,"syn","syn","syn",4.2e-06,5.36e-07,1.17e-06,1.17e-06,"0.00269699999999999","1","1","1","S","S","S","S","S",0,0,0,0,0,0,0
"7993",8256,4495,4495,"t","t","c","c",0.00889877641824249,0.00889877641824249,0.000444938820912125,0.000444938820912125,0.000222469410456062,0.000222469410456062,0.000222469410456062,0.000222469410456062,0.00934371523915462,0.00934371523915462,0.00934371523915462,0.00934371523915462,"nonsyn","nonsyn","nonsyn",1.7e-05,1.07e-06,1.21e-06,1.21e-06,"0.001910375","0.002719475","0.00480965000000001","0.00543895000000001","Y","Y","H","N","D",1,1,1,0,0,0,0
"7994",8257,4491,4491,"a","a","g","g",0.00178134045869517,0.00178134045869517,0,0,0,0,0,0,0.00178134045869517,0.00178134045869517,0.00178134045869517,0.00178134045869517,"nonsyn","nonsyn","nonsyn",1.77e-05,1.76e-06,1.7e-06,1.7e-06,"0.00993633749999999","1","1","1","Y","Y","C","S","F",1,1,0,0,0,0,0
"7995",8258,4618,4618,"t","t","c","c",0.00238198354265916,0.00238198354265916,0.00086617583369424,0.00086617583369424,0.00043308791684712,0.00043308791684712,0.00043308791684712,0.00043308791684712,0.0032481593763534,0.0032481593763534,0.0032481593763534,0.0032481593763534,"syn","stop","stop",1.7e-05,1.07e-06,1.21e-06,1.21e-06,"0.00713690909090909","0.001396945","0.00247063","0.00279389","Y","Y","Y","*","*",0,1,1,1,0,0,0
"7996",8259,4617,4617,"g","g","a","a",0.000433181719731427,0.000433181719731427,0.000216590859865714,0.000216590859865714,0,0.000216590859865714,0,0.000216590859865714,0.000649772579597141,0.000649772579597141,0.000649772579597141,0.000649772579597141,"nonsyn","nonsyn","nonsyn",4.2e-06,5.36e-07,1.17e-06,1.17e-06,"0.00969570000000001","0.00540188999999999","1","0.00540188999999999","D","D","N","H","Y",1,1,1,0,0,0,0
"7997",8260,4619,4619,"a","a","g","g",0.00303095908205239,0.00303095908205239,0,0,0,0,0,0,0.00303095908205239,0.00303095908205239,0.00303095908205239,0.00303095908205239,"nonsyn","nonsyn","nonsyn",1.77e-05,1.76e-06,1.7e-06,1.7e-06,"0.00583973571428572","1","1","1","D","D","G","A","V",1,1,1,0,0,0,0
"7998",8261,4556,4556,"t","t","c","c",0.00175592625109745,0.00175592625109745,0,0,0,0,0,0,0.00175592625109745,0.00175592625109745,0.00175592625109745,0.00175592625109745,"syn","nonsyn","nonsyn",1.7e-05,1.07e-06,1.21e-06,1.21e-06,"0.00968150000000002","1","1","1","D","D","D","E","E",0,0,0,0,0,0,0
"7999",8262,4464,4464,"a","a","g","g",0.00425627240143369,0.00425627240143369,0.000672043010752688,0.000672043010752688,0.000224014336917563,0.000448028673835125,0.000224014336917563,0.000448028673835125,0.00492831541218638,0.00492831541218638,0.00492831541218638,0.00492831541218638,"nonsyn","nonsyn","nonsyn",1.77e-05,1.76e-06,1.7e-06,1.7e-06,"0.00415856842105263","0.0025296","0.00785663999999999","0.0037944","T","T","A","P","S",1,1,0,0,0,0,0
"8000",8263,4492,4492,"c","c","t","t",0.00178094390026714,0.00178094390026714,0.000222617987533393,0.000222617987533393,0.000222617987533393,0,0.000222617987533393,0,0.00200356188780053,0.00200356188780053,0.00200356188780053,0.00200356188780053,"nonsyn","nonsyn","nonsyn",4.58e-06,8.37e-07,4.33e-07,4.33e-07,"0.00257167","0.001945036","0.003759804","1","T","T","I","N","S",1,0,0,0,0,0,0
"8001",8264,4510,4510,"c","c","t","t",0.100665188470067,0.100665188470067,0.000886917960088692,0.000886917960088692,0.000665188470066519,0.000221729490022173,0.000665188470066519,0.000221729490022173,0.101552106430155,0.101552106430155,0.101552106430155,0.101552106430155,"syn","syn","syn",4.58e-06,8.37e-07,4.33e-07,4.33e-07,"4.54973568281936e-05","0.0004882075","0.00125829","0.00195283","T","T","T","T","T",0,0,0,0,1,0,1
"8002",8265,4524,4524,"c","c","t","t",0.002210433244916,0.002210433244916,0.000663129973474801,0.000663129973474801,0.000442086648983201,0.0002210433244916,0.000442086648983201,0.0002210433244916,0.0028735632183908,0.0028735632183908,0.0028735632183908,0.0028735632183908,"nonsyn","nonsyn","nonsyn",4.58e-06,8.37e-07,4.33e-07,4.33e-07,"0.002071992","0.000652964","0.001893294","0.001958892","R","R","C","S","G",1,1,1,0,1,0,1
"8003",8266,4538,4538,"g","g","a","a",0.00220361392684002,0.00220361392684002,0.000220361392684002,0.000220361392684002,0.000220361392684002,0,0.000220361392684002,0,0.00242397531952402,0.00242397531952402,0.00242397531952402,0.00242397531952402,"nonsyn","nonsyn","nonsyn",4.2e-06,5.36e-07,1.17e-06,1.17e-06,"0.00190596","0.00530946","0.002432368","1","R","R","H","P","L",0,1,1,0,0,0,0
"8004",8267,4542,4542,"c","c","t","t",0.000660501981505945,0.000660501981505945,0,0,0,0,0,0,0.000660501981505945,0.000660501981505945,0.000660501981505945,0.000660501981505945,"syn","syn","syn",4.58e-06,8.37e-07,4.33e-07,4.33e-07,"0.00693412","1","1","1","R","R","R","R","R",0,0,0,0,0,0,0
"8005",8268,4548,4548,"t","t","c","c",0.00241864555848725,0.00241864555848725,0.000659630606860158,0.000659630606860158,0.000219876868953386,0.000439753737906772,0.000219876868953386,0.000439753737906772,0.00307827616534741,0.00307827616534741,0.00307827616534741,0.00307827616534741,"nonsyn","nonsyn","nonsyn",1.7e-05,1.07e-06,1.21e-06,1.21e-06,"0.00702872727272726","0.00183436","0.00486636","0.00275154","C","C","R","S","G",1,1,0,1,1,0,1
"8006",8269,4550,4550,"g","g","a","a",0.00241758241758242,0.00241758241758242,0,0,0,0,0,0,0.00241758241758242,0.00241758241758242,0.00241758241758242,0.00241758241758242,"nonsyn","nonsyn","nonsyn",4.2e-06,5.36e-07,1.17e-06,1.17e-06,"0.00173727272727273","1","1","1","C","C","Y","S","F",1,1,1,0,0,0,0
"8007",8270,4551,4551,"c","t","t","c",0.001098659635245,0.998901340364755,0,0,0,0,0,0,0.001098659635245,0.998901340364755,0.001098659635245,0.998901340364755,"syn","stop","nonsyn",1.7e-05,1.07e-06,1.21e-06,1.21e-06,"1.70186977562692e-05","1","1","1","C","C","C","*","W",0,1,1,0,0,0,0
"8008",8271,4672,4674,"t","t","c","c",0.00470890410958904,0.00470890410958904,0.000642123287671233,0.000642123287671233,0.000642123287671233,0,0.000642123287671233,0,0.00535102739726027,0.00535102739726027,0.0053487376979033,0.0053487376979033,"nonsyn","nonsyn","nonsyn",1.7e-05,1.07e-06,1.21e-06,1.21e-06,"0.00361018181818182","0.00188437333333333","0.00166634666666667","1","F","F","L","I","V",0,0,0,0,0,0,0
"8009",8272,4654,4654,"t","t","c","c",0.00193382036957456,0.00193382036957456,0.00107434464976364,0.00107434464976364,0.000644606789858186,0.000429737859905458,0.000644606789858186,0.000429737859905458,0.0030081650193382,0.0030081650193382,0.0030081650193382,0.0030081650193382,"nonsyn","nonsyn","nonsyn",1.7e-05,1.07e-06,1.21e-06,1.21e-06,"0.00879088888888889","0.001126268","0.00165992666666667","0.00281567","F","F","S","Y","C",1,0,1,0,0,0,0
"8010",8273,4628,4628,"t","t","c","c",0.00345721694036301,0.00345721694036301,0.000432152117545376,0.000432152117545376,0,0.000432152117545376,0,0.000432152117545376,0.00388936905790838,0.00388936905790838,0.00388936905790838,0.00388936905790838,"syn","nonsyn","nonsyn",1.7e-05,1.07e-06,1.21e-06,1.21e-06,"0.00491725","0.00279994","1","0.00279994","F","F","F","L","L",0,0,0,1,0,0,0
"8011",8274,4642,4642,"g","g","a","a",0.000646273158121499,0.000646273158121499,0.0002154243860405,0.0002154243860405,0,0.0002154243860405,0,0.0002154243860405,0.000861697544161999,0.000861697544161999,0.000861697544161999,0.000861697544161999,"nonsyn","nonsyn","nonsyn",4.2e-06,5.36e-07,1.17e-06,1.17e-06,"0.0064988","0.00543113999999999","1","0.00543113999999999","D","D","N","H","Y",1,1,1,0,0,0,0
"8012",8275,4635,4635,"a","a","g","g",0.00841423948220065,0.00841423948220065,0,0,0,0,0,0,0.00841423948220065,0.00841423948220065,0.00841423948220065,0.00841423948220065,"nonsyn","nonsyn","nonsyn",1.77e-05,1.76e-06,1.7e-06,1.7e-06,"0.00210357692307692","1","1","1","D","D","G","A","V",1,1,1,0,0,0,0
"8013",8276,4536,4536,"c","c","t","t",0,0,0,0,0,0,0,0,0,0,0,0,"syn","nonsyn","nonsyn",4.58e-06,8.37e-07,4.33e-07,4.33e-07,"1","1","1","1","D","D","D","E","E",0,0,0,0,0,0,0
"8014",8277,4539,4539,"t","t","c","c",0.00594844679444812,0.00594844679444812,0.00220312844238819,0.00220312844238819,0.000440625688477638,0.00176250275391055,0.000440625688477638,0.00176250275391055,0.00815157523683631,0.00815157523683631,0.00815157523683631,0.00815157523683631,"nonsyn","nonsyn","nonsyn",1.7e-05,1.07e-06,1.21e-06,1.21e-06,"0.00285788888888889","0.000549219","0.002428365","0.000686523750000001","S","S","P","T","A",1,0,1,0,1,0,1
"8015",8278,4543,4545,"c","c","t","t",0.00154083204930663,0.00154083204930663,0.000660356592559982,0.000660356592559982,0.000440237728373322,0.000220118864186661,0.000440237728373322,0.000220118864186661,0.00220118864186661,0.00220118864186661,0.0022002200220022,0.0022002200220022,"nonsyn","nonsyn","nonsyn",4.58e-06,8.37e-07,4.33e-07,4.33e-07,"0.00297241999999999","0.000655706333333334","0.0019012455","0.001967119","S","S","F","Y","C",1,1,1,0,0,0,0
"8016",8279,4522,4523,"c","c","t","t",0.00176912870411322,0.00176912870411322,0,0,0,0,0,0,0.00176912870411322,0.00176912870411322,0.00176873756356401,0.00176873756356401,"syn","syn","syn",4.58e-06,8.37e-07,4.33e-07,4.33e-07,"0.00258884500000001","1","1","1","S","S","S","S","S",0,0,0,0,1,0,1
"8017",8280,4519,4520,"a","a","g","g",0.00464704580659438,0.00464704580659438,0.00132772737331268,0.00132772737331268,0.000442575791104227,0.000885151582208453,0.000442575791104227,0.000885151582208453,0.00597477317990706,0.00597477317990706,0.00597345132743363,0.00597345132743363,"nonsyn","nonsyn","nonsyn",1.77e-05,1.76e-06,1.7e-06,1.7e-06,"0.00380887142857143","0.00128038333333333","0.00397672","0.001920575","T","T","A","P","S",1,1,0,1,0,0,0
"8018",8281,4547,4547,"c","c","t","t",0.000879700901693424,0.000879700901693424,0.000219925225423356,0.000219925225423356,0.000219925225423356,0,0.000219925225423356,0,0.00109962612711678,0.00109962612711678,0.00109962612711678,0.00109962612711678,"nonsyn","nonsyn","nonsyn",4.58e-06,8.37e-07,4.33e-07,4.33e-07,"0.005206315","0.001968851","0.003805839","1","T","T","I","K","R",1,1,1,0,0,0,0
"8019",8282,4541,4541,"a","a","g","g",0.0993173309843647,0.0993173309843647,0.00110107905747633,0.00110107905747633,0.000440431622990531,0.000660647434485796,0.000440431622990531,0.000660647434485796,0.100418410041841,0.100418410041841,0.100418410041841,0.100418410041841,"syn","syn","syn",1.77e-05,1.76e-06,1.7e-06,1.7e-06,"0.000178216629711752","0.00154394","0.00399608","0.00257323333333333","T","T","T","T","T",0,0,0,1,1,1,0
"8020",8283,4630,4630,"g","g","a","a",0.0019438444924406,0.0019438444924406,0.000215982721382289,0.000215982721382289,0.000215982721382289,0,0.000215982721382289,0,0.00215982721382289,0.00215982721382289,0.00215982721382289,0.00215982721382289,"nonsyn","nonsyn","nonsyn",4.2e-06,5.36e-07,1.17e-06,1.17e-06,"0.00216066666666667","0.00541710000000001","0.00248168","1","V","V","I","L","F",0,0,0,0,0,0,0
"8021",8284,4615,4615,"t","t","c","c",0.00498374864572048,0.00498374864572048,0,0,0,0,0,0,0.00498374864572048,0.00498374864572048,0.00498374864572048,0.00498374864572048,"nonsyn","nonsyn","nonsyn",1.7e-05,1.07e-06,1.21e-06,1.21e-06,"0.00341108695652174","1","1","1","V","V","A","D","G",0,1,1,0,0,0,0
"8022",8285,4597,4597,"c","c","t","t",0.000435066347618012,0.000435066347618012,0.000652599521427018,0.000652599521427018,0.000652599521427018,0,0.000652599521427018,0,0.00108766586904503,0.00108766586904503,0.00108766586904503,0.00108766586904503,"syn","syn","syn",4.58e-06,8.37e-07,4.33e-07,4.33e-07,"0.01052713","0.000663500333333333","0.001282563","1","V","V","V","V","V",0,0,0,0,0,0,0
"8023",8286,4605,4605,"a","a","g","g",0.00152008686210641,0.00152008686210641,0.000217155266015201,0.000217155266015201,0.000217155266015201,0,0.000217155266015201,0,0.00173724212812161,0.00173724212812161,0.00173724212812161,0.00173724212812161,"nonsyn","nonsyn","nonsyn",1.77e-05,1.76e-06,1.7e-06,1.7e-06,"0.0116440714285714","0.0078285","0.0081048","1","T","T","A","P","S",1,1,0,1,0,0,0
"8024",8287,4526,4526,"c","c","t","t",0.00220945647370747,0.00220945647370747,0.000441891294741494,0.000441891294741494,0.000441891294741494,0,0.000441891294741494,0,0.00265134776844896,0.00265134776844896,0.00265134776844896,0.00265134776844896,"nonsyn","nonsyn","nonsyn",4.58e-06,8.37e-07,4.33e-07,4.33e-07,"0.002072908","0.000979878999999999","0.001894131","1","T","T","I","N","S",1,0,0,0,0,0,0
"8025",8288,4614,4614,"t","t","c","c",0.00541829215431296,0.00541829215431296,0.00173385348938015,0.00173385348938015,0.00151712180320763,0.000216731686172518,0.00151712180320763,0.000216731686172518,0.00715214564369311,0.00715214564369311,0.00715214564369311,0.00715214564369311,"syn","syn","syn",1.7e-05,1.07e-06,1.21e-06,1.21e-06,"0.00313752","0.000697867499999999","0.000705282857142857","0.00558294000000001","T","T","T","T","T",0,0,0,1,1,0,1
"8026",8289,4534,4534,"g","g","a","a",0.000441111601235112,0.000441111601235112,0,0,0,0,0,0,0.000441111601235112,0.000441111601235112,0.000441111601235112,0.000441111601235112,"nonsyn","nonsyn","stop",4.2e-06,5.36e-07,1.17e-06,1.17e-06,"0.00952140000000001","1","1","1","E","E","K","Q","*",1,1,1,0,0,0,0
"8027",8290,4553,4553,"a","a","g","g",0.00527124972545574,0.00527124972545574,0.000219635405227323,0.000219635405227323,0,0.000219635405227323,0,0.000219635405227323,0.00549088513068307,0.00549088513068307,0.00549088513068307,0.00549088513068307,"nonsyn","nonsyn","nonsyn",1.77e-05,1.76e-06,1.7e-06,1.7e-06,"0.0033578375","0.00774009999999999","1","0.00774009999999999","E","E","G","A","V",1,1,1,0,1,1,0
"8028",8291,4553,4553,"g","g","a","a",0.000658906215681968,0.000658906215681968,0.000219635405227323,0.000219635405227323,0,0.000219635405227323,0,0.000219635405227323,0.000878541620909291,0.000878541620909291,0.000878541620909291,0.000878541620909291,"syn","nonsyn","nonsyn",4.2e-06,5.36e-07,1.17e-06,1.17e-06,"0.0063742","0.00532700999999999","1","0.00532700999999999","E","E","E","D","D",0,0,0,0,0,0,0
"8029",8292,4540,4540,"a","a","g","g",0.00484581497797357,0.00484581497797357,0.00110132158590308,0.00110132158590308,0.000440528634361233,0.00066079295154185,0.000440528634361233,0.00066079295154185,0.00594713656387665,0.00594713656387665,0.00594713656387665,0.00594713656387665,"nonsyn","nonsyn","nonsyn",1.77e-05,1.76e-06,1.7e-06,1.7e-06,"0.00365263636363636","0.00154360000000001","0.0039952","0.00257266666666667","S","S","G","R","C",1,1,1,0,1,1,0
"8030",8293,4524,4524,"g","g","a","a",0.00353669319186561,0.00353669319186561,0,0,0,0,0,0,0.00353669319186561,0.00353669319186561,0.00353669319186561,0.00353669319186561,"nonsyn","nonsyn","nonsyn",4.2e-06,5.36e-07,1.17e-06,1.17e-06,"0.00118755","1","1","1","S","S","N","T","I",0,0,1,0,0,0,0
"8031",8294,4502,4502,"t","c","c","t",0.000888494002665482,0.998445135495335,0.000666370501999112,0.000666370501999112,0.00022212350066637,0.000444247001332741,0.00022212350066637,0.000444247001332741,0.00155486450466459,0.999111505997335,0.00155486450466459,0.999111505997335,"syn","nonsyn","nonsyn",4.58e-06,8.37e-07,4.33e-07,4.33e-07,"4.58713236929922e-06","0.000649788666666666","0.00376817400000001","0.000974683","S","S","S","R","R",0,1,1,0,0,0,0
"8032",8295,4504,4504,"g","g","a","a",0.00088809946714032,0.00088809946714032,0.00022202486678508,0.00022202486678508,0,0.00022202486678508,0,0.00022202486678508,0.0011101243339254,0.0011101243339254,0.0011101243339254,0.0011101243339254,"nonsyn","nonsyn","nonsyn",4.2e-06,5.36e-07,1.17e-06,1.17e-06,"0.0047292","0.00526968","1","0.00526968","D","D","N","H","Y",1,1,1,0,0,0,0
"8033",8296,4423,4423,"a","a","g","g",0.00474790865928103,0.00474790865928103,0.00113045444268596,0.00113045444268596,0.000678272665611576,0.000452181777074384,0.000678272665611576,0.000452181777074384,0.00587836310196699,0.00587836310196699,0.00587836310196699,0.00587836310196699,"nonsyn","nonsyn","nonsyn",1.77e-05,1.76e-06,1.7e-06,1.7e-06,"0.00372795714285714","0.00150382","0.00259482666666667","0.00375955","D","D","G","A","V",1,1,1,0,0,0,0
"8034",8297,4256,4256,"t","c","c","t",0.102443609022556,0.897086466165414,0.000469924812030075,0.000469924812030075,0.000234962406015038,0.000234962406015038,0.000234962406015038,0.000234962406015038,0.102913533834586,0.897556390977444,0.102913533834586,0.897556390977444,"syn","nonsyn","nonsyn",4.58e-06,8.37e-07,4.33e-07,4.33e-07,"5.1054164484023e-06","0.000921424","0.00356227199999999","0.001842848","D","D","D","E","E",0,0,0,0,0,0,0
"8035",8298,4299,4299,"a","a","g","g",0.00209351011863224,0.00209351011863224,0.000232612235403582,0.000232612235403582,0.000232612235403582,0,0.000232612235403582,0,0.00232612235403582,0.00232612235403582,0.00232612235403582,0.00232612235403582,"nonsyn","nonsyn","nonsyn",1.77e-05,1.76e-06,1.7e-06,1.7e-06,"0.0084547","0.00730830000000001","0.00756624000000001","1","I","I","V","L","F",0,0,0,1,0,0,0
"8036",8299,4243,4243,"t","t","c","c",0.00164977610181475,0.00164977610181475,0.000235682300259251,0.000235682300259251,0,0.000235682300259251,0,0.000235682300259251,0.001885458402074,0.001885458402074,0.001885458402074,0.001885458402074,"nonsyn","nonsyn","nonsyn",1.7e-05,1.07e-06,1.21e-06,1.21e-06,"0.0103044285714286","0.00513402999999999","1","0.00513402999999999","I","I","T","N","S",1,1,1,0,0,0,0
"8037",8300,4237,4237,"c","c","t","t",0.00330422468727873,0.00330422468727873,0.000472032098182676,0.000472032098182676,0.000472032098182676,0,0.000472032098182676,0,0.00377625678546141,0.00377625678546141,0.00377625678546141,0.00377625678546141,"syn","syn","nonsyn",4.58e-06,8.37e-07,4.33e-07,4.33e-07,"0.00138610428571429","0.000917310500000001","0.0017731845","1","I","I","I","I","M",0,0,0,0,0,0,0
"8038",8301,4215,4215,"c","c","t","t",0.00118623962040332,0.00118623962040332,0.000237247924080664,0.000237247924080664,0.000237247924080664,0,0.000237247924080664,0,0.00142348754448399,0.00142348754448399,0.00142348754448399,0.00142348754448399,"nonsyn","nonsyn","nonsyn",4.58e-06,8.37e-07,4.33e-07,4.33e-07,"0.00386094","0.001825095","0.003527955","1","R","R","C","S","G",1,1,1,0,1,0,1
"8039",8302,4219,4219,"g","g","a","a",0.00118511495615075,0.00118511495615075,0.000474045982460299,0.000474045982460299,0.000237022991230149,0.000237022991230149,0.000237022991230149,0.000237022991230149,0.00165916093861105,0.00165916093861105,0.00165916093861105,0.00165916093861105,"nonsyn","nonsyn","nonsyn",4.2e-06,5.36e-07,1.17e-06,1.17e-06,"0.00354395999999999","0.002468115","0.002261384","0.00493623000000001","R","R","H","P","L",0,1,1,0,0,0,0
"8040",8303,4209,4209,"t","t","c","c",0.00308861962461392,0.00308861962461392,0,0,0,0,0,0,0.00308861962461392,0.00308861962461392,0.00308861962461392,0.00308861962461392,"syn","syn","syn",1.7e-05,1.07e-06,1.21e-06,1.21e-06,"0.00550407692307693","1","1","1","R","R","R","R","R",0,0,0,0,0,0,0
"8041",8304,4217,4217,"a","a","g","g",0.0033198956604221,0.0033198956604221,0,0,0,0,0,0,0.0033198956604221,0.0033198956604221,0.0033198956604221,0.0033198956604221,"nonsyn","nonsyn","nonsyn",1.77e-05,1.76e-06,1.7e-06,1.7e-06,"0.00533149285714286","1","1","1","T","T","A","P","S",1,1,0,0,0,0,0
"8042",8305,4222,4222,"c","c","t","t",0.00142112742775936,0.00142112742775936,0.000236854571293226,0.000236854571293226,0.000236854571293226,0,0.000236854571293226,0,0.00165798199905258,0.00165798199905258,0.00165798199905258,0.00165798199905258,"nonsyn","nonsyn","nonsyn",4.58e-06,8.37e-07,4.33e-07,4.33e-07,"0.00322279333333332","0.001828126","0.003533814","1","T","T","M","K","R",1,1,1,0,0,0,0
"8043",8306,4217,4217,"g","g","a","a",0.00118567702157932,0.00118567702157932,0.000474270808631729,0.000474270808631729,0.000237135404315864,0.000237135404315864,0.000237135404315864,0.000237135404315864,0.00165994783021105,0.00165994783021105,0.00165994783021105,0.00165994783021105,"syn","syn","syn",4.2e-06,5.36e-07,1.17e-06,1.17e-06,"0.00354228000000001","0.002466945","0.002260312","0.00493389000000001","T","T","T","T","T",0,0,0,0,1,1,0
"8044",8307,4207,4207,"g","g","a","a",0.000713097218920846,0.000713097218920846,0.000237699072973615,0.000237699072973615,0,0.000237699072973615,0,0.000237699072973615,0.000950796291894462,0.000950796291894462,0.000950796291894462,0.000950796291894462,"nonsyn","nonsyn","stop",4.2e-06,5.36e-07,1.17e-06,1.17e-06,"0.0058898","0.00492219000000001","1","0.00492219000000001","E","E","K","Q","*",1,1,1,0,0,0,0
"8045",8308,4193,4193,"a","a","g","g",0.00286191271166229,0.00286191271166229,0.000238492725971858,0.000238492725971858,0,0.000238492725971858,0,0.000238492725971858,0.00310040543763415,0.00310040543763415,0.00310040543763415,0.00310040543763415,"nonsyn","nonsyn","nonsyn",1.77e-05,1.76e-06,1.7e-06,1.7e-06,"0.00618467500000001","0.0071281","1","0.0071281","E","E","G","A","V",1,1,1,0,1,1,0
"8046",8309,4196,4196,"g","g","a","a",0.000238322211630124,0.000238322211630124,0,0,0,0,0,0,0.000238322211630124,0.000238322211630124,0.000238322211630124,0.000238322211630124,"syn","nonsyn","nonsyn",4.2e-06,5.36e-07,1.17e-06,1.17e-06,"0.0176232","1","1","1","E","E","E","D","D",0,0,0,0,1,1,0
"8047",8310,4197,4197,"g","g","a","a",0.000714796283059328,0.000714796283059328,0.000238265427686443,0.000238265427686443,0,0.000238265427686443,0,0.000238265427686443,0.000953061710745771,0.000953061710745771,0.000953061710745771,0.000953061710745771,"nonsyn","nonsyn","stop",4.2e-06,5.36e-07,1.17e-06,1.17e-06,"0.0058758","0.00491048999999999","1","0.00491048999999999","E","E","K","Q","*",1,1,1,0,0,0,0
"8048",8311,4215,4215,"a","a","g","g",0.00474495848161329,0.00474495848161329,0.000711743772241993,0.000711743772241993,0,0.000711743772241993,0,0.000711743772241993,0.00545670225385528,0.00545670225385528,0.00545670225385528,0.00545670225385528,"nonsyn","nonsyn","nonsyn",1.77e-05,1.76e-06,1.7e-06,1.7e-06,"0.003730275","0.0023885","1","0.0023885","E","E","G","A","V",1,1,1,0,1,1,0
"8049",8312,4228,4228,"g","g","a","a",0.000946073793755913,0.000946073793755913,0,0,0,0,0,0,0.000946073793755913,0.000946073793755913,0.000946073793755913,0.000946073793755913,"syn","nonsyn","nonsyn",4.2e-06,5.36e-07,1.17e-06,1.17e-06,"0.0044394","1","1","1","E","E","E","D","D",0,0,0,0,1,1,0
"8050",8313,4219,4219,"g","g","a","a",0.0014221379473809,0.0014221379473809,0.000474045982460299,0.000474045982460299,0,0.000474045982460299,0,0.000474045982460299,0.00189618392984119,0.00189618392984119,0.00189618392984119,0.00189618392984119,"nonsyn","nonsyn","nonsyn",4.2e-06,5.36e-07,1.17e-06,1.17e-06,"0.00295329999999999","0.002468115","1","0.002468115","A","A","T","P","S",1,1,1,0,0,0,0
"8051",8314,4258,4258,"c","c","t","t",0.00258337247534054,0.00258337247534054,0.000234852043212776,0.000234852043212776,0.000234852043212776,0,0.000234852043212776,0,0.00281822451855331,0.00281822451855331,0.00281822451855331,0.00281822451855331,"nonsyn","nonsyn","nonsyn",4.58e-06,8.37e-07,4.33e-07,4.33e-07,"0.00177287636363636","0.001843714","0.003563946","1","A","A","V","E","G",0,1,1,0,0,0,0
"8052",8315,4255,4257,"a","a","g","g",0.00329024676850764,0.00329024676850764,0.00117508813160987,0.00117508813160987,0,0.00117508813160987,0,0.00117508813160987,0.00446533490011751,0.00446533490011751,0.00446323702137656,0.00446323702137656,"syn","syn","syn",1.77e-05,1.76e-06,1.7e-06,1.7e-06,"0.00537953571428571","0.0014467","1","0.0014467","A","A","A","A","A",0,0,0,1,0,0,0
"8053",8316,4300,4300,"a","a","g","g",0.00790697674418605,0.00790697674418605,0.000930232558139535,0.000930232558139535,0.000232558139534884,0.000697674418604651,0.000232558139534884,0.000697674418604651,0.00883720930232558,0.00883720930232558,0.00883720930232558,0.00883720930232558,"nonsyn","nonsyn","nonsyn",1.77e-05,1.76e-06,1.7e-06,1.7e-06,"0.00223852941176471","0.0018275","0.00756799999999999","0.00243666666666667","I","I","V","L","F",0,0,0,0,0,0,0
"8054",8317,4275,4275,"t","t","c","c",0.00584795321637427,0.00584795321637427,0.000233918128654971,0.000233918128654971,0,0.000233918128654971,0,0.000233918128654971,0.00608187134502924,0.00608187134502924,0.00608187134502924,0.00608187134502924,"nonsyn","nonsyn","nonsyn",1.7e-05,1.07e-06,1.21e-06,1.21e-06,"0.002907","0.00517275","1","0.00517275","I","I","T","N","S",1,1,1,0,0,0,0
"8055",8318,4256,4256,"c","t","t","c",0.000704887218045113,0.998825187969925,0.000469924812030075,0.000469924812030075,0.000469924812030075,0,0.000469924812030075,0,0.00117481203007519,0.999295112781955,0.00117481203007519,0.999295112781955,"syn","syn","nonsyn",1.7e-05,1.07e-06,1.21e-06,1.21e-06,"1.70199952952246e-05","0.00257488","0.00227696","1","I","I","I","I","M",0,0,0,0,0,0,0
"8056",8319,4252,4252,"t","t","c","c",0.00258701787394167,0.00258701787394167,0.00117591721542803,0.00117591721542803,0.000940733772342427,0.000235183443085607,0.000940733772342427,0.000235183443085607,0.00376293508936971,0.00376293508936971,0.00376293508936971,0.00376293508936971,"nonsyn","nonsyn","nonsyn",1.7e-05,1.07e-06,1.21e-06,1.21e-06,"0.00657127272727274","0.001028984","0.00113741","0.00514492","Y","Y","H","N","D",1,1,1,0,0,0,0
"8057",8320,4201,4202,"a","a","g","g",0.00190430849797667,0.00190430849797667,0.000714115686741252,0.000714115686741252,0,0.000714115686741252,0,0.000714115686741252,0.00261842418471792,0.00261842418471792,0.00261780104712042,0.00261780104712042,"nonsyn","nonsyn","nonsyn",1.77e-05,1.76e-06,1.7e-06,1.7e-06,"0.00929471250000001","0.00238056666666667","1","0.00238056666666667","Y","Y","C","S","F",1,1,0,0,0,0,0
"8058",8321,4225,4225,"c","c","t","t",0.00118343195266272,0.00118343195266272,0,0,0,0,0,0,0.00118343195266272,0.00118343195266272,0.00118343195266272,0.00118343195266272,"syn","stop","stop",4.58e-06,8.37e-07,4.33e-07,4.33e-07,"0.00387010000000001","1","1","1","Y","Y","Y","*","*",0,1,1,0,0,0,0
"8059",8322,4182,4182,"c","c","t","t",0.00119560019129603,0.00119560019129603,0.000956480153036825,0.000956480153036825,0.000717360114777618,0.000239120038259206,0.000717360114777618,0.000239120038259206,0.00215208034433285,0.00215208034433285,0.00215208034433285,0.00215208034433285,"stop","nonsyn","nonsyn",4.58e-06,8.37e-07,4.33e-07,4.33e-07,"0.003830712","0.0004527015","0.001166778","0.001810806","Q","Q","*","K","E",1,1,1,0,1,0,1
"8060",8323,4201,4202,"a","a","g","g",0.00833134967864794,0.00833134967864794,0.000238038562247084,0.000238038562247084,0.000238038562247084,0,0.000238038562247084,0,0.00856938824089503,0.00856938824089503,0.00856734888148501,0.00856734888148501,"nonsyn","nonsyn","nonsyn",1.77e-05,1.76e-06,1.7e-06,1.7e-06,"0.00212450571428571","0.0071417","0.00739376","1","Q","Q","R","P","L",1,1,1,1,0,0,0
"8061",8324,4195,4195,"a","a","g","g",0.00190703218116806,0.00190703218116806,0.000238379022646007,0.000238379022646007,0.000238379022646007,0,0.000238379022646007,0,0.00214541120381406,0.00214541120381406,0.00214541120381406,0.00214541120381406,"syn","nonsyn","nonsyn",1.77e-05,1.76e-06,1.7e-06,1.7e-06,"0.00928143749999999","0.00713150000000001","0.00738320000000001","1","Q","Q","Q","H","H",0,1,1,0,0,0,0
"8062",8325,4118,4118,"t","t","c","c",0.00194269062651773,0.00194269062651773,0.000485672656629432,0.000485672656629432,0,0.000485672656629432,0,0.000485672656629432,0.00242836328314716,0.00242836328314716,0.00242836328314716,0.00242836328314716,"nonsyn","nonsyn","nonsyn",1.7e-05,1.07e-06,1.21e-06,1.21e-06,"0.00875074999999999","0.00249139","1","0.00249139","C","C","R","S","G",1,1,0,1,0,0,0
"8063",8326,4119,4119,"g","g","a","a",0.00097110949259529,0.00097110949259529,0,0,0,0,0,0,0.00097110949259529,0.00097110949259529,0.00097110949259529,0.00097110949259529,"nonsyn","nonsyn","nonsyn",4.2e-06,5.36e-07,1.17e-06,1.17e-06,"0.00432495","1","1","1","C","C","Y","S","F",1,1,1,0,0,0,0
"8064",8327,4112,4112,"t","t","c","c",0.00559338521400778,0.00559338521400778,0,0,0,0,0,0,0.00559338521400778,0.00559338521400778,0.00559338521400778,0.00559338521400778,"syn","stop","nonsyn",1.7e-05,1.07e-06,1.21e-06,1.21e-06,"0.00303930434782609","1","1","1","C","C","C","*","W",0,1,1,0,0,0,0
"8065",8328,4105,4105,"t","t","c","c",0.00925700365408039,0.00925700365408039,0.000730816077953715,0.000730816077953715,0.000730816077953715,0,0.000730816077953715,0,0.00998781973203411,0.00998781973203411,0.00998781973203411,0.00998781973203411,"nonsyn","nonsyn","nonsyn",1.7e-05,1.07e-06,1.21e-06,1.21e-06,"0.00183644736842105","0.00165568333333333","0.00146411666666667","1","C","C","R","S","G",1,1,0,1,0,0,0
"8066",8329,4114,4114,"g","g","a","a",0.00121536217792902,0.00121536217792902,0.000243072435585805,0.000243072435585805,0,0.000243072435585805,0,0.000243072435585805,0.00145843461351483,0.00145843461351483,0.00145843461351483,0.00145843461351483,"nonsyn","nonsyn","nonsyn",4.2e-06,5.36e-07,1.17e-06,1.17e-06,"0.00345576000000001","0.00481337999999999","1","0.00481337999999999","C","C","Y","S","F",1,1,1,0,0,0,0
"8067",8330,4046,4046,"t","t","c","c",0.00494315373208107,0.00494315373208107,0.00123578843302027,0.00123578843302027,0.000494315373208107,0.00074147305981216,0.000494315373208107,0.00074147305981216,0.00617894216510133,0.00617894216510133,0.00617894216510133,0.00617894216510133,"syn","stop","nonsyn",1.7e-05,1.07e-06,1.21e-06,1.21e-06,"0.0034391","0.000979131999999998","0.00216461","0.00163188666666667","C","C","C","*","W",0,1,1,1,0,0,0
"8068",8331,4037,4037,"g","g","a","a",0.00148625216745108,0.00148625216745108,0.000495417389150359,0.000495417389150359,0,0.000495417389150359,0,0.000495417389150359,0.00198166955660144,0.00198166955660144,0.00198166955660144,0.00198166955660144,"nonsyn","nonsyn","nonsyn",4.2e-06,5.36e-07,1.17e-06,1.17e-06,"0.00282589999999999","0.002361645","1","0.002361645","D","D","N","H","Y",1,1,1,0,0,0,0
"8069",8332,4074,4074,"a","a","g","g",0.00859106529209622,0.00859106529209622,0,0,0,0,0,0,0.00859106529209622,0.00859106529209622,0.00859106529209622,0.00859106529209622,"nonsyn","nonsyn","nonsyn",1.77e-05,1.76e-06,1.7e-06,1.7e-06,"0.00206028","1","1","1","D","D","G","A","V",1,1,1,0,0,0,0
"8070",8333,4068,4068,"c","c","t","t",0.000983284169124877,0.000983284169124877,0.000245821042281219,0.000245821042281219,0,0.000245821042281219,0,0.000245821042281219,0.0012291052114061,0.0012291052114061,0.0012291052114061,0.0012291052114061,"syn","nonsyn","nonsyn",4.58e-06,8.37e-07,4.33e-07,4.33e-07,"0.00465786","0.001761444","1","0.001761444","D","D","D","E","E",0,0,0,0,0,0,0
"8071",8334,4063,4063,"c","c","t","t",0.0315038149150874,0.0315038149150874,0.00073837066207236,0.00073837066207236,0.00049224710804824,0.00024612355402412,0.00049224710804824,0.00024612355402412,0.0322421855771597,0.0322421855771597,0.0322421855771597,0.0322421855771597,"syn","nonsyn","nonsyn",4.58e-06,8.37e-07,4.33e-07,4.33e-07,"0.00014537921875","0.000586426333333334","0.0017003655","0.001759279","L","L","L","M","V",0,0,0,0,1,0,1
"8072",8335,3979,3979,"t","t","c","c",0.00728826338275949,0.00728826338275949,0.00100527770796683,0.00100527770796683,0.00100527770796683,0,0.00100527770796683,0,0.00829354109072631,0.00829354109072631,0.00829354109072631,0.00829354109072631,"nonsyn","nonsyn","nonsyn",1.7e-05,1.07e-06,1.21e-06,1.21e-06,"0.00233251724137931","0.00120364749999999","0.0010643825","1","L","L","P","Q","R",1,1,1,1,1,0,1
"8073",8336,3930,3931,"g","g","a","a",0.00203562340966921,0.00203562340966921,0,0,0,0,0,0,0.00203562340966921,0.00203562340966921,0.0020351055711015,0.0020351055711015,"syn","syn","syn",4.2e-06,5.36e-07,1.17e-06,1.17e-06,"0.00206325","1","1","1","L","L","L","L","L",0,0,0,0,1,1,0
"8074",8337,3750,3750,"g","g","a","a",0.000533333333333333,0.000533333333333333,0.000533333333333333,0.000533333333333333,0.000266666666666667,0.000266666666666667,0.000266666666666667,0.000266666666666667,0.00106666666666667,0.00106666666666667,0.00106666666666667,0.00106666666666667,"nonsyn","nonsyn","nonsyn",4.2e-06,5.36e-07,1.17e-06,1.17e-06,"0.007875","0.00219375","0.00201","0.00438749999999999","D","D","N","H","Y",1,1,1,0,0,0,0
"8075",8338,3727,3728,"a","a","g","g",0.00482962167963509,0.00482962167963509,0.000536624631070566,0.000536624631070566,0.000268312315535283,0.000268312315535283,0.000268312315535283,0.000268312315535283,0.00536624631070566,0.00536624631070566,0.00536480686695279,0.00536480686695279,"nonsyn","nonsyn","nonsyn",1.77e-05,1.76e-06,1.7e-06,1.7e-06,"0.00366488333333334","0.00316795","0.00655952","0.0063359","D","D","G","A","V",1,1,1,0,0,0,0
"8076",8339,3728,3738,"c","c","t","t",0.0013412017167382,0.0013412017167382,0,0,0,0,0,0,0.0013412017167382,0.0013412017167382,0.00133761369716426,0.00133761369716426,"syn","nonsyn","nonsyn",4.58e-06,8.37e-07,4.33e-07,4.33e-07,"0.00341484799999999","1","1","1","D","D","D","E","E",0,0,0,0,0,0,0
"8077",8340,3737,3737,"c","c","t","t",0.00160556596200161,0.00160556596200161,0,0,0,0,0,0,0.00160556596200161,0.00160556596200161,0.00160556596200161,0.00160556596200161,"nonsyn","nonsyn","nonsyn",4.58e-06,8.37e-07,4.33e-07,4.33e-07,"0.00285257666666666","1","1","1","P","P","S","T","A",1,1,1,0,1,0,1
"8078",8341,3737,3737,"c","c","t","t",0.00160556596200161,0.00160556596200161,0.000535188654000535,0.000535188654000535,0.000535188654000535,0,0.000535188654000535,0,0.00214075461600214,0.00214075461600214,0.00214075461600214,0.00214075461600214,"nonsyn","nonsyn","nonsyn",4.58e-06,8.37e-07,4.33e-07,4.33e-07,"0.00285257666666666","0.0008090605","0.0015639345","1","P","P","L","H","R",1,1,1,0,1,0,1
"8079",8342,3708,3708,"c","c","t","t",0.00161812297734628,0.00161812297734628,0.00134843581445523,0.00134843581445523,0.00107874865156419,0.000269687162891046,0.00107874865156419,0.000269687162891046,0.00296655879180151,0.00296655879180151,0.00296655879180151,0.00296655879180151,"syn","syn","syn",4.58e-06,8.37e-07,4.33e-07,4.33e-07,"0.00283044","0.0003211128","0.000775898999999997","0.001605564","P","P","P","P","P",0,0,0,0,1,0,1
"8080",8343,3698,3698,"c","c","t","t",0.00162249864791779,0.00162249864791779,0.00108166576527853,0.00108166576527853,0.00108166576527853,0,0.00108166576527853,0,0.00270416441319632,0.00270416441319632,0.00270416441319632,0.00270416441319632,"stop","nonsyn","nonsyn",4.58e-06,8.37e-07,4.33e-07,4.33e-07,"0.00282280666666667","0.0004003085","0.000773806499999999","1","Q","Q","*","K","E",1,1,1,0,1,0,1
"8081",8344,3679,3679,"a","a","g","g",0.00244631693394944,0.00244631693394944,0.000543625985322098,0.000543625985322098,0.000271812992661049,0.000271812992661049,0.000271812992661049,0.000271812992661049,0.00298994291927154,0.00298994291927154,0.00298994291927154,0.00298994291927154,"nonsyn","nonsyn","nonsyn",1.77e-05,1.76e-06,1.7e-06,1.7e-06,"0.00723536666666668","0.00312715","0.00647504000000001","0.00625430000000001","Q","Q","R","P","L",1,1,1,1,0,0,0
"8082",8345,3665,3665,"g","a","a","g",0.000545702592087312,0.998635743519782,0.000818553888130969,0.000818553888130969,0,0.000818553888130969,0,0.000818553888130969,0.00136425648021828,0.999454297407913,0.00136425648021828,0.999454297407913,"syn","nonsyn","nonsyn",1.77e-05,1.76e-06,1.7e-06,1.7e-06,"1.77241803278688e-05","0.00207683333333333","1","0.00207683333333333","Q","Q","Q","H","H",0,1,1,0,1,1,0
"8083",8346,3636,3636,"g","g","a","a",0.00137513751375138,0.00137513751375138,0.000825082508250825,0.000825082508250825,0,0.000825082508250825,0,0.000825082508250825,0.0022002200220022,0.0022002200220022,0.0022002200220022,0.0022002200220022,"nonsyn","nonsyn","nonsyn",4.2e-06,5.36e-07,1.17e-06,1.17e-06,"0.00305423999999999","0.00141804","1","0.00141804","A","A","T","P","S",1,1,1,0,0,0,0
"8084",8347,3632,3632,"c","c","t","t",0.00220264317180617,0.00220264317180617,0.000275330396475771,0.000275330396475771,0,0.000275330396475771,0,0.000275330396475771,0.00247797356828194,0.00247797356828194,0.00247797356828194,0.00247797356828194,"nonsyn","nonsyn","nonsyn",4.58e-06,8.37e-07,4.33e-07,4.33e-07,"0.00207932","0.001572656","1","0.001572656","A","A","V","D","G",0,1,1,0,0,0,0
"8085",8348,3629,3629,"c","c","t","t",0.00192890603472031,0.00192890603472031,0,0,0,0,0,0,0.00192890603472031,0.00192890603472031,0.00192890603472031,0.00192890603472031,"syn","syn","syn",4.58e-06,8.37e-07,4.33e-07,4.33e-07,"0.00237440285714286","1","1","1","A","A","A","A","A",0,0,0,0,1,0,1
"8086",8349,3628,3628,"c","c","t","t",0.00496141124586549,0.00496141124586549,0.00165380374862183,0.00165380374862183,0.00165380374862183,0,0.00165380374862183,0,0.00661521499448732,0.00661521499448732,0.00661521499448732,0.00661521499448732,"nonsyn","nonsyn","nonsyn",4.58e-06,8.37e-07,4.33e-07,4.33e-07,"0.000923124444444445","0.000261820666666667","0.000506106","1","R","R","C","S","G",1,1,1,0,1,0,1
"8087",8350,3636,3636,"g","g","a","a",0.00247524752475248,0.00247524752475248,0.000275027502750275,0.000275027502750275,0,0.000275027502750275,0,0.000275027502750275,0.00275027502750275,0.00275027502750275,0.00275027502750275,0.00275027502750275,"nonsyn","nonsyn","nonsyn",4.2e-06,5.36e-07,1.17e-06,1.17e-06,"0.0016968","0.00425412","1","0.00425412","R","R","H","P","L",0,1,1,0,0,0,0
"8088",8351,3667,3667,"c","c","t","t",0.00354513226070357,0.00354513226070357,0.000545404963185165,0.000545404963185165,0.000545404963185165,0,0.000545404963185165,0,0.00409053722388874,0.00409053722388874,0.00409053722388874,0.00409053722388874,"syn","syn","syn",4.58e-06,8.37e-07,4.33e-07,4.33e-07,"0.00129191230769231","0.0007939055","0.0015346395","1","R","R","R","R","R",0,0,0,0,0,0,0
"8089",8352,3726,3727,"g","g","a","a",0.000805152979066023,0.000805152979066023,0.000268384326355341,0.000268384326355341,0.000268384326355341,0,0.000268384326355341,0,0.00107353730542136,0.00107353730542136,0.00107324926214113,0.00107324926214113,"nonsyn","nonsyn","nonsyn",4.2e-06,5.36e-07,1.17e-06,1.17e-06,"0.0052164","0.00435942","0.001997136","1","V","V","M","L","L",0,0,0,0,0,0,0
"8090",8353,3707,3708,"t","t","c","c",0.00269759913676828,0.00269759913676828,0.00593471810089021,0.00593471810089021,0.00566495818721338,0.000269759913676828,0.00566495818721338,0.000269759913676828,0.00863231723765848,0.00863231723765848,0.00862998921251348,0.00862998921251348,"nonsyn","nonsyn","nonsyn",1.7e-05,1.07e-06,1.21e-06,1.21e-06,"0.00630189999999999","0.000203885","0.000188880476190476","0.00448546999999999","V","V","A","E","G",0,1,1,1,0,0,0
"8091",8354,3714,3714,"g","g","a","a",0.00134625740441572,0.00134625740441572,0,0,0,0,0,0,0.00134625740441572,0.00134625740441572,0.00134625740441572,0.00134625740441572,"syn","syn","syn",4.2e-06,5.36e-07,1.17e-06,1.17e-06,"0.00311976000000001","1","1","1","V","V","V","V","V",0,0,0,0,1,1,0
"8092",8355,3713,3713,"g","g","a","a",0.00242391597091301,0.00242391597091301,0,0,0,0,0,0,0.00242391597091301,0.00242391597091301,0.00242391597091301,0.00242391597091301,"nonsyn","nonsyn","nonsyn",4.2e-06,5.36e-07,1.17e-06,1.17e-06,"0.00173273333333333","1","1","1","A","A","T","P","S",1,1,1,0,0,0,0
"8093",8356,3715,3715,"c","c","t","t",0.00269179004037685,0.00269179004037685,0.00053835800807537,0.00053835800807537,0.00053835800807537,0,0.00053835800807537,0,0.00323014804845222,0.00323014804845222,0.00323014804845222,0.00323014804845222,"nonsyn","nonsyn","nonsyn",4.58e-06,8.37e-07,4.33e-07,4.33e-07,"0.00170147","0.0008042975","0.0015547275","1","A","A","V","D","G",0,1,1,0,0,0,0
"8094",8357,3735,3736,"c","c","t","t",0.0037483266398929,0.0037483266398929,0.000535475234270415,0.000535475234270415,0.000267737617135208,0.000267737617135208,0.000267737617135208,0.000267737617135208,0.00428380187416332,0.00428380187416332,0.00428265524625268,0.00428265524625268,"syn","syn","syn",4.58e-06,8.37e-07,4.33e-07,4.33e-07,"0.00122187857142857","0.0008086275","0.00312619499999999","0.001617255","A","A","A","A","A",0,0,0,0,1,0,1
"8095",8358,3757,3757,"a","a","g","g",0.00372637742879957,0.00372637742879957,0.00079850944902848,0.00079850944902848,0.000532339632685653,0.000266169816342827,0.000532339632685653,0.000266169816342827,0.00452488687782805,0.00452488687782805,0.00452488687782805,0.00452488687782805,"nonsyn","nonsyn","nonsyn",1.77e-05,1.76e-06,1.7e-06,1.7e-06,"0.00474992142857143","0.00212896666666667","0.00330616","0.00638689999999999","I","I","V","L","F",0,0,0,1,0,0,0
"8096",8359,3672,3672,"t","t","c","c",0.00190631808278867,0.00190631808278867,0.000544662309368192,0.000544662309368192,0,0.000544662309368192,0,0.000544662309368192,0.00245098039215686,0.00245098039215686,0.00245098039215686,0.00245098039215686,"nonsyn","nonsyn","nonsyn",1.7e-05,1.07e-06,1.21e-06,1.21e-06,"0.00891771428571429","0.00222156","1","0.00222156","I","I","T","N","S",1,1,1,0,0,0,0
"8097",8360,3692,3692,"t","c","c","t",0.0148970747562297,0.98510292524377,0,0,0,0,0,0,0.0148970747562297,0.98510292524377,0.0148970747562297,0.98510292524377,"syn","syn","nonsyn",4.58e-06,8.37e-07,4.33e-07,4.33e-07,"4.6492603794336e-06","1","1","1","I","I","I","I","M",0,0,0,0,0,0,0
"8098",8361,3679,3679,"a","a","g","g",0.00135906496330525,0.00135906496330525,0.000271812992661049,0.000271812992661049,0,0.000271812992661049,0,0.000271812992661049,0.0016308779559663,0.0016308779559663,0.0016308779559663,0.0016308779559663,"nonsyn","nonsyn","stop",1.77e-05,1.76e-06,1.7e-06,1.7e-06,"0.01302366","0.00625430000000001","1","0.00625430000000001","K","K","E","Q","*",1,1,1,1,0,0,0
"8099",8362,3657,3657,"a","a","g","g",0.00136724090784796,0.00136724090784796,0.000273448181569593,0.000273448181569593,0,0.000273448181569593,0,0.000273448181569593,0.00164068908941756,0.00164068908941756,0.00164068908941756,0.00164068908941756,"nonsyn","nonsyn","nonsyn",1.77e-05,1.76e-06,1.7e-06,1.7e-06,"0.01294578","0.00621689999999999","1","0.00621689999999999","K","K","R","T","M",0,1,1,0,1,1,0
"8100",8363,3570,3570,"g","g","a","a",0.000280112044817927,0.000280112044817927,0,0,0,0,0,0,0.000280112044817927,0.000280112044817927,0.000280112044817927,0.000280112044817927,"syn","nonsyn","nonsyn",4.2e-06,5.36e-07,1.17e-06,1.17e-06,"0.014994","1","1","1","K","K","K","N","N",0,1,1,0,0,0,0
"8101",8364,3524,3524,"t","t","c","c",0.00283768444948922,0.00283768444948922,0.000283768444948922,0.000283768444948922,0.000283768444948922,0,0.000283768444948922,0,0.00312145289443814,0.00312145289443814,0.00312145289443814,0.00312145289443814,"nonsyn","nonsyn","nonsyn",1.7e-05,1.07e-06,1.21e-06,1.21e-06,"0.00599079999999999","0.00426404","0.00377068","1","S","S","P","T","A",1,0,1,0,0,0,0
"8102",8365,3533,3534,"c","c","t","t",0.00198131899235777,0.00198131899235777,0.000849136711010473,0.000849136711010473,0.000849136711010473,0,0.000849136711010473,0,0.00283045570336824,0.00283045570336824,0.00282965478211658,0.00282965478211658,"nonsyn","nonsyn","nonsyn",4.58e-06,8.37e-07,4.33e-07,4.33e-07,"0.00231159142857143","0.000509929666666667","0.000985707","1","S","S","F","Y","C",1,1,1,0,0,0,0
"8103",8366,3530,3530,"c","c","t","t",0.00084985835694051,0.00084985835694051,0.00028328611898017,0.00028328611898017,0.00028328611898017,0,0.00028328611898017,0,0.00113314447592068,0.00113314447592068,0.00113314447592068,0.00113314447592068,"syn","syn","syn",4.58e-06,8.37e-07,4.33e-07,4.33e-07,"0.00538913333333333","0.00152849","0.00295461","1","S","S","S","S","S",0,0,0,0,1,0,1
"8104",8367,3524,3524,"c","c","t","t",0.00170261066969353,0.00170261066969353,0,0,0,0,0,0,0.00170261066969353,0.00170261066969353,0.00170261066969353,0.00170261066969353,"nonsyn","nonsyn","nonsyn",4.58e-06,8.37e-07,4.33e-07,4.33e-07,"0.00268998666666667","1","1","1","L","L","F","I","V",0,0,0,0,1,0,1
"8105",8368,3484,3484,"t","t","c","c",0.00315729047072331,0.00315729047072331,0.000861079219288174,0.000861079219288174,0.000574052812858783,0.000287026406429392,0.000574052812858783,0.000287026406429392,0.00401836969001148,0.00401836969001148,0.00401836969001148,0.00401836969001148,"nonsyn","nonsyn","nonsyn",1.7e-05,1.07e-06,1.21e-06,1.21e-06,"0.00538436363636363","0.00140521333333333","0.00186394","0.00421563999999999","L","L","P","H","R",1,1,1,0,1,0,1
"8106",8369,3487,3487,"c","c","t","t",0.000573558933180384,0.000573558933180384,0.000286779466590192,0.000286779466590192,0.000286779466590192,0,0.000286779466590192,0,0.000860338399770576,0.000860338399770576,0.000860338399770576,0.000860338399770576,"syn","syn","syn",4.58e-06,8.37e-07,4.33e-07,4.33e-07,"0.00798523","0.001509871","0.002918619","1","L","L","L","L","L",0,0,0,0,0,0,0
"8107",8370,3475,3475,"a","a","g","g",0.00402877697841727,0.00402877697841727,0.000287769784172662,0.000287769784172662,0,0.000287769784172662,0,0.000287769784172662,0.00431654676258993,0.00431654676258993,0.00431654676258993,0.00431654676258993,"nonsyn","nonsyn","nonsyn",1.77e-05,1.76e-06,1.7e-06,1.7e-06,"0.00439339285714285","0.0059075","1","0.0059075","T","T","A","P","S",1,1,0,1,0,0,0
"8108",8371,3524,3524,"c","c","t","t",0.00170261066969353,0.00170261066969353,0,0,0,0,0,0,0.00170261066969353,0.00170261066969353,0.00170261066969353,0.00170261066969353,"nonsyn","nonsyn","nonsyn",4.58e-06,8.37e-07,4.33e-07,4.33e-07,"0.00268998666666667","1","1","1","T","T","I","N","S",1,0,0,0,0,0,0
"8109",8372,3523,3523,"c","t","t","c",0.00198694294635254,0.996877661084303,0.00113539596934431,0.00113539596934431,0.000851546977008232,0.000283848992336077,0.000851546977008232,0.000283848992336077,0.00312233891569685,0.998013057053648,0.00312233891569685,0.998013057053648,"syn","syn","syn",1.7e-05,1.07e-06,1.21e-06,1.21e-06,"1.70532460136674e-05","0.0010657075","0.00125653666666667","0.00426283","T","T","T","T","T",0,0,0,1,1,0,1
"8110",8373,3520,3521,"g","g","a","a",0.000852272727272727,0.000852272727272727,0,0,0,0,0,0,0.000852272727272727,0.000852272727272727,0.000852030673104232,0.000852030673104232,"nonsyn","nonsyn","stop",4.2e-06,5.36e-07,1.17e-06,1.17e-06,"0.004928","1","1","1","E","E","K","Q","*",1,1,1,0,0,0,0
"8111",8374,3483,3484,"a","a","g","g",0.00258397932816537,0.00258397932816537,0.000861326442721792,0.000861326442721792,0.000287108814240597,0.000574217628481194,0.000287108814240597,0.000574217628481194,0.00344530577088717,0.00344530577088717,0.0034443168771527,0.0034443168771527,"nonsyn","nonsyn","nonsyn",1.77e-05,1.76e-06,1.7e-06,1.7e-06,"0.00684990000000001","0.0019737","0.00613008","0.00296055","E","E","G","A","V",1,1,1,0,1,1,0
"8112",8375,3501,3501,"g","g","a","a",0.00114253070551271,0.00114253070551271,0.000285632676378178,0.000285632676378178,0,0.000285632676378178,0,0.000285632676378178,0.00142816338189089,0.00142816338189089,0.00142816338189089,0.00142816338189089,"syn","nonsyn","nonsyn",4.2e-06,5.36e-07,1.17e-06,1.17e-06,"0.00367605","0.00409617","1","0.00409617","E","E","E","D","D",0,0,0,0,0,0,0
"8113",8376,3483,3483,"a","a","g","g",0.00717772035601493,0.00717772035601493,0.00143554407120299,0.00143554407120299,0,0.00143554407120299,0,0.00143554407120299,0.00861326442721792,0.00861326442721792,0.00861326442721792,0.00861326442721792,"nonsyn","syn","nonsyn",1.77e-05,1.76e-06,1.7e-06,1.7e-06,"0.002465964","0.00118422","1","0.00118422","R","R","G","R","W",1,0,1,0,1,1,0
"8114",8377,3494,3494,"g","g","a","a",0.000572409845449342,0.000572409845449342,0.000572409845449342,0.000572409845449342,0.000286204922724671,0.000286204922724671,0.000286204922724671,0.000286204922724671,0.00114481969089868,0.00114481969089868,0.00114481969089868,0.00114481969089868,"nonsyn","nonsyn","nonsyn",4.2e-06,5.36e-07,1.17e-06,1.17e-06,"0.0073374","0.00204399","0.001872784","0.00408798","R","R","K","T","M",0,1,1,0,1,1,0
"8115",8378,3506,3506,"g","g","a","a",0.000570450656018254,0.000570450656018254,0.000285225328009127,0.000285225328009127,0,0.000285225328009127,0,0.000285225328009127,0.000855675984027382,0.000855675984027382,0.000855675984027382,0.000855675984027382,"syn","nonsyn","nonsyn",4.2e-06,5.36e-07,1.17e-06,1.17e-06,"0.00736260000000001","0.00410202","1","0.00410202","R","R","R","S","S",0,1,1,0,0,0,0
"8116",8379,3519,3519,"c","c","t","t",0.00170502983802217,0.00170502983802217,0.000284171639670361,0.000284171639670361,0.000284171639670361,0,0.000284171639670361,0,0.00198920147769253,0.00198920147769253,0.00198920147769253,0.00198920147769253,"nonsyn","nonsyn","nonsyn",4.58e-06,8.37e-07,4.33e-07,4.33e-07,"0.00268616999999999","0.001523727","0.002945403","1","L","L","F","I","V",0,0,0,0,0,0,0
"8117",8380,3519,3521,"t","t","c","c",0.00426257459505541,0.00426257459505541,0.000284171639670361,0.000284171639670361,0.000284171639670361,0,0.000284171639670361,0,0.00454674623472577,0.00454674623472577,0.00454416358988924,0.00454416358988924,"nonsyn","nonsyn","nonsyn",1.7e-05,1.07e-06,1.21e-06,1.21e-06,"0.0039882","0.00425799","0.00376533","1","L","L","P","H","R",1,1,1,0,1,0,1
"8118",8381,3493,3493,"t","t","c","c",0.00200400801603206,0.00200400801603206,0.000286286859433152,0.000286286859433152,0.000286286859433152,0,0.000286286859433152,0,0.00229029487546522,0.00229029487546522,0.00229029487546522,0.00229029487546522,"syn","syn","syn",1.7e-05,1.07e-06,1.21e-06,1.21e-06,"0.00848300000000002","0.00422653","0.00373751","1","L","L","L","L","L",0,0,0,0,0,0,0
"8119",8382,3421,3421,"t","t","c","c",0.00263080970476469,0.00263080970476469,0.000584624378836597,0.000584624378836597,0.000584624378836597,0,0.000584624378836597,0,0.00321543408360129,0.00321543408360129,0.00321543408360129,0.00321543408360129,"nonsyn","nonsyn","nonsyn",1.7e-05,1.07e-06,1.21e-06,1.21e-06,"0.00646188888888889","0.002069705","0.001830235","1","Y","Y","H","N","D",1,1,1,0,0,0,0
"8120",8383,3450,3450,"a","a","g","g",0.000869565217391304,0.000869565217391304,0.000289855072463768,0.000289855072463768,0,0.000289855072463768,0,0.000289855072463768,0.00115942028985507,0.00115942028985507,0.00115942028985507,0.00115942028985507,"nonsyn","nonsyn","nonsyn",1.77e-05,1.76e-06,1.7e-06,1.7e-06,"0.020355","0.005865","1","0.005865","Y","Y","C","S","F",1,1,0,0,0,0,0
"8121",8384,3207,3207,"t","t","c","c",0.00124727159338946,0.00124727159338946,0,0,0,0,0,0,0.00124727159338946,0.00124727159338946,0.00124727159338946,0.00124727159338946,"syn","stop","stop",1.7e-05,1.07e-06,1.21e-06,1.21e-06,"0.01362975","1","1","1","Y","Y","Y","*","*",0,1,1,1,0,0,0
"8122",8385,3206,3207,"g","g","a","a",0.000623830318153462,0.000623830318153462,0,0,0,0,0,0,0.000623830318153462,0.000623830318153462,0.00062363579669473,0.00062363579669473,"nonsyn","nonsyn","nonsyn",4.2e-06,5.36e-07,1.17e-06,1.17e-06,"0.0067326","1","1","1","V","V","I","L","F",0,0,0,0,0,0,0
"8123",8386,3165,3165,"t","t","c","c",0.000947867298578199,0.000947867298578199,0.000315955766192733,0.000315955766192733,0.000315955766192733,0,0.000315955766192733,0,0.00126382306477093,0.00126382306477093,0.00126382306477093,0.00126382306477093,"nonsyn","nonsyn","nonsyn",1.7e-05,1.07e-06,1.21e-06,1.21e-06,"0.017935","0.00382965","0.00338655","1","V","V","A","D","G",0,1,1,0,0,0,0
"8124",8387,3169,3171,"t","t","c","c",0.00189334174818555,0.00189334174818555,0.0343957084253708,0.0343957084253708,0.000631113916061849,0.0337645945093089,0.000631113916061849,0.0337645945093089,0.0362890501735563,0.0362890501735563,0.0362661620939767,0.0362661620939767,"syn","syn","syn",1.7e-05,1.07e-06,1.21e-06,1.21e-06,"0.00897883333333332","3.51788073394495e-05","0.001695415","3.58363551401869e-05","V","V","V","V","V",0,0,0,1,0,0,0
"8125",8388,3173,3191,"g","g","a","a",0.00252127324298771,0.00252127324298771,0.000630318310746927,0.000630318310746927,0,0.000630318310746927,0,0.000630318310746927,0.00315159155373464,0.00315159155373464,0.00313381385145722,0.00313381385145722,"nonsyn","nonsyn","nonsyn",4.2e-06,5.36e-07,1.17e-06,1.17e-06,"0.001665825","0.001856205","1","0.001856205","G","G","R","R","W",1,1,1,0,1,1,0
"8126",8389,3185,3185,"g","g","a","a",0.000313971742543171,0.000313971742543171,0,0,0,0,0,0,0.000313971742543171,0.000313971742543171,0.000313971742543171,0.000313971742543171,"nonsyn","nonsyn","nonsyn",4.2e-06,5.36e-07,1.17e-06,1.17e-06,"0.013377","1","1","1","G","G","E","A","V",1,1,1,0,1,1,0
"8127",8390,3165,3165,"g","g","a","a",0.00221169036334913,0.00221169036334913,0.000315955766192733,0.000315955766192733,0,0.000315955766192733,0,0.000315955766192733,0.00252764612954186,0.00252764612954186,0.00252764612954186,0.00252764612954186,"syn","syn","syn",4.2e-06,5.36e-07,1.17e-06,1.17e-06,"0.001899","0.00370305","1","0.00370305","G","G","G","G","G",0,0,0,0,1,1,0
"8128",8391,3096,3096,"g","g","a","a",0.00129198966408269,0.00129198966408269,0.000322997416020672,0.000322997416020672,0,0.000322997416020672,0,0.000322997416020672,0.00161498708010336,0.00161498708010336,0.00161498708010336,0.00161498708010336,"nonsyn","nonsyn","nonsyn",4.2e-06,5.36e-07,1.17e-06,1.17e-06,"0.00325079999999999","0.00362232","1","0.00362232","G","G","S","R","C",1,1,0,0,1,1,0
"8129",8392,3091,3091,"g","g","a","a",0.000647039792947266,0.000647039792947266,0,0,0,0,0,0,0.000647039792947266,0.000647039792947266,0.000647039792947266,0.000647039792947266,"nonsyn","nonsyn","nonsyn",4.2e-06,5.36e-07,1.17e-06,1.17e-06,"0.0064911","1","1","1","G","G","D","A","V",1,1,1,0,0,0,0
"8130",8393,3069,3069,"t","c","c","t",0.00456174649723037,0.995112414467253,0.000325839035516455,0.000325839035516455,0.000325839035516455,0,0.000325839035516455,0,0.00488758553274682,0.99543825350277,0.00488758553274682,0.99543825350277,"syn","syn","syn",4.58e-06,8.37e-07,4.33e-07,4.33e-07,"4.60249508840865e-06","0.001328877","0.002568753","1","G","G","G","G","G",0,0,0,0,0,0,0
"8131",8394,3086,3086,"c","c","t","t",0.00129617627997408,0.00129617627997408,0,0,0,0,0,0,0.00129617627997408,0.00129617627997408,0.00129617627997408,0.00129617627997408,"nonsyn","nonsyn","nonsyn",4.58e-06,8.37e-07,4.33e-07,4.33e-07,"0.00353346999999999","1","1","1","P","P","S","T","A",1,1,1,0,1,0,1
"8132",8395,3224,3224,"c","c","t","t",0.00155086848635236,0.00155086848635236,0,0,0,0,0,0,0.00155086848635236,0.00155086848635236,0.00155086848635236,0.00155086848635236,"nonsyn","nonsyn","nonsyn",4.58e-06,8.37e-07,4.33e-07,4.33e-07,"0.00295318399999999","1","1","1","P","P","L","H","R",1,1,1,0,1,0,1
"8133",8396,3272,3272,"t","t","c","c",0.00397310513447433,0.00397310513447433,0,0,0,0,0,0,0.00397310513447433,0.00397310513447433,0.00397310513447433,0.00397310513447433,"syn","syn","syn",1.7e-05,1.07e-06,1.21e-06,1.21e-06,"0.00427876923076923","1","1","1","P","P","P","P","P",0,0,0,0,1,0,1
"8134",8397,3281,3281,"c","c","t","t",0.00121914050594331,0.00121914050594331,0.000304785126485827,0.000304785126485827,0.000304785126485827,0,0.000304785126485827,0,0.00152392563242914,0.00152392563242914,0.00152392563242914,0.00152392563242914,"nonsyn","nonsyn","nonsyn",4.58e-06,8.37e-07,4.33e-07,4.33e-07,"0.003756745","0.001420673","0.002746197","1","L","L","F","I","V",0,0,0,0,0,0,0
"8135",8398,3245,3246,"t","t","c","c",0.0012326656394453,0.0012326656394453,0.000924499229583975,0.000924499229583975,0.000308166409861325,0.00061633281972265,0.000308166409861325,0.00061633281972265,0.00215716486902928,0.00215716486902928,0.00215650030807147,0.00215650030807147,"nonsyn","nonsyn","nonsyn",1.7e-05,1.07e-06,1.21e-06,1.21e-06,"0.01379125","0.00130881666666667","0.00347215","0.001963225","L","L","P","H","R",1,1,1,0,1,0,1
"8136",8399,3286,3286,"t","t","c","c",0.00182592818015825,0.00182592818015825,0.000608642726719416,0.000608642726719416,0.000608642726719416,0,0.000608642726719416,0,0.00243457090687766,0.00243457090687766,0.00243457090687766,0.00243457090687766,"syn","syn","syn",1.7e-05,1.07e-06,1.21e-06,1.21e-06,"0.00931033333333332","0.00198803","0.00175801","1","L","L","L","L","L",0,0,0,0,0,0,0
"8137",8400,3263,3263,"a","a","g","g",0.0033711308611707,0.0033711308611707,0,0,0,0,0,0,0.0033711308611707,0.0033711308611707,0.0033711308611707,0.0033711308611707,"nonsyn","nonsyn","nonsyn",1.77e-05,1.76e-06,1.7e-06,1.7e-06,"0.00525046363636364","1","1","1","T","T","A","P","S",1,1,0,0,0,0,0
"8138",8401,3308,3308,"c","c","t","t",0.00060459492140266,0.00060459492140266,0,0,0,0,0,0,0.00060459492140266,0.00060459492140266,0.00060459492140266,0.00060459492140266,"nonsyn","nonsyn","nonsyn",4.58e-06,8.37e-07,4.33e-07,4.33e-07,"0.00757532","1","1","1","T","T","I","N","S",1,0,0,0,0,0,0
"8139",8402,3319,3319,"c","c","t","t",0.00120518228382043,0.00120518228382043,0,0,0,0,0,0,0.00120518228382043,0.00120518228382043,0.00120518228382043,0.00120518228382043,"syn","syn","syn",4.58e-06,8.37e-07,4.33e-07,4.33e-07,"0.00380025499999999","1","1","1","T","T","T","T","T",0,0,0,0,1,0,1
"8140",8403,3298,3298,"a","a","g","g",0.00212249848392965,0.00212249848392965,0,0,0,0,0,0,0.00212249848392965,0.00212249848392965,0.00212249848392965,0.00212249848392965,"nonsyn","nonsyn","nonsyn",1.77e-05,1.76e-06,1.7e-06,1.7e-06,"0.00833922857142859","1","1","1","N","N","D","H","Y",1,1,1,1,0,0,0
"8141",8404,3305,3305,"a","a","g","g",0.00181543116490166,0.00181543116490166,0,0,0,0,0,0,0.00181543116490166,0.00181543116490166,0.00181543116490166,0.00181543116490166,"nonsyn","nonsyn","nonsyn",1.77e-05,1.76e-06,1.7e-06,1.7e-06,"0.00974975000000002","1","1","1","N","N","S","T","I",0,0,1,0,0,0,0
"8142",8405,3301,3301,"t","t","c","c",0.00121175401393517,0.00121175401393517,0,0,0,0,0,0,0.00121175401393517,0.00121175401393517,0.00121175401393517,0.00121175401393517,"syn","nonsyn","nonsyn",1.7e-05,1.07e-06,1.21e-06,1.21e-06,"0.01402925","1","1","1","N","N","N","K","K",0,1,1,0,0,0,0
"8143",8406,3290,3290,"t","t","c","c",0.00243161094224924,0.00243161094224924,0,0,0,0,0,0,0.00243161094224924,0.00243161094224924,0.00243161094224924,0.00243161094224924,"nonsyn","nonsyn","nonsyn",1.7e-05,1.07e-06,1.21e-06,1.21e-06,"0.00699125","1","1","1","S","S","P","T","A",1,0,1,0,0,0,0
"8144",8407,3285,3285,"c","c","t","t",0,0,0,0,0,0,0,0,0,0,0,0,"nonsyn","stop","stop",4.58e-06,8.37e-07,4.33e-07,4.33e-07,"1","1","1","1","S","S","L","*","*",1,1,1,0,0,0,0
"8145",8408,3202,3243,"a","a","g","g",0.00249843847595253,0.00249843847595253,0,0,0,0,0,0,0.00249843847595253,0.00249843847595253,0.00246685168054271,0.00246685168054271,"syn","syn","syn",1.77e-05,1.76e-06,1.7e-06,1.7e-06,"0.007084425","1","1","1","S","S","S","S","S",0,0,0,1,0,0,0
"8146",8409,3155,3160,"a","a","g","g",0.00221870047543582,0.00221870047543582,0.00063391442155309,0.00063391442155309,0,0.00063391442155309,0,0.00063391442155309,0.00285261489698891,0.00285261489698891,0.00284810126582278,0.00284810126582278,"nonsyn","syn","nonsyn",1.77e-05,1.76e-06,1.7e-06,1.7e-06,"0.00797764285714284","0.00268175","1","0.00268175","R","R","G","R","W",1,0,1,0,1,1,0
"8147",8410,3147,3161,"g","g","a","a",0.000953288846520496,0.000953288846520496,0.000635525897680331,0.000635525897680331,0,0.000635525897680331,0,0.000635525897680331,0.00158881474420083,0.00158881474420083,0.00158177791838026,0.00158177791838026,"nonsyn","nonsyn","nonsyn",4.2e-06,5.36e-07,1.17e-06,1.17e-06,"0.0044058","0.001840995","1","0.001840995","R","R","K","T","M",0,1,1,0,1,1,0
"8148",8411,3157,3157,"g","g","a","a",0.00158378207158695,0.00158378207158695,0.00031675641431739,0.00031675641431739,0,0.00031675641431739,0,0.00031675641431739,0.00190053848590434,0.00190053848590434,0.00190053848590434,0.00190053848590434,"syn","nonsyn","nonsyn",4.2e-06,5.36e-07,1.17e-06,1.17e-06,"0.00265188","0.00369369","1","0.00369369","R","R","R","S","S",0,1,1,0,1,1,0
"8149",8412,3145,3145,"g","g","a","a",0.000317965023847377,0.000317965023847377,0.000635930047694754,0.000635930047694754,0,0.000635930047694754,0,0.000635930047694754,0.00095389507154213,0.00095389507154213,0.00095389507154213,0.00095389507154213,"nonsyn","nonsyn","nonsyn",4.2e-06,5.36e-07,1.17e-06,1.17e-06,"0.013209","0.001839825","1","0.001839825","G","G","R","R","W",1,1,1,0,1,1,0
"8150",8413,3138,3138,"g","g","a","a",0.00159337157425112,0.00159337157425112,0.000318674314850223,0.000318674314850223,0.000318674314850223,0,0.000318674314850223,0,0.00191204588910134,0.00191204588910134,0.00191204588910134,0.00191204588910134,"nonsyn","nonsyn","nonsyn",4.2e-06,5.36e-07,1.17e-06,1.17e-06,"0.00263591999999999","0.00367146","0.001681968","1","G","G","E","A","V",1,1,1,0,1,1,0
"8151",8414,3129,3129,"g","g","a","a",0.00127836369447108,0.00127836369447108,0.000319590923617769,0.000319590923617769,0,0.000319590923617769,0,0.000319590923617769,0.00159795461808885,0.00159795461808885,0.00159795461808885,0.00159795461808885,"syn","syn","syn",4.2e-06,5.36e-07,1.17e-06,1.17e-06,"0.00328544999999999","0.00366093","1","0.00366093","G","G","G","G","G",0,0,0,0,1,1,0
"8152",8415,3114,3115,"g","g","a","a",0.00128452151573539,0.00128452151573539,0.000963391136801541,0.000963391136801541,0,0.000963391136801541,0,0.000963391136801541,0.00224791265253693,0.00224791265253693,0.00224719101123596,0.00224719101123596,"nonsyn","nonsyn","stop",4.2e-06,5.36e-07,1.17e-06,1.17e-06,"0.0032697","0.00121446","1","0.00121446","E","E","K","Q","*",1,1,1,0,0,0,0
"8153",8416,3090,3094,"a","a","g","g",0.0174757281553398,0.0174757281553398,0.000970873786407767,0.000970873786407767,0.000323624595469256,0.000647249190938511,0.000323624595469256,0.000647249190938511,0.0184466019417476,0.0184466019417476,0.0184227537168714,0.0184227537168714,"nonsyn","nonsyn","nonsyn",1.77e-05,1.76e-06,1.7e-06,1.7e-06,"0.00101283333333333","0.001751","0.0054384","0.0026265","E","E","G","A","V",1,1,1,0,0,0,0
"8154",8417,3090,3090,"g","a","a","g",0,0.999352750809061,0.000647249190938511,0.000647249190938511,0,0.000647249190938511,0,0.000647249190938511,0.000647249190938511,1,0.000647249190938511,1,"syn","nonsyn","nonsyn",1.77e-05,1.76e-06,1.7e-06,1.7e-06,"1.771146373057e-05","0.0026265","1","0.0026265","E","E","E","D","D",0,0,0,0,0,0,0
"8155",8418,3087,3087,"a","a","g","g",0.00421120829284095,0.00421120829284095,0.000647878198898607,0.000647878198898607,0,0.000647878198898607,0,0.000647878198898607,0.00485908649173955,0.00485908649173955,0.00485908649173955,0.00485908649173955,"nonsyn","nonsyn","nonsyn",1.77e-05,1.76e-06,1.7e-06,1.7e-06,"0.00420306923076923","0.00262395","1","0.00262395","N","N","D","H","Y",1,1,1,0,0,0,0
"8156",8419,3072,3072,"a","a","g","g",0.00423177083333333,0.00423177083333333,0,0,0,0,0,0,0.00423177083333333,0.00423177083333333,0.00423177083333333,0.00423177083333333,"nonsyn","nonsyn","nonsyn",1.77e-05,1.76e-06,1.7e-06,1.7e-06,"0.00418264615384616","1","1","1","N","N","S","T","I",0,0,1,0,0,0,0
"8157",8420,3073,3073,"c","c","t","t",0.00130165961601041,0.00130165961601041,0.000325414904002603,0.000325414904002603,0.000325414904002603,0,0.000325414904002603,0,0.00162707452001302,0.00162707452001302,0.00162707452001302,0.00162707452001302,"syn","nonsyn","nonsyn",4.58e-06,8.37e-07,4.33e-07,4.33e-07,"0.00351858500000001","0.001330609","0.002572101","1","N","N","N","K","K",0,1,1,0,0,0,0
"8158",8421,3070,3070,"t","t","c","c",0.00195439739413681,0.00195439739413681,0.00195439739413681,0.00195439739413681,0.00162866449511401,0.000325732899022801,0.00162866449511401,0.000325732899022801,0.00390879478827362,0.00390879478827362,0.00390879478827362,0.00390879478827362,"nonsyn","nonsyn","nonsyn",1.7e-05,1.07e-06,1.21e-06,1.21e-06,"0.00869833333333332","0.000619116666666666","0.000656979999999999","0.0037147","C","C","R","S","G",1,1,0,1,1,0,1
"8159",8422,3072,3072,"g","g","a","a",0.000651041666666667,0.000651041666666667,0.000651041666666667,0.000651041666666667,0,0.000651041666666667,0,0.000651041666666667,0.00130208333333333,0.00130208333333333,0.00130208333333333,0.00130208333333333,"nonsyn","nonsyn","nonsyn",4.2e-06,5.36e-07,1.17e-06,1.17e-06,"0.0064512","0.00179712","1","0.00179712","C","C","Y","S","F",1,1,1,0,0,0,0
"8160",8423,3071,3071,"c","c","t","t",0.00130250732660371,0.00130250732660371,0.000651253663301856,0.000651253663301856,0.000325626831650928,0.000325626831650928,0.000325626831650928,0.000325626831650928,0.00195376098990557,0.00195376098990557,0.00195376098990557,0.00195376098990557,"syn","stop","nonsyn",4.58e-06,8.37e-07,4.33e-07,4.33e-07,"0.00351629500000001","0.0006648715","0.002570427","0.001329743","C","C","C","*","W",0,1,1,0,0,0,0
"8161",8424,3068,3068,"g","g","a","a",0.00358539765319426,0.00358539765319426,0.000651890482398957,0.000651890482398957,0,0.000651890482398957,0,0.000651890482398957,0.00423728813559322,0.00423728813559322,0.00423728813559322,0.00423728813559322,"nonsyn","nonsyn","nonsyn",4.2e-06,5.36e-07,1.17e-06,1.17e-06,"0.00117141818181818","0.00179478","1","0.00179478","G","G","S","R","C",1,1,0,0,1,1,0
"8162",8425,3031,3031,"g","g","a","a",0.00428901352688882,0.00428901352688882,0,0,0,0,0,0,0.00428901352688882,0.00428901352688882,0.00428901352688882,0.00428901352688882,"nonsyn","nonsyn","nonsyn",4.2e-06,5.36e-07,1.17e-06,1.17e-06,"0.000979246153846153","1","1","1","G","G","D","A","V",1,1,1,0,0,0,0
"8163",8426,2958,2958,"c","c","t","t",0.00202839756592292,0.00202839756592292,0.000676132521974307,0.000676132521974307,0.000676132521974307,0,0.000676132521974307,0,0.00270453008789723,0.00270453008789723,0.00270453008789723,0.00270453008789723,"syn","syn","syn",4.58e-06,8.37e-07,4.33e-07,4.33e-07,"0.00225794","0.000640407","0.001237923","1","G","G","G","G","G",0,0,0,0,0,0,0
"8164",8427,2851,2851,"t","t","c","c",0.00596282006313574,0.00596282006313574,0.000701508242721852,0.000701508242721852,0.000701508242721852,0,0.000701508242721852,0,0.00666432830585759,0.00666432830585759,0.00666432830585759,0.00666432830585759,"nonsyn","nonsyn","nonsyn",1.7e-05,1.07e-06,1.21e-06,1.21e-06,"0.002851","0.001724855","0.001525285","1","Y","Y","H","N","D",1,1,1,0,1,0,1
"8165",8428,2849,2849,"a","a","g","g",0.000702000702000702,0.000702000702000702,0,0,0,0,0,0,0.000702000702000702,0.000702000702000702,0.000702000702000702,0.000702000702000702,"nonsyn","nonsyn","nonsyn",1.77e-05,1.76e-06,1.7e-06,1.7e-06,"0.02521365","1","1","1","Y","Y","C","S","F",1,1,0,0,0,0,0
"8166",8429,2866,2866,"t","c","c","t",0.0052337752965806,0.994417306350314,0.000348918353105373,0.000348918353105373,0.000348918353105373,0,0.000348918353105373,0,0.00558269364968597,0.994766224703419,0.00558269364968597,0.994766224703419,"syn","stop","stop",4.58e-06,8.37e-07,4.33e-07,4.33e-07,"4.60571228070175e-06","0.001240978","0.002398842","1","Y","Y","Y","*","*",0,1,1,0,0,0,0
"8167",8430,2868,2868,"c","c","t","t",0.00383542538354254,0.00383542538354254,0.000348675034867503,0.000348675034867503,0.000348675034867503,0,0.000348675034867503,0,0.00418410041841004,0.00418410041841004,0.00418410041841004,0.00418410041841004,"nonsyn","nonsyn","nonsyn",4.58e-06,8.37e-07,4.33e-07,4.33e-07,"0.00119413090909091","0.001241844","0.002400516","1","R","R","C","S","G",1,1,1,0,1,0,1
"8168",8431,2867,2867,"g","g","a","a",0.00244157656086502,0.00244157656086502,0,0,0,0,0,0,0.00244157656086502,0.00244157656086502,0.00244157656086502,0.00244157656086502,"nonsyn","nonsyn","nonsyn",4.2e-06,5.36e-07,1.17e-06,1.17e-06,"0.0017202","1","1","1","R","R","H","P","L",0,1,1,0,0,0,0
"8169",8432,2870,2870,"c","c","t","t",0.00174216027874564,0.00174216027874564,0,0,0,0,0,0,0.00174216027874564,0.00174216027874564,0.00174216027874564,0.00174216027874564,"syn","syn","syn",4.58e-06,8.37e-07,4.33e-07,4.33e-07,"0.00262892000000001","1","1","1","R","R","R","R","R",0,0,0,0,0,0,0
"8170",8433,2862,2862,"a","a","g","g",0.0345911949685535,0.0345911949685535,0.00419287211740042,0.00419287211740042,0,0.00419287211740042,0,0.00419287211740042,0.0387840670859539,0.0387840670859539,0.0387840670859539,0.0387840670859539,"nonsyn","syn","nonsyn",1.77e-05,1.76e-06,1.7e-06,1.7e-06,"0.000511690909090909","0.00040545","1","0.00040545","R","R","G","R","W",1,0,1,1,1,1,0
"8171",8434,2784,2784,"g","g","a","a",0.000359195402298851,0.000359195402298851,0.000359195402298851,0.000359195402298851,0,0.000359195402298851,0,0.000359195402298851,0.000718390804597701,0.000718390804597701,0.000718390804597701,0.000718390804597701,"nonsyn","nonsyn","nonsyn",4.2e-06,5.36e-07,1.17e-06,1.17e-06,"0.0116928","0.00325728","1","0.00325728","R","R","K","T","M",0,1,1,0,1,1,0
"8172",8435,2732,2732,"g","g","a","a",0.0977306002928258,0.0977306002928258,0,0,0,0,0,0,0.0977306002928258,0.0977306002928258,0.0977306002928258,0.0977306002928258,"syn","nonsyn","nonsyn",4.2e-06,5.36e-07,1.17e-06,1.17e-06,"4.29752808988764e-05","1","1","1","R","R","R","S","S",0,1,1,0,0,0,0
"8173",8436,2831,2831,"t","t","c","c",0.00282585658777817,0.00282585658777817,0,0,0,0,0,0,0.00282585658777817,0.00282585658777817,0.00282585658777817,0.00282585658777817,"nonsyn","nonsyn","nonsyn",1.7e-05,1.07e-06,1.21e-06,1.21e-06,"0.006015875","1","1","1","C","C","R","S","G",1,1,0,1,0,0,0
"8174",8437,2841,2841,"g","g","a","a",0.00316789862724393,0.00316789862724393,0.000351988736360436,0.000351988736360436,0,0.000351988736360436,0,0.000351988736360436,0.00351988736360436,0.00351988736360436,0.00351988736360436,0.00351988736360436,"nonsyn","nonsyn","nonsyn",4.2e-06,5.36e-07,1.17e-06,1.17e-06,"0.0013258","0.00332397","1","0.00332397","C","C","Y","S","F",1,1,1,0,0,0,0
"8175",8438,2822,2822,"c","c","t","t",0.00248051027639972,0.00248051027639972,0,0,0,0,0,0,0.00248051027639972,0.00248051027639972,0.00248051027639972,0.00248051027639972,"syn","stop","nonsyn",4.58e-06,8.37e-07,4.33e-07,4.33e-07,"0.00184639428571428","1","1","1","C","C","C","*","W",0,1,1,0,0,0,0
"8176",8439,2821,2821,"c","c","t","t",0.00283587380361574,0.00283587380361574,0.000354484225451967,0.000354484225451967,0.000354484225451967,0,0.000354484225451967,0,0.00319035802906771,0.00319035802906771,0.00319035802906771,0.00319035802906771,"nonsyn","nonsyn","nonsyn",4.58e-06,8.37e-07,4.33e-07,4.33e-07,"0.0016150225","0.001221493","0.002361177","1","R","R","C","S","G",1,1,1,0,1,0,1
"8177",8440,2811,2811,"g","g","a","a",0.00426894343649947,0.00426894343649947,0.000355745286374956,0.000355745286374956,0,0.000355745286374956,0,0.000355745286374956,0.00462468872287442,0.00462468872287442,0.00462468872287442,0.00462468872287442,"nonsyn","nonsyn","nonsyn",4.2e-06,5.36e-07,1.17e-06,1.17e-06,"0.000983849999999999","0.00328887","1","0.00328887","R","R","H","P","L",0,1,1,0,0,0,0
"8178",8441,2798,2798,"c","c","t","t",0.00357398141529664,0.00357398141529664,0.00107219442458899,0.00107219442458899,0.00107219442458899,0,0.00107219442458899,0,0.00464617583988563,0.00464617583988563,0.00464617583988563,0.00464617583988563,"syn","syn","syn",4.58e-06,8.37e-07,4.33e-07,4.33e-07,"0.001281484","0.000403844666666667","0.000780642000000001","1","R","R","R","R","R",0,0,0,0,0,0,0
"8179",8442,2798,2798,"g","g","a","a",0.00142959256611866,0.00142959256611866,0.000357398141529664,0.000357398141529664,0,0.000357398141529664,0,0.000357398141529664,0.00178699070764832,0.00178699070764832,0.00178699070764832,0.00178699070764832,"nonsyn","nonsyn","nonsyn",4.2e-06,5.36e-07,1.17e-06,1.17e-06,"0.00293789999999999","0.00327366","1","0.00327366","A","A","T","P","S",1,1,1,0,0,0,0
"8180",8443,2726,2726,"c","c","t","t",0.000366837857666911,0.000366837857666911,0,0,0,0,0,0,0.000366837857666911,0.000366837857666911,0.000366837857666911,0.000366837857666911,"nonsyn","nonsyn","nonsyn",4.58e-06,8.37e-07,4.33e-07,4.33e-07,"0.01248508","1","1","1","A","A","V","E","G",0,1,1,0,0,0,0
"8181",8444,2733,2733,"g","g","a","a",0.00658616904500549,0.00658616904500549,0,0,0,0,0,0,0.00658616904500549,0.00658616904500549,0.00658616904500549,0.00658616904500549,"syn","syn","syn",4.2e-06,5.36e-07,1.17e-06,1.17e-06,"0.0006377","1","1","1","A","A","A","A","A",0,0,0,0,0,0,0
"8182",8445,2701,2701,"a","a","g","g",0.00370233246945576,0.00370233246945576,0.000740466493891151,0.000740466493891151,0,0.000740466493891151,0,0.000740466493891151,0.00444279896334691,0.00444279896334691,0.00444279896334691,0.00444279896334691,"nonsyn","nonsyn","nonsyn",1.77e-05,1.76e-06,1.7e-06,1.7e-06,"0.00478077","0.00229585","1","0.00229585","S","S","G","R","C",1,1,1,0,1,1,0
"8183",8446,2662,2662,"g","g","a","a",0,0,0.000375657400450789,0.000375657400450789,0,0.000375657400450789,0,0.000375657400450789,0.000375657400450789,0.000375657400450789,0.000375657400450789,0.000375657400450789,"nonsyn","nonsyn","nonsyn",4.2e-06,5.36e-07,1.17e-06,1.17e-06,"1","0.00311454","1","0.00311454","S","S","N","T","I",0,0,1,0,0,0,0
"8184",8447,2644,2644,"c","c","t","t",0.00264750378214826,0.00264750378214826,0.00037821482602118,0.00037821482602118,0,0.00037821482602118,0,0.00037821482602118,0.00302571860816944,0.00302571860816944,0.00302571860816944,0.00302571860816944,"syn","nonsyn","nonsyn",4.58e-06,8.37e-07,4.33e-07,4.33e-07,"0.00172993142857143","0.001144852","1","0.001144852","S","S","S","R","R",0,1,1,0,0,0,0
"8185",8448,2630,2630,"g","g","a","a",0.00114068441064639,0.00114068441064639,0,0,0,0,0,0,0.00114068441064639,0.00114068441064639,0.00114068441064639,0.00114068441064639,"nonsyn","nonsyn","nonsyn",4.2e-06,5.36e-07,1.17e-06,1.17e-06,"0.00368199999999999","1","1","1","G","G","S","R","C",1,1,0,0,1,1,0
"8186",8449,2625,2625,"g","g","a","a",0.00152380952380952,0.00152380952380952,0.000380952380952381,0.000380952380952381,0,0.000380952380952381,0,0.000380952380952381,0.0019047619047619,0.0019047619047619,0.0019047619047619,0.0019047619047619,"nonsyn","nonsyn","nonsyn",4.2e-06,5.36e-07,1.17e-06,1.17e-06,"0.00275625000000001","0.00307125","1","0.00307125","G","G","D","A","V",1,1,1,0,0,0,0
"8187",8450,2626,2626,"c","c","t","t",0.0856816450875857,0.0856816450875857,0.000761614623000762,0.000761614623000762,0.000380807311500381,0.000380807311500381,0.000380807311500381,0.000380807311500381,0.0864432597105864,0.0864432597105864,0.0864432597105864,0.0864432597105864,"syn","syn","syn",4.58e-06,8.37e-07,4.33e-07,4.33e-07,"5.34536888888889e-05","0.000568529","0.002197962","0.001137058","G","G","G","G","G",0,0,0,0,0,0,0
"8188",8451,2630,2630,"g","g","a","a",0.000760456273764259,0.000760456273764259,0,0,0,0,0,0,0.000760456273764259,0.000760456273764259,0.000760456273764259,0.000760456273764259,"nonsyn","nonsyn","nonsyn",4.2e-06,5.36e-07,1.17e-06,1.17e-06,"0.005523","1","1","1","V","V","I","L","L",0,0,0,0,0,0,0
"8189",8452,2628,2628,"t","t","c","c",0.00228310502283105,0.00228310502283105,0.000380517503805175,0.000380517503805175,0,0.000380517503805175,0,0.000380517503805175,0.00266362252663623,0.00266362252663623,0.00266362252663623,0.00266362252663623,"nonsyn","nonsyn","nonsyn",1.7e-05,1.07e-06,1.21e-06,1.21e-06,"0.007446","0.00317988","1","0.00317988","V","V","A","E","G",0,1,1,0,0,0,0
"8190",8453,2632,2632,"a","a","g","g",0.00227963525835866,0.00227963525835866,0.0060790273556231,0.0060790273556231,0.0060790273556231,0,0.0060790273556231,0,0.00835866261398176,0.00835866261398176,0.00835866261398176,0.00835866261398176,"syn","syn","syn",1.77e-05,1.76e-06,1.7e-06,1.7e-06,"0.00776440000000001","0.00027965","0.00028952","1","V","V","V","V","V",0,0,0,0,0,0,0
"8191",8454,2633,2633,"c","c","t","t",0.000759589821496392,0.000759589821496392,0,0,0,0,0,0,0.000759589821496392,0.000759589821496392,0.000759589821496392,0.000759589821496392,"syn","nonsyn","nonsyn",4.58e-06,8.37e-07,4.33e-07,4.33e-07,"0.00602957","1","1","1","L","L","L","M","V",0,0,0,0,0,0,0
"8192",8455,2612,2612,"t","t","c","c",0.00306278713629403,0.00306278713629403,0,0,0,0,0,0,0.00306278713629403,0.00306278713629403,0.00306278713629403,0.00306278713629403,"nonsyn","nonsyn","nonsyn",1.7e-05,1.07e-06,1.21e-06,1.21e-06,"0.0055505","1","1","1","L","L","P","Q","R",1,1,1,1,1,0,1
"8193",8456,2663,2663,"g","g","a","a",0.00938790837401427,0.00938790837401427,0.000375516334960571,0.000375516334960571,0,0.000375516334960571,0,0.000375516334960571,0.00976342470897484,0.00976342470897484,0.00976342470897484,0.00976342470897484,"syn","syn","syn",4.2e-06,5.36e-07,1.17e-06,1.17e-06,"0.000447384","0.00311571","1","0.00311571","L","L","L","L","L",0,0,0,0,0,0,0
"8194",8457,2631,2631,"a","a","g","g",0.00912200684150513,0.00912200684150513,0.000760167236792094,0.000760167236792094,0,0.000760167236792094,0,0.000760167236792094,0.00988217407829723,0.00988217407829723,0.00988217407829723,0.00988217407829723,"nonsyn","nonsyn","nonsyn",1.77e-05,1.76e-06,1.7e-06,1.7e-06,"0.0019403625","0.00223635","1","0.00223635","T","T","A","P","S",1,1,0,0,0,0,0
"8195",8458,2626,2626,"c","c","t","t",0.000761614623000762,0.000761614623000762,0.000380807311500381,0.000380807311500381,0.000380807311500381,0,0.000380807311500381,0,0.00114242193450114,0.00114242193450114,0.00114242193450114,0.00114242193450114,"nonsyn","nonsyn","nonsyn",4.58e-06,8.37e-07,4.33e-07,4.33e-07,"0.00601354","0.001137058","0.002197962","1","T","T","I","K","R",1,1,1,0,0,0,0
"8196",8459,2634,2634,"a","a","g","g",0.00113895216400911,0.00113895216400911,0.000759301442672741,0.000759301442672741,0.000379650721336371,0.000379650721336371,0.000379650721336371,0.000379650721336371,0.00189825360668185,0.00189825360668185,0.00189825360668185,0.00189825360668185,"syn","syn","syn",1.77e-05,1.76e-06,1.7e-06,1.7e-06,"0.0155406","0.0022389","0.00463583999999999","0.00447779999999999","T","T","T","T","T",0,0,0,1,0,0,0
"8197",8460,2614,2614,"a","a","g","g",0.0026778882938026,0.0026778882938026,0,0,0,0,0,0,0.0026778882938026,0.0026778882938026,0.0026778882938026,0.0026778882938026,"nonsyn","nonsyn","nonsyn",1.77e-05,1.76e-06,1.7e-06,1.7e-06,"0.00660968571428572","1","1","1","T","T","A","P","S",1,1,0,0,0,0,0
"8198",8461,2599,2599,"c","c","t","t",0.00115429011158138,0.00115429011158138,0,0,0,0,0,0,0.00115429011158138,0.00115429011158138,0.00115429011158138,0.00115429011158138,"nonsyn","nonsyn","nonsyn",4.58e-06,8.37e-07,4.33e-07,4.33e-07,"0.00396780666666666","1","1","1","T","T","I","N","S",1,0,0,0,0,0,0
"8199",8462,2582,2582,"t","t","c","c",0.00154918667699458,0.00154918667699458,0.000387296669248644,0.000387296669248644,0.000387296669248644,0,0.000387296669248644,0,0.00193648334624322,0.00193648334624322,0.00193648334624322,0.00193648334624322,"syn","syn","syn",1.7e-05,1.07e-06,1.21e-06,1.21e-06,"0.0109735","0.00312422","0.00276274","1","T","T","T","T","T",0,0,0,0,1,0,1
"8200",8463,2572,2572,"a","a","g","g",0.00233281493001555,0.00233281493001555,0.000388802488335925,0.000388802488335925,0,0.000388802488335925,0,0.000388802488335925,0.00272161741835148,0.00272161741835148,0.00272161741835148,0.00272161741835148,"nonsyn","nonsyn","nonsyn",1.77e-05,1.76e-06,1.7e-06,1.7e-06,"0.00758740000000001","0.0043724","1","0.0043724","S","S","G","R","C",1,1,1,0,1,1,0
"8201",8464,2546,2546,"g","g","a","a",0,0,0.000392772977219167,0.000392772977219167,0,0.000392772977219167,0,0.000392772977219167,0.000392772977219167,0.000392772977219167,0.000392772977219167,0.000392772977219167,"nonsyn","nonsyn","nonsyn",4.2e-06,5.36e-07,1.17e-06,1.17e-06,"1","0.00297882","1","0.00297882","S","S","N","T","I",0,0,1,0,0,0,0
"8202",8465,2546,2546,"c","c","t","t",0.0011783189316575,0.0011783189316575,0,0,0,0,0,0,0.0011783189316575,0.0011783189316575,0.0011783189316575,0.0011783189316575,"syn","nonsyn","nonsyn",4.58e-06,8.37e-07,4.33e-07,4.33e-07,"0.00388689333333334","1","1","1","S","S","S","R","R",0,1,1,0,0,0,0
"8203",8466,2516,2516,"t","t","c","c",0.00278219395866455,0.00278219395866455,0.0019872813990461,0.0019872813990461,0.00119236883942766,0.000794912559618442,0.00119236883942766,0.000794912559618442,0.00476947535771065,0.00476947535771065,0.00476947535771065,0.00476947535771065,"nonsyn","nonsyn","nonsyn",1.7e-05,1.07e-06,1.21e-06,1.21e-06,"0.00611028571428571","0.000608872000000002","0.000897373333333335","0.00152218","C","C","R","S","G",1,1,0,1,1,0,1
"8204",8467,2522,2522,"g","g","a","a",0.000793021411578113,0.000793021411578113,0,0,0,0,0,0,0.000793021411578113,0.000793021411578113,0.000793021411578113,0.000793021411578113,"nonsyn","nonsyn","nonsyn",4.2e-06,5.36e-07,1.17e-06,1.17e-06,"0.0052962","1","1","1","C","C","Y","S","F",1,1,1,0,0,0,0
"8205",8468,2504,2504,"t","t","c","c",0.00279552715654952,0.00279552715654952,0,0,0,0,0,0,0.00279552715654952,0.00279552715654952,0.00279552715654952,0.00279552715654952,"syn","stop","nonsyn",1.7e-05,1.07e-06,1.21e-06,1.21e-06,"0.00608114285714286","1","1","1","C","C","C","*","W",0,1,1,1,0,0,0
"8206",8469,2512,2512,"g","g","a","a",0.000796178343949045,0.000796178343949045,0.000796178343949045,0.000796178343949045,0.000796178343949045,0,0.000796178343949045,0,0.00159235668789809,0.00159235668789809,0.00159235668789809,0.00159235668789809,"nonsyn","nonsyn","nonsyn",4.2e-06,5.36e-07,1.17e-06,1.17e-06,"0.0052752","0.00146952","0.000673216","1","G","G","S","R","C",1,1,0,0,1,1,0
"8207",8470,2505,2505,"g","g","a","a",0.00199600798403194,0.00199600798403194,0.000399201596806387,0.000399201596806387,0,0.000399201596806387,0,0.000399201596806387,0.00239520958083832,0.00239520958083832,0.00239520958083832,0.00239520958083832,"nonsyn","nonsyn","nonsyn",4.2e-06,5.36e-07,1.17e-06,1.17e-06,"0.0021042","0.00293085","1","0.00293085","G","G","D","A","V",1,1,1,0,0,0,0
"8208",8471,2485,2485,"t","t","c","c",0.00160965794768612,0.00160965794768612,0.000402414486921529,0.000402414486921529,0.000402414486921529,0,0.000402414486921529,0,0.00201207243460765,0.00201207243460765,0.00201207243460765,0.00201207243460765,"syn","syn","syn",1.7e-05,1.07e-06,1.21e-06,1.21e-06,"0.01056125","0.00300685","0.00265895","1","G","G","G","G","G",0,0,0,0,0,0,0
"8209",8472,2331,2331,"a","a","g","g",0.000858000858000858,0.000858000858000858,0.00128700128700129,0.00128700128700129,0,0.00128700128700129,0,0.00128700128700129,0.00214500214500214,0.00214500214500214,0.00214500214500214,0.00214500214500214,"nonsyn","nonsyn","nonsyn",1.77e-05,1.76e-06,1.7e-06,1.7e-06,"0.02062935","0.0013209","1","0.0013209","N","N","D","H","Y",1,1,1,0,0,0,0
"8210",8473,2262,2262,"a","a","g","g",0.00442086648983201,0.00442086648983201,0.000442086648983201,0.000442086648983201,0,0.000442086648983201,0,0.000442086648983201,0.00486295313881521,0.00486295313881521,0.00486295313881521,0.00486295313881521,"nonsyn","nonsyn","nonsyn",1.77e-05,1.76e-06,1.7e-06,1.7e-06,"0.00400374","0.0038454","1","0.0038454","N","N","S","T","I",0,0,1,0,0,0,0
"8211",8474,2246,2246,"c","c","t","t",0.00222617987533393,0.00222617987533393,0,0,0,0,0,0,0.00222617987533393,0.00222617987533393,0.00222617987533393,0.00222617987533393,"syn","nonsyn","nonsyn",4.58e-06,8.37e-07,4.33e-07,4.33e-07,"0.002057336","1","1","1","N","N","N","K","K",0,1,1,0,0,0,0
"8212",8475,2150,2150,"a","a","g","g",0.00232558139534884,0.00232558139534884,0.000930232558139535,0.000930232558139535,0,0.000930232558139535,0,0.000930232558139535,0.00325581395348837,0.00325581395348837,0.00325581395348837,0.00325581395348837,"nonsyn","nonsyn","nonsyn",1.77e-05,1.76e-06,1.7e-06,1.7e-06,"0.00761099999999999","0.0018275","1","0.0018275","T","T","A","P","S",1,1,0,1,0,0,0
"8213",8476,2242,2243,"c","c","t","t",0.000892060660124889,0.000892060660124889,0.000446030330062444,0.000446030330062444,0.000446030330062444,0,0.000446030330062444,0,0.00133809099018733,0.00133809099018733,0.00133749442710655,0.00133749442710655,"nonsyn","nonsyn","nonsyn",4.58e-06,8.37e-07,4.33e-07,4.33e-07,"0.00513418","0.000970786000000001","0.001876554","1","T","T","I","N","S",1,0,0,0,0,0,0
"8214",8477,2244,2244,"c","c","t","t",0.0017825311942959,0.0017825311942959,0.00089126559714795,0.00089126559714795,0.00089126559714795,0,0.00089126559714795,0,0.00267379679144385,0.00267379679144385,0.00267379679144385,0.00267379679144385,"syn","syn","syn",4.58e-06,8.37e-07,4.33e-07,4.33e-07,"0.00256938","0.000485826","0.000939114","1","T","T","T","T","T",0,0,0,0,1,0,1
"8215",8478,2246,2246,"c","c","t","t",0.00222617987533393,0.00222617987533393,0.000890471950133571,0.000890471950133571,0.000445235975066785,0.000445235975066785,0.000445235975066785,0.000445235975066785,0.0031166518254675,0.0031166518254675,0.0031166518254675,0.0031166518254675,"nonsyn","nonsyn","nonsyn",4.58e-06,8.37e-07,4.33e-07,4.33e-07,"0.002057336","0.000486259","0.001879902","0.000972518000000001","L","L","F","I","V",0,0,0,0,1,0,1
"8216",8479,2248,2248,"t","t","c","c",0.00578291814946619,0.00578291814946619,0.00133451957295374,0.00133451957295374,0.00133451957295374,0,0.00133451957295374,0,0.00711743772241993,0.00711743772241993,0.00711743772241993,0.00711743772241993,"nonsyn","nonsyn","nonsyn",1.7e-05,1.07e-06,1.21e-06,1.21e-06,"0.00293969230769231","0.000906693333333331","0.000801786666666665","1","L","L","P","H","R",1,1,1,0,1,0,1
"8217",8480,2244,2244,"c","c","t","t",0.000445632798573975,0.000445632798573975,0,0,0,0,0,0,0.000445632798573975,0.000445632798573975,0.000445632798573975,0.000445632798573975,"syn","syn","syn",4.58e-06,8.37e-07,4.33e-07,4.33e-07,"0.01027752","1","1","1","L","L","L","L","L",0,0,0,0,0,0,0
"8218",8481,2272,2272,"a","a","g","g",0.00440140845070423,0.00440140845070423,0.000440140845070423,0.000440140845070423,0,0.000440140845070423,0,0.000440140845070423,0.00484154929577465,0.00484154929577465,0.00484154929577465,0.00484154929577465,"nonsyn","nonsyn","nonsyn",1.77e-05,1.76e-06,1.7e-06,1.7e-06,"0.00402144","0.0038624","1","0.0038624","T","T","A","P","S",1,1,0,1,0,0,0
"8219",8482,2307,2307,"c","c","t","t",0.000433463372345037,0.000433463372345037,0,0,0,0,0,0,0.000433463372345037,0.000433463372345037,0.000433463372345037,0.000433463372345037,"nonsyn","nonsyn","nonsyn",4.58e-06,8.37e-07,4.33e-07,4.33e-07,"0.01056606","1","1","1","T","T","I","N","S",1,0,0,0,0,0,0
"8220",8483,2305,2305,"t","t","c","c",0.00260303687635575,0.00260303687635575,0.00130151843817787,0.00130151843817787,0.00130151843817787,0,0.00130151843817787,0,0.00390455531453362,0.00390455531453362,0.00390455531453362,0.00390455531453362,"syn","syn","syn",1.7e-05,1.07e-06,1.21e-06,1.21e-06,"0.00653083333333333","0.000929683333333336","0.000822116666666669","1","T","T","T","T","T",0,0,0,0,1,0,1
"8221",8484,2275,2275,"t","t","c","c",0.0043956043956044,0.0043956043956044,0.0021978021978022,0.0021978021978022,0.00131868131868132,0.000879120879120879,0.00131868131868132,0.000879120879120879,0.00659340659340659,0.00659340659340659,0.00659340659340659,0.00659340659340659,"nonsyn","nonsyn","nonsyn",1.7e-05,1.07e-06,1.21e-06,1.21e-06,"0.0038675","0.000550549999999999","0.000811416666666666","0.001376375","C","C","R","S","G",1,1,0,1,0,0,0
"8222",8485,2274,2274,"g","g","a","a",0.00175901495162709,0.00175901495162709,0,0,0,0,0,0,0.00175901495162709,0.00175901495162709,0.00175901495162709,0.00175901495162709,"nonsyn","nonsyn","nonsyn",4.2e-06,5.36e-07,1.17e-06,1.17e-06,"0.0023877","1","1","1","C","C","Y","S","F",1,1,1,0,0,0,0
"8223",8486,2265,2265,"c","c","t","t",0.00264900662251656,0.00264900662251656,0,0,0,0,0,0,0.00264900662251656,0.00264900662251656,0.00264900662251656,0.00264900662251656,"syn","stop","nonsyn",4.58e-06,8.37e-07,4.33e-07,4.33e-07,"0.00172895","1","1","1","C","C","C","*","W",0,1,1,0,0,0,0
"8224",8487,2252,2252,"t","t","c","c",0.00133214920071048,0.00133214920071048,0.00177619893428064,0.00177619893428064,0.00133214920071048,0.00044404973357016,0.00133214920071048,0.00044404973357016,0.00310834813499112,0.00310834813499112,0.00310834813499112,0.00310834813499112,"nonsyn","nonsyn","nonsyn",1.7e-05,1.07e-06,1.21e-06,1.21e-06,"0.0127613333333333","0.00068123","0.000803213333333333","0.00272492","Y","Y","H","N","D",1,1,1,0,1,0,1
"8225",8488,2176,2176,"a","a","g","g",0.00459558823529412,0.00459558823529412,0,0,0,0,0,0,0.00459558823529412,0.00459558823529412,0.00459558823529412,0.00459558823529412,"nonsyn","nonsyn","nonsyn",1.77e-05,1.76e-06,1.7e-06,1.7e-06,"0.00385152","1","1","1","Y","Y","C","S","F",1,1,0,0,0,0,0
"8226",8489,2191,2191,"c","c","t","t",0.000456412596987677,0.000456412596987677,0,0,0,0,0,0,0.000456412596987677,0.000456412596987677,0.000456412596987677,0.000456412596987677,"syn","stop","stop",4.58e-06,8.37e-07,4.33e-07,4.33e-07,"0.01003478","1","1","1","Y","Y","Y","*","*",0,1,1,0,0,0,0
"8227",8490,2178,2178,"a","a","g","g",0.000918273645546373,0.000918273645546373,0,0,0,0,0,0,0.000918273645546373,0.000918273645546373,0.000918273645546373,0.000918273645546373,"nonsyn","nonsyn","nonsyn",1.77e-05,1.76e-06,1.7e-06,1.7e-06,"0.0192753","1","1","1","I","I","V","L","F",0,0,0,1,0,0,0
"8228",8491,2170,2170,"t","t","c","c",0.00414746543778802,0.00414746543778802,0.000460829493087558,0.000460829493087558,0,0.000460829493087558,0,0.000460829493087558,0.00460829493087558,0.00460829493087558,0.00460829493087558,0.00460829493087558,"nonsyn","nonsyn","nonsyn",1.7e-05,1.07e-06,1.21e-06,1.21e-06,"0.00409888888888889","0.0026257","1","0.0026257","I","I","T","N","S",1,1,1,0,0,0,0
"8229",8492,2173,2173,"c","c","t","t",0.00092038656235619,0.00092038656235619,0,0,0,0,0,0,0.00092038656235619,0.00092038656235619,0.00092038656235619,0.00092038656235619,"syn","syn","nonsyn",4.58e-06,8.37e-07,4.33e-07,4.33e-07,"0.00497617","1","1","1","I","I","I","I","M",0,0,0,0,0,0,0
"8230",8493,2150,2150,"a","a","g","g",0.00325581395348837,0.00325581395348837,0.000930232558139535,0.000930232558139535,0.000465116279069767,0.000465116279069767,0.000465116279069767,0.000465116279069767,0.00418604651162791,0.00418604651162791,0.00418604651162791,0.00418604651162791,"nonsyn","nonsyn","stop",1.77e-05,1.76e-06,1.7e-06,1.7e-06,"0.00543642857142857","0.0018275","0.003784","0.003655","K","K","E","Q","*",1,1,1,1,0,0,0
"8231",8494,2037,2037,"a","a","g","g",0.00294550810014728,0.00294550810014728,0.000981836033382425,0.000981836033382425,0.000490918016691213,0.000490918016691213,0.000490918016691213,0.000490918016691213,0.0039273441335297,0.0039273441335297,0.0039273441335297,0.0039273441335297,"nonsyn","nonsyn","nonsyn",1.77e-05,1.76e-06,1.7e-06,1.7e-06,"0.00600914999999999","0.00173145","0.00358512","0.0034629","K","K","R","T","M",0,1,1,0,1,1,0
"8232",8495,2046,2046,"g","g","a","a",0.000488758553274682,0.000488758553274682,0,0,0,0,0,0,0.000488758553274682,0.000488758553274682,0.000488758553274682,0.000488758553274682,"syn","nonsyn","nonsyn",4.2e-06,5.36e-07,1.17e-06,1.17e-06,"0.00859320000000001","1","1","1","K","K","K","N","N",0,1,1,0,1,1,0
"8233",8496,2037,2037,"g","g","a","a",0.00196367206676485,0.00196367206676485,0.000981836033382425,0.000981836033382425,0.000490918016691213,0.000490918016691213,0.000490918016691213,0.000490918016691213,0.00294550810014728,0.00294550810014728,0.00294550810014728,0.00294550810014728,"nonsyn","nonsyn","nonsyn",4.2e-06,5.36e-07,1.17e-06,1.17e-06,"0.00213885","0.001191645","0.001091832","0.00238329","A","A","T","P","S",1,1,1,0,0,0,0
"8234",8497,2030,2030,"c","c","t","t",0.000985221674876847,0.000985221674876847,0,0,0,0,0,0,0.000985221674876847,0.000985221674876847,0.000985221674876847,0.000985221674876847,"nonsyn","nonsyn","nonsyn",4.58e-06,8.37e-07,4.33e-07,4.33e-07,"0.0046487","1","1","1","A","A","V","D","G",0,1,1,0,0,0,0
"8235",8498,2020,2020,"c","c","t","t",0.00198019801980198,0.00198019801980198,0,0,0,0,0,0,0.00198019801980198,0.00198019801980198,0.00198019801980198,0.00198019801980198,"syn","syn","syn",4.58e-06,8.37e-07,4.33e-07,4.33e-07,"0.0023129","1","1","1","A","A","A","A","A",0,0,0,0,1,0,1
"8236",8499,2006,2006,"c","c","t","t",0,0,0.000498504486540379,0.000498504486540379,0.000498504486540379,0,0.000498504486540379,0,0.000498504486540379,0.000498504486540379,0.000498504486540379,0.000498504486540379,"nonsyn","syn","nonsyn",4.58e-06,8.37e-07,4.33e-07,4.33e-07,"1","0.000868598","0.001679022","1","Q","R","W","R","G",1,0,1,0,1,0,1
"8237",8500,2017,2017,"a","g","g","a",0.0014873574615766,0.997025285076847,0.0014873574615766,0.0014873574615766,0,0.0014873574615766,0,0.0014873574615766,0.0029747149231532,0.998512642538423,0.0029747149231532,0.998512642538423,"nonsyn","nonsyn","nonsyn",4.2e-06,5.36e-07,1.17e-06,1.17e-06,"4.21253107906514e-06","0.000786629999999999","1","0.000786629999999999","Q","R","Q","P","L",1,1,1,0,1,1,0
"8238",8501,2010,2010,"a","g","g","a",0.00497512437810945,0.99452736318408,0.000497512437810945,0.000497512437810945,0,0.000497512437810945,0,0.000497512437810945,0.0054726368159204,0.995024875621891,0.0054726368159204,0.995024875621891,"syn","syn","syn",4.2e-06,5.36e-07,1.17e-06,1.17e-06,"4.22311155577789e-06","0.0023517","1","0.0023517","Q","R","R","R","R",0,0,0,0,1,1,0
"8239",8502,2015,2015,"g","g","a","a",0.00248138957816377,0.00248138957816377,0.000992555831265509,0.000992555831265509,0,0.000992555831265509,0,0.000992555831265509,0.00347394540942928,0.00347394540942928,0.00347394540942928,0.00347394540942928,"nonsyn","nonsyn","nonsyn",4.2e-06,5.36e-07,1.17e-06,1.17e-06,"0.0016926","0.001178775","1","0.001178775","A","A","T","P","S",1,1,1,0,0,0,0
"8240",8503,2011,2011,"c","c","t","t",0.00198906016907011,0.00198906016907011,0,0,0,0,0,0,0.00198906016907011,0.00198906016907011,0.00198906016907011,0.00198906016907011,"nonsyn","nonsyn","nonsyn",4.58e-06,8.37e-07,4.33e-07,4.33e-07,"0.00230259500000001","1","1","1","A","A","V","E","G",0,1,1,0,0,0,0
"8241",8504,2041,2041,"a","a","g","g",0.00244977951984321,0.00244977951984321,0,0,0,0,0,0,0.00244977951984321,0.00244977951984321,0.00244977951984321,0.00244977951984321,"syn","syn","syn",1.77e-05,1.76e-06,1.7e-06,1.7e-06,"0.00722514000000001","1","1","1","A","A","A","A","A",0,0,0,1,1,1,0
"8242",8505,1992,1992,"g","g","a","a",0.000502008032128514,0.000502008032128514,0,0,0,0,0,0,0.000502008032128514,0.000502008032128514,0.000502008032128514,0.000502008032128514,"nonsyn","nonsyn","nonsyn",4.2e-06,5.36e-07,1.17e-06,1.17e-06,"0.0083664","1","1","1","A","A","T","P","S",1,1,1,0,0,0,0
"8243",8506,1980,1981,"c","c","t","t",0.00555555555555556,0.00555555555555556,0.000505050505050505,0.000505050505050505,0.000505050505050505,0,0.000505050505050505,0,0.00606060606060606,0.00606060606060606,0.0060575466935891,0.0060575466935891,"nonsyn","nonsyn","nonsyn",4.58e-06,8.37e-07,4.33e-07,4.33e-07,"0.000824399999999999","0.00085734","0.00165726","1","A","A","V","D","G",0,1,1,0,0,0,0
"8244",8507,1957,1957,"c","c","t","t",0.00408788962698007,0.00408788962698007,0.00102197240674502,0.00102197240674502,0.00102197240674502,0,0.00102197240674502,0,0.00510986203372509,0.00510986203372509,0.00510986203372509,0.00510986203372509,"syn","syn","syn",4.58e-06,8.37e-07,4.33e-07,4.33e-07,"0.0011203825","0.000423690499999999","0.000819004499999998","1","A","A","A","A","A",0,0,0,0,1,0,1
"8245",8508,1981,1981,"t","t","c","c",0.00353356890459364,0.00353356890459364,0.00252397778899546,0.00252397778899546,0.00252397778899546,0,0.00252397778899546,0,0.0060575466935891,0.0060575466935891,0.0060575466935891,0.0060575466935891,"nonsyn","nonsyn","nonsyn",1.7e-05,1.07e-06,1.21e-06,1.21e-06,"0.004811","0.000479401999999999","0.000423933999999999","1","C","C","R","S","G",1,1,0,1,1,0,1
"8246",8509,2018,2018,"g","g","a","a",0,0,0.000495540138751239,0.000495540138751239,0.000495540138751239,0,0.000495540138751239,0,0.000495540138751239,0.000495540138751239,0.000495540138751239,0.000495540138751239,"nonsyn","nonsyn","nonsyn",4.2e-06,5.36e-07,1.17e-06,1.17e-06,"1","0.00236106","0.001081648","1","C","C","Y","S","F",1,1,1,0,0,0,0
"8247",8510,2026,2026,"t","t","c","c",0.00296150049358342,0.00296150049358342,0,0,0,0,0,0,0.00296150049358342,0.00296150049358342,0.00296150049358342,0.00296150049358342,"syn","stop","nonsyn",1.7e-05,1.07e-06,1.21e-06,1.21e-06,"0.00574033333333332","1","1","1","C","C","C","*","W",0,1,1,0,0,0,0
"8248",8511,2080,2080,"c","c","t","t",0.00240384615384615,0.00240384615384615,0,0,0,0,0,0,0.00240384615384615,0.00240384615384615,0.00240384615384615,0.00240384615384615,"stop","syn","nonsyn",4.58e-06,8.37e-07,4.33e-07,4.33e-07,"0.00190528","1","1","1","R","R","*","R","G",1,0,1,0,0,0,0
"8249",8512,2085,2085,"g","g","a","a",0.00143884892086331,0.00143884892086331,0.000959232613908873,0.000959232613908873,0,0.000959232613908873,0,0.000959232613908873,0.00239808153477218,0.00239808153477218,0.00239808153477218,0.00239808153477218,"nonsyn","nonsyn","nonsyn",4.2e-06,5.36e-07,1.17e-06,1.17e-06,"0.002919","0.001219725","1","0.001219725","R","R","Q","P","L",1,1,1,0,0,0,0
"8250",8513,2080,2080,"a","a","g","g",0.00240384615384615,0.00240384615384615,0,0,0,0,0,0,0.00240384615384615,0.00240384615384615,0.00240384615384615,0.00240384615384615,"syn","syn","syn",1.77e-05,1.76e-06,1.7e-06,1.7e-06,"0.00736320000000001","1","1","1","R","R","R","R","R",0,0,0,0,1,1,0
"8251",8514,2095,2095,"g","g","a","a",0.00572792362768496,0.00572792362768496,0.000477326968973747,0.000477326968973747,0,0.000477326968973747,0,0.000477326968973747,0.00620525059665871,0.00620525059665871,0.00620525059665871,0.00620525059665871,"nonsyn","nonsyn","nonsyn",4.2e-06,5.36e-07,1.17e-06,1.17e-06,"0.000733250000000001","0.00245115","1","0.00245115","A","A","T","P","S",1,1,1,0,0,0,0
"8252",8515,2095,2095,"c","c","t","t",0.00286396181384248,0.00286396181384248,0,0,0,0,0,0,0.00286396181384248,0.00286396181384248,0.00286396181384248,0.00286396181384248,"nonsyn","nonsyn","nonsyn",4.58e-06,8.37e-07,4.33e-07,4.33e-07,"0.00159918333333333","1","1","1","A","A","V","D","G",0,1,1,0,0,0,0
"8253",8516,2108,2108,"c","c","t","t",0.00142314990512334,0.00142314990512334,0.00142314990512334,0.00142314990512334,0.00142314990512334,0,0.00142314990512334,0,0.00284629981024668,0.00284629981024668,0.00284629981024668,0.00284629981024668,"syn","syn","syn",4.58e-06,8.37e-07,4.33e-07,4.33e-07,"0.00321821333333333","0.000304254666666667","0.000588132","1","A","A","A","A","A",0,0,0,0,1,0,1
"8254",8517,2120,2120,"g","g","a","a",0.000943396226415094,0.000943396226415094,0.000943396226415094,0.000943396226415094,0.000943396226415094,0,0.000943396226415094,0,0.00188679245283019,0.00188679245283019,0.00188679245283019,0.00188679245283019,"nonsyn","nonsyn","nonsyn",4.2e-06,5.36e-07,1.17e-06,1.17e-06,"0.004452","0.0012402","0.00056816","1","A","A","T","P","S",1,1,1,0,0,0,0
"8255",8518,2124,2124,"c","c","t","t",0.000470809792843691,0.000470809792843691,0,0,0,0,0,0,0.000470809792843691,0.000470809792843691,0.000470809792843691,0.000470809792843691,"nonsyn","nonsyn","nonsyn",4.58e-06,8.37e-07,4.33e-07,4.33e-07,"0.00972792","1","1","1","A","A","V","E","G",0,1,1,0,0,0,0
"8256",8519,2119,2119,"a","a","g","g",0.00283152430391694,0.00283152430391694,0.00283152430391694,0.00283152430391694,0.00047192071731949,0.00235960358659745,0.00047192071731949,0.00235960358659745,0.00566304860783388,0.00566304860783388,0.00566304860783388,0.00566304860783388,"syn","syn","syn",1.77e-05,1.76e-06,1.7e-06,1.7e-06,"0.00625105","0.000600383333333334","0.00372944","0.000720460000000001","A","A","A","A","A",0,0,0,1,1,1,0
"8257",8520,2081,2082,"g","g","a","a",0.000961076405574243,0.000961076405574243,0.000480538202787122,0.000480538202787122,0,0.000480538202787122,0,0.000480538202787122,0.00144161460836136,0.00144161460836136,0.00144092219020173,0.00144092219020173,"nonsyn","nonsyn","nonsyn",4.2e-06,5.36e-07,1.17e-06,1.17e-06,"0.0043701","0.00243477","1","0.00243477","G","G","R","R","W",1,1,1,0,1,1,0
"8258",8521,2085,2085,"g","g","a","a",0.00191846522781775,0.00191846522781775,0,0,0,0,0,0,0.00191846522781775,0.00191846522781775,0.00191846522781775,0.00191846522781775,"nonsyn","nonsyn","nonsyn",4.2e-06,5.36e-07,1.17e-06,1.17e-06,"0.00218925","1","1","1","G","G","E","A","V",1,1,1,0,1,1,0
"8259",8522,2090,2090,"g","g","a","a",0.000956937799043062,0.000956937799043062,0,0,0,0,0,0,0.000956937799043062,0.000956937799043062,0.000956937799043062,0.000956937799043062,"syn","syn","syn",4.2e-06,5.36e-07,1.17e-06,1.17e-06,"0.004389","1","1","1","G","G","G","G","G",0,0,0,0,0,0,0
"8260",8523,2091,2091,"c","c","t","t",0.00191296030607365,0.00191296030607365,0,0,0,0,0,0,0.00191296030607365,0.00191296030607365,0.00191296030607365,0.00191296030607365,"nonsyn","nonsyn","nonsyn",4.58e-06,8.37e-07,4.33e-07,4.33e-07,"0.002394195","1","1","1","L","L","F","I","V",0,0,0,0,0,0,0
"8261",8524,2106,2107,"t","t","c","c",0.00332383665716999,0.00332383665716999,0,0,0,0,0,0,0.00332383665716999,0.00332383665716999,0.00332225913621262,0.00332225913621262,"nonsyn","nonsyn","nonsyn",1.7e-05,1.07e-06,1.21e-06,1.21e-06,"0.00511457142857143","1","1","1","L","L","P","H","R",1,1,1,0,1,0,1
"8262",8525,2098,2100,"c","c","t","t",0.00381315538608198,0.00381315538608198,0.000476644423260248,0.000476644423260248,0.000476644423260248,0,0.000476644423260248,0,0.00428979980934223,0.00428979980934223,0.00428571428571429,0.00428571428571429,"syn","syn","syn",4.58e-06,8.37e-07,4.33e-07,4.33e-07,"0.001201105","0.000908434","0.001756026","1","L","L","L","L","L",0,0,0,0,0,0,0
"8263",8526,2094,2094,"c","c","t","t",0.000477554918815664,0.000477554918815664,0.000477554918815664,0.000477554918815664,0.000477554918815664,0,0.000477554918815664,0,0.000955109837631328,0.000955109837631328,0.000955109837631328,0.000955109837631328,"stop","nonsyn","nonsyn",4.58e-06,8.37e-07,4.33e-07,4.33e-07,"0.00959052","0.000906702","0.001752678","1","Q","Q","*","K","E",1,1,1,0,1,0,1
"8264",8527,2052,2052,"a","a","g","g",0.00341130604288499,0.00341130604288499,0,0,0,0,0,0,0.00341130604288499,0.00341130604288499,0.00341130604288499,0.00341130604288499,"nonsyn","nonsyn","nonsyn",1.77e-05,1.76e-06,1.7e-06,1.7e-06,"0.00518862857142857","1","1","1","Q","Q","R","P","L",1,1,1,1,1,1,0
"8265",8528,2081,2081,"g","g","a","a",0.000480538202787122,0.000480538202787122,0.000480538202787122,0.000480538202787122,0,0.000480538202787122,0,0.000480538202787122,0.000961076405574243,0.000961076405574243,0.000961076405574243,0.000961076405574243,"syn","nonsyn","nonsyn",4.2e-06,5.36e-07,1.17e-06,1.17e-06,"0.00874019999999999","0.00243477","1","0.00243477","Q","Q","Q","H","H",0,1,1,0,1,1,0
"8266",8529,2070,2070,"a","g","g","a",0.00144927536231884,0.997584541062802,0.000966183574879227,0.000966183574879227,0,0.000966183574879227,0,0.000966183574879227,0.00241545893719807,0.998550724637681,0.00241545893719807,0.998550724637681,"nonsyn","nonsyn","nonsyn",4.2e-06,5.36e-07,1.17e-06,1.17e-06,"4.21016949152542e-06","0.00121095","1","0.00121095","N","D","N","H","Y",1,1,1,0,0,0,0
"8267",8530,2069,2069,"a","a","g","g",0.0444659255679072,0.0444659255679072,0,0,0,0,0,0,0.0444659255679072,0.0444659255679072,0.0444659255679072,0.0444659255679072,"nonsyn","nonsyn","nonsyn",1.77e-05,1.76e-06,1.7e-06,1.7e-06,"0.000398057608695652","1","1","1","N","D","G","A","V",1,1,1,0,0,0,0
"8268",8531,2075,2075,"c","c","t","t",0.000963855421686747,0.000963855421686747,0.000963855421686747,0.000963855421686747,0.000963855421686747,0,0.000963855421686747,0,0.00192771084337349,0.00192771084337349,0.00192771084337349,0.00192771084337349,"syn","nonsyn","nonsyn",4.58e-06,8.37e-07,4.33e-07,4.33e-07,"0.00475175","0.0004492375","0.0008683875","1","N","D","D","E","E",0,0,0,0,0,0,0
"8269",8532,1941,1941,"t","t","c","c",0.00360638845955693,0.00360638845955693,0.00154559505409583,0.00154559505409583,0.00154559505409583,0,0.00154559505409583,0,0.00515198351365276,0.00515198351365276,0.00515198351365276,0.00515198351365276,"nonsyn","nonsyn","nonsyn",1.7e-05,1.07e-06,1.21e-06,1.21e-06,"0.00471385714285714","0.000782869999999999","0.000692289999999999","1","C","C","R","S","G",1,1,0,1,1,0,1
"8270",8533,1959,1959,"g","g","a","a",0.0035732516590097,0.0035732516590097,0,0,0,0,0,0,0.0035732516590097,0.0035732516590097,0.0035732516590097,0.0035732516590097,"nonsyn","nonsyn","nonsyn",4.2e-06,5.36e-07,1.17e-06,1.17e-06,"0.0011754","1","1","1","C","C","Y","S","F",1,1,1,0,0,0,0
"8271",8534,1947,1947,"c","c","t","t",0.00205444273240883,0.00205444273240883,0.00154083204930663,0.00154083204930663,0.00154083204930663,0,0.00154083204930663,0,0.00359527478171546,0.00359527478171546,0.00359527478171546,0.00359527478171546,"syn","stop","nonsyn",4.58e-06,8.37e-07,4.33e-07,4.33e-07,"0.002229315","0.000281016999999999","0.000543212999999998","1","C","C","C","*","W",0,1,1,0,0,0,0
"8272",8535,1941,1941,"a","a","g","g",0.00566718186501803,0.00566718186501803,0.000515198351365276,0.000515198351365276,0,0.000515198351365276,0,0.000515198351365276,0.00618238021638331,0.00618238021638331,0.00618238021638331,0.00618238021638331,"nonsyn","nonsyn","nonsyn",1.77e-05,1.76e-06,1.7e-06,1.7e-06,"0.00312324545454546","0.0032997","1","0.0032997","T","T","A","P","S",1,1,0,1,0,0,0
"8273",8536,1951,1951,"c","c","t","t",0.00102511532547412,0.00102511532547412,0.000512557662737058,0.000512557662737058,0.000512557662737058,0,0.000512557662737058,0,0.00153767298821117,0.00153767298821117,0.00153767298821117,0.00153767298821117,"nonsyn","nonsyn","nonsyn",4.58e-06,8.37e-07,4.33e-07,4.33e-07,"0.00446778999999998","0.000844783","0.001632987","1","T","T","I","N","S",1,0,0,0,0,0,0
"8274",8537,1933,1933,"c","c","t","t",0.00155199172271081,0.00155199172271081,0,0,0,0,0,0,0.00155199172271081,0.00155199172271081,0.00155199172271081,0.00155199172271081,"syn","syn","syn",4.58e-06,8.37e-07,4.33e-07,4.33e-07,"0.00295104666666667","1","1","1","T","T","T","T","T",0,0,0,0,1,0,1
"8275",8538,1916,1916,"a","a","g","g",0.00156576200417537,0.00156576200417537,0.00156576200417537,0.00156576200417537,0,0.00156576200417537,0,0.00156576200417537,0.00313152400835073,0.00313152400835073,0.00313152400835073,0.00313152400835073,"nonsyn","nonsyn","nonsyn",1.77e-05,1.76e-06,1.7e-06,1.7e-06,"0.0113044","0.00108573333333333","1","0.00108573333333333","M","M","V","L","L",0,0,0,1,0,0,0
"8276",8539,1786,1786,"t","t","c","c",0.00223964165733483,0.00223964165733483,0,0,0,0,0,0,0.00223964165733483,0.00223964165733483,0.00223964165733483,0.00223964165733483,"nonsyn","nonsyn","nonsyn",1.7e-05,1.07e-06,1.21e-06,1.21e-06,"0.00759049999999999","1","1","1","M","M","T","K","R",1,1,1,1,0,0,0
"8277",8540,1781,1781,"g","g","a","a",0.000561482313307131,0.000561482313307131,0,0,0,0,0,0,0.000561482313307131,0.000561482313307131,0.000561482313307131,0.000561482313307131,"nonsyn","nonsyn","nonsyn",4.2e-06,5.36e-07,1.17e-06,1.17e-06,"0.0074802","1","1","1","M","M","I","I","I",0,0,0,0,0,0,0
"8278",8541,1775,1775,"c","c","t","t",0.00112676056338028,0.00112676056338028,0,0,0,0,0,0,0.00112676056338028,0.00112676056338028,0.00112676056338028,0.00112676056338028,"nonsyn","nonsyn","nonsyn",4.58e-06,8.37e-07,4.33e-07,4.33e-07,"0.00406475000000001","1","1","1","L","L","F","I","V",0,0,0,0,0,0,0
"8279",8542,1774,1774,"t","t","c","c",0.00676437429537768,0.00676437429537768,0,0,0,0,0,0,0.00676437429537768,0.00676437429537768,0.00676437429537768,0.00676437429537768,"nonsyn","nonsyn","nonsyn",1.7e-05,1.07e-06,1.21e-06,1.21e-06,"0.00251316666666667","1","1","1","L","L","P","H","R",1,1,1,0,1,0,1
"8280",8543,1766,1766,"c","c","t","t",0.000566251415628539,0.000566251415628539,0,0,0,0,0,0,0.000566251415628539,0.000566251415628539,0.000566251415628539,0.000566251415628539,"syn","syn","syn",4.58e-06,8.37e-07,4.33e-07,4.33e-07,"0.00808828","1","1","1","L","L","L","L","L",0,0,0,0,0,0,0
"8281",8544,1763,1765,"g","g","a","a",0.00113442994895065,0.00113442994895065,0.000567214974475326,0.000567214974475326,0.000567214974475326,0,0.000567214974475326,0,0.00170164492342598,0.00170164492342598,0.00169971671388102,0.00169971671388102,"nonsyn","nonsyn","nonsyn",4.2e-06,5.36e-07,1.17e-06,1.17e-06,"0.00370230000000001","0.00206271","0.000944968","1","V","V","M","L","L",0,0,0,0,0,0,0
"8282",8545,1759,1761,"t","t","c","c",0.00284252416145537,0.00284252416145537,0.000568504832291074,0.000568504832291074,0,0.000568504832291074,0,0.000568504832291074,0.00341102899374645,0.00341102899374645,0.00340715502555366,0.00340715502555366,"nonsyn","nonsyn","nonsyn",1.7e-05,1.07e-06,1.21e-06,1.21e-06,"0.00598060000000001","0.00212839","1","0.00212839","V","V","A","E","G",0,1,1,1,0,0,0
"8283",8546,1769,1769,"g","g","a","a",0.00169587337478802,0.00169587337478802,0,0,0,0,0,0,0.00169587337478802,0.00169587337478802,0.00169587337478802,0.00169587337478802,"syn","syn","syn",4.2e-06,5.36e-07,1.17e-06,1.17e-06,"0.00247659999999999","1","1","1","V","V","V","V","V",0,0,0,0,0,0,0
"8284",8547,1765,1765,"t","t","c","c",0.0028328611898017,0.0028328611898017,0.00169971671388102,0.00169971671388102,0,0.00169971671388102,0,0.00169971671388102,0.00453257790368272,0.00453257790368272,0.00453257790368272,0.00453257790368272,"nonsyn","nonsyn","nonsyn",1.7e-05,1.07e-06,1.21e-06,1.21e-06,"0.006001","0.000711883333333333","1","0.000711883333333333","C","C","R","S","G",1,1,0,1,0,0,0
"8285",8548,1735,1735,"g","g","a","a",0.00115273775216138,0.00115273775216138,0,0,0,0,0,0,0.00115273775216138,0.00115273775216138,0.00115273775216138,0.00115273775216138,"nonsyn","nonsyn","nonsyn",4.2e-06,5.36e-07,1.17e-06,1.17e-06,"0.00364350000000001","1","1","1","C","C","Y","S","F",1,1,1,0,0,0,0
"8286",8549,1744,1744,"t","t","c","c",0.0051605504587156,0.0051605504587156,0.00114678899082569,0.00114678899082569,0.00114678899082569,0,0.00114678899082569,0,0.00630733944954128,0.00630733944954128,0.00630733944954128,0.00630733944954128,"syn","stop","nonsyn",1.7e-05,1.07e-06,1.21e-06,1.21e-06,"0.00329422222222222","0.00105512","0.000933039999999998","1","C","C","C","*","W",0,1,1,1,0,0,0
"8287",8550,1742,1742,"g","g","a","a",0.00114810562571757,0.00114810562571757,0,0,0,0,0,0,0.00114810562571757,0.00114810562571757,0.00114810562571757,0.00114810562571757,"nonsyn","nonsyn","nonsyn",4.2e-06,5.36e-07,1.17e-06,1.17e-06,"0.00365819999999999","1","1","1","G","G","S","R","C",1,1,0,0,1,1,0
"8288",8551,1730,1730,"g","g","a","a",0.000578034682080925,0.000578034682080925,0,0,0,0,0,0,0.000578034682080925,0.000578034682080925,0.000578034682080925,0.000578034682080925,"nonsyn","nonsyn","nonsyn",4.2e-06,5.36e-07,1.17e-06,1.17e-06,"0.007266","1","1","1","G","G","D","A","V",1,1,1,0,0,0,0
"8289",8552,1723,1723,"c","c","t","t",0.00290191526407429,0.00290191526407429,0,0,0,0,0,0,0.00290191526407429,0.00290191526407429,0.00290191526407429,0.00290191526407429,"syn","syn","syn",4.58e-06,8.37e-07,4.33e-07,4.33e-07,"0.001578268","1","1","1","G","G","G","G","G",0,0,0,0,0,0,0
"8290",8553,1723,1723,"g","g","a","a",0.00116076610562972,0.00116076610562972,0,0,0,0,0,0,0.00116076610562972,0.00116076610562972,0.00116076610562972,0.00116076610562972,"nonsyn","nonsyn","nonsyn",4.2e-06,5.36e-07,1.17e-06,1.17e-06,"0.00361829999999999","1","1","1","D","D","N","H","Y",1,1,1,0,0,0,0
"8291",8554,1708,1708,"a","a","g","g",0.00175644028103044,0.00175644028103044,0,0,0,0,0,0,0.00175644028103044,0.00175644028103044,0.00175644028103044,0.00175644028103044,"nonsyn","nonsyn","nonsyn",1.77e-05,1.76e-06,1.7e-06,1.7e-06,"0.0100772","1","1","1","D","D","G","A","V",1,1,1,0,0,0,0
"8292",8555,1714,1714,"c","c","t","t",0.00233372228704784,0.00233372228704784,0.00116686114352392,0.00116686114352392,0.00116686114352392,0,0.00116686114352392,0,0.00350058343057176,0.00350058343057176,0.00350058343057176,0.00350058343057176,"syn","nonsyn","nonsyn",4.58e-06,8.37e-07,4.33e-07,4.33e-07,"0.00196253","0.000371081","0.000717309000000001","1","D","D","D","E","E",0,0,0,0,0,0,0
"8293",8556,1719,1719,"g","g","a","a",0.00465386852821408,0.00465386852821408,0.00058173356602676,0.00058173356602676,0.00058173356602676,0,0.00058173356602676,0,0.00523560209424084,0.00523560209424084,0.00523560209424084,0.00523560209424084,"nonsyn","nonsyn","nonsyn",4.2e-06,5.36e-07,1.17e-06,1.17e-06,"0.000902474999999999","0.00201123","0.000921384","1","D","D","N","H","Y",1,1,1,0,0,0,0
"8294",8557,1704,1704,"a","a","g","g",0.00528169014084507,0.00528169014084507,0.000586854460093897,0.000586854460093897,0,0.000586854460093897,0,0.000586854460093897,0.00586854460093897,0.00586854460093897,0.00586854460093897,0.00586854460093897,"nonsyn","nonsyn","nonsyn",1.77e-05,1.76e-06,1.7e-06,1.7e-06,"0.0033512","0.0028968","1","0.0028968","D","D","G","A","V",1,1,1,0,0,0,0
"8295",8558,1727,1727,"c","c","t","t",0.00115807759119861,0.00115807759119861,0,0,0,0,0,0,0.00115807759119861,0.00115807759119861,0.00115807759119861,0.00115807759119861,"syn","nonsyn","nonsyn",4.58e-06,8.37e-07,4.33e-07,4.33e-07,"0.00395483","1","1","1","D","D","D","E","E",0,0,0,0,0,0,0
"8296",8559,1717,1717,"c","t","t","c",0.0005824111822947,0.999417588817705,0,0,0,0,0,0,0.0005824111822947,0.999417588817705,0.0005824111822947,0.999417588817705,"syn","nonsyn","nonsyn",1.7e-05,1.07e-06,1.21e-06,1.21e-06,"1.70099067599068e-05","1","1","1","L","L","L","I","V",0,0,0,0,1,0,1
"8297",8560,1514,1514,"t","t","c","c",0.00462351387054161,0.00462351387054161,0,0,0,0,0,0,0.00462351387054161,0.00462351387054161,0.00462351387054161,0.00462351387054161,"nonsyn","stop","stop",1.7e-05,1.07e-06,1.21e-06,1.21e-06,"0.00367685714285714","1","1","1","L","L","S","*","*",1,1,1,0,0,0,0
"8298",8561,1513,1513,"a","a","g","g",0.00264375413086583,0.00264375413086583,0,0,0,0,0,0,0.00264375413086583,0.00264375413086583,0.00264375413086583,0.00264375413086583,"syn","nonsyn","nonsyn",1.77e-05,1.76e-06,1.7e-06,1.7e-06,"0.006695025","1","1","1","L","L","L","F","F",0,0,0,0,1,1,0
"8299",8562,1516,1516,"g","g","a","a",0.000659630606860158,0.000659630606860158,0,0,0,0,0,0,0.000659630606860158,0.000659630606860158,0.000659630606860158,0.000659630606860158,"nonsyn","nonsyn","nonsyn",4.2e-06,5.36e-07,1.17e-06,1.17e-06,"0.0063672","1","1","1","V","V","I","L","F",0,0,0,0,0,0,0
"8300",8563,1507,1507,"t","t","c","c",0.0033178500331785,0.0033178500331785,0,0,0,0,0,0,0.0033178500331785,0.0033178500331785,0.0033178500331785,0.0033178500331785,"nonsyn","nonsyn","nonsyn",1.7e-05,1.07e-06,1.21e-06,1.21e-06,"0.0051238","1","1","1","V","V","A","D","G",0,1,1,0,0,0,0
"8301",8564,1507,1507,"c","c","t","t",0.0046449900464499,0.0046449900464499,0.0019907100199071,0.0019907100199071,0.0019907100199071,0,0.0019907100199071,0,0.006635700066357,0.006635700066357,0.006635700066357,0.006635700066357,"syn","syn","syn",4.58e-06,8.37e-07,4.33e-07,4.33e-07,"0.000986008571428572","0.000217510333333333","0.000420453","1","V","V","V","V","V",0,0,0,0,0,0,0
"8302",8565,1505,1505,"g","g","a","a",0.0026578073089701,0.0026578073089701,0,0,0,0,0,0,0.0026578073089701,0.0026578073089701,0.0026578073089701,0.0026578073089701,"nonsyn","nonsyn","nonsyn",4.2e-06,5.36e-07,1.17e-06,1.17e-06,"0.00158025","1","1","1","V","V","I","L","F",0,0,0,0,0,0,0
"8303",8566,1493,1493,"t","t","c","c",0.00669792364367046,0.00669792364367046,0.000669792364367046,0.000669792364367046,0.000669792364367046,0,0.000669792364367046,0,0.00736771600803751,0.00736771600803751,0.00736771600803751,0.00736771600803751,"nonsyn","nonsyn","nonsyn",1.7e-05,1.07e-06,1.21e-06,1.21e-06,"0.0025381","0.00180653","0.00159751","1","V","V","A","D","G",0,1,1,0,0,0,0
"8304",8567,1489,1489,"t","t","c","c",0,0,0,0,0,0,0,0,0,0,0,0,"syn","syn","syn",1.7e-05,1.07e-06,1.21e-06,1.21e-06,"1","1","1","1","V","V","V","V","V",0,0,0,0,0,0,0
"8305",8568,1481,1481,"a","a","g","g",0.00405131667792032,0.00405131667792032,0,0,0,0,0,0,0.00405131667792032,0.00405131667792032,0.00405131667792032,0.00405131667792032,"nonsyn","nonsyn","nonsyn",1.77e-05,1.76e-06,1.7e-06,1.7e-06,"0.00436895","1","1","1","I","I","V","L","F",0,0,0,0,0,0,0
"8306",8569,1476,1476,"t","t","c","c",0.00338753387533875,0.00338753387533875,0.000677506775067751,0.000677506775067751,0,0.000677506775067751,0,0.000677506775067751,0.0040650406504065,0.0040650406504065,0.0040650406504065,0.0040650406504065,"nonsyn","nonsyn","nonsyn",1.7e-05,1.07e-06,1.21e-06,1.21e-06,"0.0050184","0.00178596","1","0.00178596","I","I","T","N","S",1,1,1,0,0,0,0
"8307",8570,1448,1448,"c","c","t","t",0.00138121546961326,0.00138121546961326,0,0,0,0,0,0,0.00138121546961326,0.00138121546961326,0.00138121546961326,0.00138121546961326,"syn","syn","nonsyn",4.58e-06,8.37e-07,4.33e-07,4.33e-07,"0.00331592","1","1","1","I","I","I","I","M",0,0,0,0,0,0,0
"8308",8571,1440,1440,"t","t","c","c",0.00347222222222222,0.00347222222222222,0.00277777777777778,0.00277777777777778,0.00208333333333333,0.000694444444444444,0.00208333333333333,0.000694444444444444,0.00625,0.00625,0.00625,0.00625,"nonsyn","nonsyn","nonsyn",1.7e-05,1.07e-06,1.21e-06,1.21e-06,"0.004896","0.0004356","0.000513600000000001","0.0017424","C","C","R","S","G",1,1,0,1,1,0,1
"8309",8572,1250,1250,"g","g","a","a",0,0,8e-04,8e-04,0,8e-04,0,8e-04,8e-04,8e-04,8e-04,8e-04,"nonsyn","nonsyn","nonsyn",4.2e-06,5.36e-07,1.17e-06,1.17e-06,"1","0.0014625","1","0.0014625","C","C","Y","S","F",1,1,1,0,0,0,0
"8310",8573,1253,1253,"t","t","c","c",0.00319233838786911,0.00319233838786911,0.00239425379090184,0.00239425379090184,0.000798084596967279,0.00159616919393456,0.000798084596967279,0.00159616919393456,0.00558659217877095,0.00558659217877095,0.00558659217877095,0.00558659217877095,"syn","stop","nonsyn",1.7e-05,1.07e-06,1.21e-06,1.21e-06,"0.00532525000000001","0.000505376666666666","0.00134071","0.000758064999999999","C","C","C","*","W",0,1,1,1,0,0,0
"8311",8574,1158,1158,"g","g","a","a",0.00172711571675302,0.00172711571675302,0,0,0,0,0,0,0.00172711571675302,0.00172711571675302,0.00172711571675302,0.00172711571675302,"nonsyn","nonsyn","stop",4.2e-06,5.36e-07,1.17e-06,1.17e-06,"0.0024318","1","1","1","E","E","K","Q","*",1,1,1,0,0,0,0
"8312",8575,1155,1155,"a","a","g","g",0.00952380952380952,0.00952380952380952,0,0,0,0,0,0,0.00952380952380952,0.00952380952380952,0.00952380952380952,0.00952380952380952,"nonsyn","nonsyn","nonsyn",1.77e-05,1.76e-06,1.7e-06,1.7e-06,"0.0018585","1","1","1","E","E","G","A","V",1,1,1,0,0,0,0
"8313",8576,1110,1110,"g","a","a","g",0.000900900900900901,0.999099099099099,0,0,0,0,0,0,0.000900900900900901,0.999099099099099,0.000900900900900901,0.999099099099099,"syn","nonsyn","nonsyn",1.77e-05,1.76e-06,1.7e-06,1.7e-06,"1.77159603246168e-05","1","1","1","E","E","E","D","D",0,0,0,0,0,0,0
"8314",8577,1042,1042,"a","a","g","g",0.00863723608445298,0.00863723608445298,0.000959692898272553,0.000959692898272553,0,0.000959692898272553,0,0.000959692898272553,0.00959692898272553,0.00959692898272553,0.00959692898272553,0.00959692898272553,"nonsyn","nonsyn","nonsyn",1.77e-05,1.76e-06,1.7e-06,1.7e-06,"0.00204926666666667","0.0017714","1","0.0017714","S","S","G","R","C",1,1,1,0,1,1,0
"8315",8578,996,996,"g","g","a","a",0.00200803212851406,0.00200803212851406,0,0,0,0,0,0,0.00200803212851406,0.00200803212851406,0.00200803212851406,0.00200803212851406,"nonsyn","nonsyn","nonsyn",4.2e-06,5.36e-07,1.17e-06,1.17e-06,"0.0020916","1","1","1","S","S","N","T","I",0,0,1,0,0,0,0
"8316",8579,988,988,"t","t","c","c",0.00202429149797571,0.00202429149797571,0,0,0,0,0,0,0.00202429149797571,0.00202429149797571,0.00202429149797571,0.00202429149797571,"syn","nonsyn","nonsyn",1.7e-05,1.07e-06,1.21e-06,1.21e-06,"0.00839799999999999","1","1","1","S","S","S","R","R",0,1,1,1,0,0,0
"8317",8580,979,979,"g","g","a","a",0,0,0,0,0,0,0,0,0,0,0,0,"nonsyn","nonsyn","nonsyn",4.2e-06,5.36e-07,1.17e-06,1.17e-06,"1","1","1","1","A","A","T","P","S",1,1,1,0,0,0,0
"8318",8581,970,971,"c","c","t","t",0.0845360824742268,0.0845360824742268,0.00103092783505155,0.00103092783505155,0.00103092783505155,0,0.00103092783505155,0,0.0855670103092784,0.0855670103092784,0.0854788877445932,0.0854788877445932,"nonsyn","nonsyn","nonsyn",4.58e-06,8.37e-07,4.33e-07,4.33e-07,"5.41780487804878e-05","0.000420009999999998","0.000811889999999997","1","A","A","V","E","G",0,1,1,0,0,0,0
"8319",8582,953,957,"g","g","a","a",0.00419727177334732,0.00419727177334732,0.00104931794333683,0.00104931794333683,0,0.00104931794333683,0,0.00104931794333683,0.00524658971668416,0.00524658971668416,0.00522466039707419,0.00522466039707419,"syn","syn","syn",4.2e-06,5.36e-07,1.17e-06,1.17e-06,"0.00100065","0.00111501","1","0.00111501","A","A","A","A","A",0,0,0,0,1,1,0
"8320",8583,912,912,"g","g","a","a",0,0,0,0,0,0,0,0,0,0,0,0,"nonsyn","nonsyn","nonsyn",4.2e-06,5.36e-07,1.17e-06,1.17e-06,"1","1","1","1","G","G","R","R","W",1,1,1,0,1,1,0
"8321",8584,906,906,"g","g","a","a",0.0011037527593819,0.0011037527593819,0.0022075055187638,0.0022075055187638,0,0.0022075055187638,0,0.0022075055187638,0.0033112582781457,0.0033112582781457,0.0033112582781457,0.0033112582781457,"nonsyn","nonsyn","nonsyn",4.2e-06,5.36e-07,1.17e-06,1.17e-06,"0.00380519999999999","0.000530009999999999","1","0.000530009999999999","G","G","E","A","V",1,1,1,0,1,1,0
"8322",8585,902,902,"g","g","a","a",0.00110864745011086,0.00110864745011086,0.00110864745011086,0.00110864745011086,0,0.00110864745011086,0,0.00110864745011086,0.00221729490022173,0.00221729490022173,0.00221729490022173,0.00221729490022173,"syn","syn","syn",4.2e-06,5.36e-07,1.17e-06,1.17e-06,"0.00378840000000002","0.00105534","1","0.00105534","G","G","G","G","G",0,0,0,0,1,1,0
"8323",8586,903,903,"g","g","a","a",0.00110741971207087,0.00110741971207087,0,0,0,0,0,0,0.00110741971207087,0.00110741971207087,0.00110741971207087,0.00110741971207087,"nonsyn","nonsyn","nonsyn",4.2e-06,5.36e-07,1.17e-06,1.17e-06,"0.00379260000000002","1","1","1","V","V","I","L","F",0,0,0,0,0,0,0
"8324",8587,897,897,"t","t","c","c",0.00445930880713489,0.00445930880713489,0.00111482720178372,0.00111482720178372,0.00111482720178372,0,0.00111482720178372,0,0.00557413600891862,0.00557413600891862,0.00557413600891862,0.00557413600891862,"nonsyn","nonsyn","nonsyn",1.7e-05,1.07e-06,1.21e-06,1.21e-06,"0.00381225","0.00108537","0.000959790000000003","1","V","V","A","D","G",0,1,1,0,0,0,0
"8325",8588,886,886,"c","c","t","t",0.00112866817155756,0.00112866817155756,0,0,0,0,0,0,0.00112866817155756,0.00112866817155756,0.00112866817155756,0.00112866817155756,"syn","syn","syn",4.58e-06,8.37e-07,4.33e-07,4.33e-07,"0.00405788000000001","1","1","1","V","V","V","V","V",0,0,0,0,0,0,0
"8326",8589,858,858,"c","c","t","t",0.00233100233100233,0.00233100233100233,0,0,0,0,0,0,0.00233100233100233,0.00233100233100233,0.00233100233100233,0.00233100233100233,"stop","nonsyn","nonsyn",4.58e-06,8.37e-07,4.33e-07,4.33e-07,"0.00196482","1","1","1","Q","Q","*","K","E",1,1,1,0,1,0,1
"8327",8590,690,690,"a","a","g","g",0,0,0,0,0,0,0,0,0,0,0,0,"nonsyn","nonsyn","nonsyn",1.77e-05,1.76e-06,1.7e-06,1.7e-06,"1","1","1","1","Q","Q","R","P","L",1,1,1,1,1,1,0
"8328",8591,683,683,"g","g","a","a",0.00146412884333821,0.00146412884333821,0.00292825768667643,0.00292825768667643,0,0.00292825768667643,0,0.00292825768667643,0.00439238653001464,0.00439238653001464,0.00439238653001464,0.00439238653001464,"syn","nonsyn","nonsyn",4.2e-06,5.36e-07,1.17e-06,1.17e-06,"0.00286860000000001","0.000399555","1","0.000399555","Q","Q","Q","H","H",0,1,1,0,1,1,0
"8329",8592,672,672,"g","g","a","a",0.00148809523809524,0.00148809523809524,0,0,0,0,0,0,0.00148809523809524,0.00148809523809524,0.00148809523809524,0.00148809523809524,"nonsyn","nonsyn","stop",4.2e-06,5.36e-07,1.17e-06,1.17e-06,"0.0028224","1","1","1","E","E","K","Q","*",1,1,1,0,0,0,0
"8330",8593,623,623,"a","a","g","g",0.00160513643659711,0.00160513643659711,0.00160513643659711,0.00160513643659711,0,0.00160513643659711,0,0.00160513643659711,0.00321027287319422,0.00321027287319422,0.00321027287319422,0.00321027287319422,"nonsyn","nonsyn","nonsyn",1.77e-05,1.76e-06,1.7e-06,1.7e-06,"0.0110271","0.0010591","1","0.0010591","E","E","G","A","V",1,1,1,0,1,1,0
"8331",8594,611,611,"g","g","a","a",0,0,0.0016366612111293,0.0016366612111293,0,0.0016366612111293,0,0.0016366612111293,0.0016366612111293,0.0016366612111293,0.0016366612111293,0.0016366612111293,"syn","nonsyn","nonsyn",4.2e-06,5.36e-07,1.17e-06,1.17e-06,"1","0.000714869999999998","1","0.000714869999999998","E","E","E","D","D",0,0,0,0,1,1,0
"8332",8595,596,596,"g","g","a","a",0,0,0,0,0,0,0,0,0,0,0,0,"nonsyn","nonsyn","nonsyn",4.2e-06,5.36e-07,1.17e-06,1.17e-06,"1","1","1","1","D","D","N","H","Y",1,1,1,0,0,0,0
"8333",8596,564,564,"a","a","g","g",0.0124113475177305,0.0124113475177305,0,0,0,0,0,0,0.0124113475177305,0.0124113475177305,0.0124113475177305,0.0124113475177305,"nonsyn","nonsyn","nonsyn",1.77e-05,1.76e-06,1.7e-06,1.7e-06,"0.00142611428571429","1","1","1","D","D","G","A","V",1,1,1,0,0,0,0
"8334",8597,563,563,"c","c","t","t",0,0,0,0,0,0,0,0,0,0,0,0,"syn","nonsyn","nonsyn",4.58e-06,8.37e-07,4.33e-07,4.33e-07,"1","1","1","1","D","D","D","E","E",0,0,0,0,0,0,0
"8335",8598,563,563,"g","g","a","a",0.00177619893428064,0.00177619893428064,0,0,0,0,0,0,0.00177619893428064,0.00177619893428064,0.00177619893428064,0.00177619893428064,"nonsyn","nonsyn","nonsyn",4.2e-06,5.36e-07,1.17e-06,1.17e-06,"0.0023646","1","1","1","A","A","T","P","S",1,1,1,0,0,0,0
"8336",8599,556,556,"c","c","t","t",0,0,0,0,0,0,0,0,0,0,0,0,"nonsyn","nonsyn","nonsyn",4.58e-06,8.37e-07,4.33e-07,4.33e-07,"1","1","1","1","A","A","V","E","G",0,1,1,0,0,0,0
"8337",8600,544,544,"g","g","a","a",0.00551470588235294,0.00551470588235294,0,0,0,0,0,0,0.00551470588235294,0.00551470588235294,0.00551470588235294,0.00551470588235294,"syn","syn","syn",4.2e-06,5.36e-07,1.17e-06,1.17e-06,"0.0007616","1","1","1","A","A","A","A","A",0,0,0,0,1,1,0
"8338",8601,533,533,"g","g","a","a",0.00187617260787992,0.00187617260787992,0.00187617260787992,0.00187617260787992,0,0.00187617260787992,0,0.00187617260787992,0.00375234521575985,0.00375234521575985,0.00375234521575985,0.00375234521575985,"nonsyn","nonsyn","nonsyn",4.2e-06,5.36e-07,1.17e-06,1.17e-06,"0.00223860000000001","0.000623610000000002","1","0.000623610000000002","A","A","T","P","S",1,1,1,0,0,0,0
"8339",8602,532,532,"c","c","t","t",0.0018796992481203,0.0018796992481203,0.0018796992481203,0.0018796992481203,0.0018796992481203,0,0.0018796992481203,0,0.0037593984962406,0.0037593984962406,0.0037593984962406,0.0037593984962406,"nonsyn","nonsyn","nonsyn",4.58e-06,8.37e-07,4.33e-07,4.33e-07,"0.00243656","0.000230356","0.000445284","1","A","A","V","E","G",0,1,1,0,0,0,0
"8340",8603,531,531,"g","g","a","a",0,0,0,0,0,0,0,0,0,0,0,0,"syn","syn","syn",4.2e-06,5.36e-07,1.17e-06,1.17e-06,"1","1","1","1","A","A","A","A","A",0,0,0,0,0,0,0
"8341",8604,526,526,"a","a","g","g",0.00380228136882129,0.00380228136882129,0,0,0,0,0,0,0.00380228136882129,0.00380228136882129,0.00380228136882129,0.00380228136882129,"nonsyn","nonsyn","nonsyn",1.77e-05,1.76e-06,1.7e-06,1.7e-06,"0.0046551","1","1","1","S","N","D","H","Y",1,1,1,0,0,0,0
"8342",8605,468,468,"g","a","a","g",0.00213675213675214,0.997863247863248,0,0,0,0,0,0,0.00213675213675214,0.997863247863248,0.00213675213675214,0.997863247863248,"nonsyn","nonsyn","nonsyn",1.77e-05,1.76e-06,1.7e-06,1.7e-06,"1.77379014989293e-05","1","1","1","S","N","S","T","I",0,0,1,0,0,0,0
"8343",8606,457,457,"c","c","t","t",0.00218818380743982,0.00218818380743982,0,0,0,0,0,0,0.00218818380743982,0.00218818380743982,0.00218818380743982,0.00218818380743982,"syn","nonsyn","nonsyn",4.58e-06,8.37e-07,4.33e-07,4.33e-07,"0.00209306","1","1","1","S","N","N","K","K",0,1,1,0,0,0,0
"8344",8607,454,454,"c","c","t","t",0.00440528634361234,0.00440528634361234,0,0,0,0,0,0,0.00440528634361234,0.00440528634361234,0.00440528634361234,0.00440528634361234,"syn","nonsyn","nonsyn",4.58e-06,8.37e-07,4.33e-07,4.33e-07,"0.00103966","1","1","1","L","L","L","M","V",0,0,0,0,1,0,1
"8345",8608,454,454,"t","t","c","c",0.00440528634361234,0.00440528634361234,0,0,0,0,0,0,0.00440528634361234,0.00440528634361234,0.00440528634361234,0.00440528634361234,"nonsyn","nonsyn","nonsyn",1.7e-05,1.07e-06,1.21e-06,1.21e-06,"0.003859","1","1","1","L","L","P","Q","R",1,1,1,1,1,0,1
"8346",8609,448,448,"g","g","a","a",0.00223214285714286,0.00223214285714286,0,0,0,0,0,0,0.00223214285714286,0.00223214285714286,0.00223214285714286,0.00223214285714286,"syn","syn","syn",4.2e-06,5.36e-07,1.17e-06,1.17e-06,"0.0018816","1","1","1","L","L","L","L","L",0,0,0,0,0,0,0
"8347",8610,445,445,"c","a","t","g",0.00674157303370787,0,0.00224719101123596,0.997752808988764,0.00224719101123596,0,0.991011235955056,0.00674157303370787,0.00898876404494382,0.997752808988764,0.00898876404494382,0.997752808988764,"nonsyn","syn","stop",1.77e-05,1.76e-06,1.7e-06,1.7e-06,"1","1.70382882882883e-06","1.77596371882086e-06","0.000252166666666666","R","R","G","R","*",1,0,1,0,1,1,0
"8348",8611,442,442,"g","g","a","a",0,0,0,0,0,0,0,0,0,0,0,0,"nonsyn","nonsyn","nonsyn",4.2e-06,5.36e-07,1.17e-06,1.17e-06,"1","1","1","1","R","R","K","T","I",0,1,1,0,0,0,0
"8349",8612,440,440,"a","a","g","g",0,0,0,0,0,0,0,0,0,0,0,0,"syn","nonsyn","nonsyn",1.77e-05,1.76e-06,1.7e-06,1.7e-06,"1","1","1","1","R","R","R","S","S",0,1,1,0,1,1,0
"8350",8613,438,438,"g","g","a","a",0,0,0,0,0,0,0,0,0,0,0,0,"nonsyn","nonsyn","nonsyn",4.2e-06,5.36e-07,1.17e-06,1.17e-06,"1","1","1","1","V","A","T","P","S",1,1,1,0,0,0,0
"8351",8614,436,436,"t","c","c","t",0,1,0,0,0,0,0,0,0,1,0,1,"nonsyn","nonsyn","nonsyn",4.58e-06,8.37e-07,4.33e-07,4.33e-07,"4.58e-06","1","1","1","V","A","V","D","G",0,1,1,0,0,0,0
"8352",8615,429,429,"c","c","t","t",0,0,0,0,0,0,0,0,0,0,0,0,"syn","syn","syn",4.58e-06,8.37e-07,4.33e-07,4.33e-07,"1","1","1","1","V","A","A","A","A",0,0,0,0,1,0,1
"8353",8616,278,278,"t","t","c","c",0,0,0,0,0,0,0,0,0,0,0,0,"nonsyn","nonsyn","nonsyn",1.7e-05,1.07e-06,1.21e-06,1.21e-06,"1","1","1","1","F","F","L","I","V",0,0,0,0,1,0,1
"8354",8617,267,267,"t","t","c","c",0,0,0.00374531835205993,0.00374531835205993,0.00374531835205993,0,0.00374531835205993,0,0.00374531835205993,0.00374531835205993,0.00374531835205993,0.00374531835205993,"nonsyn","nonsyn","nonsyn",1.7e-05,1.07e-06,1.21e-06,1.21e-06,"1","0.00032307","0.00028569","1","F","F","S","Y","C",1,0,1,0,0,0,0
"8355",8618,264,264,"c","c","t","t",0,0,0,0,0,0,0,0,0,0,0,0,"syn","nonsyn","nonsyn",4.58e-06,8.37e-07,4.33e-07,4.33e-07,"1","1","1","1","F","F","F","L","L",0,0,0,0,0,0,0
"8356",8619,256,256,"a","a","g","g",0,0,0,0,0,0,0,0,0,0,0,0,"nonsyn","nonsyn","nonsyn",1.77e-05,1.76e-06,1.7e-06,1.7e-06,"1","1","1","1","T","T","A","P","S",1,1,0,1,0,0,0
"8357",8620,253,253,"c","c","t","t",0,0,0,0,0,0,0,0,0,0,0,0,"nonsyn","nonsyn","nonsyn",4.58e-06,8.37e-07,4.33e-07,4.33e-07,"1","1","1","1","T","T","M","K","R",1,1,1,0,0,0,0
"8358",8621,251,251,"g","g","a","a",0,0,0,0,0,0,0,0,0,0,0,0,"syn","syn","syn",4.2e-06,5.36e-07,1.17e-06,1.17e-06,"1","1","1","1","T","T","T","T","T",0,0,0,0,1,1,0
"8359",8622,250,250,"g","g","a","a",0,0,0,0,0,0,0,0,0,0,0,0,"nonsyn","nonsyn","stop",4.2e-06,5.36e-07,1.17e-06,1.17e-06,"1","1","1","1","E","E","K","Q","*",1,1,1,0,0,0,0
"8360",8623,250,250,"a","a","g","g",0,0,0,0,0,0,0,0,0,0,0,0,"nonsyn","nonsyn","nonsyn",1.77e-05,1.76e-06,1.7e-06,1.7e-06,"1","1","1","1","E","E","G","A","V",1,1,1,0,1,1,0
"8361",8624,250,250,"g","g","a","a",0,0,0,0,0,0,0,0,0,0,0,0,"syn","nonsyn","nonsyn",4.2e-06,5.36e-07,1.17e-06,1.17e-06,"1","1","1","1","E","E","E","D","D",0,0,0,0,1,1,0
"8362",8625,250,250,"g","g","a","a",0,0,0,0,0,0,0,0,0,0,0,0,"nonsyn","nonsyn","nonsyn",4.2e-06,5.36e-07,1.17e-06,1.17e-06,"1","1","1","1","A","A","T","P","S",1,1,1,0,0,0,0
"8363",8626,239,239,"c","c","t","t",0,0,0,0,0,0,0,0,0,0,0,0,"nonsyn","nonsyn","nonsyn",4.58e-06,8.37e-07,4.33e-07,4.33e-07,"1","1","1","1","A","A","V","D","G",0,1,1,0,0,0,0
"8364",8627,234,234,"t","t","c","c",0,0,0.00427350427350427,0.00427350427350427,0.00427350427350427,0,0.00427350427350427,0,0.00427350427350427,0.00427350427350427,0.00427350427350427,0.00427350427350427,"syn","syn","syn",1.7e-05,1.07e-06,1.21e-06,1.21e-06,"1","0.00028314","0.00025038","1","A","A","A","A","A",0,0,0,0,1,0,1
"8365",8628,79,79,"a","a","g","g",0,0,0,0,0,0,0,0,0,0,0,0,"nonsyn","nonsyn","nonsyn",1.77e-05,1.76e-06,1.7e-06,1.7e-06,"1","1","1","1","M","M","V","L","L",0,0,0,0,0,0,0
"8366",8629,34,34,"t","t","c","c",0,0,0,0,0,0,0,0,0,0,0,0,"nonsyn","nonsyn","nonsyn",1.7e-05,1.07e-06,1.21e-06,1.21e-06,"1","1","1","1","M","M","T","K","R",1,1,1,1,0,0,0
"8367",8630,25,25,"g","g","a","a",0,0,0,0,0,0,0,0,0,0,0,0,"nonsyn","nonsyn","nonsyn",4.2e-06,5.36e-07,1.17e-06,1.17e-06,"1","1","1","1","M","M","I","I","I",0,0,0,0,0,0,0
"8368",8631,23,23,"a","a","g","g",0,0,0,0,0,0,0,0,0,0,0,0,"nonsyn","nonsyn","nonsyn",1.77e-05,1.76e-06,1.7e-06,1.7e-06,"1","1","1","1","T","T","A","P","S",1,1,0,0,0,0,0
"8369",8632,23,23,"c","c","t","t",0,0,0,0,0,0,0,0,0,0,0,0,"nonsyn","nonsyn","nonsyn",4.58e-06,8.37e-07,4.33e-07,4.33e-07,"1","1","1","1","T","T","I","N","S",1,0,0,0,0,0,0
"8370",8633,13,13,"c","c","t","t",0,0,0,0,0,0,0,0,0,0,0,0,"syn","syn","syn",4.58e-06,8.37e-07,4.33e-07,4.33e-07,"1","1","1","1","T","T","T","T","T",0,0,0,0,1,0,1
"8371",8634,11,11,"a","a","g","g",0,0,0,0,0,0,0,0,0,0,0,0,"nonsyn","syn","nonsyn",1.77e-05,1.76e-06,1.7e-06,1.7e-06,"1","1","1","1","NA","NA","NA","NA","NA",0,0,0,1,1,1,0
"8372",8635,NA,NA,NA,"g",NA,"a",NA,NA,NA,NA,NA,NA,NA,NA,NA,NA,NA,NA,"nonsyn","nonsyn","nonsyn",4.2e-06,5.36e-07,1.17e-06,1.17e-06,"NA","NA","NA","NA","NA","NA","NA","NA","NA",0,0,0,0,1,1,0
"8373",8636,NA,NA,NA,"g",NA,"a",NA,NA,NA,NA,NA,NA,NA,NA,NA,NA,NA,NA,"syn","nonsyn","nonsyn",4.2e-06,5.36e-07,1.17e-06,1.17e-06,"NA","NA","NA","NA","NA","NA","NA","NA","NA",0,0,0,0,0,0,0
"8374",8637,NA,NA,NA,"t",NA,"c",NA,NA,NA,NA,NA,NA,NA,NA,NA,NA,NA,NA,"nonsyn","nonsyn","nonsyn",1.7e-05,1.07e-06,1.21e-06,1.21e-06,"NA","NA","NA","NA","NA","NA","NA","NA","NA",0,0,0,0,0,0,0
"8375",8638,NA,NA,NA,"a",NA,"g",NA,NA,NA,NA,NA,NA,NA,NA,NA,NA,NA,NA,"nonsyn","nonsyn","nonsyn",1.77e-05,1.76e-06,1.7e-06,1.7e-06,"NA","NA","NA","NA","NA","NA","NA","NA","NA",0,0,0,0,0,0,0
"8376",8639,NA,NA,NA,"c",NA,"t",NA,NA,NA,NA,NA,NA,NA,NA,NA,NA,NA,NA,"syn","stop","stop",4.58e-06,8.37e-07,4.33e-07,4.33e-07,"NA","NA","NA","NA","NA","NA","NA","NA","NA",0,0,0,0,0,0,0
"8377",8640,NA,NA,NA,"t",NA,"c",NA,NA,NA,NA,NA,NA,NA,NA,NA,NA,NA,NA,"nonsyn","nonsyn","nonsyn",1.7e-05,1.07e-06,1.21e-06,1.21e-06,"NA","NA","NA","NA","NA","NA","NA","NA","NA",0,0,0,0,1,0,1
"8378",8641,NA,NA,NA,"c",NA,"t",NA,NA,NA,NA,NA,NA,NA,NA,NA,NA,NA,NA,"nonsyn","nonsyn","nonsyn",4.58e-06,8.37e-07,4.33e-07,4.33e-07,"NA","NA","NA","NA","NA","NA","NA","NA","NA",0,0,0,0,0,0,0
"8379",8642,NA,NA,NA,"c",NA,"t",NA,NA,NA,NA,NA,NA,NA,NA,NA,NA,NA,NA,"syn","syn","syn",4.58e-06,8.37e-07,4.33e-07,4.33e-07,"NA","NA","NA","NA","NA","NA","NA","NA","NA",0,0,0,0,1,0,1
"8380",8643,NA,NA,NA,"g",NA,"a",NA,NA,NA,NA,NA,NA,NA,NA,NA,NA,NA,NA,"nonsyn","nonsyn","nonsyn",4.2e-06,5.36e-07,1.17e-06,1.17e-06,"NA","NA","NA","NA","NA","NA","NA","NA","NA",0,0,0,0,0,0,0
"8381",8644,NA,NA,NA,"c",NA,"t",NA,NA,NA,NA,NA,NA,NA,NA,NA,NA,NA,NA,"nonsyn","nonsyn","nonsyn",4.58e-06,8.37e-07,4.33e-07,4.33e-07,"NA","NA","NA","NA","NA","NA","NA","NA","NA",0,0,0,0,0,0,0
"8382",8645,NA,NA,NA,"c",NA,"t",NA,NA,NA,NA,NA,NA,NA,NA,NA,NA,NA,NA,"syn","syn","syn",4.58e-06,8.37e-07,4.33e-07,4.33e-07,"NA","NA","NA","NA","NA","NA","NA","NA","NA",0,0,0,0,1,0,1
"8383",8646,NA,NA,NA,"c",NA,"t",NA,NA,NA,NA,NA,NA,NA,NA,NA,NA,NA,NA,"nonsyn","nonsyn","nonsyn",4.58e-06,8.37e-07,4.33e-07,4.33e-07,"NA","NA","NA","NA","NA","NA","NA","NA","NA",0,0,0,0,1,0,1
"8384",8647,NA,NA,NA,"c",NA,"t",NA,NA,NA,NA,NA,NA,NA,NA,NA,NA,NA,NA,"nonsyn","nonsyn","nonsyn",4.58e-06,8.37e-07,4.33e-07,4.33e-07,"NA","NA","NA","NA","NA","NA","NA","NA","NA",0,0,0,0,1,0,1
"8385",8648,NA,NA,NA,"c",NA,"t",NA,NA,NA,NA,NA,NA,NA,NA,NA,NA,NA,NA,"syn","syn","syn",4.58e-06,8.37e-07,4.33e-07,4.33e-07,"NA","NA","NA","NA","NA","NA","NA","NA","NA",0,0,0,0,1,0,1
"8386",8649,NA,NA,NA,"c",NA,"t",NA,NA,NA,NA,NA,NA,NA,NA,NA,NA,NA,NA,"nonsyn","nonsyn","nonsyn",4.58e-06,8.37e-07,4.33e-07,4.33e-07,"NA","NA","NA","NA","NA","NA","NA","NA","NA",0,0,0,0,1,0,1
"8387",8650,NA,NA,NA,"c",NA,"t",NA,NA,NA,NA,NA,NA,NA,NA,NA,NA,NA,NA,"nonsyn","nonsyn","nonsyn",4.58e-06,8.37e-07,4.33e-07,4.33e-07,"NA","NA","NA","NA","NA","NA","NA","NA","NA",0,0,0,0,1,0,1
"8388",8651,NA,NA,NA,"c",NA,"t",NA,NA,NA,NA,NA,NA,NA,NA,NA,NA,NA,NA,"syn","syn","syn",4.58e-06,8.37e-07,4.33e-07,4.33e-07,"NA","NA","NA","NA","NA","NA","NA","NA","NA",0,0,0,0,1,0,1
"8389",8652,NA,NA,NA,"g",NA,"a",NA,NA,NA,NA,NA,NA,NA,NA,NA,NA,NA,NA,"nonsyn","nonsyn","nonsyn",4.2e-06,5.36e-07,1.17e-06,1.17e-06,"NA","NA","NA","NA","NA","NA","NA","NA","NA",0,0,0,0,1,1,0
"8390",8653,NA,NA,NA,"g",NA,"a",NA,NA,NA,NA,NA,NA,NA,NA,NA,NA,NA,NA,"nonsyn","nonsyn","nonsyn",4.2e-06,5.36e-07,1.17e-06,1.17e-06,"NA","NA","NA","NA","NA","NA","NA","NA","NA",0,0,0,0,1,1,0
"8391",8654,NA,NA,NA,"g",NA,"a",NA,NA,NA,NA,NA,NA,NA,NA,NA,NA,NA,NA,"syn","syn","syn",4.2e-06,5.36e-07,1.17e-06,1.17e-06,"NA","NA","NA","NA","NA","NA","NA","NA","NA",0,0,0,0,1,1,0
"8392",8655,NA,NA,NA,"g",NA,"a",NA,NA,NA,NA,NA,NA,NA,NA,NA,NA,NA,NA,"nonsyn","nonsyn","nonsyn",4.2e-06,5.36e-07,1.17e-06,1.17e-06,"NA","NA","NA","NA","NA","NA","NA","NA","NA",0,0,0,0,0,0,0
"8393",8656,NA,NA,NA,"a",NA,"g",NA,NA,NA,NA,NA,NA,NA,NA,NA,NA,NA,NA,"nonsyn","nonsyn","nonsyn",1.77e-05,1.76e-06,1.7e-06,1.7e-06,"NA","NA","NA","NA","NA","NA","NA","NA","NA",0,0,0,0,0,0,0
"8394",8657,NA,NA,NA,"c",NA,"t",NA,NA,NA,NA,NA,NA,NA,NA,NA,NA,NA,NA,"syn","nonsyn","nonsyn",4.58e-06,8.37e-07,4.33e-07,4.33e-07,"NA","NA","NA","NA","NA","NA","NA","NA","NA",0,0,0,0,0,0,0
"8395",8658,NA,NA,NA,"c",NA,"t",NA,NA,NA,NA,NA,NA,NA,NA,NA,NA,NA,NA,"nonsyn","nonsyn","nonsyn",4.58e-06,8.37e-07,4.33e-07,4.33e-07,"NA","NA","NA","NA","NA","NA","NA","NA","NA",0,0,0,0,1,0,1
"8396",8659,NA,NA,NA,"c",NA,"t",NA,NA,NA,NA,NA,NA,NA,NA,NA,NA,NA,NA,"nonsyn","nonsyn","nonsyn",4.58e-06,8.37e-07,4.33e-07,4.33e-07,"NA","NA","NA","NA","NA","NA","NA","NA","NA",0,0,0,0,1,0,1
"8397",8660,NA,NA,NA,"c",NA,"t",NA,NA,NA,NA,NA,NA,NA,NA,NA,NA,NA,NA,"syn","syn","syn",4.58e-06,8.37e-07,4.33e-07,4.33e-07,"NA","NA","NA","NA","NA","NA","NA","NA","NA",0,0,0,0,1,0,1
"8398",8661,NA,NA,NA,"c",NA,"t",NA,NA,NA,NA,NA,NA,NA,NA,NA,NA,NA,NA,"nonsyn","nonsyn","nonsyn",4.58e-06,8.37e-07,4.33e-07,4.33e-07,"NA","NA","NA","NA","NA","NA","NA","NA","NA",0,0,0,0,1,0,1
"8399",8662,NA,NA,NA,"c",NA,"t",NA,NA,NA,NA,NA,NA,NA,NA,NA,NA,NA,NA,"nonsyn","nonsyn","nonsyn",4.58e-06,8.37e-07,4.33e-07,4.33e-07,"NA","NA","NA","NA","NA","NA","NA","NA","NA",0,0,0,0,1,0,1
"8400",8663,NA,NA,NA,"a",NA,"g",NA,NA,NA,NA,NA,NA,NA,NA,NA,NA,NA,NA,"syn","syn","syn",1.77e-05,1.76e-06,1.7e-06,1.7e-06,"NA","NA","NA","NA","NA","NA","NA","NA","NA",0,0,0,1,0,0,0
"8401",8664,NA,NA,NA,"c",NA,"t",NA,NA,NA,NA,NA,NA,NA,NA,NA,NA,NA,NA,"stop","nonsyn","nonsyn",4.58e-06,8.37e-07,4.33e-07,4.33e-07,"NA","NA","NA","NA","NA","NA","NA","NA","NA",0,0,0,0,0,0,0
"8402",8665,NA,NA,NA,"a",NA,"g",NA,NA,NA,NA,NA,NA,NA,NA,NA,NA,NA,NA,"nonsyn","nonsyn","nonsyn",1.77e-05,1.76e-06,1.7e-06,1.7e-06,"NA","NA","NA","NA","NA","NA","NA","NA","NA",0,0,0,1,0,0,0
"8403",8666,NA,NA,NA,"a",NA,"g",NA,NA,NA,NA,NA,NA,NA,NA,NA,NA,NA,NA,"syn","nonsyn","nonsyn",1.77e-05,1.76e-06,1.7e-06,1.7e-06,"NA","NA","NA","NA","NA","NA","NA","NA","NA",0,0,0,0,0,0,0
"8404",8667,NA,NA,NA,"c",NA,"t",NA,NA,NA,NA,NA,NA,NA,NA,NA,NA,NA,NA,"nonsyn","nonsyn","nonsyn",4.58e-06,8.37e-07,4.33e-07,4.33e-07,"NA","NA","NA","NA","NA","NA","NA","NA","NA",0,0,0,0,0,0,0
"8405",8668,NA,NA,NA,"c",NA,"t",NA,NA,NA,NA,NA,NA,NA,NA,NA,NA,NA,NA,"nonsyn","nonsyn","nonsyn",4.58e-06,8.37e-07,4.33e-07,4.33e-07,"NA","NA","NA","NA","NA","NA","NA","NA","NA",0,0,0,0,1,0,1
"8406",8669,NA,NA,NA,"a",NA,"g",NA,NA,NA,NA,NA,NA,NA,NA,NA,NA,NA,NA,"syn","syn","syn",1.77e-05,1.76e-06,1.7e-06,1.7e-06,"NA","NA","NA","NA","NA","NA","NA","NA","NA",0,0,0,1,1,1,0
"8407",8670,NA,NA,NA,"g",NA,"a",NA,NA,NA,NA,NA,NA,NA,NA,NA,NA,NA,NA,"nonsyn","nonsyn","stop",4.2e-06,5.36e-07,1.17e-06,1.17e-06,"NA","NA","NA","NA","NA","NA","NA","NA","NA",0,0,0,0,0,0,0
"8408",8671,NA,NA,NA,"a",NA,"g",NA,NA,NA,NA,NA,NA,NA,NA,NA,NA,NA,NA,"nonsyn","nonsyn","nonsyn",1.77e-05,1.76e-06,1.7e-06,1.7e-06,"NA","NA","NA","NA","NA","NA","NA","NA","NA",0,0,0,0,0,0,0
"8409",8672,NA,NA,NA,"a",NA,"g",NA,NA,NA,NA,NA,NA,NA,NA,NA,NA,NA,NA,"syn","nonsyn","nonsyn",1.77e-05,1.76e-06,1.7e-06,1.7e-06,"NA","NA","NA","NA","NA","NA","NA","NA","NA",0,0,0,0,0,0,0
"8410",8673,NA,NA,NA,"t",NA,"c",NA,NA,NA,NA,NA,NA,NA,NA,NA,NA,NA,NA,"nonsyn","nonsyn","nonsyn",1.7e-05,1.07e-06,1.21e-06,1.21e-06,"NA","NA","NA","NA","NA","NA","NA","NA","NA",0,0,0,0,0,0,0
"8411",8674,NA,NA,NA,"a",NA,"g",NA,NA,NA,NA,NA,NA,NA,NA,NA,NA,NA,NA,"nonsyn","nonsyn","nonsyn",1.77e-05,1.76e-06,1.7e-06,1.7e-06,"NA","NA","NA","NA","NA","NA","NA","NA","NA",0,0,0,0,0,0,0
"8412",8675,NA,NA,NA,"c",NA,"t",NA,NA,NA,NA,NA,NA,NA,NA,NA,NA,NA,NA,"syn","stop","stop",4.58e-06,8.37e-07,4.33e-07,4.33e-07,"NA","NA","NA","NA","NA","NA","NA","NA","NA",0,0,0,0,0,0,0
"8413",8676,NA,NA,NA,"g",NA,"a",NA,NA,NA,NA,NA,NA,NA,NA,NA,NA,NA,NA,"nonsyn","nonsyn","nonsyn",4.2e-06,5.36e-07,1.17e-06,1.17e-06,"NA","NA","NA","NA","NA","NA","NA","NA","NA",0,0,0,0,0,0,0
"8414",8677,NA,NA,NA,"a",NA,"g",NA,NA,NA,NA,NA,NA,NA,NA,NA,NA,NA,NA,"nonsyn","nonsyn","nonsyn",1.77e-05,1.76e-06,1.7e-06,1.7e-06,"NA","NA","NA","NA","NA","NA","NA","NA","NA",0,0,0,0,0,0,0
"8415",8678,NA,NA,NA,"c",NA,"t",NA,NA,NA,NA,NA,NA,NA,NA,NA,NA,NA,NA,"syn","nonsyn","nonsyn",4.58e-06,8.37e-07,4.33e-07,4.33e-07,"NA","NA","NA","NA","NA","NA","NA","NA","NA",0,0,0,0,0,0,0
"8416",8679,NA,NA,NA,"t",NA,"c",NA,NA,NA,NA,NA,NA,NA,NA,NA,NA,NA,NA,"syn","nonsyn","nonsyn",1.7e-05,1.07e-06,1.21e-06,1.21e-06,"NA","NA","NA","NA","NA","NA","NA","NA","NA",0,0,0,0,1,0,1
"8417",8680,NA,NA,NA,"t",NA,"c",NA,NA,NA,NA,NA,NA,NA,NA,NA,NA,NA,NA,"nonsyn","stop","nonsyn",1.7e-05,1.07e-06,1.21e-06,1.21e-06,"NA","NA","NA","NA","NA","NA","NA","NA","NA",0,0,0,1,0,0,0
"8418",8681,NA,NA,NA,"g",NA,"a",NA,NA,NA,NA,NA,NA,NA,NA,NA,NA,NA,NA,"syn","nonsyn","nonsyn",4.2e-06,5.36e-07,1.17e-06,1.17e-06,"NA","NA","NA","NA","NA","NA","NA","NA","NA",0,0,0,0,1,1,0
"8419",8682,NA,NA,NA,"g",NA,"a",NA,NA,NA,NA,NA,NA,NA,NA,NA,NA,NA,NA,"nonsyn","nonsyn","stop",4.2e-06,5.36e-07,1.17e-06,1.17e-06,"NA","NA","NA","NA","NA","NA","NA","NA","NA",0,0,0,0,0,0,0
"8420",8683,NA,NA,NA,"a",NA,"g",NA,NA,NA,NA,NA,NA,NA,NA,NA,NA,NA,NA,"nonsyn","nonsyn","nonsyn",1.77e-05,1.76e-06,1.7e-06,1.7e-06,"NA","NA","NA","NA","NA","NA","NA","NA","NA",0,0,0,0,1,1,0
"8421",8684,NA,NA,NA,"g",NA,"a",NA,NA,NA,NA,NA,NA,NA,NA,NA,NA,NA,NA,"syn","nonsyn","nonsyn",4.2e-06,5.36e-07,1.17e-06,1.17e-06,"NA","NA","NA","NA","NA","NA","NA","NA","NA",0,0,0,0,0,0,0
"8422",8685,NA,NA,NA,"c",NA,"t",NA,NA,NA,NA,NA,NA,NA,NA,NA,NA,NA,NA,"nonsyn","nonsyn","nonsyn",4.58e-06,8.37e-07,4.33e-07,4.33e-07,"NA","NA","NA","NA","NA","NA","NA","NA","NA",0,0,0,0,0,0,0
"8423",8686,NA,NA,NA,"t",NA,"c",NA,NA,NA,NA,NA,NA,NA,NA,NA,NA,NA,NA,"nonsyn","nonsyn","nonsyn",1.7e-05,1.07e-06,1.21e-06,1.21e-06,"NA","NA","NA","NA","NA","NA","NA","NA","NA",0,0,0,0,1,0,1
"8424",8687,NA,NA,NA,"t",NA,"c",NA,NA,NA,NA,NA,NA,NA,NA,NA,NA,NA,NA,"syn","syn","syn",1.7e-05,1.07e-06,1.21e-06,1.21e-06,"NA","NA","NA","NA","NA","NA","NA","NA","NA",0,0,0,0,0,0,0
"8425",8688,NA,NA,NA,"a",NA,"g",NA,NA,NA,NA,NA,NA,NA,NA,NA,NA,NA,NA,"nonsyn","nonsyn","nonsyn",1.77e-05,1.76e-06,1.7e-06,1.7e-06,"NA","NA","NA","NA","NA","NA","NA","NA","NA",0,0,0,0,0,0,0
"8426",8689,NA,NA,NA,"t",NA,"c",NA,NA,NA,NA,NA,NA,NA,NA,NA,NA,NA,NA,"nonsyn","nonsyn","nonsyn",1.7e-05,1.07e-06,1.21e-06,1.21e-06,"NA","NA","NA","NA","NA","NA","NA","NA","NA",0,0,0,0,0,0,0
"8427",8690,NA,NA,NA,"a",NA,"g",NA,NA,NA,NA,NA,NA,NA,NA,NA,NA,NA,NA,"nonsyn","syn","syn",1.77e-05,1.76e-06,1.7e-06,1.7e-06,"NA","NA","NA","NA","NA","NA","NA","NA","NA",0,0,0,0,0,0,0
"8428",8691,NA,NA,NA,"a",NA,"g",NA,NA,NA,NA,NA,NA,NA,NA,NA,NA,NA,NA,"nonsyn","nonsyn","nonsyn",1.77e-05,1.76e-06,1.7e-06,1.7e-06,"NA","NA","NA","NA","NA","NA","NA","NA","NA",0,0,0,0,0,0,0
"8429",8692,NA,NA,NA,"c",NA,"t",NA,NA,NA,NA,NA,NA,NA,NA,NA,NA,NA,NA,"nonsyn","nonsyn","nonsyn",4.58e-06,8.37e-07,4.33e-07,4.33e-07,"NA","NA","NA","NA","NA","NA","NA","NA","NA",0,0,0,0,0,0,0
"8430",8693,NA,NA,NA,"a",NA,"g",NA,NA,NA,NA,NA,NA,NA,NA,NA,NA,NA,NA,"syn","syn","syn",1.77e-05,1.76e-06,1.7e-06,1.7e-06,"NA","NA","NA","NA","NA","NA","NA","NA","NA",0,0,0,1,0,0,0
"8431",8694,NA,NA,NA,"t",NA,"c",NA,NA,NA,NA,NA,NA,NA,NA,NA,NA,NA,NA,"nonsyn","nonsyn","nonsyn",1.7e-05,1.07e-06,1.21e-06,1.21e-06,"NA","NA","NA","NA","NA","NA","NA","NA","NA",0,0,0,0,0,0,0
"8432",8695,NA,NA,NA,"c",NA,"t",NA,NA,NA,NA,NA,NA,NA,NA,NA,NA,NA,NA,"nonsyn","stop","stop",4.58e-06,8.37e-07,4.33e-07,4.33e-07,"NA","NA","NA","NA","NA","NA","NA","NA","NA",0,0,0,0,0,0,0
"8433",8696,NA,NA,NA,"a",NA,"g",NA,NA,NA,NA,NA,NA,NA,NA,NA,NA,NA,NA,"syn","syn","syn",1.77e-05,1.76e-06,1.7e-06,1.7e-06,"NA","NA","NA","NA","NA","NA","NA","NA","NA",0,0,0,1,0,0,0
"8434",8697,NA,NA,NA,"t",NA,"c",NA,NA,NA,NA,NA,NA,NA,NA,NA,NA,NA,NA,"nonsyn","nonsyn","nonsyn",1.7e-05,1.07e-06,1.21e-06,1.21e-06,"NA","NA","NA","NA","NA","NA","NA","NA","NA",0,0,0,1,0,0,0
"8435",8698,NA,NA,NA,"g",NA,"a",NA,NA,NA,NA,NA,NA,NA,NA,NA,NA,NA,NA,"nonsyn","nonsyn","nonsyn",4.2e-06,5.36e-07,1.17e-06,1.17e-06,"NA","NA","NA","NA","NA","NA","NA","NA","NA",0,0,0,0,0,0,0
"8436",8699,NA,NA,NA,"c",NA,"t",NA,NA,NA,NA,NA,NA,NA,NA,NA,NA,NA,NA,"syn","stop","nonsyn",4.58e-06,8.37e-07,4.33e-07,4.33e-07,"NA","NA","NA","NA","NA","NA","NA","NA","NA",0,0,0,0,0,0,0
"8437",8700,NA,NA,NA,"t",NA,"c",NA,NA,NA,NA,NA,NA,NA,NA,NA,NA,NA,NA,"nonsyn","nonsyn","nonsyn",1.7e-05,1.07e-06,1.21e-06,1.21e-06,"NA","NA","NA","NA","NA","NA","NA","NA","NA",0,0,0,0,1,0,1
"8438",8701,NA,NA,NA,"c",NA,"t",NA,NA,NA,NA,NA,NA,NA,NA,NA,NA,NA,NA,"nonsyn","nonsyn","nonsyn",4.58e-06,8.37e-07,4.33e-07,4.33e-07,"NA","NA","NA","NA","NA","NA","NA","NA","NA",0,0,0,0,0,0,0
"8439",8702,NA,NA,NA,"c",NA,"t",NA,NA,NA,NA,NA,NA,NA,NA,NA,NA,NA,NA,"syn","syn","syn",4.58e-06,8.37e-07,4.33e-07,4.33e-07,"NA","NA","NA","NA","NA","NA","NA","NA","NA",0,0,0,0,1,0,1
"8440",8703,NA,NA,NA,"t",NA,"c",NA,NA,NA,NA,NA,NA,NA,NA,NA,NA,NA,NA,"nonsyn","nonsyn","nonsyn",1.7e-05,1.07e-06,1.21e-06,1.21e-06,"NA","NA","NA","NA","NA","NA","NA","NA","NA",0,0,0,0,1,0,1
"8441",8704,NA,NA,NA,"c",NA,"t",NA,NA,NA,NA,NA,NA,NA,NA,NA,NA,NA,NA,"nonsyn","nonsyn","nonsyn",4.58e-06,8.37e-07,4.33e-07,4.33e-07,"NA","NA","NA","NA","NA","NA","NA","NA","NA",0,0,0,0,0,0,0
"8442",8705,NA,NA,NA,"c",NA,"t",NA,NA,NA,NA,NA,NA,NA,NA,NA,NA,NA,NA,"syn","syn","syn",4.58e-06,8.37e-07,4.33e-07,4.33e-07,"NA","NA","NA","NA","NA","NA","NA","NA","NA",0,0,0,0,1,0,1
"8443",8706,NA,NA,NA,"a",NA,"g",NA,NA,NA,NA,NA,NA,NA,NA,NA,NA,NA,NA,"nonsyn","nonsyn","nonsyn",1.77e-05,1.76e-06,1.7e-06,1.7e-06,"NA","NA","NA","NA","NA","NA","NA","NA","NA",0,0,0,1,0,0,0
"8444",8707,NA,NA,NA,"a",NA,"g",NA,NA,NA,NA,NA,NA,NA,NA,NA,NA,NA,NA,"nonsyn","nonsyn","nonsyn",1.77e-05,1.76e-06,1.7e-06,1.7e-06,"NA","NA","NA","NA","NA","NA","NA","NA","NA",0,0,0,0,0,0,0
"8445",8708,NA,NA,NA,"c",NA,"t",NA,NA,NA,NA,NA,NA,NA,NA,NA,NA,NA,NA,"syn","nonsyn","nonsyn",4.58e-06,8.37e-07,4.33e-07,4.33e-07,"NA","NA","NA","NA","NA","NA","NA","NA","NA",0,0,0,0,0,0,0
"8446",8709,NA,NA,NA,"g",NA,"a",NA,NA,NA,NA,NA,NA,NA,NA,NA,NA,NA,NA,"nonsyn","nonsyn","nonsyn",4.2e-06,5.36e-07,1.17e-06,1.17e-06,"NA","NA","NA","NA","NA","NA","NA","NA","NA",0,0,0,0,0,0,0
"8447",8710,NA,NA,NA,"t",NA,"c",NA,NA,NA,NA,NA,NA,NA,NA,NA,NA,NA,NA,"nonsyn","nonsyn","nonsyn",1.7e-05,1.07e-06,1.21e-06,1.21e-06,"NA","NA","NA","NA","NA","NA","NA","NA","NA",0,0,0,1,0,0,0
"8448",8711,NA,NA,NA,"g",NA,"a",NA,NA,NA,NA,NA,NA,NA,NA,NA,NA,NA,NA,"syn","syn","syn",4.2e-06,5.36e-07,1.17e-06,1.17e-06,"NA","NA","NA","NA","NA","NA","NA","NA","NA",0,0,0,0,0,0,0
"8449",8712,NA,NA,NA,"t",NA,"c",NA,NA,NA,NA,NA,NA,NA,NA,NA,NA,NA,NA,"nonsyn","nonsyn","nonsyn",1.7e-05,1.07e-06,1.21e-06,1.21e-06,"NA","NA","NA","NA","NA","NA","NA","NA","NA",0,0,0,0,0,0,0
"8450",8713,NA,NA,NA,"c",NA,"t",NA,NA,NA,NA,NA,NA,NA,NA,NA,NA,NA,NA,"nonsyn","stop","stop",4.58e-06,8.37e-07,4.33e-07,4.33e-07,"NA","NA","NA","NA","NA","NA","NA","NA","NA",0,0,0,0,0,0,0
"8451",8714,NA,NA,NA,"a",NA,"g",NA,NA,NA,NA,NA,NA,NA,NA,NA,NA,NA,NA,"syn","syn","syn",1.77e-05,1.76e-06,1.7e-06,1.7e-06,"NA","NA","NA","NA","NA","NA","NA","NA","NA",0,0,0,1,1,1,0
"8452",8715,NA,NA,NA,"g",NA,"a",NA,NA,NA,NA,NA,NA,NA,NA,NA,NA,NA,NA,"nonsyn","nonsyn","nonsyn",4.2e-06,5.36e-07,1.17e-06,1.17e-06,"NA","NA","NA","NA","NA","NA","NA","NA","NA",0,0,0,0,0,0,0
"8453",8716,NA,NA,NA,"t",NA,"c",NA,NA,NA,NA,NA,NA,NA,NA,NA,NA,NA,NA,"nonsyn","nonsyn","nonsyn",1.7e-05,1.07e-06,1.21e-06,1.21e-06,"NA","NA","NA","NA","NA","NA","NA","NA","NA",0,0,0,0,0,0,0
"8454",8717,NA,NA,NA,"c",NA,"t",NA,NA,NA,NA,NA,NA,NA,NA,NA,NA,NA,NA,"syn","syn","syn",4.58e-06,8.37e-07,4.33e-07,4.33e-07,"NA","NA","NA","NA","NA","NA","NA","NA","NA",0,0,0,0,0,0,0
"8455",8718,NA,NA,NA,"g",NA,"a",NA,NA,NA,NA,NA,NA,NA,NA,NA,NA,NA,NA,"nonsyn","nonsyn","nonsyn",4.2e-06,5.36e-07,1.17e-06,1.17e-06,"NA","NA","NA","NA","NA","NA","NA","NA","NA",0,0,0,0,0,0,0
"8456",8719,NA,NA,NA,"c",NA,"t",NA,NA,NA,NA,NA,NA,NA,NA,NA,NA,NA,NA,"nonsyn","nonsyn","nonsyn",4.58e-06,8.37e-07,4.33e-07,4.33e-07,"NA","NA","NA","NA","NA","NA","NA","NA","NA",0,0,0,0,0,0,0
"8457",8720,NA,NA,NA,"c",NA,"t",NA,NA,NA,NA,NA,NA,NA,NA,NA,NA,NA,NA,"syn","syn","syn",4.58e-06,8.37e-07,4.33e-07,4.33e-07,"NA","NA","NA","NA","NA","NA","NA","NA","NA",0,0,0,0,1,0,1
"8458",8721,NA,NA,NA,"c",NA,"t",NA,NA,NA,NA,NA,NA,NA,NA,NA,NA,NA,NA,"nonsyn","nonsyn","nonsyn",4.58e-06,8.37e-07,4.33e-07,4.33e-07,"NA","NA","NA","NA","NA","NA","NA","NA","NA",0,0,0,0,1,0,1
"8459",8722,NA,NA,NA,"a",NA,"g",NA,NA,NA,NA,NA,NA,NA,NA,NA,NA,NA,NA,"nonsyn","nonsyn","nonsyn",1.77e-05,1.76e-06,1.7e-06,1.7e-06,"NA","NA","NA","NA","NA","NA","NA","NA","NA",0,0,0,1,0,0,0
"8460",8723,NA,NA,NA,"c",NA,"t",NA,NA,NA,NA,NA,NA,NA,NA,NA,NA,NA,NA,"syn","nonsyn","nonsyn",4.58e-06,8.37e-07,4.33e-07,4.33e-07,"NA","NA","NA","NA","NA","NA","NA","NA","NA",0,0,0,0,0,0,0
"8461",8724,NA,NA,NA,"g",NA,"a",NA,NA,NA,NA,NA,NA,NA,NA,NA,NA,NA,NA,"nonsyn","nonsyn","nonsyn",4.2e-06,5.36e-07,1.17e-06,1.17e-06,"NA","NA","NA","NA","NA","NA","NA","NA","NA",0,0,0,0,0,0,0
"8462",8725,NA,NA,NA,"a",NA,"g",NA,NA,NA,NA,NA,NA,NA,NA,NA,NA,NA,NA,"nonsyn","nonsyn","nonsyn",1.77e-05,1.76e-06,1.7e-06,1.7e-06,"NA","NA","NA","NA","NA","NA","NA","NA","NA",0,0,0,0,0,0,0
"8463",8726,NA,NA,NA,"c",NA,"t",NA,NA,NA,NA,NA,NA,NA,NA,NA,NA,NA,NA,"syn","nonsyn","nonsyn",4.58e-06,8.37e-07,4.33e-07,4.33e-07,"NA","NA","NA","NA","NA","NA","NA","NA","NA",0,0,0,0,0,0,0
"8464",8727,NA,NA,NA,"g",NA,"a",NA,NA,NA,NA,NA,NA,NA,NA,NA,NA,NA,NA,"nonsyn","nonsyn","nonsyn",4.2e-06,5.36e-07,1.17e-06,1.17e-06,"NA","NA","NA","NA","NA","NA","NA","NA","NA",0,0,0,0,1,1,0
"8465",8728,NA,NA,NA,"g",NA,"a",NA,NA,NA,NA,NA,NA,NA,NA,NA,NA,NA,NA,"nonsyn","nonsyn","nonsyn",4.2e-06,5.36e-07,1.17e-06,1.17e-06,"NA","NA","NA","NA","NA","NA","NA","NA","NA",0,0,0,0,0,0,0
"8466",8729,NA,NA,NA,"c",NA,"t",NA,NA,NA,NA,NA,NA,NA,NA,NA,NA,NA,NA,"syn","syn","syn",4.58e-06,8.37e-07,4.33e-07,4.33e-07,"NA","NA","NA","NA","NA","NA","NA","NA","NA",0,0,0,0,0,0,0
"8467",8730,NA,NA,NA,"g",NA,"a",NA,NA,NA,NA,NA,NA,NA,NA,NA,NA,NA,NA,"nonsyn","nonsyn","nonsyn",4.2e-06,5.36e-07,1.17e-06,1.17e-06,"NA","NA","NA","NA","NA","NA","NA","NA","NA",0,0,0,0,0,0,0
"8468",8731,NA,NA,NA,"c",NA,"t",NA,NA,NA,NA,NA,NA,NA,NA,NA,NA,NA,NA,"nonsyn","nonsyn","nonsyn",4.58e-06,8.37e-07,4.33e-07,4.33e-07,"NA","NA","NA","NA","NA","NA","NA","NA","NA",0,0,0,0,0,0,0
"8469",8732,NA,NA,NA,"t",NA,"c",NA,NA,NA,NA,NA,NA,NA,NA,NA,NA,NA,NA,"syn","syn","syn",1.7e-05,1.07e-06,1.21e-06,1.21e-06,"NA","NA","NA","NA","NA","NA","NA","NA","NA",0,0,0,1,1,0,1
"8470",8733,NA,NA,NA,"g",NA,"a",NA,NA,NA,NA,NA,NA,NA,NA,NA,NA,NA,NA,"nonsyn","nonsyn","stop",4.2e-06,5.36e-07,1.17e-06,1.17e-06,"NA","NA","NA","NA","NA","NA","NA","NA","NA",0,0,0,0,1,1,0
"8471",8734,NA,NA,NA,"g",NA,"a",NA,NA,NA,NA,NA,NA,NA,NA,NA,NA,NA,NA,"nonsyn","nonsyn","nonsyn",4.2e-06,5.36e-07,1.17e-06,1.17e-06,"NA","NA","NA","NA","NA","NA","NA","NA","NA",0,0,0,0,0,0,0
"8472",8735,NA,NA,NA,"a",NA,"g",NA,NA,NA,NA,NA,NA,NA,NA,NA,NA,NA,NA,"syn","syn","syn",1.77e-05,1.76e-06,1.7e-06,1.7e-06,"NA","NA","NA","NA","NA","NA","NA","NA","NA",0,0,0,0,0,0,0
"8473",8736,NA,NA,NA,"a",NA,"g",NA,NA,NA,NA,NA,NA,NA,NA,NA,NA,NA,NA,"nonsyn","nonsyn","stop",1.77e-05,1.76e-06,1.7e-06,1.7e-06,"NA","NA","NA","NA","NA","NA","NA","NA","NA",0,0,0,0,0,0,0
"8474",8737,NA,NA,NA,"a",NA,"g",NA,NA,NA,NA,NA,NA,NA,NA,NA,NA,NA,NA,"nonsyn","nonsyn","nonsyn",1.77e-05,1.76e-06,1.7e-06,1.7e-06,"NA","NA","NA","NA","NA","NA","NA","NA","NA",0,0,0,0,1,1,0
"8475",8738,NA,NA,NA,"g",NA,"a",NA,NA,NA,NA,NA,NA,NA,NA,NA,NA,NA,NA,"syn","nonsyn","nonsyn",4.2e-06,5.36e-07,1.17e-06,1.17e-06,"NA","NA","NA","NA","NA","NA","NA","NA","NA",0,0,0,0,0,0,0
"8476",8739,NA,NA,NA,"a",NA,"g",NA,NA,NA,NA,NA,NA,NA,NA,NA,NA,NA,NA,"nonsyn","syn","nonsyn",1.77e-05,1.76e-06,1.7e-06,1.7e-06,"NA","NA","NA","NA","NA","NA","NA","NA","NA",0,0,0,0,1,1,0
"8477",8740,NA,NA,NA,"g",NA,"a",NA,NA,NA,NA,NA,NA,NA,NA,NA,NA,NA,NA,"nonsyn","nonsyn","nonsyn",4.2e-06,5.36e-07,1.17e-06,1.17e-06,"NA","NA","NA","NA","NA","NA","NA","NA","NA",0,0,0,0,1,1,0
"8478",8741,NA,NA,NA,"g",NA,"a",NA,NA,NA,NA,NA,NA,NA,NA,NA,NA,NA,NA,"syn","nonsyn","nonsyn",4.2e-06,5.36e-07,1.17e-06,1.17e-06,"NA","NA","NA","NA","NA","NA","NA","NA","NA",0,0,0,0,1,1,0
"8479",8742,NA,NA,NA,"g",NA,"a",NA,NA,NA,NA,NA,NA,NA,NA,NA,NA,NA,NA,"nonsyn","nonsyn","nonsyn",4.2e-06,5.36e-07,1.17e-06,1.17e-06,"NA","NA","NA","NA","NA","NA","NA","NA","NA",0,0,0,0,0,0,0
"8480",8743,NA,NA,NA,"t",NA,"c",NA,NA,NA,NA,NA,NA,NA,NA,NA,NA,NA,NA,"nonsyn","nonsyn","nonsyn",1.7e-05,1.07e-06,1.21e-06,1.21e-06,"NA","NA","NA","NA","NA","NA","NA","NA","NA",0,0,0,0,0,0,0
"8481",8744,NA,NA,NA,"c",NA,"t",NA,NA,NA,NA,NA,NA,NA,NA,NA,NA,NA,NA,"syn","syn","syn",4.58e-06,8.37e-07,4.33e-07,4.33e-07,"NA","NA","NA","NA","NA","NA","NA","NA","NA",0,0,0,0,0,0,0
"8482",8745,NA,NA,NA,"t",NA,"c",NA,NA,NA,NA,NA,NA,NA,NA,NA,NA,NA,NA,"nonsyn","nonsyn","nonsyn",1.7e-05,1.07e-06,1.21e-06,1.21e-06,"NA","NA","NA","NA","NA","NA","NA","NA","NA",0,0,0,0,1,0,1
"8483",8746,NA,NA,NA,"a",NA,"g",NA,NA,NA,NA,NA,NA,NA,NA,NA,NA,NA,NA,"nonsyn","nonsyn","nonsyn",1.77e-05,1.76e-06,1.7e-06,1.7e-06,"NA","NA","NA","NA","NA","NA","NA","NA","NA",0,0,0,0,0,0,0
"8484",8747,NA,NA,NA,"c",NA,"t",NA,NA,NA,NA,NA,NA,NA,NA,NA,NA,NA,NA,"syn","stop","stop",4.58e-06,8.37e-07,4.33e-07,4.33e-07,"NA","NA","NA","NA","NA","NA","NA","NA","NA",0,0,0,0,0,0,0
"8485",8748,NA,NA,NA,"t",NA,"c",NA,NA,NA,NA,NA,NA,NA,NA,NA,NA,NA,NA,"nonsyn","nonsyn","nonsyn",1.7e-05,1.07e-06,1.21e-06,1.21e-06,"NA","NA","NA","NA","NA","NA","NA","NA","NA",0,0,0,0,1,0,1
"8486",8749,NA,NA,NA,"a",NA,"g",NA,NA,NA,NA,NA,NA,NA,NA,NA,NA,NA,NA,"nonsyn","nonsyn","nonsyn",1.77e-05,1.76e-06,1.7e-06,1.7e-06,"NA","NA","NA","NA","NA","NA","NA","NA","NA",0,0,0,0,0,0,0
"8487",8750,NA,NA,NA,"c",NA,"t",NA,NA,NA,NA,NA,NA,NA,NA,NA,NA,NA,NA,"syn","stop","stop",4.58e-06,8.37e-07,4.33e-07,4.33e-07,"NA","NA","NA","NA","NA","NA","NA","NA","NA",0,0,0,0,0,0,0
"8488",8751,NA,NA,NA,"c",NA,"t",NA,NA,NA,NA,NA,NA,NA,NA,NA,NA,NA,NA,"nonsyn","nonsyn","nonsyn",4.58e-06,8.37e-07,4.33e-07,4.33e-07,"NA","NA","NA","NA","NA","NA","NA","NA","NA",0,0,0,0,1,0,1
"8489",8752,NA,NA,NA,"t",NA,"c",NA,NA,NA,NA,NA,NA,NA,NA,NA,NA,NA,NA,"nonsyn","nonsyn","nonsyn",1.7e-05,1.07e-06,1.21e-06,1.21e-06,"NA","NA","NA","NA","NA","NA","NA","NA","NA",0,0,0,0,1,0,1
"8490",8753,NA,NA,NA,"t",NA,"c",NA,NA,NA,NA,NA,NA,NA,NA,NA,NA,NA,NA,"syn","syn","syn",1.7e-05,1.07e-06,1.21e-06,1.21e-06,"NA","NA","NA","NA","NA","NA","NA","NA","NA",0,0,0,0,0,0,0
"8491",8754,NA,NA,NA,"a",NA,"g",NA,NA,NA,NA,NA,NA,NA,NA,NA,NA,NA,NA,"nonsyn","nonsyn","nonsyn",1.77e-05,1.76e-06,1.7e-06,1.7e-06,"NA","NA","NA","NA","NA","NA","NA","NA","NA",0,0,0,0,0,0,0
"8492",8755,NA,NA,NA,"c",NA,"t",NA,NA,NA,NA,NA,NA,NA,NA,NA,NA,NA,NA,"nonsyn","nonsyn","nonsyn",4.58e-06,8.37e-07,4.33e-07,4.33e-07,"NA","NA","NA","NA","NA","NA","NA","NA","NA",0,0,0,0,0,0,0
"8493",8756,NA,NA,NA,"c",NA,"t",NA,NA,NA,NA,NA,NA,NA,NA,NA,NA,NA,NA,"syn","syn","syn",4.58e-06,8.37e-07,4.33e-07,4.33e-07,"NA","NA","NA","NA","NA","NA","NA","NA","NA",0,0,0,0,1,0,1
"8494",8757,NA,NA,NA,"c",NA,"t",NA,NA,NA,NA,NA,NA,NA,NA,NA,NA,NA,NA,"nonsyn","nonsyn","nonsyn",4.58e-06,8.37e-07,4.33e-07,4.33e-07,"NA","NA","NA","NA","NA","NA","NA","NA","NA",0,0,0,0,1,0,1
"8495",8758,NA,NA,NA,"g",NA,"a",NA,NA,NA,NA,NA,NA,NA,NA,NA,NA,NA,NA,"nonsyn","nonsyn","nonsyn",4.2e-06,5.36e-07,1.17e-06,1.17e-06,"NA","NA","NA","NA","NA","NA","NA","NA","NA",0,0,0,0,0,0,0
"8496",8759,NA,NA,NA,"t",NA,"c",NA,NA,NA,NA,NA,NA,NA,NA,NA,NA,NA,NA,"syn","syn","syn",1.7e-05,1.07e-06,1.21e-06,1.21e-06,"NA","NA","NA","NA","NA","NA","NA","NA","NA",0,0,0,1,0,0,0
"8497",8760,NA,NA,NA,"g",NA,"a",NA,NA,NA,NA,NA,NA,NA,NA,NA,NA,NA,NA,"nonsyn","nonsyn","nonsyn",4.2e-06,5.36e-07,1.17e-06,1.17e-06,"NA","NA","NA","NA","NA","NA","NA","NA","NA",0,0,0,0,0,0,0
"8498",8761,NA,NA,NA,"a",NA,"g",NA,NA,NA,NA,NA,NA,NA,NA,NA,NA,NA,NA,"nonsyn","nonsyn","nonsyn",1.77e-05,1.76e-06,1.7e-06,1.7e-06,"NA","NA","NA","NA","NA","NA","NA","NA","NA",0,0,0,0,0,0,0
"8499",8762,NA,NA,NA,"c",NA,"t",NA,NA,NA,NA,NA,NA,NA,NA,NA,NA,NA,NA,"syn","nonsyn","nonsyn",4.58e-06,8.37e-07,4.33e-07,4.33e-07,"NA","NA","NA","NA","NA","NA","NA","NA","NA",0,0,0,0,0,0,0
"8500",8763,NA,NA,NA,"c",NA,"t",NA,NA,NA,NA,NA,NA,NA,NA,NA,NA,NA,NA,"nonsyn","nonsyn","nonsyn",4.58e-06,8.37e-07,4.33e-07,4.33e-07,"NA","NA","NA","NA","NA","NA","NA","NA","NA",0,0,0,0,1,0,1
"8501",8764,NA,NA,NA,"c",NA,"t",NA,NA,NA,NA,NA,NA,NA,NA,NA,NA,NA,NA,"nonsyn","nonsyn","nonsyn",4.58e-06,8.37e-07,4.33e-07,4.33e-07,"NA","NA","NA","NA","NA","NA","NA","NA","NA",0,0,0,0,1,0,1
"8502",8765,NA,NA,NA,"t",NA,"c",NA,NA,NA,NA,NA,NA,NA,NA,NA,NA,NA,NA,"syn","syn","syn",1.7e-05,1.07e-06,1.21e-06,1.21e-06,"NA","NA","NA","NA","NA","NA","NA","NA","NA",0,0,0,0,1,0,1
"8503",8766,NA,NA,NA,"a",NA,"g",NA,NA,NA,NA,NA,NA,NA,NA,NA,NA,NA,NA,"nonsyn","nonsyn","nonsyn",1.77e-05,1.76e-06,1.7e-06,1.7e-06,"NA","NA","NA","NA","NA","NA","NA","NA","NA",0,0,0,0,0,0,0
"8504",8767,NA,NA,NA,"c",NA,"t",NA,NA,NA,NA,NA,NA,NA,NA,NA,NA,NA,NA,"nonsyn","nonsyn","nonsyn",4.58e-06,8.37e-07,4.33e-07,4.33e-07,"NA","NA","NA","NA","NA","NA","NA","NA","NA",0,0,0,0,0,0,0
"8505",8768,NA,NA,NA,"a",NA,"g",NA,NA,NA,NA,NA,NA,NA,NA,NA,NA,NA,NA,"syn","syn","syn",1.77e-05,1.76e-06,1.7e-06,1.7e-06,"NA","NA","NA","NA","NA","NA","NA","NA","NA",0,0,0,1,0,0,0
"8506",8769,NA,NA,NA,"a",NA,"g",NA,NA,NA,NA,NA,NA,NA,NA,NA,NA,NA,NA,"nonsyn","nonsyn","nonsyn",1.77e-05,1.76e-06,1.7e-06,1.7e-06,"NA","NA","NA","NA","NA","NA","NA","NA","NA",0,0,0,0,0,0,0
"8507",8770,NA,NA,NA,"c",NA,"t",NA,NA,NA,NA,NA,NA,NA,NA,NA,NA,NA,NA,"nonsyn","nonsyn","nonsyn",4.58e-06,8.37e-07,4.33e-07,4.33e-07,"NA","NA","NA","NA","NA","NA","NA","NA","NA",0,0,0,0,0,0,0
"8508",8771,NA,NA,NA,"c",NA,"t",NA,NA,NA,NA,NA,NA,NA,NA,NA,NA,NA,NA,"syn","syn","syn",4.58e-06,8.37e-07,4.33e-07,4.33e-07,"NA","NA","NA","NA","NA","NA","NA","NA","NA",0,0,0,0,1,0,1
"8509",8772,NA,NA,NA,"c",NA,"t",NA,NA,NA,NA,NA,NA,NA,NA,NA,NA,NA,NA,"nonsyn","nonsyn","nonsyn",4.58e-06,8.37e-07,4.33e-07,4.33e-07,"NA","NA","NA","NA","NA","NA","NA","NA","NA",0,0,0,0,1,0,1
"8510",8773,NA,NA,NA,"c",NA,"t",NA,NA,NA,NA,NA,NA,NA,NA,NA,NA,NA,NA,"nonsyn","nonsyn","nonsyn",4.58e-06,8.37e-07,4.33e-07,4.33e-07,"NA","NA","NA","NA","NA","NA","NA","NA","NA",0,0,0,0,1,0,1
"8511",8774,NA,NA,NA,"c",NA,"t",NA,NA,NA,NA,NA,NA,NA,NA,NA,NA,NA,NA,"syn","syn","syn",4.58e-06,8.37e-07,4.33e-07,4.33e-07,"NA","NA","NA","NA","NA","NA","NA","NA","NA",0,0,0,0,1,0,1
"8512",8775,NA,NA,NA,"c",NA,"t",NA,NA,NA,NA,NA,NA,NA,NA,NA,NA,NA,NA,"nonsyn","nonsyn","nonsyn",4.58e-06,8.37e-07,4.33e-07,4.33e-07,"NA","NA","NA","NA","NA","NA","NA","NA","NA",0,0,0,0,1,0,1
"8513",8776,NA,NA,NA,"t",NA,"c",NA,NA,NA,NA,NA,NA,NA,NA,NA,NA,NA,NA,"nonsyn","nonsyn","nonsyn",1.7e-05,1.07e-06,1.21e-06,1.21e-06,"NA","NA","NA","NA","NA","NA","NA","NA","NA",0,0,0,0,1,0,1
"8514",8777,NA,NA,NA,"c",NA,"t",NA,NA,NA,NA,NA,NA,NA,NA,NA,NA,NA,NA,"syn","syn","syn",4.58e-06,8.37e-07,4.33e-07,4.33e-07,"NA","NA","NA","NA","NA","NA","NA","NA","NA",0,0,0,0,0,0,0
"8515",8778,NA,NA,NA,"g",NA,"a",NA,NA,NA,NA,NA,NA,NA,NA,NA,NA,NA,NA,"nonsyn","nonsyn","nonsyn",4.2e-06,5.36e-07,1.17e-06,1.17e-06,"NA","NA","NA","NA","NA","NA","NA","NA","NA",0,0,0,0,0,0,0
"8516",8779,NA,NA,NA,"c",NA,"t",NA,NA,NA,NA,NA,NA,NA,NA,NA,NA,NA,NA,"nonsyn","nonsyn","nonsyn",4.58e-06,8.37e-07,4.33e-07,4.33e-07,"NA","NA","NA","NA","NA","NA","NA","NA","NA",0,0,0,0,0,0,0
"8517",8780,NA,NA,NA,"g",NA,"a",NA,NA,NA,NA,NA,NA,NA,NA,NA,NA,NA,NA,"syn","syn","syn",4.2e-06,5.36e-07,1.17e-06,1.17e-06,"NA","NA","NA","NA","NA","NA","NA","NA","NA",0,0,0,0,0,0,0
"8518",8781,NA,NA,NA,"a",NA,"g",NA,NA,NA,NA,NA,NA,NA,NA,NA,NA,NA,NA,"nonsyn","syn","stop",1.77e-05,1.76e-06,1.7e-06,1.7e-06,"NA","NA","NA","NA","NA","NA","NA","NA","NA",0,0,0,0,1,1,0
"8519",8782,NA,NA,NA,"g",NA,"a",NA,NA,NA,NA,NA,NA,NA,NA,NA,NA,NA,NA,"nonsyn","nonsyn","nonsyn",4.2e-06,5.36e-07,1.17e-06,1.17e-06,"NA","NA","NA","NA","NA","NA","NA","NA","NA",0,0,0,0,0,0,0
"8520",8783,NA,NA,NA,"a",NA,"g",NA,NA,NA,NA,NA,NA,NA,NA,NA,NA,NA,NA,"syn","nonsyn","nonsyn",1.77e-05,1.76e-06,1.7e-06,1.7e-06,"NA","NA","NA","NA","NA","NA","NA","NA","NA",0,0,0,0,1,1,0
"8521",8784,NA,NA,NA,"g",NA,"a",NA,NA,NA,NA,NA,NA,NA,NA,NA,NA,NA,NA,"nonsyn","nonsyn","nonsyn",4.2e-06,5.36e-07,1.17e-06,1.17e-06,"NA","NA","NA","NA","NA","NA","NA","NA","NA",0,0,0,0,0,0,0
"8522",8785,NA,NA,NA,"c",NA,"t",NA,NA,NA,NA,NA,NA,NA,NA,NA,NA,NA,NA,"nonsyn","nonsyn","nonsyn",4.58e-06,8.37e-07,4.33e-07,4.33e-07,"NA","NA","NA","NA","NA","NA","NA","NA","NA",0,0,0,0,0,0,0
"8523",8786,NA,NA,NA,"c",NA,"t",NA,NA,NA,NA,NA,NA,NA,NA,NA,NA,NA,NA,"syn","syn","syn",4.58e-06,8.37e-07,4.33e-07,4.33e-07,"NA","NA","NA","NA","NA","NA","NA","NA","NA",0,0,0,0,1,0,1
"8524",8787,NA,NA,NA,"g",NA,"a",NA,NA,NA,NA,NA,NA,NA,NA,NA,NA,NA,NA,"nonsyn","nonsyn","nonsyn",4.2e-06,5.36e-07,1.17e-06,1.17e-06,"NA","NA","NA","NA","NA","NA","NA","NA","NA",0,0,0,0,0,0,0
"8525",8788,NA,NA,NA,"c",NA,"t",NA,NA,NA,NA,NA,NA,NA,NA,NA,NA,NA,NA,"nonsyn","nonsyn","nonsyn",4.58e-06,8.37e-07,4.33e-07,4.33e-07,"NA","NA","NA","NA","NA","NA","NA","NA","NA",0,0,0,0,0,0,0
"8526",8789,NA,NA,NA,"g",NA,"a",NA,NA,NA,NA,NA,NA,NA,NA,NA,NA,NA,NA,"syn","syn","syn",4.2e-06,5.36e-07,1.17e-06,1.17e-06,"NA","NA","NA","NA","NA","NA","NA","NA","NA",0,0,0,0,0,0,0
"8527",8790,NA,NA,NA,"t",NA,"c",NA,NA,NA,NA,NA,NA,NA,NA,NA,NA,NA,NA,"nonsyn","nonsyn","nonsyn",1.7e-05,1.07e-06,1.21e-06,1.21e-06,"NA","NA","NA","NA","NA","NA","NA","NA","NA",0,0,0,1,0,0,0
"8528",8791,NA,NA,NA,"g",NA,"a",NA,NA,NA,NA,NA,NA,NA,NA,NA,NA,NA,NA,"stop","nonsyn","nonsyn",4.2e-06,5.36e-07,1.17e-06,1.17e-06,"NA","NA","NA","NA","NA","NA","NA","NA","NA",0,0,0,0,1,1,0
"8529",8792,NA,NA,NA,"g",NA,"a",NA,NA,NA,NA,NA,NA,NA,NA,NA,NA,NA,NA,"stop","nonsyn","nonsyn",4.2e-06,5.36e-07,1.17e-06,1.17e-06,"NA","NA","NA","NA","NA","NA","NA","NA","NA",0,0,0,0,1,1,0
"8530",8793,NA,NA,NA,"g",NA,"a",NA,NA,NA,NA,NA,NA,NA,NA,NA,NA,NA,NA,"nonsyn","nonsyn","stop",4.2e-06,5.36e-07,1.17e-06,1.17e-06,"NA","NA","NA","NA","NA","NA","NA","NA","NA",0,0,0,0,0,0,0
"8531",8794,NA,NA,NA,"a",NA,"g",NA,NA,NA,NA,NA,NA,NA,NA,NA,NA,NA,NA,"nonsyn","nonsyn","nonsyn",1.77e-05,1.76e-06,1.7e-06,1.7e-06,"NA","NA","NA","NA","NA","NA","NA","NA","NA",0,0,0,0,1,1,0
"8532",8795,NA,NA,NA,"g",NA,"a",NA,NA,NA,NA,NA,NA,NA,NA,NA,NA,NA,NA,"syn","nonsyn","nonsyn",4.2e-06,5.36e-07,1.17e-06,1.17e-06,"NA","NA","NA","NA","NA","NA","NA","NA","NA",0,0,0,0,0,0,0
"8533",8796,NA,NA,NA,"a",NA,"g",NA,NA,NA,NA,NA,NA,NA,NA,NA,NA,NA,NA,"nonsyn","nonsyn","nonsyn",1.77e-05,1.76e-06,1.7e-06,1.7e-06,"NA","NA","NA","NA","NA","NA","NA","NA","NA",0,0,0,0,0,0,0
"8534",8797,NA,NA,NA,"c",NA,"t",NA,NA,NA,NA,NA,NA,NA,NA,NA,NA,NA,NA,"nonsyn","nonsyn","nonsyn",4.58e-06,8.37e-07,4.33e-07,4.33e-07,"NA","NA","NA","NA","NA","NA","NA","NA","NA",0,0,0,0,0,0,0
"8535",8798,NA,NA,NA,"a",NA,"g",NA,NA,NA,NA,NA,NA,NA,NA,NA,NA,NA,NA,"syn","syn","syn",1.77e-05,1.76e-06,1.7e-06,1.7e-06,"NA","NA","NA","NA","NA","NA","NA","NA","NA",0,0,0,1,1,1,0
"8536",8799,NA,NA,NA,"g",NA,"a",NA,NA,NA,NA,NA,NA,NA,NA,NA,NA,NA,NA,NA,NA,NA,4.2e-06,5.36e-07,1.17e-06,1.17e-06,"NA","NA","NA","NA","NA","NA","NA","NA","NA",0,0,0,0,0,0,0
"8537",8800,NA,NA,NA,"c",NA,"t",NA,NA,NA,NA,NA,NA,NA,NA,NA,NA,NA,NA,NA,NA,NA,4.58e-06,8.37e-07,4.33e-07,4.33e-07,"NA","NA","NA","NA","NA","NA","NA","NA","NA",0,0,0,0,0,0,0
